17	0.9641	0.03869
17	1.245	0.03959
17	1.613	0.03907
17	0.8587	0.03747
17	1.5	0.03843
17	1.204	0.03876
17	1.438	0.03717
17	0.8943	0.03897
17	1.308	0.03769
17	1.319	0.03634
17	1.704	0.03906
17	1.053	0.03716
17	0.9849	0.0375
17	0.8135	0.03826
17	1.038	0.04006
17	1.177	0.03549
17	1.236	0.03745
17	1.095	0.03603
17	0.964	0.03637
17	1.011	0.03839
17	0.7761	0.03969
17	0.8466	0.03797
17	0.8786	0.03423
17	1.069	0.03935
17	1.153	0.03961
17	1.328	0.03858
17	1.212	0.03949
17	0.6489	0.03726
17	1.257	0.03851
17	1.085	0.03825
17	1.097	0.03675
17	0.7351	0.03878
17	1.134	0.03993
17	1.319	0.03682
17	1.068	0.03433
17	1.856	0.03957
17	0.7768	0.04055
17	0.6874	0.03654
17	0.8564	0.03836
17	1.051	0.03925
17	1.382	0.03636
17	1.167	0.03775
17	1.046	0.03629
17	0.6324	0.03871
17	1.165	0.03792
17	1.092	0.03719
17	1.061	0.03917
17	0.7635	0.03658
17	1.447	0.0364
17	1.124	0.03732
17	1.32	0.03789
17	1.257	0.0378
17	0.9953	0.03951
17	0.8595	0.03694
17	1.043	0.03777
17	1.405	0.03623
17	1.156	0.03427
17	1.207	0.03809
17	1.215	0.03758
17	1.05	0.03788
17	1.901	0.0397
17	1.042	0.0385
17	1.727	0.03782
17	0.9815	0.03402
17	0.9568	0.03971
17	1.532	0.03901
17	0.8193	0.04113
17	1.271	0.03536
17	1.552	0.03754
17	1.029	0.03543
17	1.214	0.03921
17	0.8515	0.03904
17	1.055	0.03943
17	0.8237	0.03809
17	1.568	0.03849
17	1.127	0.03709
17	1.416	0.03931
17	1.12	0.03858
17	0.9097	0.03967
17	1.06	0.03612
17	1.279	0.04171
17	0.9052	0.03888
17	0.8273	0.03931
17	1.486	0.03924
17	0.7491	0.03464
17	1.167	0.03837
17	1.078	0.03593
17	1.342	0.03764
17	1.469	0.03641
17	0.8732	0.03816
17	1.022	0.03854
17	2.251	0.03961
17	0.8683	0.03838
17	1.317	0.03797
17	0.5313	0.03611
17	0.8016	0.03545
17	0.9795	0.03752
17	1.226	0.03757
17	1.011	0.03906
17	0.923	0.03742
17	1.103	0.03952
17	0.8726	0.04005
17	2.835	0.0383
17	0.9834	0.03646
17	1.252	0.03904
17	1.643	0.03909
17	1.572	0.03729
17	1.003	0.03977
17	1.661	0.03816
17	0.9528	0.03823
17	1.538	0.03786
17	0.9662	0.03895
17	0.7615	0.03649
17	0.8843	0.03664
17	0.9513	0.03599
17	1.201	0.03832
17	0.541	0.03936
17	1.167	0.03898
17	2.06	0.03976
17	1.172	0.03603
17	0.9775	0.03867
17	1.043	0.03704
17	1.073	0.03959
17	0.8166	0.03899
17	0.7204	0.03693
17	0.8872	0.03906
17	1.002	0.04159
17	0.925	0.03919
17	1.237	0.03978
17	1.23	0.03765
17	0.9942	0.03984
17	1.902	0.04045
17	1.054	0.03709
17	1.821	0.03755
17	1.222	0.03725
17	1.558	0.03902
17	1.513	0.04011
17	1.004	0.03889
17	1.159	0.04103
17	0.9205	0.03969
17	0.8517	0.04059
17	1.295	0.03593
17	0.838	0.03932
17	1.054	0.036
17	1.842	0.03677
17	1.219	0.03907
17	1.156	0.04003
17	1.243	0.03981
17	1.586	0.0384
17	1.281	0.03777
17	1.083	0.03952
17	0.8097	0.0371
17	0.8419	0.03898
17	1.001	0.0391
17	1.546	0.03914
17	1.163	0.04008
17	1.321	0.0376
17	1.357	0.04051
17	1.856	0.03922
17	1.017	0.03747
17	1.151	0.03725
17	1.126	0.03885
17	0.9774	0.03863
17	1.263	0.03568
17	0.8903	0.0385
17	1.426	0.03893
17	0.8555	0.0382
17	1.081	0.03732
17	1.309	0.03831
17	0.7673	0.03861
17	0.9426	0.04042
17	1.858	0.03751
17	1.049	0.03743
17	1.369	0.03575
17	0.7657	0.03741
17	0.6959	0.03587
17	1.022	0.04016
17	0.8412	0.03748
17	0.7724	0.03743
17	1.084	0.03917
17	0.9064	0.03582
17	1.255	0.03787
17	1.04	0.03823
17	0.9129	0.03876
17	1.094	0.03688
17	0.9137	0.03875
17	0.9326	0.03612
17	1.623	0.03976
17	0.7281	0.03757
17	0.9635	0.0371
17	0.7853	0.0394
17	0.7243	0.03678
17	1.591	0.03812
17	0.9209	0.03927
17	1.055	0.03453
17	1.353	0.03973
17	1.199	0.03736
17	0.7499	0.04095
17	0.9844	0.03837
17	0.9399	0.03624
17	0.9157	0.03723
17	1.19	0.03965
17	1.178	0.03948
17	1.287	0.0382
17	1.04	0.03889
17	1.048	0.03785
17	1.049	0.03833
17	0.8037	0.03669
17	1.085	0.03809
17	1.184	0.03894
17	0.9594	0.0396
17	1.17	0.03815
17	1.067	0.04053
17	1.055	0.03792
17	1.647	0.03794
17	0.8238	0.03694
17	1.603	0.03627
17	1.383	0.03924
17	1.18	0.03942
17	1.091	0.03859
17	1.392	0.03663
17	0.8404	0.04028
17	0.7886	0.03878
17	0.9515	0.03877
17	1.12	0.03853
17	1.396	0.03742
17	1.118	0.03569
17	0.9274	0.03797
17	1.07	0.03719
17	1.147	0.03776
17	0.973	0.03873
17	1.019	0.03585
17	0.9316	0.03686
17	1.196	0.03924
17	0.7207	0.03926
17	1.004	0.03723
17	1.522	0.03813
17	1.545	0.03732
17	1.384	0.03781
17	0.9682	0.04069
17	1.019	0.03656
17	1.741	0.03732
17	1.205	0.03616
17	1.667	0.03631
17	0.888	0.03558
17	1.634	0.03824
17	0.9245	0.03943
17	0.7977	0.03732
17	1	0.03651
17	1.577	0.03849
17	0.7885	0.03898
17	0.9307	0.03991
17	0.995	0.03601
17	1.62	0.03942
17	0.8886	0.03831
17	0.8775	0.03735
17	1.121	0.03698
17	1.283	0.0383
17	0.7372	0.036
17	1.303	0.03787
17	0.9595	0.03784
17	0.8324	0.03832
17	1.353	0.03962
17	1.352	0.03647
17	0.8144	0.03562
17	1.046	0.03685
17	1.247	0.03821
17	1.184	0.03634
17	1.216	0.039
17	0.7361	0.03621
17	1.132	0.03816
17	1.078	0.03786
17	1.183	0.03877
17	1.453	0.03661
17	1.211	0.03842
17	1.609	0.03754
17	0.9151	0.03663
17	1.017	0.03801
17	1.561	0.0364
17	0.8089	0.03959
17	1.138	0.03849
17	0.9686	0.0398
17	0.9998	0.03737
17	0.8716	0.03953
17	1	0.03661
17	0.8793	0.04053
17	1.342	0.03779
17	0.6039	0.03601
17	0.9294	0.04015
17	1.186	0.03667
17	1.088	0.03934
17	0.7049	0.04043
17	1.401	0.03898
17	1.641	0.03621
17	1.396	0.04024
17	1.18	0.04016
17	1.055	0.03574
17	0.8479	0.03924
17	1.06	0.03688
17	0.8135	0.03991
17	1.371	0.04029
17	1.487	0.03822
17	0.993	0.03696
17	1.336	0.03938
17	1.807	0.03667
17	1.658	0.03823
17	1.066	0.03958
17	1.904	0.04044
17	1.59	0.03937
17	1.11	0.03599
17	1.81	0.0377
17	1.214	0.04086
17	0.9769	0.03729
17	0.8757	0.03841
17	0.8014	0.03903
17	1.122	0.03589
17	0.9436	0.03847
17	1.294	0.03784
17	1.118	0.03751
17	1.01	0.03991
17	0.6578	0.03969
17	1.409	0.03733
17	0.8426	0.0387
17	1.118	0.03817
17	0.9648	0.03757
17	0.9649	0.03871
17	1.162	0.0377
17	1.039	0.04047
17	1.004	0.03833
17	0.6681	0.03998
17	0.7282	0.04043
17	1.209	0.03791
17	1.393	0.03724
17	1.35	0.04062
17	1.352	0.03909
17	1.145	0.03726
17	1.075	0.03625
17	1.431	0.03919
17	1.43	0.03846
17	1.308	0.03921
17	1.022	0.0371
17	1.365	0.03734
17	1.167	0.03916
17	0.8401	0.03972
17	1.147	0.03941
17	1.206	0.03897
17	0.8862	0.03843
17	1.028	0.03803
17	1.158	0.03576
17	0.531	0.03888
17	1.169	0.03829
17	1.457	0.03869
17	0.7451	0.03841
17	1.312	0.03741
17	1.133	0.04009
17	1.135	0.03775
17	0.8634	0.03719
17	1.608	0.03908
17	0.7866	0.03683
17	1.44	0.03835
17	1.168	0.03778
17	0.9911	0.03874
17	0.9396	0.03891
17	0.6108	0.03722
17	1.006	0.03818
17	1.087	0.03805
17	1.863	0.03676
17	1.049	0.04095
17	0.7575	0.03908
17	1.016	0.03858
17	0.9912	0.03792
17	1.049	0.03965
17	1.334	0.03678
17	1.575	0.03839
17	0.9868	0.03781
17	1.223	0.03742
17	1.185	0.03855
17	1.105	0.0382
17	1.167	0.03739
17	1.475	0.03572
17	0.8615	0.03513
17	1.679	0.03787
17	0.9854	0.03867
17	1.271	0.03702
17	0.8461	0.03759
17	0.6624	0.03777
17	1.635	0.03839
17	1.252	0.03513
17	1.16	0.03862
17	1.311	0.03864
17	1.087	0.03764
17	0.8564	0.03923
17	1.006	0.0356
17	1.128	0.03742
17	0.9091	0.03834
17	0.9878	0.04134
17	1.152	0.03856
17	1.036	0.03926
17	1.102	0.03835
17	0.8197	0.03405
17	0.8627	0.03794
17	1.392	0.03842
17	1.015	0.03946
17	0.9904	0.0375
17	1.184	0.04018
17	0.8521	0.03919
17	1.071	0.03953
17	1.323	0.03776
17	1.02	0.03862
17	1.358	0.03777
17	0.9529	0.0356
17	1.327	0.03589
17	1.233	0.03565
17	1.429	0.03935
17	1.287	0.03688
17	0.9895	0.03896
17	0.986	0.03446
17	0.9635	0.03764
17	0.9564	0.03753
17	1.267	0.03711
17	1.497	0.04026
17	0.9117	0.04064
17	1.401	0.04006
17	0.4944	0.03852
17	1.127	0.03685
17	0.6765	0.03883
17	1.006	0.04001
17	0.7387	0.03685
17	1.234	0.03898
17	1.336	0.03508
17	1.17	0.03688
17	1.028	0.03675
17	0.8108	0.04089
17	0.955	0.03785
17	1.466	0.03771
17	0.6579	0.0363
17	0.9809	0.03714
17	0.7659	0.04108
17	1.036	0.03658
17	1.19	0.03702
17	0.9572	0.03716
17	1.24	0.03857
17	1.355	0.03899
17	1.318	0.03899
17	1.168	0.03899
17	1.196	0.03825
17	1.181	0.03967
17	1.151	0.03442
17	1.183	0.03659
17	1.402	0.03999
17	0.8276	0.03937
17	1.393	0.03916
17	1.198	0.03845
17	0.8736	0.03711
17	1.177	0.03856
17	0.8321	0.03911
17	1.026	0.03844
17	1.108	0.03772
17	1.281	0.03811
17	1.455	0.03552
17	1.511	0.0377
17	0.9077	0.03887
17	0.6124	0.03553
17	1.45	0.03688
17	0.8774	0.0389
17	1.234	0.03843
17	0.7186	0.03815
17	1.295	0.03853
17	0.973	0.03637
17	1.218	0.03883
17	0.7323	0.03935
17	1.279	0.03916
17	1.445	0.03848
17	1.336	0.03735
17	1.33	0.03611
17	1.723	0.03979
17	1.068	0.03724
17	0.8083	0.03919
17	1.095	0.03728
17	0.8789	0.03746
17	1.12	0.03735
17	1.662	0.04
17	1.667	0.03933
17	0.7549	0.03985
17	0.8864	0.03553
17	1.705	0.03738
17	1.191	0.03773
17	1.241	0.03988
17	0.9708	0.0381
17	0.9804	0.03953
17	0.7571	0.03871
17	1.01	0.03813
17	0.6413	0.03741
17	0.9606	0.0392
17	1.326	0.03873
17	1.248	0.03819
17	0.9023	0.03903
17	1.346	0.03731
17	0.9889	0.03878
17	0.9462	0.03638
17	0.9038	0.03737
17	1.346	0.03911
17	0.9812	0.041
17	0.7643	0.03781
17	1.047	0.04064
17	0.7901	0.03758
17	1.235	0.03688
17	1.091	0.03787
17	1.067	0.04013
17	1.314	0.03791
17	1.021	0.03932
17	0.8176	0.0399
17	0.6979	0.03766
17	0.8772	0.03884
17	1.081	0.03627
17	0.6965	0.03901
17	1.431	0.03629
17	1.405	0.03663
17	1.144	0.03865
17	1.109	0.03879
17	0.7815	0.03923
17	1.141	0.03955
17	0.9908	0.03786
17	0.76	0.03912
17	0.8892	0.03997
17	0.9002	0.03757
17	1.028	0.03546
17	1.387	0.03721
17	0.9089	0.03751
17	0.626	0.03593
17	0.7063	0.03804
17	1.231	0.03906
17	0.742	0.04046
17	1.027	0.03868
17	2.085	0.0384
17	0.7472	0.03962
17	1.031	0.03827
17	1.008	0.03764
17	1.075	0.03664
17	1.227	0.03728
17	1.13	0.03902
17	0.795	0.03883
17	1.509	0.03742
17	1.749	0.03914
17	1.103	0.0357
17	1.127	0.03774
17	1.124	0.03846
17	1.535	0.03988
17	1.224	0.03681
17	0.5321	0.03482
17	1.957	0.03893
17	1.101	0.03872
17	0.8956	0.03792
17	1.112	0.03904
17	0.7476	0.03903
17	1.824	0.03653
17	1.092	0.03816
17	0.9399	0.03775
17	1.597	0.03772
17	1.284	0.0379
17	1.722	0.03909
17	1.209	0.03955
17	1.093	0.03742
17	0.7322	0.03637
17	0.9151	0.03858
17	1.15	0.0379
17	1.003	0.03866
17	1.85	0.03869
17	0.789	0.04005
17	1.219	0.03901
17	0.9402	0.03763
17	1.097	0.03818
17	1.122	0.03723
17	0.8751	0.03627
17	0.78	0.03744
17	1.071	0.03846
17	1.269	0.03801
17	1.132	0.03865
17	0.8933	0.036
17	1.261	0.03582
17	0.6569	0.03774
17	1.083	0.03818
17	1.604	0.03832
17	1.237	0.04124
17	1.449	0.03801
17	0.8385	0.03848
17	1.013	0.03791
17	1.066	0.03686
17	1.946	0.04052
17	1.127	0.03509
17	1.046	0.03837
17	1.023	0.03929
17	0.956	0.03713
17	0.9442	0.03944
17	0.9593	0.03496
17	1.441	0.03467
17	1.198	0.0393
17	0.7952	0.03942
17	1.736	0.03798
17	1.286	0.0362
17	1.221	0.0369
17	0.9554	0.03878
17	0.7925	0.03903
17	0.812	0.03723
17	1.136	0.03847
17	1.447	0.03987
17	1.053	0.03823
17	1.106	0.04004
17	0.7366	0.03745
17	1.079	0.03824
17	1.505	0.03436
17	0.9212	0.0373
17	0.9986	0.03781
17	0.6197	0.03773
17	0.4931	0.03856
17	1.368	0.03931
17	1.662	0.03892
17	0.7385	0.03825
17	0.9984	0.03969
17	1.369	0.03687
17	0.8282	0.03821
17	0.774	0.03735
17	1.76	0.0377
17	1.107	0.03787
17	0.8536	0.0384
17	1.206	0.03683
17	1.264	0.03778
17	1.063	0.03933
17	0.9857	0.0383
17	1.069	0.03654
17	1.015	0.04004
17	0.9784	0.03729
17	0.9492	0.03989
17	1.301	0.03702
17	1.388	0.0402
17	0.8049	0.03966
17	0.7503	0.03721
17	1.152	0.03981
17	1.051	0.03854
17	0.6287	0.03751
17	1.343	0.03622
17	0.8702	0.04095
17	1.144	0.04083
17	1.195	0.03973
17	0.9195	0.03822
17	0.9074	0.03925
17	1.914	0.03828
17	0.8178	0.03649
17	1.03	0.03798
17	1.294	0.03444
17	0.8822	0.03601
17	1.345	0.03908
17	1.055	0.03888
17	1.014	0.03959
17	0.928	0.03805
17	0.9215	0.0374
17	1.45	0.03965
17	1.101	0.03798
17	2.056	0.03918
17	1.326	0.03703
17	1.133	0.03896
17	0.9462	0.03876
17	1.264	0.03678
17	0.8951	0.0393
17	0.9349	0.0384
17	1.383	0.03441
17	1.052	0.03876
17	1.657	0.03778
17	1.107	0.03702
17	0.9946	0.03642
17	1.115	0.03443
17	1.247	0.03787
17	1.326	0.03795
17	0.9829	0.03755
17	1.019	0.03635
17	1.346	0.03868
17	0.8528	0.03635
17	1.442	0.03879
17	0.7613	0.03786
17	0.7847	0.03547
17	1.051	0.03492
17	0.9192	0.03604
17	1.137	0.03805
17	1.259	0.04145
17	0.9257	0.03665
17	1.213	0.03788
17	0.9961	0.03966
17	0.7444	0.03638
17	0.8717	0.04046
17	1.086	0.03517
17	1.531	0.03859
17	0.9599	0.03903
17	1.02	0.03845
17	1.106	0.03811
17	1.306	0.03744
17	1.133	0.03751
17	1.386	0.03764
17	0.8527	0.03738
17	1.184	0.03802
17	1.127	0.03956
17	1.337	0.03789
17	0.8172	0.03912
17	1.672	0.0378
17	0.8532	0.04047
17	1.331	0.03777
17	1.323	0.03828
17	1.216	0.03951
17	1.173	0.0371
17	1.205	0.03981
17	1.303	0.03618
17	0.7541	0.03994
17	1.324	0.03861
17	0.7466	0.03709
17	1.273	0.03588
17	0.9678	0.03738
17	1.242	0.0394
17	1.138	0.03608
17	0.8875	0.03878
17	1.197	0.03995
17	0.7834	0.03796
17	1.239	0.03558
17	1.306	0.03933
17	1.934	0.03852
17	1.046	0.03632
17	1.085	0.03959
17	1.056	0.03786
17	1.213	0.03692
17	1.428	0.04052
17	1.207	0.04081
17	0.82	0.03776
17	0.8947	0.0374
17	1.549	0.04016
17	1.128	0.03956
17	1.102	0.03908
17	0.8771	0.03834
17	1.285	0.03769
17	0.8553	0.03856
17	1.082	0.03933
17	0.9464	0.0377
17	1.167	0.03906
17	1.266	0.03628
17	1.512	0.03784
17	1.017	0.03787
17	0.9327	0.04036
17	1.826	0.03765
17	0.6715	0.04004
17	0.9979	0.04129
17	1.706	0.03752
17	1.478	0.04055
17	0.852	0.04025
17	0.677	0.03913
17	1.328	0.03774
17	1.479	0.03925
17	1.056	0.03794
17	0.8128	0.03709
17	1.093	0.03965
17	0.9954	0.03834
17	1.183	0.03503
17	0.8299	0.03747
17	1.071	0.03723
17	1.533	0.03513
17	0.8669	0.03916
17	1.071	0.03638
17	1.172	0.03663
17	0.8003	0.03899
17	0.6059	0.03967
17	1.05	0.0403
17	0.9745	0.03572
17	0.9653	0.03884
17	1.749	0.03755
17	1.013	0.0389
17	1.216	0.03713
17	1.366	0.03861
17	0.842	0.03431
17	1.009	0.03763
17	1.005	0.03834
17	1.719	0.03989
17	0.7895	0.03654
17	0.9682	0.04053
17	0.8713	0.03858
17	0.6656	0.0388
17	1.327	0.03846
17	0.9014	0.03916
17	1.959	0.03808
17	1.023	0.03662
17	0.7618	0.03813
17	1.297	0.03431
17	1.267	0.03741
17	0.8282	0.03707
17	1.205	0.04166
17	0.6648	0.03747
17	0.8434	0.03906
17	1.007	0.03926
17	0.6598	0.03953
17	1.173	0.03929
17	1.516	0.03809
17	1.143	0.03689
17	1.175	0.03534
17	1.119	0.03852
17	0.7524	0.0356
17	0.8486	0.0384
17	0.8838	0.03892
17	1.254	0.03582
17	0.9921	0.03775
17	0.904	0.03897
17	1.149	0.0382
17	0.8731	0.03948
17	1.297	0.03688
17	1.231	0.03914
17	1.351	0.03912
17	1.102	0.03739
17	0.7627	0.03674
17	1.144	0.03653
17	0.8178	0.03849
17	1.19	0.03858
17	0.7865	0.03527
17	1.231	0.04018
17	0.6101	0.03921
17	1.45	0.0385
17	0.9723	0.03869
17	1.114	0.03883
17	0.8017	0.03917
17	1.083	0.03939
17	1.652	0.03883
17	0.6702	0.0407
17	0.9719	0.03857
17	1.195	0.03879
17	1.288	0.03736
17	1.056	0.03926
17	2.537	0.04092
17	2.201	0.03778
17	1.078	0.03997
17	0.8526	0.04056
17	0.8397	0.03791
17	0.8504	0.03684
17	1.141	0.03628
17	1.305	0.03695
17	0.9694	0.04056
17	0.7758	0.04045
17	1.512	0.03916
17	1.397	0.04018
17	1.331	0.03868
17	1.747	0.03733
17	1.002	0.03995
17	1.092	0.03777
17	0.7232	0.0358
17	1.169	0.03797
17	1.356	0.03517
17	1.132	0.03824
17	0.9466	0.03899
17	0.6747	0.03872
17	1.685	0.03611
17	0.9618	0.0373
17	0.7825	0.0386
17	0.9342	0.03872
17	1.152	0.03854
17	1.37	0.03709
17	1.056	0.0385
17	1.491	0.03824
17	1.246	0.03962
17	1.329	0.03876
17	0.9296	0.04151
17	1.033	0.03743
17	1.287	0.03679
17	1.796	0.03987
17	0.8533	0.03818
17	1.374	0.03668
17	1.458	0.03848
17	0.73	0.03866
17	0.9647	0.0378
17	1.162	0.03472
17	0.7014	0.03781
17	1.781	0.03691
17	0.6106	0.03682
17	1.53	0.04045
17	0.7854	0.03942
17	1.045	0.03735
17	1.174	0.0386
17	0.8759	0.03961
17	0.6716	0.04022
17	1.246	0.03826
17	1.534	0.03753
17	0.5724	0.03449
17	1.216	0.03935
17	1.094	0.03984
17	1.635	0.03759
17	1.322	0.03688
17	0.9849	0.03517
17	0.6929	0.03752
17	1.018	0.03853
17	1.411	0.03852
17	1.451	0.03938
17	1.19	0.03801
17	0.8951	0.03993
17	1.161	0.03872
17	1.062	0.03605
17	1.77	0.03839
17	0.8025	0.03735
17	1.201	0.03901
17	1.425	0.03732
17	1.135	0.03781
17	0.9719	0.03789
17	0.832	0.036
17	0.9457	0.0388
17	0.6274	0.03686
17	0.7601	0.03773
17	0.6575	0.0362
17	1.08	0.04151
17	1.583	0.03744
17	0.5834	0.03868
17	1.013	0.03763
17	0.8924	0.03852
17	1.222	0.04068
17	0.9024	0.03978
17	1.178	0.03772
17	1.394	0.03794
17	0.8528	0.03935
17	1.556	0.03932
17	1.27	0.03619
17	1.607	0.036
17	1.16	0.03814
17	1.421	0.03949
17	1.079	0.03907
17	1.336	0.03819
17	1.09	0.03696
17	1.602	0.03744
17	1.275	0.03938
17	1.274	0.03811
17	0.9053	0.03776
17	1.388	0.04022
17	1.477	0.0375
17	1.018	0.03739
17	1.155	0.03972
17	1.092	0.03682
17	1.328	0.03683
17	1.865	0.03725
17	0.8669	0.03828
17	1.935	0.04061
17	1.958	0.03769
17	1.079	0.03849
17	0.9538	0.03981
17	1.056	0.03583
17	1.653	0.03819
17	1.04	0.03948
17	0.8188	0.03888
17	1.296	0.03924
17	1.22	0.04117
17	0.9367	0.03741
17	0.9083	0.0363
17	0.6419	0.03787
17	0.9517	0.03643
17	0.7219	0.03768
17	1.187	0.0378
17	1.286	0.03927
17	1.141	0.0392
17	1.137	0.03739
17	0.9829	0.0377
17	0.7867	0.03641
17	0.9696	0.03815
17	1.182	0.03902
17	0.8752	0.0372
17	1.041	0.03783
17	1.162	0.03589
17	0.7474	0.03638
17	0.8894	0.03712
17	1.227	0.03588
17	1.257	0.03777
17	1.225	0.03938
17	0.8321	0.03791
17	1.519	0.03842
17	1.251	0.03851
17	1.045	0.03909
17	0.9589	0.03822
17	0.8934	0.03735
17	0.9721	0.03884
17	1.217	0.03744
17	0.9702	0.03698
17	1.221	0.03765
17	0.9353	0.03919
17	0.8072	0.03838
17	0.9724	0.03785
17	0.9674	0.03949
17	1.171	0.04016
17	0.9691	0.0395
17	1.433	0.03845
17	1.25	0.03575
17	1.146	0.03693
17	1.365	0.03507
17	1.388	0.03663
17	1.233	0.03885
17	0.6599	0.03672
17	0.9141	0.03607
17	0.9995	0.03598
17	0.8273	0.03849
17	1.15	0.03863
17	0.8178	0.03741
17	0.9798	0.03932
17	0.8509	0.04004
17	0.9638	0.0366
17	1.178	0.03836
17	0.9086	0.03726
17	1.136	0.03908
17	1.052	0.03834
17	1.136	0.03754
17	0.9673	0.03738
17	1.232	0.03796
17	1.331	0.04064
17	0.9355	0.03949
17	1.681	0.03814
17	0.6375	0.03709
17	1.104	0.04012
17	1.443	0.03784
17	0.652	0.03741
17	1.168	0.03993
17	1.066	0.03789
17	1.264	0.03951
17	0.9757	0.03736
17	1.336	0.03774
17	1.112	0.03946
17	1.152	0.03725
17	1.192	0.04096
17	0.9843	0.03782
17	1.444	0.0371
17	0.9673	0.04048
17	1.328	0.03793
17	0.8258	0.03986
17	1.328	0.03776
17	0.5898	0.03959
17	0.8267	0.03869
17	1.441	0.03932
17	0.7827	0.03784
17	1.011	0.03688
17	1.333	0.03861
17	0.6985	0.03624
17	1.078	0.03722
17	0.9799	0.03624
17	0.9469	0.03715
17	1.512	0.03908
17	1.38	0.03798
17	1.035	0.03699
17	0.5546	0.03795
17	1.823	0.03689
17	0.9666	0.03764
17	0.7223	0.03827
17	1.168	0.04045
17	0.5534	0.03728
17	1.045	0.03715
17	1.157	0.03876
17	1.518	0.03812
17	1.826	0.03964
17	0.8453	0.03818
17	1.477	0.03898
17	0.9922	0.03814
17	1.064	0.03715
17	1.188	0.03805
17	1.265	0.0371
17	1.473	0.03759
17	1.085	0.04057
17	1.024	0.03679
17	1.16	0.0393
17	1.093	0.03911
17	1.178	0.03986
17	1.411	0.03667
17	1.027	0.03865
17	0.997	0.04032
17	0.587	0.03848
17	1.1	0.03731
17	0.8226	0.04088
17	0.6056	0.03689
17	1.431	0.0374
17	0.999	0.0386
17	1.052	0.03782
17	0.918	0.03596
17	0.6344	0.03903
17	0.9925	0.03688
17	1.053	0.03912
17	1.039	0.03602
17	0.778	0.03731
17	1.011	0.04123
17	0.7276	0.03776
17	0.8505	0.03883
17	0.7647	0.03629
17	1.103	0.03668
17	1.06	0.03976
17	0.9384	0.04064
17	1.541	0.03489
17	0.8992	0.03943
17	1.555	0.03935
17	1.137	0.03807
17	1.786	0.03593
17	1.618	0.03875
17	1.695	0.03767
17	1.397	0.03502
17	1.474	0.03852
17	1.186	0.0368
17	1.32	0.03702
17	0.9599	0.03848
17	1.264	0.03642
17	1.149	0.03927
17	1.443	0.03818
17	1.037	0.03667
17	1.132	0.03619
17	1.305	0.03668
17	0.6358	0.03926
17	0.9764	0.04057
17	0.9574	0.03662
17	1.056	0.04033
17	0.7856	0.03912
17	1.538	0.03781
17	0.9666	0.03803
17	0.9982	0.03956
17	1.113	0.03937
17	1.911	0.03669
17	1.068	0.03812
17	0.7843	0.03789
17	1.236	0.03741
17	1.284	0.03775
17	1.196	0.03703
17	1.276	0.03547
17	0.9525	0.03897
17	0.7803	0.03715
17	1.04	0.03971
17	0.9806	0.0401
17	1.188	0.03638
17	1.198	0.0366
17	1.183	0.03931
17	1.385	0.03617
17	1.471	0.04142
17	0.9368	0.03881
17	1.677	0.03728
17	1.24	0.03756
17	1.146	0.03671
17	0.9761	0.03571
17	1.217	0.03787
17	0.8174	0.03607
17	1.459	0.03814
17	0.7574	0.0386
17	1.153	0.03874
17	0.9898	0.04072
17	0.8824	0.03915
17	0.7699	0.03753
17	0.9422	0.03742
17	1.167	0.03678
17	0.9539	0.0388
17	1.125	0.03901
17	0.9836	0.03781
17	1.466	0.03788
17	1.043	0.03798
17	1.032	0.03741
17	1.029	0.03842
17	0.8463	0.03949
17	1.142	0.03615
17	1.268	0.03728
17	0.741	0.039
17	1.251	0.03982
17	1.908	0.03816
17	0.8832	0.03941
17	0.9236	0.03773
17	1.592	0.03845
17	1.039	0.03929
17	1.321	0.03788
17	0.8421	0.03606
17	1.051	0.03734
17	0.9339	0.03996
17	1.279	0.03808
17	1.142	0.03766
17	1.045	0.03806
17	1.141	0.03865
17	0.7538	0.03733
17	1.321	0.03834
17	0.9292	0.03857
17	1.522	0.03977
17	1.089	0.03532
17	0.7744	0.03891
17	1.419	0.03949
17	1.281	0.03807
17	1.099	0.0364
17	1.589	0.03921
17	0.7214	0.04079
17	1.256	0.03797
17	0.8439	0.03927
17	0.71	0.03895
17	0.9009	0.03804
17	1.279	0.03706
17	1.199	0.03874
17	1.462	0.03642
17	1.359	0.04023
17	0.7932	0.03705
17	1.008	0.03888
17	1.065	0.03928
17	1.647	0.03934
17	1.219	0.04046
17	0.7971	0.03706
17	1.054	0.03639
17	0.9027	0.03924
17	1.051	0.03903
17	1.368	0.03815
17	1.512	0.03894
17	1.314	0.04
17	1.133	0.04025
17	0.8864	0.03744
17	1.465	0.03937
17	1.512	0.03662
17	1.109	0.03643
17	1.131	0.03737
17	1.382	0.03766
17	1.304	0.03664
17	0.8542	0.04134
17	2.092	0.03812
17	1.223	0.03959
17	1.215	0.04029
17	1.519	0.03945
17	1.518	0.0384
17	1.249	0.03656
17	0.6827	0.03462
17	1.165	0.03785
17	0.8103	0.03666
17	1.246	0.03895
17	1.273	0.03957
17	1.577	0.03752
17	1.145	0.03928
17	1.274	0.04029
17	1.489	0.0381
17	0.8545	0.03835
17	0.8533	0.04061
17	0.7842	0.03665
17	0.6012	0.03578
17	0.8945	0.03941
17	0.9264	0.04001
17	0.6719	0.03804
17	1.165	0.03858
17	1.077	0.0367
17	0.8157	0.0383
17	0.699	0.03819
17	1.013	0.03918
17	1.249	0.03898
17	1.041	0.03735
17	0.8515	0.03916
17	1.312	0.03982
17	0.6869	0.03812
17	1.392	0.03889
17	1.072	0.03861
17	1.297	0.03854
17	1.098	0.03611
17	0.9726	0.03818
17	0.6324	0.03908
17	1.106	0.03904
17	1.531	0.03794
17	1.103	0.03851
17	1.79	0.03935
17	0.94	0.03772
17	1.213	0.04009
17	0.8571	0.03815
17	0.8663	0.03613
17	0.7559	0.03941
17	1.317	0.03896
17	0.9797	0.03898
17	1.248	0.03963
17	1.264	0.03822
17	0.8146	0.03846
17	0.9347	0.03971
17	1.1	0.03639
17	1.233	0.03816
17	1.272	0.03733
17	0.8036	0.03761
17	0.7441	0.03732
17	1.421	0.0393
17	1.01	0.03925
17	0.94	0.03887
17	1.206	0.03731
17	0.8143	0.03662
17	1.26	0.03964
17	0.8672	0.03907
17	1.014	0.0382
17	0.9855	0.03745
17	1.547	0.03737
17	0.9018	0.03953
17	1.292	0.03739
17	1.273	0.03793
17	0.7807	0.03895
17	1.09	0.03717
17	1.123	0.03761
17	0.7656	0.03915
17	0.7202	0.03744
17	1.054	0.03846
17	1.395	0.03682
17	1.124	0.03945
17	0.8689	0.03833
17	0.8478	0.03761
17	0.6405	0.03755
17	1.149	0.03607
17	0.8234	0.03703
17	0.6802	0.03898
17	0.9203	0.03818
17	1.274	0.03948
17	0.6532	0.03488
17	1.836	0.03695
17	1.334	0.03898
17	1.201	0.03681
17	1.167	0.03707
17	1.074	0.0405
17	1.125	0.03784
17	1.339	0.03764
17	1.037	0.03672
17	1.156	0.03956
17	0.581	0.04061
17	0.9205	0.04096
17	0.5989	0.03773
17	0.8063	0.03779
17	1.352	0.03838
17	1.084	0.03745
17	0.9105	0.03811
17	1.082	0.04076
17	0.9529	0.0375
17	1.088	0.03855
17	1.554	0.03957
17	1.619	0.03887
17	0.8791	0.03882
17	1.496	0.03656
17	1.068	0.03724
17	1.321	0.04018
17	1.09	0.03797
17	1.174	0.03907
17	1.269	0.03732
17	1.615	0.03766
17	1.076	0.03863
17	0.9349	0.03859
17	1.014	0.03726
17	0.8931	0.04
17	1.261	0.03882
17	1.12	0.03814
17	0.9249	0.0395
17	0.7929	0.03718
17	0.8454	0.03792
17	1.567	0.04081
17	0.8213	0.03742
17	0.916	0.03559
17	1.869	0.03467
17	0.889	0.03505
17	0.9202	0.04052
17	1.438	0.03894
17	0.9714	0.03702
17	0.7689	0.0392
17	0.9933	0.03995
17	1.293	0.03812
17	1.051	0.03876
17	1.35	0.03904
17	0.8119	0.03927
17	0.9464	0.0395
17	0.6738	0.0414
17	0.8792	0.0379
17	0.6463	0.03668
17	0.8325	0.03631
17	0.8882	0.03704
17	1.014	0.03864
17	1.332	0.03653
17	1.516	0.0392
17	1.286	0.0404
17	1.137	0.03924
17	0.9031	0.03698
17	0.7015	0.03876
17	0.7784	0.0367
17	0.908	0.03799
17	0.807	0.03932
17	0.8792	0.04007
17	1.596	0.03777
17	1.118	0.03811
17	0.8671	0.0367
17	1.238	0.03792
17	0.7865	0.03862
17	1.187	0.03664
17	0.8147	0.03822
17	0.9761	0.03906
17	0.9961	0.04048
17	1.899	0.03596
17	0.8962	0.03813
17	1.129	0.03902
17	1.3	0.03704
17	0.8085	0.03551
17	1.687	0.03747
17	0.71	0.03583
17	0.9367	0.03681
17	0.924	0.03596
17	1.047	0.03944
17	1.328	0.03911
17	1.407	0.03953
17	0.9206	0.03822
17	1.052	0.03819
17	0.6714	0.03872
17	1.122	0.03775
17	1.489	0.03658
17	1.285	0.04048
17	0.8392	0.0393
17	0.8494	0.0401
17	0.8691	0.03897
17	1.052	0.0351
17	2.253	0.03798
17	1.148	0.03811
17	1.372	0.03906
17	0.7873	0.03479
17	0.8916	0.03968
17	1.391	0.03811
17	0.7453	0.04
17	1.268	0.03887
17	0.9039	0.03693
17	0.9935	0.03879
17	1.304	0.04012
17	1.11	0.0383
17	0.943	0.03811
17	1.363	0.04048
17	1.072	0.04019
17	1.882	0.03982
17	0.8716	0.03981
17	1.494	0.03825
17	1.21	0.03915
17	1.026	0.03625
17	1.642	0.03508
17	1.134	0.03651
17	0.9248	0.0377
17	0.7319	0.03946
17	0.9425	0.0371
17	1.003	0.03552
17	1.043	0.03903
17	0.8647	0.03725
17	0.8572	0.03536
17	1.129	0.0387
17	1.319	0.03719
17	0.7271	0.03804
17	1.186	0.03771
17	0.9649	0.0376
17	0.7409	0.03667
17	1.975	0.03786
17	0.6465	0.03682
17	1.166	0.04002
17	0.9424	0.03844
17	0.9377	0.03821
17	0.8153	0.03989
17	0.9215	0.03796
17	1.122	0.03795
17	1.509	0.03843
17	1.701	0.03946
17	0.6803	0.03819
17	1.175	0.03993
17	1.72	0.03927
17	0.9943	0.03861
17	0.8694	0.038
17	1.166	0.03629
17	0.8425	0.03665
17	1.963	0.03909
17	1.365	0.0369
17	1.084	0.03936
17	1.006	0.03932
17	1.487	0.03922
17	1.092	0.03829
17	0.8925	0.03805
17	1.68	0.03925
17	0.8989	0.03862
17	0.8497	0.03762
17	1.059	0.03837
17	1.602	0.03929
17	1.414	0.03797
17	0.8329	0.04145
17	0.9687	0.03891
17	1.086	0.03607
17	1.034	0.04071
17	1.043	0.03831
17	1.159	0.03839
17	2.166	0.0402
17	1.069	0.03672
17	0.9489	0.03585
17	0.7466	0.03486
17	0.7489	0.03629
17	1.388	0.03628
17	1.067	0.03863
17	0.8137	0.03386
17	1.09	0.03709
17	0.9639	0.0392
17	0.759	0.03618
17	1.511	0.03868
17	0.8813	0.03783
17	1.75	0.04013
17	1.53	0.03839
17	1.072	0.03923
17	0.8645	0.03793
17	0.6564	0.04153
17	1.058	0.03946
17	0.8844	0.03977
17	1.024	0.04132
17	1.651	0.03703
17	0.9631	0.03668
17	0.7972	0.03622
17	1.461	0.03756
17	1.467	0.03999
17	2.259	0.038
17	0.788	0.03685
17	0.8792	0.03573
17	0.9528	0.03773
17	1.451	0.0384
17	0.869	0.03504
17	1.01	0.03831
17	1.098	0.03753
17	0.948	0.03862
17	0.8572	0.03653
17	1.424	0.03684
17	0.7647	0.03833
17	1.794	0.03868
17	1.062	0.03811
17	0.7638	0.0354
17	1.101	0.04043
17	1.024	0.03752
17	0.7176	0.03839
17	0.922	0.03671
17	1.35	0.03834
17	1.028	0.03964
17	1.256	0.03794
17	1.167	0.03914
17	0.623	0.03749
17	1.335	0.03682
17	1.398	0.03896
17	1.595	0.03684
17	1.228	0.03925
17	1.501	0.0383
17	1.532	0.03757
17	1.19	0.03696
17	0.917	0.03905
17	0.7534	0.03998
17	1.1	0.03859
17	0.8381	0.0375
17	0.9215	0.03889
17	1.066	0.03873
17	1.893	0.03539
17	1.088	0.03598
17	0.8225	0.04198
17	0.9578	0.0376
17	1.324	0.0391
17	1.34	0.03522
17	0.8707	0.03871
17	0.9091	0.038
17	0.9685	0.03719
17	0.9566	0.03837
17	0.9036	0.03577
17	1.253	0.0379
17	0.7775	0.03737
17	1.079	0.03852
17	1.035	0.03802
17	1.123	0.03919
17	0.9991	0.03972
17	1.264	0.03755
17	1.507	0.03618
17	1.374	0.03889
17	1.092	0.03933
17	1.414	0.03908
17	1.096	0.03508
17	0.8812	0.0406
17	1.167	0.03846
17	0.8244	0.04068
17	1.042	0.03732
17	0.9309	0.03827
17	1.439	0.03758
17	1.146	0.03409
17	0.7336	0.03646
17	0.9466	0.03763
17	1.087	0.03691
17	1.71	0.03481
17	0.876	0.03981
17	1.604	0.03615
17	1.144	0.03784
17	1.244	0.03847
17	0.8709	0.0398
17	1.452	0.03978
17	1.007	0.03883
17	1.846	0.03465
17	1.07	0.03718
17	0.7976	0.03603
17	1.084	0.03752
17	1.27	0.0375
17	1.253	0.03829
17	1.573	0.03793
17	1.321	0.03897
17	1.075	0.03783
17	1.254	0.03977
17	1.028	0.03863
17	1.577	0.03967
17	1.099	0.03892
17	0.7274	0.03766
17	1.098	0.03968
17	0.9875	0.04039
17	1.409	0.0354
17	0.7164	0.03851
17	0.8136	0.04043
17	0.6454	0.037
17	1.122	0.04005
17	1.448	0.03715
17	1.305	0.03749
17	1.116	0.03418
17	1.315	0.03948
17	1.358	0.03661
17	0.7202	0.04005
17	1.162	0.03657
17	0.6267	0.03474
17	0.8659	0.03872
17	0.9262	0.03712
17	1.383	0.03849
17	1.241	0.0373
17	0.8469	0.0404
17	1.607	0.03502
17	0.7175	0.03602
17	1.782	0.03799
17	1.264	0.03842
17	0.8356	0.03911
17	1.429	0.03906
17	1.158	0.03601
17	0.9598	0.03645
17	1.276	0.03825
17	0.6026	0.03882
17	1.11	0.03752
17	0.7539	0.0393
17	1.382	0.03802
17	0.7668	0.0392
17	1.013	0.03955
17	0.9341	0.03768
17	1.151	0.03468
17	1.428	0.03885
17	0.888	0.03686
17	1.405	0.04086
17	0.9888	0.04008
17	1.613	0.03712
17	1.437	0.03411
17	0.6976	0.03831
17	1.106	0.03925
17	1.39	0.03589
17	0.9729	0.03552
17	1.714	0.03742
17	1.161	0.03706
17	1.424	0.03944
17	0.6953	0.03814
17	0.8497	0.03755
17	1.388	0.0347
17	1.354	0.03791
17	0.9939	0.04003
17	2.577	0.0402
17	1.436	0.03926
17	0.9566	0.03938
17	0.8703	0.03803
17	1.478	0.03932
17	0.863	0.03918
17	0.9313	0.03751
17	1.014	0.0389
17	1.128	0.03746
17	1.181	0.0402
17	0.5724	0.03912
17	0.9132	0.04077
17	1.203	0.03732
17	0.7242	0.03644
17	0.8198	0.03771
17	1.286	0.03797
17	1.128	0.03647
17	0.8403	0.04056
17	1.078	0.03735
17	1.241	0.03887
17	0.8596	0.03977
17	1.067	0.03779
17	0.9371	0.03749
17	1.289	0.03572
17	1.473	0.03858
17	1.068	0.03721
17	1.033	0.03636
17	0.9605	0.03423
17	1.05	0.03753
17	1.056	0.04053
17	0.9636	0.03909
17	0.7434	0.03921
17	0.8582	0.03845
17	0.9867	0.03885
17	0.9879	0.03596
17	1.012	0.03667
17	1.579	0.04107
17	0.9756	0.03741
17	1.017	0.03841
17	1.417	0.03841
17	0.9171	0.03916
17	1.368	0.03658
17	1.151	0.03914
17	0.8237	0.03936
17	0.6391	0.03849
17	1.623	0.03785
17	0.9387	0.04017
17	0.9234	0.03836
17	1.197	0.03749
17	0.6919	0.03886
17	0.6556	0.03636
17	1.036	0.03799
17	1.037	0.03843
17	0.9707	0.03883
17	1.164	0.03902
17	0.8751	0.03892
17	0.7547	0.03603
17	1.546	0.03867
17	0.9403	0.03748
17	1.387	0.03699
17	1.098	0.04034
17	1.302	0.03673
17	0.8558	0.03652
17	0.9071	0.03866
17	1.484	0.03684
17	0.7991	0.03642
17	1.603	0.03829
17	1.424	0.03707
17	0.9428	0.03876
17	1.445	0.03759
17	1.266	0.03691
17	0.862	0.03845
17	0.8696	0.03941
17	1.391	0.03878
17	1.288	0.03939
17	1.372	0.03917
17	0.9022	0.03712
17	0.9723	0.03587
17	1.042	0.03491
17	1.661	0.03828
17	1.436	0.03562
17	1.582	0.03865
17	0.8361	0.03978
17	1.292	0.03774
17	0.9678	0.03943
17	0.8271	0.03677
17	1.423	0.03938
17	0.6275	0.03986
17	1.104	0.03874
17	0.6988	0.04019
17	1.212	0.0391
17	1.45	0.03853
17	1.079	0.03878
17	1.121	0.04034
17	1.102	0.03913
17	0.8892	0.03751
17	1.023	0.0377
17	1.093	0.04001
17	0.8557	0.03819
17	1.175	0.03444
17	1.018	0.03856
17	1.099	0.03835
17	0.766	0.03765
17	1.163	0.03571
17	0.7585	0.03766
17	1.649	0.03776
17	0.9744	0.0398
17	1.235	0.03804
17	1.65	0.03837
17	0.908	0.03789
17	0.9133	0.03834
17	1.032	0.03611
17	0.9504	0.03724
17	0.8647	0.03714
17	1.002	0.0361
17	1.001	0.03739
17	1.248	0.03749
17	0.7574	0.0354
17	1.465	0.0384
17	0.9833	0.0357
17	1.536	0.03673
17	1.255	0.03637
17	1.001	0.03648
17	0.9751	0.0373
17	1.098	0.03909
17	1.093	0.03984
17	1.074	0.03687
17	1.024	0.03847
17	1.601	0.03817
17	0.8628	0.03746
17	1.209	0.03792
17	1.206	0.03823
17	1.28	0.03733
17	1.589	0.03797
17	1.014	0.03935
17	1.627	0.0387
17	1.151	0.03845
17	1.154	0.03931
17	1.089	0.03743
17	1.631	0.04043
17	0.8927	0.03701
17	1.29	0.03881
17	1.696	0.03946
17	1.283	0.03852
17	1.123	0.03885
17	1.306	0.03858
17	0.8641	0.0384
17	1.371	0.03873
17	0.7925	0.03689
17	1.394	0.03887
17	1.064	0.03837
17	0.9465	0.04084
17	1.271	0.03577
17	1.011	0.03882
17	1.069	0.03859
17	0.9127	0.03898
17	0.8463	0.03775
17	1.747	0.03856
17	1.32	0.03555
17	1.69	0.03887
17	0.8482	0.03653
17	1.123	0.04017
17	1.203	0.03985
17	0.7801	0.03967
17	1.228	0.0365
17	0.9245	0.04127
17	1.103	0.03654
17	0.8792	0.0394
17	1.412	0.03947
17	1.423	0.03619
17	1.004	0.03658
17	1.187	0.03917
17	1.379	0.04149
17	0.9378	0.03742
17	0.9859	0.03862
17	0.8036	0.03706
17	0.951	0.03718
17	1.404	0.03799
17	1.415	0.0374
17	1.6	0.03818
17	1.402	0.03956
17	1.039	0.03853
17	0.6669	0.03946
17	1.336	0.03917
17	0.8062	0.03879
17	0.7921	0.03601
17	1.444	0.03533
17	1.027	0.03824
17	1.27	0.03694
17	0.6976	0.03372
17	1.099	0.0403
17	0.9484	0.03581
17	0.682	0.03913
17	0.784	0.03976
17	0.8488	0.03985
17	1.09	0.0416
17	0.8668	0.03981
17	1.044	0.03642
17	1.303	0.0405
17	1.147	0.03947
17	1.441	0.03839
17	1.102	0.03944
17	0.9692	0.03584
17	1.755	0.03984
17	1.258	0.04053
17	0.9387	0.03614
17	0.8013	0.03879
17	1.538	0.03785
17	1.159	0.03751
17	1.088	0.03797
17	0.8971	0.03905
17	1.153	0.0382
17	1.168	0.04034
17	1.696	0.03811
17	0.8607	0.03872
17	1.156	0.04111
17	1.566	0.03895
17	0.7794	0.03837
17	1.147	0.04028
17	0.6205	0.03879
17	1.351	0.03477
17	1.254	0.03939
17	0.9632	0.03923
17	1.164	0.03857
17	1.365	0.03847
17	0.8705	0.03813
17	1.603	0.03962
17	0.8131	0.03948
17	1.402	0.03824
17	1.293	0.03825
17	1.274	0.03824
17	1.195	0.03779
17	1.046	0.03817
17	0.9315	0.03679
17	1.086	0.03658
17	0.8393	0.03456
17	1.303	0.03681
17	1.099	0.03877
17	0.8759	0.03658
17	1.026	0.03864
17	0.9352	0.03954
17	0.743	0.03583
17	0.6996	0.03854
17	1.072	0.03844
17	1.112	0.0372
17	0.6814	0.03738
17	0.8526	0.03727
17	1.183	0.03998
17	1.221	0.03837
17	1.619	0.03861
17	0.9193	0.03936
17	1.385	0.03646
17	0.9537	0.03892
17	1.213	0.0361
17	0.9389	0.03689
17	1.172	0.03972
17	1.008	0.03987
17	0.8891	0.04027
17	1.187	0.03751
17	1.043	0.03928
17	1.432	0.03653
17	1.144	0.03648
17	0.9546	0.03684
17	1.038	0.03766
17	1.164	0.03761
17	1.64	0.03847
17	0.786	0.03974
17	1.435	0.03816
17	0.8062	0.03962
17	1.53	0.03585
17	1.003	0.03793
17	1.406	0.03762
17	1.432	0.03816
17	1.328	0.03901
17	1.736	0.03862
17	0.6492	0.03751
17	1.074	0.03827
17	0.8468	0.0388
17	0.818	0.03869
17	0.9075	0.03967
17	0.7993	0.03776
17	1.291	0.03854
17	1.161	0.03667
17	1.259	0.03977
17	0.7675	0.03882
17	0.8785	0.03632
17	1.693	0.03839
17	0.9175	0.03503
17	1.309	0.03891
17	0.7978	0.03926
17	0.974	0.0362
17	1.2	0.04171
17	1.355	0.03913
17	1.026	0.03745
17	1.289	0.0377
17	1.26	0.04057
17	0.6981	0.03915
17	1.355	0.03354
17	0.8206	0.04004
17	0.9977	0.03723
17	1.555	0.03935
17	1.642	0.03625
17	1.091	0.03678
17	1.668	0.03695
17	1.008	0.03699
17	1.154	0.03913
17	1.196	0.03852
17	1.696	0.03568
17	1.003	0.03854
17	1.311	0.03975
17	0.9962	0.03874
17	1.482	0.03684
17	1.447	0.03917
17	1.311	0.03981
17	1.575	0.0376
17	1.031	0.04004
17	0.7734	0.04043
17	0.8221	0.03792
17	1.686	0.03539
17	1.087	0.04006
17	1.072	0.0376
17	0.8052	0.03728
17	1.109	0.03698
17	1.369	0.03737
17	1.508	0.03714
17	1.327	0.03722
17	1.132	0.03746
17	1.237	0.03709
17	1.514	0.03968
17	0.5652	0.04008
17	1.318	0.03655
17	1.555	0.04021
17	1.185	0.03883
17	0.7898	0.03753
17	1.271	0.03931
17	0.8818	0.03913
17	1.171	0.03991
17	0.5907	0.0379
17	1.3	0.03891
17	1.38	0.03833
17	1.023	0.04116
17	1.088	0.03561
17	1.024	0.03515
17	0.932	0.03843
17	1.205	0.03861
17	1.111	0.04019
17	1.18	0.04099
17	0.9986	0.03535
17	1.327	0.03764
17	1.964	0.04007
17	0.9604	0.03964
17	1.283	0.03833
17	0.6872	0.0396
17	1.381	0.0371
17	1.675	0.03884
17	0.8696	0.03596
17	1.191	0.03834
17	1.357	0.03941
17	0.9574	0.03629
17	0.9582	0.03904
