7	1.317	0.03845
7	0.849	0.0383
7	0.9755	0.03994
7	0.9531	0.03863
7	1.313	0.03847
7	1.033	0.03908
7	1.557	0.03832
7	0.7419	0.03807
7	1.022	0.03851
7	0.9282	0.03744
7	1.332	0.03809
7	1.104	0.0382
7	0.9492	0.03815
7	0.8507	0.03812
7	0.818	0.03854
7	0.6966	0.0386
7	1.195	0.03777
7	1.073	0.03898
7	1.079	0.03966
7	1.28	0.03865
7	0.8303	0.03768
7	1.163	0.03935
7	0.5897	0.03743
7	0.9981	0.03762
7	1.035	0.03855
7	0.9887	0.03723
7	1.404	0.03865
7	1.45	0.03799
7	1.236	0.03832
7	0.7025	0.0389
7	1.138	0.03744
7	1.057	0.03818
7	1.149	0.03855
7	1.083	0.03881
7	0.9489	0.0384
7	1.482	0.03916
7	0.8355	0.03819
7	1.866	0.03849
7	1.029	0.03677
7	1.614	0.03911
7	1.601	0.0386
7	1.301	0.03817
7	0.8974	0.03787
7	0.6418	0.03806
7	0.9073	0.03819
7	1.06	0.0386
7	0.8703	0.03962
7	0.9328	0.03766
7	0.9412	0.03876
7	1.066	0.03806
7	1.356	0.03758
7	0.9791	0.03865
7	1.19	0.03902
7	0.8157	0.03855
7	1.015	0.03858
7	0.9929	0.03868
7	0.8875	0.03826
7	1.169	0.03754
7	1.052	0.03861
7	0.702	0.0385
7	1.237	0.03825
7	1.168	0.03759
7	1.465	0.03923
7	1.145	0.03814
7	0.7324	0.03822
7	0.7775	0.03841
7	0.7454	0.03791
7	1.559	0.0384
7	1.649	0.03844
7	1.328	0.03898
7	0.8649	0.03913
7	0.8242	0.03769
7	0.921	0.03761
7	0.7528	0.03782
7	1.089	0.03785
7	1.243	0.03863
7	0.9375	0.03872
7	1.347	0.03827
7	1.118	0.03777
7	1.065	0.03783
7	0.7403	0.03839
7	1.407	0.03771
7	1.06	0.03894
7	1.196	0.03751
7	1.05	0.03798
7	1.225	0.03849
7	1.53	0.03807
7	1.208	0.03875
7	1.397	0.03871
7	0.8387	0.0381
7	1.203	0.03909
7	0.9331	0.038
7	1.513	0.03823
7	1.656	0.03802
7	1.593	0.03929
7	0.9921	0.03856
7	0.9547	0.0391
7	0.8627	0.0379
7	0.8078	0.0366
7	0.7989	0.03853
7	1.802	0.03927
7	0.8365	0.03798
7	1.351	0.03843
7	1.329	0.03868
7	1.296	0.03903
7	1.172	0.03873
7	1.17	0.03884
7	1.099	0.03841
7	1.421	0.03691
7	1.108	0.03844
7	1.226	0.03772
7	1.041	0.03839
7	1.148	0.03886
7	1.498	0.03845
7	0.9131	0.03812
7	0.933	0.03893
7	1.218	0.03858
7	1.26	0.03915
7	0.9045	0.03901
7	0.8877	0.03847
7	1.281	0.03738
7	0.9553	0.03871
7	1.002	0.03786
7	0.8545	0.03816
7	1.24	0.03904
7	1.614	0.0381
7	1.603	0.03883
7	1.653	0.03817
7	1.246	0.03797
7	1.561	0.03899
7	1.108	0.03748
7	1.616	0.03946
7	1.48	0.03874
7	0.7474	0.03888
7	0.9995	0.03857
7	1.056	0.03814
7	0.9676	0.03858
7	0.9084	0.0388
7	0.8592	0.0377
7	0.9201	0.03914
7	1.35	0.03845
7	1.312	0.03782
7	1.528	0.03806
7	1.095	0.03759
7	1.121	0.03783
7	1.033	0.03767
7	1.134	0.038
7	1.36	0.03815
7	1.581	0.03828
7	1.299	0.03765
7	1.004	0.03818
7	1.284	0.03872
7	1.303	0.03874
7	1.439	0.03876
7	1.09	0.03805
7	1.395	0.03845
7	1.299	0.03863
7	1.085	0.03788
7	1.23	0.03822
7	1.037	0.03811
7	0.9888	0.03964
7	1.445	0.03791
7	1.388	0.03864
7	0.8156	0.03747
7	1.275	0.03748
7	1.058	0.03791
7	0.8719	0.03893
7	1.026	0.03816
7	1.249	0.03998
7	1.325	0.0387
7	1.687	0.03875
7	1.091	0.03847
7	1.551	0.0383
7	0.9897	0.03876
7	0.8346	0.03932
7	1.276	0.03966
7	1.231	0.03826
7	1.18	0.03834
7	1.206	0.03878
7	0.9536	0.0384
7	0.9774	0.03796
7	0.8586	0.03768
7	0.7684	0.0381
7	1.37	0.03899
7	0.8169	0.03757
7	0.8667	0.03958
7	0.8764	0.03831
7	0.8555	0.03838
7	1.067	0.03787
7	0.5848	0.03808
7	1.25	0.03772
7	0.9152	0.03869
7	1.008	0.03826
7	1.106	0.03874
7	1.025	0.03817
7	1.26	0.0391
7	1.07	0.03895
7	2.037	0.03819
7	0.9583	0.03777
7	0.9674	0.04
7	0.9165	0.03927
7	1.119	0.03826
7	1.578	0.03851
7	0.9545	0.03782
7	1.207	0.03815
7	1.051	0.03844
7	1.408	0.03761
7	1.07	0.03879
7	0.758	0.03876
7	1.242	0.0389
7	0.7299	0.03882
7	1.348	0.03789
7	1.765	0.03927
7	0.7277	0.03845
7	1.516	0.03836
7	1.159	0.03807
7	1.774	0.03779
7	1.426	0.03827
7	1.147	0.03845
7	0.9501	0.03752
7	2.522	0.04038
7	0.8242	0.03888
7	0.9773	0.03867
7	0.6872	0.03792
7	0.8292	0.03812
7	1.368	0.0381
7	1.243	0.03805
7	1.218	0.0379
7	0.9818	0.038
7	0.6443	0.03717
7	1.102	0.03858
7	0.7884	0.03973
7	1.026	0.03779
7	0.9301	0.03868
7	1.559	0.03861
7	0.8715	0.03824
7	1.266	0.03874
7	0.7483	0.03872
7	1.407	0.03903
7	0.9393	0.03759
7	0.9363	0.03818
7	0.964	0.03767
7	0.9435	0.03812
7	0.8567	0.0386
7	0.7461	0.03893
7	1.051	0.03943
7	1.191	0.03786
7	1.075	0.03775
7	1.038	0.03829
7	1.213	0.03855
7	1.493	0.03887
7	1.139	0.03886
7	0.9869	0.03855
7	0.9296	0.03858
7	1.365	0.03731
7	0.824	0.03888
7	1.059	0.03766
7	0.795	0.03801
7	0.8353	0.03854
7	0.9698	0.03822
7	0.8337	0.03863
7	1.144	0.03891
7	1.066	0.03878
7	1.184	0.03849
7	0.8919	0.03877
7	1.219	0.03874
7	1.417	0.03759
7	1.343	0.03902
7	1.547	0.03813
7	1.204	0.0384
7	0.9801	0.03849
7	0.7399	0.03884
7	1.155	0.03813
7	1.265	0.03784
7	0.7804	0.03753
7	1.186	0.03831
7	1.796	0.0384
7	1.028	0.03837
7	0.7517	0.03825
7	1.456	0.03942
7	1.005	0.0389
7	0.9755	0.03847
7	1.172	0.03817
7	1.083	0.03798
7	1.034	0.03813
7	1.115	0.03756
7	1.065	0.03784
7	1.87	0.03749
7	1.038	0.03814
7	1.219	0.03827
7	1.284	0.03875
7	1.115	0.03836
7	1.173	0.03815
7	0.9417	0.03805
7	1.175	0.03813
7	1.459	0.03827
7	1.323	0.03782
7	1.682	0.03814
7	1.182	0.03824
7	1.144	0.03848
7	0.8095	0.03793
7	1.2	0.038
7	0.8306	0.03836
7	0.7436	0.03858
7	1.037	0.03874
7	0.9162	0.03817
7	1.156	0.03793
7	1.103	0.03811
7	0.9127	0.03748
7	1.412	0.03788
7	1.121	0.03771
7	0.9892	0.03754
7	1.826	0.03856
7	1.202	0.03779
7	0.8603	0.03832
7	0.9465	0.03876
7	1.551	0.03883
7	0.9914	0.03822
7	0.9653	0.03857
7	0.9687	0.03835
7	1.717	0.03823
7	0.794	0.03763
7	1.318	0.03845
7	0.8762	0.04003
7	0.9505	0.03772
7	0.7446	0.03842
7	1.235	0.03701
7	0.846	0.03736
7	0.9563	0.03841
7	0.9525	0.03804
7	1.376	0.03933
7	1.052	0.03811
7	1.18	0.03804
7	1.404	0.03853
7	0.7592	0.03808
7	1.412	0.03863
7	1.137	0.03836
7	0.8241	0.03707
7	1.35	0.03838
7	1.261	0.04003
7	1.321	0.03729
7	1.056	0.03797
7	0.7732	0.03832
7	0.8869	0.03791
7	1.424	0.03808
7	1.092	0.03966
7	1.164	0.03824
7	0.9773	0.03815
7	0.9557	0.0378
7	1.191	0.03794
7	1.541	0.03787
7	0.8217	0.0377
7	0.6901	0.03873
7	1.348	0.03784
7	0.8962	0.03893
7	0.9301	0.03912
7	1.375	0.03837
7	1.064	0.03906
7	0.967	0.0382
7	0.9165	0.03864
7	1.225	0.03933
7	1.085	0.03858
7	1.507	0.03836
7	1.378	0.03754
7	1.249	0.03829
7	1.334	0.03869
7	0.9099	0.03819
7	1.096	0.03826
7	0.7496	0.03795
7	0.9853	0.03911
7	0.992	0.03759
7	1.126	0.0378
7	0.9559	0.03842
7	1.353	0.0386
7	1.077	0.0384
7	1.627	0.03871
7	1.254	0.03818
7	1.001	0.03937
7	0.8445	0.0386
7	1.359	0.03795
7	0.9256	0.03846
7	1.411	0.03768
7	1.191	0.03853
7	1.241	0.03863
7	1.163	0.0388
7	0.6996	0.03711
7	0.869	0.0378
7	0.7786	0.03917
7	1.116	0.03811
7	0.9048	0.03855
7	1.18	0.03817
7	1.157	0.03912
7	1.004	0.03846
7	1.687	0.03828
7	0.9888	0.038
7	1.718	0.03827
7	1.15	0.03719
7	1.309	0.03845
7	1.112	0.03892
7	1.137	0.03929
7	1.196	0.03751
7	1.09	0.03848
7	1.298	0.03819
7	1.059	0.03829
7	0.9145	0.0386
7	0.9258	0.03869
7	0.9816	0.03783
7	1.643	0.03807
7	2.07	0.03807
7	1.083	0.03838
7	0.6428	0.03793
7	0.732	0.03874
7	0.7291	0.03796
7	1.273	0.03781
7	1.233	0.03797
7	0.7113	0.03816
7	0.9305	0.03843
7	1.158	0.0376
7	1.093	0.03804
7	0.8953	0.03792
7	1.438	0.03762
7	0.9564	0.03835
7	1.161	0.03801
7	1.732	0.03996
7	1.302	0.03917
7	0.9048	0.03855
7	0.8217	0.03825
7	1.239	0.03879
7	1.067	0.03827
7	1.052	0.03825
7	1.633	0.03858
7	1.553	0.03835
7	0.8428	0.03788
7	0.9118	0.03797
7	1.037	0.03842
7	0.8768	0.03759
7	0.5999	0.03912
7	0.7958	0.03914
7	0.9152	0.03839
7	0.9488	0.03966
7	1.398	0.03923
7	1.419	0.0381
7	0.7818	0.03869
7	0.7656	0.03805
7	1.219	0.038
7	1.125	0.03821
7	1.235	0.03869
7	1.071	0.03827
7	1.321	0.03935
7	1.241	0.03719
7	1.242	0.03823
7	1.58	0.03877
7	1.264	0.03845
7	1.064	0.03932
7	0.9965	0.03806
7	0.8388	0.03876
7	1.149	0.03895
7	1.371	0.03838
7	0.9989	0.03718
7	0.9184	0.03862
7	1.014	0.03896
7	1.117	0.0387
7	0.9838	0.0393
7	1.03	0.03823
7	0.7278	0.03781
7	0.8901	0.03916
7	1.145	0.03952
7	1.479	0.03846
7	1.671	0.03919
7	0.721	0.03885
7	0.9959	0.03847
7	0.9896	0.03886
7	1.129	0.03833
7	0.9418	0.03757
7	1.457	0.03845
7	0.678	0.03824
7	0.6585	0.03791
7	1.106	0.03794
7	0.9653	0.03904
7	1.022	0.03751
7	0.8671	0.03793
7	0.8189	0.03738
7	1.169	0.03794
7	0.7322	0.03929
7	0.9012	0.03888
7	1.177	0.03845
7	1.011	0.03994
7	0.8188	0.03779
7	1.548	0.03814
7	0.9328	0.03899
7	1.021	0.03809
7	1.708	0.03852
7	1.261	0.03933
7	0.8426	0.03829
7	1.208	0.03893
7	1.003	0.03896
7	0.7438	0.0385
7	1.232	0.03831
7	0.8014	0.03748
7	1.056	0.03791
7	0.8106	0.03789
7	1.011	0.03854
7	1.311	0.03813
7	1.235	0.03893
7	0.7253	0.03801
7	0.952	0.03896
7	1.152	0.03865
7	1.266	0.03776
7	1.214	0.03833
7	1.154	0.03785
7	1.167	0.03914
7	0.9632	0.03805
7	1.082	0.03979
7	0.9169	0.03909
7	0.8817	0.03852
7	0.8339	0.03838
7	1.061	0.03819
7	0.7102	0.03806
7	1.238	0.03785
7	1.28	0.03789
7	0.9312	0.03772
7	1.017	0.03877
7	0.8715	0.03915
7	1.063	0.03878
7	1.033	0.03871
7	1.107	0.03739
7	0.7564	0.03783
7	0.7819	0.03807
7	0.8728	0.03849
7	0.8532	0.0385
7	1.156	0.03787
7	1.151	0.03763
7	1.089	0.03767
7	0.9072	0.03786
7	0.9648	0.03731
7	0.7363	0.0382
7	0.8482	0.03921
7	1.482	0.03784
7	1.014	0.03971
7	0.657	0.03808
7	0.8925	0.04053
7	1.044	0.03821
7	1.212	0.0392
7	1.028	0.03829
7	0.5672	0.0376
7	1.113	0.0381
7	1.651	0.03801
7	1.304	0.03866
7	1.181	0.03779
7	0.9558	0.03835
7	1.034	0.0376
7	0.8343	0.03863
7	0.735	0.03967
7	1.035	0.03808
7	1.042	0.03906
7	0.7822	0.03967
7	1.436	0.03803
7	1.27	0.03756
7	1.272	0.03853
7	1.151	0.03754
7	0.9094	0.03918
7	0.9895	0.03836
7	0.8256	0.03768
7	1.751	0.03883
7	0.8597	0.03891
7	0.7623	0.03836
7	0.9789	0.03849
7	0.8129	0.03941
7	0.9038	0.0383
7	1.304	0.0383
7	1.161	0.03812
7	1.899	0.03799
7	1.13	0.03818
7	1.246	0.03859
7	1.337	0.03813
7	0.915	0.0378
7	0.939	0.03897
7	1.225	0.03787
7	1.084	0.03877
7	1.583	0.03852
7	1.061	0.03811
7	1.468	0.03774
7	0.9856	0.03769
7	1.139	0.03875
7	0.7481	0.03934
7	1.179	0.03867
7	1.257	0.03983
7	1.087	0.03867
7	0.9428	0.03897
7	1.087	0.03901
7	1.282	0.03731
7	1.544	0.0381
7	0.8615	0.03906
7	1.231	0.03869
7	0.88	0.03883
7	0.8671	0.03854
7	0.8438	0.03916
7	1.082	0.03835
7	0.646	0.0383
7	0.8052	0.03913
7	1.225	0.03781
7	1.81	0.03819
7	0.9926	0.03876
7	0.9424	0.03832
7	1.453	0.03853
7	1.121	0.03994
7	1.09	0.03822
7	1.23	0.03742
7	1.678	0.03819
7	1.003	0.03877
7	1.409	0.03822
7	1.029	0.03889
7	1.004	0.03917
7	1.12	0.03778
7	1.675	0.0389
7	0.9889	0.03843
7	0.8847	0.0393
7	1.322	0.03791
7	1.04	0.03752
7	1.064	0.03793
7	0.6859	0.03811
7	1.488	0.03829
7	1.038	0.03893
7	1.261	0.03827
7	0.9563	0.03755
7	0.757	0.03858
7	1.199	0.03914
7	1.492	0.03856
7	1.345	0.03851
7	0.9026	0.0391
7	1.143	0.03932
7	1.019	0.03796
7	0.7034	0.03875
7	1.556	0.0386
7	1.222	0.03789
7	1.003	0.03846
7	0.8979	0.03807
7	1.015	0.03815
7	1.281	0.03845
7	0.9661	0.03763
7	0.6775	0.03844
7	1.042	0.03837
7	0.7909	0.03769
7	1.209	0.03876
7	1.263	0.03919
7	0.9806	0.03868
7	0.814	0.03834
7	1.03	0.03817
7	1.554	0.03747
7	0.8868	0.03875
7	1.167	0.03738
7	1.364	0.039
7	0.8549	0.03797
7	1.482	0.03898
7	0.8283	0.03831
7	1.144	0.03866
7	1.156	0.03893
7	0.9555	0.03868
7	0.9823	0.03806
7	1.139	0.03882
7	0.8543	0.03817
7	1.036	0.03801
7	1.284	0.03861
7	0.9283	0.03866
7	2.12	0.0385
7	1.136	0.03816
7	1.422	0.03834
7	1.069	0.03849
7	1.46	0.03798
7	0.9358	0.03803
7	0.8529	0.03883
7	1.005	0.03823
7	0.8449	0.03827
7	1.602	0.03798
7	1.306	0.03917
7	1.387	0.03737
7	0.8271	0.0375
7	1.248	0.03858
7	0.7879	0.03811
7	0.9699	0.03903
7	0.9987	0.03898
7	0.9551	0.03786
7	1.802	0.03882
7	0.9323	0.03811
7	1.241	0.03733
7	1.434	0.03854
7	0.9798	0.03847
7	1.21	0.03775
7	1.251	0.03792
7	0.7361	0.03851
7	0.5802	0.0379
7	1.805	0.0383
7	0.7472	0.03741
7	0.9515	0.03816
7	1.294	0.03806
7	1.27	0.03875
7	1.187	0.03852
7	1.135	0.03809
7	1.097	0.03777
7	1.233	0.03879
7	1.521	0.03841
7	1.16	0.0389
7	1.234	0.03711
7	1.069	0.03833
7	1.46	0.03787
7	0.7526	0.03849
7	1.227	0.0379
7	0.7349	0.03817
7	0.7848	0.03859
7	1.02	0.03904
7	1.521	0.03772
7	1.018	0.03826
7	1.557	0.03756
7	0.8948	0.03894
7	0.7273	0.03809
7	1.036	0.03879
7	0.9055	0.03825
7	1.021	0.03918
7	1.08	0.03869
7	1.119	0.03869
7	1.267	0.03776
7	1.305	0.03885
7	0.9284	0.03762
7	1.041	0.03835
7	0.5825	0.03878
7	0.7359	0.03723
7	1.291	0.03912
7	1.212	0.03806
7	0.8366	0.03908
7	1.128	0.03905
7	0.9192	0.03789
7	0.714	0.03843
7	0.9551	0.03961
7	1.213	0.03818
7	1.046	0.03921
7	1.42	0.03758
7	0.9404	0.039
7	1.255	0.03794
7	1.287	0.03732
7	1.308	0.03851
7	1.197	0.03784
7	0.9907	0.03783
7	1.093	0.03854
7	0.9801	0.03792
7	1.598	0.03799
7	0.7669	0.03817
7	0.8816	0.03815
7	1.025	0.03766
7	1.253	0.0393
7	1.294	0.03745
7	1.125	0.03907
7	1.198	0.03842
7	1.837	0.03825
7	1.167	0.03932
7	1.504	0.03874
7	1.322	0.03781
7	1.251	0.03831
7	1.193	0.03812
7	1.303	0.03809
7	0.7831	0.03863
7	1.466	0.03821
7	1.156	0.03841
7	1.61	0.03881
7	1.258	0.0383
7	0.9672	0.03797
7	0.9862	0.03751
7	1.311	0.03901
7	1.149	0.03867
7	1.185	0.03712
7	1.693	0.03926
7	1.381	0.03877
7	1.376	0.0376
7	0.9603	0.03827
7	1.306	0.03786
7	0.9488	0.03829
7	1.307	0.03806
7	1.758	0.03799
7	1.297	0.03861
7	1.628	0.03875
7	0.9298	0.03848
7	0.9985	0.03993
7	0.9032	0.03868
7	0.9693	0.03861
7	0.9089	0.03815
7	0.8344	0.03857
7	0.8195	0.03878
7	1.527	0.03913
7	1.603	0.03832
7	1.081	0.03848
7	1.059	0.0384
7	1.042	0.03747
7	1.313	0.0379
7	0.8997	0.03859
7	1.113	0.03888
7	1.038	0.0389
7	1.063	0.03779
7	1.215	0.03928
7	1.516	0.03845
7	1.394	0.03866
7	1.01	0.03842
7	0.8325	0.03746
7	1.976	0.03815
7	1.584	0.03916
7	0.9066	0.03908
7	1.464	0.03848
7	0.8665	0.03813
7	1.404	0.03824
7	1.101	0.0377
7	1.167	0.0387
7	1.094	0.03851
7	1.126	0.03859
7	1.155	0.03827
7	0.7544	0.03887
7	1.557	0.03929
7	1.227	0.03817
7	1.179	0.03821
7	1.235	0.03818
7	1.604	0.0381
7	0.9742	0.03914
7	0.6707	0.03957
7	1.176	0.03868
7	0.8585	0.03803
7	0.9025	0.0382
7	0.8962	0.03782
7	0.8207	0.03863
7	1.468	0.03833
7	0.8566	0.03822
7	1.233	0.03918
7	1.02	0.03808
7	0.998	0.03778
7	0.7312	0.03786
7	1.191	0.03815
7	0.9014	0.03807
7	0.9303	0.03776
7	1.311	0.03857
7	0.6811	0.03757
7	1.344	0.03798
7	1.157	0.03786
7	1.166	0.03768
7	1.171	0.03744
7	1.324	0.03799
7	1.008	0.03794
7	0.8256	0.03738
7	1.335	0.0379
7	1	0.03859
7	1.257	0.03814
7	1.28	0.03858
7	0.7546	0.03937
7	1.418	0.03864
7	1.239	0.03848
7	0.9976	0.03752
7	1.011	0.03715
7	1.092	0.03775
7	1.387	0.03921
7	1.181	0.03786
7	1.469	0.03893
7	1.147	0.03833
7	1.217	0.03812
7	0.9796	0.03851
7	0.6289	0.03755
7	0.9732	0.03872
7	0.9923	0.03898
7	1.318	0.03746
7	1.041	0.03799
7	1.17	0.0381
7	1.053	0.03901
7	1.392	0.03764
7	1.175	0.03844
7	1.021	0.0377
7	1.172	0.03832
7	1.288	0.03855
7	0.9891	0.03821
7	0.7765	0.03819
7	0.7274	0.03862
7	1.218	0.0389
7	1.077	0.03849
7	1.029	0.03853
7	1.526	0.03876
7	1.623	0.03828
7	1.121	0.039
7	1.484	0.03884
7	1.123	0.0377
7	2.051	0.03631
7	1.127	0.03815
7	1.266	0.03796
7	1.234	0.03849
7	1.144	0.03798
7	1.168	0.03905
7	1.312	0.038
7	1.178	0.03878
7	1.252	0.03872
7	0.932	0.0387
7	0.9492	0.03867
7	1.393	0.03843
7	1.267	0.039
7	1.004	0.0382
7	0.7784	0.03827
7	1.055	0.03912
7	1.226	0.03796
7	1.002	0.03875
7	1.595	0.0384
7	0.8406	0.03961
7	0.9733	0.03867
7	1.086	0.03771
7	1.098	0.03836
7	1.107	0.03866
7	0.9879	0.03835
7	1.383	0.03947
7	0.9953	0.03811
7	1.571	0.03879
7	1.209	0.03846
7	1.425	0.03746
7	0.7151	0.03821
7	1.128	0.03699
7	0.7954	0.03973
7	0.8342	0.03743
7	0.9853	0.03881
7	1.119	0.03966
7	1.073	0.03794
7	1.385	0.0379
7	1.196	0.03735
7	1.038	0.03822
7	0.8526	0.03909
7	1.122	0.03766
7	1.199	0.03899
7	1.355	0.0383
7	1.232	0.03782
7	0.9902	0.03901
7	0.8035	0.03746
7	1.243	0.03798
7	1.085	0.03861
7	1.288	0.03902
7	1.46	0.03772
7	1.027	0.03954
7	1.256	0.03797
7	1.242	0.03991
7	1.03	0.03836
7	0.9049	0.03856
7	0.8337	0.03809
7	0.6076	0.0381
7	0.8598	0.03909
7	1.654	0.03915
7	0.9971	0.03767
7	1.134	0.0383
7	0.9991	0.03807
7	0.787	0.03989
7	0.9927	0.03841
7	1.141	0.03762
7	0.4861	0.03812
7	1.216	0.03884
7	1.462	0.03856
7	1.23	0.03874
7	1.073	0.03873
7	1.152	0.03796
7	0.8954	0.03851
7	1.145	0.03747
7	0.9674	0.03868
7	1.59	0.03757
7	1.152	0.03901
7	0.9499	0.03774
7	0.6829	0.03868
7	1.392	0.03916
7	0.8865	0.03831
7	0.8678	0.03759
7	0.9011	0.0379
7	1.041	0.03886
7	0.8284	0.03821
7	1.105	0.03944
7	1.029	0.03857
7	1.184	0.03849
7	0.9243	0.03828
7	1.027	0.03822
7	1.14	0.03826
7	0.9753	0.03778
7	1.055	0.03827
7	1.089	0.03791
7	0.9693	0.03834
7	0.9439	0.03819
7	1.365	0.03807
7	0.8978	0.03771
7	1.208	0.03902
7	0.7755	0.03828
7	1.516	0.03849
7	0.7923	0.03869
7	1.044	0.0388
7	1.005	0.03911
7	0.9981	0.03844
7	0.9058	0.03761
7	1.09	0.03719
7	1.229	0.03849
7	1.813	0.03875
7	1.655	0.03892
7	1.06	0.03847
7	0.8283	0.03935
7	1.308	0.03849
7	1.079	0.03817
7	0.7589	0.03822
7	1.463	0.0382
7	0.8236	0.03873
7	0.861	0.03739
7	1.432	0.03832
7	1.211	0.03839
7	1.647	0.0381
7	0.9829	0.03853
7	1.196	0.03848
7	1.193	0.03813
7	0.9848	0.03927
7	1.126	0.03762
7	0.7879	0.03913
7	1.178	0.03939
7	1.342	0.03824
7	1.166	0.03858
7	1.49	0.03777
7	0.7759	0.03853
7	0.9004	0.03794
7	1.341	0.03813
7	1.006	0.03819
7	1.179	0.03846
7	1.544	0.03808
7	1.154	0.03867
7	0.8114	0.03777
7	1.066	0.03874
7	1.176	0.03895
7	0.9063	0.03831
7	1.074	0.0385
7	1.029	0.03855
7	0.81	0.0393
7	1.126	0.03784
7	1.436	0.03802
7	0.9989	0.03779
7	1.173	0.03857
7	1.061	0.03791
7	1.552	0.03868
7	1.435	0.03778
7	1.126	0.03816
7	0.826	0.03779
7	1	0.03864
7	1.133	0.03821
7	1.026	0.03867
7	0.7347	0.03867
7	1.372	0.03789
7	1.45	0.03892
7	1.158	0.03845
7	1.137	0.03925
7	0.9995	0.03829
7	0.9964	0.03849
7	1.167	0.03806
7	1.654	0.03727
7	1.271	0.03775
7	1.079	0.03768
7	0.914	0.03877
7	1.424	0.0372
7	0.9235	0.03802
7	0.9915	0.03892
7	0.827	0.03821
7	0.9209	0.0381
7	1.29	0.03778
7	0.8205	0.03877
7	1.13	0.03794
7	0.8353	0.03917
7	1.263	0.03905
7	1.119	0.03803
7	1.261	0.03775
7	1.097	0.03727
7	1.576	0.03865
7	1.109	0.03747
7	0.9352	0.03821
7	1.738	0.03821
7	1.44	0.03837
7	1.019	0.03812
7	1.279	0.03861
7	0.7561	0.03788
7	1.354	0.03914
7	1.426	0.03879
7	0.9946	0.03752
7	0.8355	0.0382
7	1.459	0.03955
7	0.9409	0.03857
7	1.326	0.03921
7	1.4	0.03814
7	1.099	0.03872
7	1.87	0.03819
7	1.5	0.03718
7	1.207	0.03765
7	1.599	0.0384
7	1.096	0.03756
7	1.195	0.03802
7	0.9913	0.03907
7	1.252	0.0392
7	0.8317	0.03863
7	0.9191	0.03922
7	0.9102	0.03846
7	1.099	0.03889
7	1.125	0.03747
7	0.7787	0.03761
7	1.418	0.03867
7	1.066	0.03821
7	1.003	0.03829
7	0.995	0.03781
7	0.9458	0.03801
7	1.297	0.03779
7	0.7638	0.03756
7	1.508	0.03891
7	1.11	0.03844
7	1.334	0.03806
7	1.185	0.03705
7	0.9105	0.03751
7	1.251	0.03799
7	1.349	0.03897
7	1.497	0.03713
7	1.741	0.03762
7	0.813	0.03838
7	1.501	0.03859
7	0.9765	0.03888
7	1.32	0.03896
7	0.9152	0.03905
7	1.015	0.03913
7	1.458	0.03855
7	0.844	0.03863
7	0.79	0.03697
7	0.9638	0.03767
7	1.48	0.03874
7	1.149	0.03899
7	1.036	0.03778
7	1.411	0.03899
7	1.038	0.03811
7	0.8483	0.03783
7	0.7932	0.03948
7	1.502	0.03867
7	0.9561	0.03767
7	0.951	0.03854
7	0.9238	0.03896
7	1.17	0.03827
7	1.39	0.03793
7	1.12	0.03777
7	0.7776	0.0392
7	0.9493	0.03871
7	0.9117	0.03811
7	0.6917	0.0379
7	1.068	0.03789
7	0.6591	0.03773
7	1.086	0.03921
7	1.11	0.03857
7	1.762	0.03862
7	1.088	0.03723
7	0.846	0.03767
7	0.8659	0.03932
7	1.048	0.03713
7	1.691	0.03839
7	1.071	0.0385
7	1.507	0.03934
7	1.338	0.03822
7	0.6783	0.03788
7	1.028	0.0379
7	0.9733	0.03832
7	1.918	0.03801
7	0.8728	0.03783
7	1.149	0.03768
7	1.391	0.03798
7	0.9543	0.03836
7	0.7894	0.03788
7	1.693	0.03776
7	1.726	0.03831
7	0.8483	0.03929
7	0.8768	0.03782
7	1.066	0.03756
7	0.5342	0.03752
7	0.9677	0.03868
7	1.616	0.03812
7	0.876	0.0371
7	1.612	0.03841
7	1.166	0.03844
7	1.214	0.03877
7	1.273	0.03885
7	0.9432	0.03817
7	1.329	0.03857
7	1.347	0.03714
7	0.8103	0.03873
7	1.098	0.03858
7	1.216	0.03815
7	1.057	0.03881
7	1.222	0.03888
7	1.04	0.03833
7	0.8535	0.03879
7	0.9059	0.03878
7	1.603	0.03791
7	1.132	0.03762
7	0.912	0.03868
7	1.1	0.03908
7	1.505	0.03796
7	1.038	0.03751
7	0.8378	0.03824
7	1.568	0.03813
7	1.034	0.03836
7	0.9271	0.03826
7	1.108	0.03808
7	0.9995	0.03897
7	1.256	0.03752
7	1.005	0.0389
7	1.221	0.03763
7	1.265	0.0376
7	1.002	0.03836
7	1.169	0.03855
7	1.003	0.03711
7	1.216	0.03798
7	0.5555	0.0376
7	1.441	0.03795
7	0.9941	0.03846
7	0.8919	0.03937
7	0.9757	0.03778
7	1.035	0.03846
7	1.141	0.03844
7	0.8951	0.03848
7	1.016	0.0388
7	0.9263	0.03838
7	1.089	0.03817
7	1.042	0.03909
7	1.158	0.038
7	1.151	0.03883
7	0.9942	0.03955
7	1.017	0.03841
7	1.355	0.03801
7	0.9667	0.03741
7	1.855	0.03856
7	0.8151	0.03882
7	0.9733	0.03883
7	0.9783	0.03853
7	1.406	0.03855
7	1.366	0.03866
7	0.8986	0.04004
7	0.9291	0.03918
7	0.9115	0.03788
7	1.471	0.03717
7	0.7813	0.03921
7	1.61	0.03897
7	1.221	0.03878
7	0.9109	0.03881
7	1.167	0.03877
7	1.805	0.03885
7	0.8274	0.03812
7	0.9036	0.03883
7	1.653	0.03812
7	1.051	0.03812
7	0.9412	0.03859
7	0.8849	0.03905
7	1.039	0.03775
7	0.9063	0.03805
7	0.9998	0.03896
7	1.295	0.03864
7	1.114	0.03956
7	1.373	0.03814
7	0.8702	0.03715
7	1.3	0.03787
7	1.388	0.03839
7	0.9586	0.03773
7	0.8686	0.03822
7	1.321	0.03803
7	1.38	0.03903
7	1.346	0.03797
7	1.594	0.03828
7	0.9492	0.03746
7	1.169	0.03783
7	0.8984	0.03835
7	0.8273	0.03828
7	1.215	0.03827
7	1.389	0.03897
7	0.8451	0.03805
7	1.582	0.03969
7	1.323	0.03802
7	1.161	0.03927
7	0.6791	0.03972
7	1.144	0.03831
7	1.489	0.03809
7	1.828	0.03721
7	1.154	0.03858
7	0.8118	0.0389
7	0.9668	0.03771
7	1.005	0.03837
7	0.8466	0.03835
7	1.588	0.03885
7	1.591	0.0396
7	0.8598	0.03874
7	0.8459	0.03809
7	0.8484	0.03959
7	1.008	0.03816
7	0.9397	0.03839
7	1.519	0.03858
7	0.9289	0.03726
7	1.04	0.03836
7	1.271	0.03775
7	1.09	0.03861
7	1.245	0.03872
7	0.7142	0.03811
7	1.104	0.03843
7	0.9419	0.03841
7	1.482	0.03827
7	1.078	0.0383
7	1.396	0.0377
7	0.9845	0.03856
7	0.8862	0.03883
7	1.105	0.03836
7	1.117	0.03885
7	0.7909	0.04043
7	1.584	0.03859
7	1.068	0.0385
7	0.9197	0.03821
7	0.9939	0.03772
7	1.044	0.03841
7	1.536	0.03956
7	2.22	0.03839
7	0.9841	0.03769
7	1.341	0.03837
7	0.9473	0.03774
7	1.014	0.03958
7	0.7025	0.03835
7	0.9233	0.03716
7	1.344	0.03767
7	1.328	0.03783
7	0.9866	0.03793
7	1.009	0.03796
7	1.116	0.03734
7	0.8278	0.03766
7	1.281	0.03841
7	1.216	0.03946
7	0.8863	0.03783
7	1.105	0.03846
7	1.081	0.038
7	1.069	0.0378
7	0.9503	0.03863
7	1.672	0.03747
7	0.9792	0.03776
7	1.596	0.03922
7	1.175	0.03852
7	1.142	0.03823
7	0.9442	0.03918
7	1.432	0.03862
7	0.8201	0.03822
7	1.218	0.03873
7	1.402	0.03822
7	0.9243	0.03816
7	0.8216	0.03719
7	1.198	0.03837
7	1.058	0.03921
7	0.7958	0.03793
7	1.039	0.03867
7	1.105	0.03816
7	1.426	0.03788
7	1.152	0.03876
7	1.349	0.03901
7	0.8129	0.03856
7	1.314	0.03827
7	1.491	0.03891
7	1.425	0.03812
7	0.9213	0.03784
7	1.186	0.03963
7	1.332	0.03833
7	1.003	0.03887
7	1.074	0.03915
7	0.933	0.03728
7	1.362	0.03787
7	1.416	0.03869
7	0.7969	0.03758
7	1.027	0.03723
7	1.264	0.03838
7	0.9707	0.03804
7	1.213	0.03856
7	1.611	0.0379
7	0.6711	0.03743
7	0.7787	0.03889
7	1.027	0.03837
7	1.09	0.03781
7	0.8242	0.03988
7	0.8331	0.0394
7	0.765	0.03821
7	0.8326	0.03843
7	1.306	0.03796
7	0.8528	0.03857
7	1.458	0.03944
7	1.092	0.03815
7	0.9759	0.03768
7	1.148	0.03728
7	0.8515	0.03835
7	0.9112	0.03849
7	1.072	0.03872
7	1.137	0.03783
7	1.081	0.03875
7	0.8285	0.03822
7	1.287	0.03816
7	1.083	0.03778
7	0.7242	0.03919
7	0.9052	0.03827
7	1.427	0.03841
7	0.9809	0.03707
7	1.068	0.03823
7	1.48	0.0383
7	1.223	0.03893
7	1.355	0.03791
7	0.941	0.0383
7	0.9087	0.03913
7	0.7944	0.03862
7	1.398	0.03816
7	1.272	0.03745
7	1.073	0.0389
7	1.637	0.03897
7	1.074	0.03868
7	1.037	0.03766
7	0.6931	0.03754
7	1.328	0.03776
7	1.174	0.03926
7	0.8539	0.03833
7	0.9115	0.03859
7	1.514	0.03773
7	0.8431	0.0392
7	1.101	0.03772
7	1.387	0.03799
7	1.34	0.03873
7	0.7677	0.03824
7	1.009	0.03861
7	1.119	0.03729
7	0.6644	0.03823
7	0.9949	0.03857
7	0.9469	0.0379
7	1.03	0.03914
7	1.532	0.03954
7	1.109	0.03849
7	0.6265	0.03893
7	1.059	0.03949
7	1.135	0.03856
7	0.8598	0.03918
7	1.273	0.03887
7	1.318	0.03978
7	1.359	0.03847
7	0.6561	0.03934
7	0.7621	0.03988
7	0.9569	0.03871
7	1.836	0.03862
7	1.112	0.03784
7	0.7919	0.03902
7	1.102	0.03862
7	1.035	0.0386
7	0.9752	0.03809
7	1.846	0.03832
7	1.445	0.0378
7	1.05	0.03882
7	1.783	0.03831
7	0.802	0.03777
7	0.732	0.03825
7	1.012	0.03858
7	0.8813	0.03941
7	1.477	0.03871
7	0.9854	0.03754
7	1.192	0.03797
7	0.9313	0.03765
7	1.036	0.03934
7	1.143	0.03742
7	0.6721	0.03874
7	0.8942	0.03787
7	1.292	0.03775
7	1.294	0.03914
7	0.9598	0.03942
7	0.9239	0.03755
7	1.91	0.03866
7	0.9422	0.03753
7	0.8606	0.03942
7	1.148	0.03836
7	0.979	0.03987
7	1.494	0.03786
7	0.6924	0.03812
7	1.152	0.03826
7	1.133	0.0388
7	0.962	0.03896
7	1.211	0.0372
7	1.422	0.03727
7	1.212	0.03832
7	1.295	0.03924
7	1.265	0.03855
7	0.9503	0.03923
7	0.8353	0.03766
7	0.9363	0.03812
7	0.8756	0.03883
7	1.114	0.03873
7	1.476	0.03878
7	0.8409	0.03907
7	1.41	0.03813
7	0.979	0.03829
7	1.221	0.03889
7	2.793	0.03977
7	0.9209	0.03913
7	1.199	0.03823
7	1.069	0.03818
7	0.8056	0.03836
7	0.9488	0.03834
7	0.853	0.03937
7	1.299	0.03782
7	1.105	0.03812
7	1.097	0.03827
7	0.8788	0.03764
7	1.015	0.0383
7	1.059	0.0389
7	1.007	0.03834
7	1.008	0.0374
7	1.267	0.03857
7	0.9383	0.0391
7	1.435	0.03879
7	1.618	0.03916
7	0.7283	0.03831
7	0.8501	0.03851
7	1.136	0.03772
7	1.103	0.03753
7	1.129	0.03814
7	1.204	0.03799
7	1.158	0.03933
7	1.215	0.03771
7	0.6863	0.03857
7	0.6764	0.0384
7	0.6266	0.03776
7	1.196	0.03883
7	0.9485	0.03953
7	1.098	0.03948
7	1.31	0.03874
7	1.592	0.03888
7	1.127	0.03821
7	1.288	0.03859
7	0.9934	0.03831
7	0.7457	0.03868
7	0.7298	0.03802
7	1.015	0.03891
7	1.131	0.03913
7	0.7709	0.03815
7	1.274	0.03849
7	0.7174	0.03775
7	1.682	0.03809
7	0.9116	0.03827
7	0.9048	0.0393
7	1.979	0.03821
7	1.027	0.03777
7	1.059	0.03778
7	0.8405	0.03937
7	0.7861	0.03793
7	1.393	0.03807
7	0.938	0.03841
7	0.9143	0.03827
7	1.061	0.03898
7	1.69	0.03872
7	1.356	0.03755
7	1.557	0.03842
7	1.2	0.03867
7	1.596	0.03871
7	1.489	0.03898
7	0.9855	0.03981
7	1.229	0.0378
7	0.9042	0.03853
7	0.7448	0.0377
7	0.879	0.03743
7	1.353	0.03751
7	1.853	0.0377
7	1.048	0.03912
7	1.39	0.03858
7	1.468	0.03816
7	1.387	0.03855
7	1.087	0.03922
7	1.348	0.03943
7	1.478	0.03828
7	1.315	0.03856
7	0.8355	0.03674
7	0.9511	0.03901
7	1.183	0.03859
7	0.8396	0.038
7	1.018	0.03774
7	0.8345	0.03787
7	1.392	0.03852
7	0.9428	0.03794
7	0.9978	0.03859
7	1.072	0.03811
7	1.476	0.03812
7	0.9706	0.03898
7	0.8374	0.0386
7	1.035	0.03838
7	1.369	0.03798
7	0.7958	0.03837
7	1.559	0.03857
7	1.807	0.03839
7	0.9848	0.03924
7	0.9627	0.03782
7	1.414	0.03854
7	0.8897	0.03868
7	0.9236	0.03773
7	0.9991	0.03746
7	1.018	0.03908
7	0.9697	0.03837
7	1.518	0.03853
7	0.8617	0.03883
7	1.121	0.03872
7	1.761	0.03901
7	0.8446	0.0386
7	0.8987	0.03838
7	1.656	0.03873
7	1.219	0.03844
7	1.193	0.03906
7	0.6596	0.03848
7	0.8263	0.03927
7	1.286	0.03733
7	1.122	0.03863
7	1.308	0.03846
7	1.331	0.03831
7	0.8157	0.03856
7	1.094	0.03714
7	1.338	0.03888
7	0.8549	0.03753
7	1.267	0.03742
7	0.8815	0.03853
7	1.434	0.03849
7	1.227	0.039
7	1.155	0.03939
7	1.143	0.03803
7	1.526	0.03787
7	1.097	0.03858
7	0.6026	0.03873
7	1.256	0.0383
7	1.267	0.03904
7	1.047	0.03826
7	0.8751	0.03776
7	0.9126	0.03981
7	0.8789	0.03701
7	1.4	0.03932
7	1.04	0.03882
7	0.956	0.03804
7	1.336	0.03772
7	0.8652	0.03906
7	0.7003	0.03908
7	1.057	0.03902
7	0.7815	0.0384
7	1.364	0.03767
7	1.021	0.03771
7	1.332	0.03884
7	0.5932	0.03777
7	1.177	0.03813
7	1.088	0.03864
7	1.328	0.03951
7	0.7782	0.03771
7	0.669	0.03816
7	1.327	0.03844
7	0.7633	0.03803
7	1.484	0.0375
7	0.8343	0.03814
7	1.472	0.03901
7	1.307	0.03777
7	0.9859	0.0378
7	1.212	0.03897
7	1.136	0.03786
7	1.031	0.03795
7	1.03	0.038
7	1.249	0.03794
7	1.002	0.03779
7	1.17	0.03805
7	1.279	0.03941
7	0.7754	0.0381
7	0.8949	0.03843
7	1.167	0.03879
7	1.634	0.03903
7	1.38	0.03786
7	1.154	0.03861
7	1.225	0.03817
7	0.821	0.03806
7	0.8063	0.0383
7	1.091	0.0388
7	1.321	0.03839
7	1.632	0.03911
7	0.9492	0.03875
7	1.138	0.03933
7	1.091	0.038
7	1.647	0.03846
7	1.002	0.03872
7	0.8558	0.03838
7	1.055	0.038
7	1.094	0.039
7	0.8229	0.03857
7	1.589	0.0388
7	1.087	0.03961
7	1.039	0.03831
7	0.975	0.03749
7	1.349	0.0387
7	0.9099	0.03821
7	0.8742	0.03915
7	1.054	0.03812
7	1.345	0.03827
7	1.044	0.0389
7	0.6212	0.0369
7	2.076	0.03968
7	1.176	0.03814
7	0.8014	0.03837
7	1.245	0.03785
7	1.012	0.03732
7	1.048	0.03833
7	0.7108	0.03768
7	0.8444	0.03865
7	0.871	0.0373
7	0.9086	0.03808
7	1.316	0.03887
7	1.36	0.03866
7	1.293	0.03875
7	1.592	0.03813
7	0.9571	0.03769
7	1.033	0.03819
7	0.7144	0.03833
7	0.9413	0.03907
7	1.449	0.0387
7	1.039	0.03879
7	0.8131	0.03823
7	0.7974	0.03762
7	0.8178	0.03862
7	0.9675	0.03818
7	1.892	0.0384
7	1.139	0.03852
7	1.05	0.03859
7	1.368	0.03892
7	1.246	0.03849
7	0.7984	0.03793
7	1.726	0.03831
7	2.168	0.03879
7	1.014	0.03935
7	2.181	0.03839
7	0.9495	0.03788
7	1.136	0.03835
7	1.564	0.03867
7	1.121	0.0378
7	1.054	0.03832
7	1.209	0.03774
7	0.9147	0.03832
7	1.15	0.03829
7	1.223	0.03878
7	0.7013	0.03754
7	1.142	0.03814
7	0.7735	0.03719
7	0.9242	0.03976
7	1.246	0.03882
7	1.039	0.03795
7	0.921	0.03822
7	0.6669	0.03773
7	0.9246	0.038
7	1.355	0.03742
7	1.142	0.03713
7	1.298	0.03837
7	1.145	0.03797
7	0.9767	0.03826
7	1.397	0.03893
7	1.481	0.03848
7	1.085	0.03847
7	0.8359	0.03817
7	1.24	0.03848
7	1.438	0.03795
7	1.287	0.03831
7	0.6811	0.03777
7	1.145	0.03972
7	0.9758	0.03879
7	0.9432	0.03746
7	1.352	0.03857
7	0.8721	0.03877
7	0.8319	0.03791
7	1.039	0.039
7	0.773	0.0379
7	1.492	0.03788
7	0.931	0.03832
7	1.35	0.03826
7	0.793	0.03884
7	1.534	0.0388
7	1.201	0.03808
7	0.91	0.03781
7	1.041	0.03786
7	1.51	0.03829
7	1.4	0.03817
7	1.167	0.03743
7	1.049	0.03761
7	0.982	0.03831
7	0.8969	0.03698
7	1.362	0.03982
7	1.629	0.03764
7	1.068	0.03918
7	1.289	0.03785
7	1.479	0.03759
7	0.8589	0.03714
7	0.9982	0.03777
7	0.5274	0.03802
7	1.184	0.03918
7	1.329	0.03888
7	1.083	0.03841
7	1.41	0.03933
7	1.142	0.03913
7	1.012	0.03931
7	1.156	0.03915
7	0.9073	0.03837
7	1.474	0.03921
7	1.074	0.03903
7	1.074	0.03738
7	1.652	0.03954
7	0.6801	0.0384
7	1.038	0.03823
7	0.7732	0.03803
7	1.672	0.03965
7	1.033	0.03824
7	0.8653	0.03736
7	0.9058	0.03841
7	1.204	0.03792
7	0.9142	0.03825
7	0.8993	0.03799
7	1.204	0.03826
7	1.416	0.03797
7	1.242	0.03734
7	0.9894	0.03721
7	0.899	0.03767
7	1.422	0.03893
7	1.202	0.03943
7	0.91	0.03818
7	0.7911	0.03832
7	1.359	0.0388
7	1.163	0.03783
7	1.007	0.03867
7	1.048	0.03824
7	1.168	0.03835
7	1.05	0.03838
7	0.9913	0.03928
7	1.199	0.03837
7	0.9688	0.038
7	1.202	0.03799
7	1.156	0.03845
7	0.9371	0.03782
7	0.9556	0.03772
7	0.8773	0.03914
7	0.8544	0.03801
7	1.333	0.03737
7	1.2	0.0385
7	1.407	0.03785
7	1.511	0.0384
7	0.9341	0.03917
7	1.411	0.03816
7	1.096	0.03833
7	1.003	0.03776
7	0.7786	0.03957
7	1.014	0.03914
7	1.51	0.03867
7	0.787	0.03902
7	1.046	0.03819
7	0.9846	0.0381
7	0.7028	0.03853
7	1.15	0.03841
7	1.177	0.03853
7	1.056	0.03759
7	1.616	0.03947
7	1.008	0.03967
7	0.8965	0.0386
7	0.9956	0.03788
7	1.06	0.03864
7	1.514	0.03793
7	1.235	0.03846
7	0.7417	0.03883
7	1.288	0.03838
7	1.603	0.03819
7	1.48	0.03952
7	0.927	0.03787
7	0.6274	0.03842
7	1.178	0.0386
7	1.2	0.03841
7	1.64	0.03847
7	1.055	0.03859
7	1.022	0.03845
7	1.351	0.03803
7	0.9988	0.03763
7	1.32	0.03897
7	1.339	0.03756
7	1.242	0.03862
7	0.9465	0.03878
7	1.121	0.03841
7	1.356	0.03754
7	0.8517	0.03836
7	0.9881	0.03805
7	1.015	0.0373
7	0.9477	0.03975
7	1.519	0.0387
7	1.04	0.03916
7	0.6348	0.03878
7	1.283	0.03894
7	0.9103	0.03825
7	1.27	0.03819
7	1.506	0.03817
7	0.9308	0.03869
7	0.7646	0.03878
7	0.7311	0.03747
7	1.179	0.03815
7	1.06	0.03803
7	1.037	0.03856
7	0.6322	0.03895
7	1.187	0.0387
7	0.7421	0.03902
7	1.167	0.03783
7	1.137	0.03683
7	1.115	0.03835
7	1.193	0.03773
7	1.507	0.03938
7	1.196	0.03813
7	0.9739	0.03786
7	0.7616	0.03926
7	1.447	0.03886
7	1.384	0.03872
7	0.939	0.0388
7	1.405	0.0372
7	1.014	0.03798
7	1.043	0.03788
7	1.202	0.0376
7	0.8657	0.03821
7	1.147	0.03818
7	1.481	0.03863
7	0.8154	0.03849
7	1.014	0.03964
7	0.9797	0.03821
7	1.452	0.03721
7	1.83	0.03774
7	1.616	0.03853
7	0.9544	0.03834
7	0.6463	0.03783
7	0.9608	0.0391
7	0.6946	0.037
7	1.278	0.03858
7	0.9665	0.03739
7	1.172	0.03687
7	1.015	0.03794
7	1.079	0.03784
7	1.39	0.03838
7	1.058	0.03883
7	1.181	0.03848
7	1.282	0.03798
7	0.956	0.03829
7	1.048	0.03786
7	1.086	0.03846
7	1.025	0.03956
7	1.097	0.03737
7	1.226	0.03873
7	1.532	0.03763
7	1.991	0.0374
7	1.013	0.0389
7	0.9378	0.03796
7	0.8585	0.0379
7	0.8541	0.03878
7	1.834	0.03849
7	1.023	0.03945
7	1.111	0.03846
7	1.243	0.03908
7	1.255	0.0377
7	1.087	0.03851
7	1.097	0.0385
7	1.223	0.03843
7	0.9617	0.03791
7	0.8172	0.03838
7	1.012	0.03857
7	0.9019	0.03873
7	1.358	0.03847
7	1.039	0.03772
7	1.096	0.03853
7	1.591	0.03828
7	1.056	0.03792
7	1.409	0.03851
7	0.8963	0.03784
7	0.9192	0.03778
7	0.635	0.03745
7	1.399	0.03876
7	1.114	0.03827
7	0.5472	0.03744
7	1.532	0.03894
7	1.418	0.03813
7	1.949	0.0372
7	1.687	0.03856
7	1.167	0.03747
7	1.126	0.03852
7	0.8404	0.03811
7	0.844	0.03922
7	1.096	0.03816
7	1.56	0.03863
7	0.8693	0.039
7	1.139	0.03822
7	1.21	0.03968
7	1.062	0.03736
7	1.064	0.03877
7	1.121	0.03866
7	0.6507	0.03832
7	1.225	0.03843
7	0.9795	0.03779
7	1.65	0.03792
7	1.396	0.03776
7	1.473	0.03895
7	1.334	0.03764
7	1.118	0.03846
7	0.7535	0.03872
7	0.8417	0.03849
7	1.529	0.03855
7	0.9959	0.03817
7	0.9121	0.03866
7	1.204	0.03894
7	1.021	0.03821
7	1.243	0.0383
7	1.198	0.03827
7	0.9913	0.03832
