5	1.662	0.4867
5	0.7645	0.003684
5	0.8839	0.009945
5	1.169	0.1019
5	1.529	0.3885
5	1.43	0.2806
5	1.244	0.1405
5	1.289	0.1775
5	1.495	0.3416
5	1.01	0.04062
5	1.298	0.1796
5	1.261	0.1617
5	1.082	0.06887
5	0.9932	0.03737
5	0.8209	0.008704
5	0.8331	0.009178
5	0.9811	0.02747
5	0.817	0.006951
5	1.152	0.1005
5	1.111	0.08036
5	0.9707	0.02526
5	1.42	0.2789
5	1.788	0.6245
5	1.097	0.07262
5	1.204	0.1222
5	1.832	0.6751
5	1.058	0.05654
5	1.237	0.1432
5	1.213	0.1396
5	1.213	0.1363
5	1.208	0.1285
5	1.727	0.5763
5	1.077	0.06405
5	1.184	0.1097
5	1.611	0.4352
5	1.178	0.106
5	1.277	0.1796
5	0.7456	0.002651
5	1.254	0.1434
5	0.6819	0.001376
5	1.283	0.1771
5	0.8994	0.01678
5	0.9494	0.02559
5	1.138	0.09386
5	1.259	0.1591
5	1.032	0.05168
5	0.9054	0.01773
5	1.009	0.04453
5	1.029	0.05124
5	1.256	0.1544
5	0.7401	0.002359
5	1.013	0.03971
5	0.8647	0.009966
5	1.597	0.4293
5	0.8184	0.00582
5	0.977	0.032
5	1.356	0.2409
5	0.8725	0.01028
5	1.186	0.123
5	1.614	0.4452
5	1.234	0.1456
5	0.8181	0.004753
5	1.508	0.3581
5	0.967	0.03158
5	0.9816	0.03105
5	1.308	0.1914
5	0.9702	0.02852
5	0.8918	0.01547
5	0.9812	0.03309
5	1.067	0.06339
5	0.9346	0.02329
5	1.022	0.04763
5	0.9518	0.03199
5	0.8528	0.006876
5	0.9819	0.03254
5	1.29	0.1743
5	0.6008	0.0003748
5	0.9448	0.02766
5	1.246	0.1592
5	0.9054	0.01674
5	1.194	0.1165
5	1.032	0.05276
5	1.255	0.1499
5	1.339	0.2083
5	1.427	0.2832
5	0.7683	0.003987
5	0.8709	0.0102
5	1.434	0.2896
5	1.292	0.178
5	1.151	0.09612
5	1.019	0.04517
5	1.044	0.03806
5	1.087	0.0676
5	1.135	0.0894
5	1.076	0.06359
5	1.262	0.1655
5	1.149	0.08987
5	0.8666	0.009139
5	1.056	0.05545
5	1.943	0.8005
5	1.201	0.1218
5	0.9065	0.01734
5	0.7295	0.001586
5	1.213	0.1377
5	0.9462	0.02595
5	0.9942	0.03854
5	1.437	0.2879
5	0.9686	0.03428
5	1.266	0.1678
5	1.046	0.03687
5	1.077	0.06549
5	0.84	0.005203
5	0.6651	0.00025
5	0.9646	0.03071
5	1.433	0.2936
5	1.486	0.33
5	0.75	0.003154
5	0.9893	0.0296
5	1.304	0.1957
5	0.7982	0.007632
5	1.155	0.09768
5	0.7504	0.002181
5	0.9199	0.01868
5	1.202	0.1244
5	1.19	0.1173
5	1.733	0.5733
5	1.067	0.06202
5	1.295	0.1782
5	1.148	0.09867
5	0.9412	0.02636
5	1.004	0.04462
5	0.8448	0.00761
5	1.563	0.4012
5	1.067	0.06424
5	1.257	0.162
5	1.108	0.08396
5	1.036	0.05215
5	0.993	0.03959
5	0.8209	0.006542
5	1.01	0.0381
5	1.135	0.09826
5	1.039	0.04281
5	1.389	0.2571
5	1.023	0.04758
5	0.8378	0.006657
5	1.253	0.1755
5	1.215	0.1351
5	0.8578	0.009473
5	1.131	0.09924
5	1.231	0.1413
5	1.276	0.1731
5	1.263	0.1618
5	1.525	0.381
5	0.8452	0.00953
5	1.63	0.4682
5	1.236	0.1406
5	0.974	0.03925
5	0.9168	0.01784
5	0.9793	0.03215
5	1.115	0.07975
5	0.7717	0.003853
5	1.67	0.4974
5	1.034	0.04854
5	1.022	0.05229
5	1.87	0.7063
5	0.6849	0.0005009
5	1.115	0.08777
5	0.9493	0.02852
5	1.067	0.06424
5	1.187	0.1129
5	0.8905	0.01215
5	0.9309	0.02066
5	0.8784	0.008132
5	1.107	0.0812
5	1.244	0.1339
5	1.123	0.08677
5	1.324	0.2044
5	0.8002	0.005339
5	1.115	0.08196
5	1.149	0.1086
5	0.9612	0.0338
5	1.129	0.08515
5	1.027	0.05091
5	1.258	0.1577
5	0.9153	0.01793
5	1.549	0.3885
5	0.9583	0.03074
5	1.565	0.3938
5	1.141	0.09424
5	1.273	0.1716
5	0.8535	0.008576
5	1.091	0.07009
5	1.005	0.04518
5	0.8011	0.008389
5	1.025	0.05268
5	1.613	0.4519
5	0.9536	0.02905
5	0.8095	0.005403
5	1.263	0.1665
5	1.325	0.2058
5	1.614	0.4589
5	1.394	0.258
5	1.255	0.1503
5	1.445	0.2954
5	1.046	0.03703
5	1.147	0.09444
5	1.207	0.1312
5	0.8726	0.009008
5	0.833	0.007201
5	1.125	0.08493
5	1.032	0.05188
5	1.358	0.2425
5	0.8982	0.01732
5	0.9028	0.01686
5	1.036	0.05035
5	1.047	0.0533
5	0.9965	0.04429
5	0.9536	0.02805
5	1.238	0.1473
5	0.9692	0.03269
5	1.612	0.4405
5	1.213	0.1379
5	0.9921	0.03575
5	1.994	0.8506
5	1.067	0.06408
5	1.081	0.06656
5	1.152	0.1023
5	1.264	0.1698
5	1.437	0.2956
5	1.147	0.0984
5	1.465	0.3083
5	1.117	0.08474
5	1.108	0.07973
5	0.827	0.004972
5	1.324	0.2071
5	1.46	0.3069
5	1.251	0.1476
5	1.003	0.04709
5	1.313	0.1927
5	0.9222	0.01874
5	0.9664	0.02738
5	0.6936	0.0006755
5	0.8114	0.004179
5	0.9924	0.03749
5	0.8873	0.01488
5	1.015	0.04483
5	1.554	0.39
5	1.21	0.1396
5	0.9702	0.02786
5	1.102	0.0806
5	1.108	0.08211
5	1.584	0.4199
5	1.251	0.1505
5	1.399	0.256
5	1.131	0.09187
5	1.536	0.3524
5	1.093	0.07402
5	1.059	0.05798
5	1.265	0.1672
5	1.062	0.06065
5	0.7287	0.002312
5	1.164	0.1053
5	1.092	0.07202
5	0.9439	0.02553
5	1.215	0.1328
5	1.323	0.2053
5	1.271	0.1694
5	1.273	0.1772
5	1.303	0.201
5	1.118	0.0832
5	1.008	0.04051
5	0.8081	0.006456
5	1.014	0.04235
5	0.9729	0.0343
5	1.05	0.0555
5	0.8562	0.005952
5	1.108	0.07289
5	0.6626	8.978e-05
5	1.064	0.06035
5	1.572	0.4179
5	1.378	0.2459
5	0.6375	0
5	1.102	0.07672
5	0.8477	0.007073
5	1.098	0.07247
5	1.084	0.06791
5	1.878	0.7214
5	1.138	0.102
5	1.135	0.08223
5	1.284	0.1779
5	1.06	0.05831
5	1.152	0.0951
5	1.239	0.1431
5	0.952	0.03025
5	1.523	0.3786
5	1.136	0.09398
5	1.25	0.1526
5	1.074	0.06982
5	1.105	0.08328
5	1.003	0.03582
5	1.152	0.1106
5	1.018	0.04558
5	1.173	0.0966
5	0.9272	0.02003
5	0.9212	0.01981
5	0.8277	0.006017
5	1.408	0.2593
5	0.9714	0.03338
5	1.277	0.1751
5	1.009	0.04332
5	1.149	0.1059
5	0.7116	0.001548
5	1.883	0.7144
5	1.383	0.2474
5	1.53	0.3887
5	0.8733	0.006876
5	1.115	0.08115
5	0.9602	0.03216
5	1.042	0.04192
5	1.18	0.1123
5	0.9261	0.0197
5	1.072	0.06858
5	1.122	0.08493
5	1.175	0.1135
5	1.303	0.1869
5	1.363	0.2389
5	0.9577	0.03138
5	1.061	0.05926
5	0.9432	0.02723
5	1.234	0.1362
5	0.8431	0.007943
5	1.03	0.05566
5	0.9973	0.03481
5	1.27	0.1733
5	0.6114	0.0004709
5	1.177	0.09655
5	0.9233	0.01929
5	0.8028	0.007896
5	1.257	0.1424
5	0.9683	0.03413
5	1.075	0.0643
5	1.121	0.08815
5	0.8852	0.01506
5	1.093	0.0713
5	1.009	0.0387
5	0.8124	0.00554
5	1.12	0.08237
5	0.9472	0.02491
5	0.8469	0.009926
5	1.294	0.1826
5	0.8752	0.01264
5	1.085	0.0682
5	1.033	0.05254
5	1.513	0.363
5	1.05	0.05353
5	0.9523	0.02866
5	1.081	0.06844
5	0.9323	0.02389
5	1.285	0.1763
5	1.464	0.3096
5	0.9838	0.02661
5	1.05	0.05395
5	1.083	0.06885
5	1.018	0.05296
5	1.188	0.1155
5	1.04	0.04503
5	0.633	0
5	0.9179	0.01804
5	1.76	0.6033
5	1.027	0.04463
5	1.542	0.371
5	1.169	0.09354
5	1.123	0.09553
5	0.9892	0.02567
5	1.187	0.1071
5	0.79	0.008518
5	1.357	0.2313
5	0.9701	0.03141
5	0.7593	0.003319
5	1.158	0.1079
5	1.005	0.03831
5	1.171	0.08188
5	1.028	0.05141
5	0.8036	0.007872
5	1.109	0.07847
5	1.239	0.1465
5	0.9606	0.03589
5	1.288	0.1827
5	1.344	0.2166
5	0.8891	0.01311
5	1.014	0.04649
5	0.6559	0.0002932
5	1.453	0.2992
5	1.674	0.5062
5	1.139	0.08635
5	0.9298	0.02063
5	1.02	0.04627
5	1.59	0.4197
5	1.075	0.07159
5	0.9618	0.032
5	1.028	0.04978
5	1.154	0.09845
5	0.8782	0.0109
5	1.422	0.2761
5	1.443	0.2926
5	1.212	0.1335
5	0.8843	0.01134
5	1.296	0.1787
5	0.7664	0.003184
5	1.051	0.05401
5	1.763	0.5968
5	1.272	0.1749
5	0.9521	0.03062
5	1.153	0.09484
5	1.024	0.05208
5	1.436	0.2864
5	2.266	1.16
5	0.8212	0.004469
5	0.8742	0.007624
5	1.043	0.04296
5	1.148	0.08889
5	0.9439	0.02736
5	1.402	0.2589
5	1.138	0.1025
5	1.941	0.7883
5	1.421	0.2774
5	0.9592	0.03183
5	1.324	0.2004
5	0.7919	0.006827
5	1.285	0.1772
5	1.161	0.1042
5	0.9731	0.02259
5	0.9187	0.01707
5	1.285	0.1761
5	1.345	0.2163
5	1.019	0.04811
5	1.184	0.1178
5	1.599	0.4223
5	1.146	0.09119
5	0.8477	0.008279
5	1.084	0.06867
5	0.9917	0.04605
5	1.338	0.2153
5	1.295	0.18
5	0.9815	0.03017
5	0.9355	0.02162
5	0.9937	0.03551
5	1.353	0.2153
5	1.185	0.1089
5	1.497	0.3451
5	1.374	0.2404
5	0.7472	0.003084
5	1.302	0.1894
5	0.9426	0.02458
5	1.06	0.05777
5	0.7863	0.004474
5	1.147	0.09256
5	1.089	0.06719
5	1.05	0.05332
5	0.9977	0.03977
5	1.457	0.3029
5	0.8785	0.008521
5	1.108	0.0746
5	1.106	0.0772
5	1.214	0.1298
5	1.137	0.09569
5	1.087	0.07076
5	0.9125	0.01849
5	0.9048	0.01676
5	0.8456	0.006726
5	1.265	0.1702
5	1.169	0.08746
5	1.029	0.04581
5	1.13	0.08317
5	0.9258	0.019
5	1.135	0.09193
5	0.8207	0.005131
5	1.499	0.3483
5	1.435	0.2883
5	0.984	0.03174
5	1.463	0.3069
5	1.14	0.09436
5	1.087	0.06918
5	1.287	0.1781
5	1.015	0.04313
5	1.15	0.08368
5	1.195	0.115
5	1.132	0.08852
5	0.9146	0.01869
5	0.8776	0.01038
5	1.307	0.1962
5	0.7062	0.000993
5	1.326	0.2165
5	1.321	0.2074
5	0.8526	0.01164
5	0.9115	0.01639
5	1.335	0.2107
5	1.106	0.0813
5	1.151	0.1099
5	0.8687	0.009506
5	1.518	0.3704
5	1.074	0.0719
5	1.553	0.391
5	1.023	0.04516
5	1.28	0.1738
5	1.188	0.1223
5	0.7869	0.004877
5	1.241	0.1469
5	1.097	0.07112
5	0.9553	0.03472
5	1.122	0.08402
5	1.302	0.1814
5	0.9404	0.02457
5	1.295	0.184
5	0.8075	0.003267
5	1.398	0.2637
5	0.9592	0.03241
5	0.9522	0.02702
5	0.7865	0.004315
5	0.9129	0.01785
5	1.112	0.07805
5	1.764	0.6027
5	1.179	0.1075
5	1.084	0.06641
5	1.499	0.3523
5	1.405	0.2626
5	1.082	0.0685
5	1.737	0.5827
5	0.9116	0.01783
5	1.289	0.1747
5	1.12	0.07884
5	0.654	0.000126
5	0.9162	0.01793
5	1.008	0.04166
5	1.508	0.3593
5	1.429	0.2826
5	1.164	0.09768
5	0.7878	0.004771
5	0.842	0.006277
5	1.056	0.05641
5	1.095	0.07198
5	1.347	0.2081
5	0.8536	0.008282
5	1.257	0.1462
5	1.339	0.2161
5	0.9742	0.03452
5	1.001	0.03814
5	0.7383	0.002255
5	1.054	0.05508
5	0.9527	0.02657
5	0.9791	0.03166
5	0.8804	0.01047
5	1.501	0.3499
5	1.029	0.05087
5	1.108	0.08061
5	0.8487	0.007766
5	1.086	0.07133
5	1.17	0.09945
5	1.362	0.2415
5	1.625	0.4365
5	0.8045	0.00584
5	0.9116	0.01831
5	1.393	0.2578
5	2.134	1.017
5	1.385	0.2535
5	0.9232	0.01897
5	1.031	0.05083
5	0.8515	0.008455
5	0.9688	0.02307
5	1.348	0.2238
5	0.8456	0.006933
5	1.371	0.2496
5	0.9684	0.02847
5	1.252	0.149
5	1.292	0.1826
5	1.194	0.1129
5	0.9719	0.035
5	1.618	0.4498
5	1.097	0.0744
5	0.8866	0.01236
5	1.044	0.04733
5	1.135	0.09466
5	1.1	0.07403
5	1.14	0.1031
5	1.621	0.4663
5	0.8895	0.01143
5	0.8287	0.004972
5	1.007	0.04393
5	0.9989	0.03994
5	0.7577	0.003149
5	1.165	0.1021
5	0.8855	0.0124
5	1.079	0.0651
5	0.8584	0.006669
5	1.149	0.09196
5	0.9972	0.04278
5	1.407	0.267
5	1.202	0.1211
5	1.021	0.0478
5	1.338	0.2178
5	1.268	0.1745
5	1.291	0.1815
5	0.9988	0.04005
5	1.046	0.0341
5	1.06	0.0582
5	0.9112	0.01707
5	1.042	0.04412
5	0.93	0.02434
5	0.8982	0.01679
5	1.019	0.04228
5	1.264	0.1682
5	1.493	0.3415
5	1.68	0.5025
5	0.9744	0.03007
5	0.7611	0.003628
5	1.189	0.1144
5	0.9847	0.03317
5	1.144	0.08565
5	1.208	0.1304
5	0.902	0.01575
5	1.219	0.1377
5	1.353	0.2158
5	1.075	0.07211
5	1.481	0.3338
5	1.348	0.2141
5	1.648	0.4844
5	1.171	0.1048
5	1.512	0.3618
5	0.9754	0.02463
5	1.199	0.1256
5	1.365	0.2408
5	1.206	0.1284
5	1.087	0.07161
5	1.285	0.1737
5	1.313	0.1983
5	0.9396	0.02866
5	0.7802	0.003887
5	0.8937	0.01539
5	1.057	0.05613
5	1.052	0.05475
5	1.596	0.4341
5	0.8813	0.01103
5	0.8873	0.01101
5	1.101	0.07617
5	1.371	0.2409
5	0.9369	0.02644
5	0.9606	0.03274
5	1.516	0.3694
5	0.9298	0.01944
5	1.929	0.7657
5	1.098	0.07584
5	1.406	0.2644
5	1.044	0.03969
5	1.228	0.1462
5	1.169	0.09567
5	1.012	0.03841
5	1.305	0.1976
5	1.245	0.1411
5	0.7931	0.007052
5	1.243	0.1427
5	0.7939	0.00241
5	1.175	0.09861
5	1.066	0.06253
5	1.039	0.04499
5	1.269	0.1727
5	1.148	0.09244
5	1.203	0.1268
5	1.293	0.1838
5	1.183	0.1067
5	0.9132	0.01763
5	1.158	0.09515
5	0.9925	0.03734
5	0.9988	0.04619
5	1.316	0.2081
5	1.062	0.05911
5	1.203	0.1347
5	1.32	0.2035
5	1.536	0.3615
5	0.9555	0.03119
5	0.7565	0.003259
5	1.008	0.03963
5	0.8663	0.01104
5	1.082	0.06707
5	1.091	0.07309
5	1.114	0.08336
5	0.761	0.002934
5	0.6706	0.0008249
5	1.341	0.2211
5	1.222	0.135
5	1.021	0.04732
5	0.9469	0.02811
5	0.9859	0.02415
5	1.241	0.1439
5	1.112	0.07888
5	1.064	0.06044
5	0.9629	0.02847
5	1.554	0.3905
5	0.8917	0.01405
5	0.9607	0.03249
5	0.8975	0.01604
5	1.147	0.1088
5	1.171	0.09858
5	1.116	0.07642
5	1.255	0.1564
5	1.357	0.2422
5	1.548	0.3568
5	1.194	0.1164
5	0.9769	0.02539
5	0.9232	0.01914
5	1.028	0.04793
5	0.9529	0.02913
5	0.9785	0.03063
5	1.283	0.1761
5	1.319	0.2052
5	1.28	0.1792
5	1.374	0.2451
5	1.17	0.1115
5	0.6278	0.0008054
5	0.9413	0.0256
5	1.297	0.1832
5	1.029	0.05206
5	0.9683	0.0295
5	1.131	0.09255
5	0.9855	0.03382
5	1.191	0.11
5	0.7611	0.002866
5	1.041	0.04914
5	0.8024	0.007833
5	1.184	0.1171
5	0.8558	0.006372
5	1.257	0.1499
5	1.578	0.4209
5	0.9633	0.03115
5	1.28	0.1743
5	1.134	0.08915
5	0.8421	0.007047
5	1.48	0.3216
5	0.887	0.01365
5	1.137	0.09844
5	1.576	0.4111
5	1.199	0.1212
5	1.24	0.1515
5	0.9038	0.01659
5	1.156	0.09803
5	1.156	0.107
5	1.467	0.3126
5	0.7312	0.001788
5	1.329	0.2127
5	1.074	0.06959
5	1.414	0.2632
5	1.01	0.04193
5	1.091	0.07289
5	1.174	0.1128
5	0.8844	0.01337
5	1.575	0.4142
5	0.8093	0.004468
5	1.179	0.1054
5	1.268	0.17
5	0.7575	0.003043
5	0.8658	0.007703
5	1.203	0.1302
5	0.8947	0.01691
5	1.026	0.04904
5	1.103	0.07325
5	1.112	0.08227
5	1.336	0.2175
5	1.031	0.05055
5	1.24	0.1555
5	1.223	0.1373
5	1.139	0.08763
5	1.171	0.09576
5	1.261	0.1696
5	0.8578	0.006456
5	1.552	0.3809
5	1.238	0.1334
5	0.8374	0.007492
5	1.025	0.04828
5	0.9678	0.03321
5	1.153	0.1028
5	1.491	0.3387
5	0.9997	0.04513
5	1.332	0.2124
5	0.6022	0.0007358
5	1.023	0.0498
5	1.032	0.04953
5	1.028	0.04724
5	1.14	0.1137
5	0.9806	0.02572
5	0.6617	0.0005763
5	1.169	0.09407
5	0.9923	0.04248
5	1.114	0.07926
5	1.325	0.2049
5	0.5834	0.0009396
5	1.724	0.5475
5	1.331	0.2035
5	1.35	0.2154
5	0.918	0.0184
5	1.153	0.09872
5	0.9139	0.01787
5	1.041	0.04356
5	1.175	0.1052
5	1.032	0.04495
5	1.065	0.06038
5	1.178	0.1019
5	1.134	0.09599
5	1.005	0.04307
5	1.099	0.07148
5	1.337	0.2118
5	1.008	0.03658
5	1.025	0.04638
5	0.9787	0.03179
5	1.411	0.2634
5	1.076	0.06744
5	1.406	0.2689
5	1.301	0.1798
5	0.9098	0.0176
5	2.09	0.9746
5	1.221	0.1429
5	1.701	0.5285
5	0.9482	0.02985
5	0.8991	0.0178
5	0.9664	0.02973
5	0.9193	0.0185
5	1.204	0.1306
5	1.102	0.07583
5	0.9697	0.02429
5	0.9427	0.02428
5	1.545	0.3771
5	1.3	0.1847
5	0.9402	0.02568
5	0.7801	0.00447
5	1.121	0.08471
5	1.209	0.1305
5	0.9767	0.02854
5	0.6795	0.000706
5	1.079	0.06514
5	0.7694	0.003843
5	1.248	0.1498
5	0.5836	0.0007794
5	0.9132	0.01718
5	1.089	0.07554
5	1.385	0.2553
5	1.092	0.07185
5	1.314	0.2023
5	0.8433	0.007204
5	0.7505	0.002315
5	0.9208	0.019
5	0.9653	0.02434
5	1.573	0.4018
5	1.317	0.2039
5	0.9413	0.02503
5	1.075	0.06253
5	1.226	0.1371
5	0.9461	0.02759
5	0.7664	0.003486
5	1.294	0.177
5	1.551	0.3839
5	1.04	0.04777
5	0.8258	0.006404
5	0.7208	0.001683
5	0.8641	0.008365
5	1.133	0.08508
5	1.016	0.03784
5	1.395	0.257
5	1.317	0.1961
5	0.7859	0.004598
5	1.046	0.04185
5	0.7878	0.004747
5	0.6853	0.0008474
5	0.7199	0.001324
5	1.199	0.1207
5	1.314	0.203
5	1.291	0.181
5	1.038	0.05097
5	0.7932	0.007199
5	1.114	0.07409
5	1.13	0.08379
5	1.683	0.5174
5	0.9239	0.01984
5	1.241	0.1495
5	1.257	0.1599
5	1.02	0.05024
5	1.429	0.2846
5	1.139	0.1091
5	0.7464	0.002329
5	0.9048	0.01712
5	0.9754	0.02725
5	1.922	0.7585
5	0.8286	0.004738
5	1.032	0.04938
5	1.081	0.06513
5	1.316	0.2024
5	1.253	0.1434
5	1.234	0.1415
5	0.9504	0.02902
5	1.094	0.07349
5	1.314	0.2034
5	1.217	0.1375
5	1.082	0.06649
5	1.193	0.1133
5	1.126	0.08716
5	1.437	0.2861
5	1.13	0.06396
5	0.8512	0.01178
5	0.8901	0.01567
5	1.405	0.2626
5	1.107	0.07917
5	0.9486	0.02937
5	1.471	0.3146
5	0.6529	0.0008882
5	0.8966	0.01705
5	1.176	0.09902
5	0.814	0.006522
5	1.175	0.09675
5	1.251	0.1472
5	1.172	0.102
5	1.144	0.09442
5	1.237	0.1549
5	1.208	0.1282
5	0.9177	0.01746
5	1.326	0.2047
5	0.7553	0.003049
5	0.982	0.02135
5	1.679	0.5041
5	0.8337	0.006013
5	0.7089	0.001133
5	1.335	0.2192
5	1.152	0.09457
5	0.883	0.01139
5	1.042	0.04422
5	1.097	0.07489
5	1.487	0.3387
5	0.5955	0.0003035
5	1.379	0.2438
5	1.169	0.1005
5	0.9749	0.03168
5	0.7977	0.006483
5	1.052	0.05472
5	1.117	0.08483
5	0.8531	0.01092
5	0.865	0.009923
5	1.123	0.08589
5	0.8107	0.005948
5	1.191	0.1113
5	0.9064	0.01696
5	0.8708	0.007972
5	1.074	0.07091
5	1.055	0.05553
5	1.169	0.09398
5	0.7283	0.00139
5	1.149	0.09285
5	0.7041	0.001153
5	1.252	0.1507
5	1.384	0.2438
5	1.159	0.1121
5	1.547	0.3826
5	1.069	0.06448
5	1.405	0.2639
5	0.7369	0.002432
5	1.227	0.1349
5	1.036	0.04958
5	1.05	0.05493
5	1.154	0.09044
5	1.018	0.04887
5	0.8693	0.009177
5	0.9726	0.02736
5	1.075	0.07212
5	1.007	0.04124
5	0.6647	0.00052
5	0.9045	0.01807
5	1.493	0.3382
5	1.162	0.1048
5	1.127	0.0816
5	1.761	0.5977
5	0.9922	0.03886
5	1.095	0.07537
5	0.8546	0.007738
5	1.349	0.2087
5	0.9225	0.01936
5	1.598	0.4275
5	1.258	0.1497
5	1.319	0.2013
5	1.231	0.1483
5	1.446	0.2972
5	0.9361	0.02626
5	0.8392	0.00741
5	0.9875	0.02936
5	1.518	0.3743
5	1.466	0.3129
5	1.012	0.03942
5	0.8304	0.007162
5	0.9887	0.02758
5	0.9525	0.02773
5	1.015	0.04152
5	1.27	0.1715
5	1.126	0.08645
5	0.9468	0.02636
5	0.9399	0.02307
5	1.341	0.2214
5	1.174	0.09883
5	1.541	0.3686
5	1.555	0.3906
5	0.8758	0.01421
5	1.364	0.2437
5	0.7585	0.003522
5	0.9442	0.02669
5	1.277	0.1784
5	1.05	0.05407
5	1.219	0.1416
5	1.229	0.1398
5	0.9346	0.02447
5	1.204	0.1282
5	1.363	0.2401
5	1.033	0.04936
5	1.205	0.1257
5	1.354	0.2251
5	1.437	0.2889
5	0.9571	0.02868
5	1.334	0.2112
5	1.298	0.1829
5	1.209	0.1283
5	1.187	0.1218
5	0.8772	0.008586
5	0.803	0.005623
5	0.9247	0.02041
5	0.8674	0.01108
5	1.519	0.3784
5	0.8448	0.008455
5	0.9298	0.01998
5	1.164	0.1145
5	0.7044	0.001293
5	1.122	0.08804
5	1.23	0.1415
5	1.509	0.3639
5	1.446	0.2997
5	0.7815	0.003991
5	0.9816	0.03206
5	1.366	0.2393
5	0.9733	0.03277
5	1.151	0.1152
5	1.36	0.2378
5	1.116	0.08655
5	1.139	0.102
5	1.291	0.1857
5	1.218	0.1366
5	0.8114	0.006616
5	1.236	0.14
5	1.09	0.07233
5	0.9291	0.01971
5	1.084	0.07135
5	1.126	0.0814
5	1.077	0.06292
5	0.8315	0.007388
5	1.479	0.329
5	1.163	0.1002
5	0.9076	0.01708
5	0.8811	0.01051
5	1.194	0.1242
5	0.8542	0.01026
5	1.309	0.2001
5	0.6988	0.001095
5	0.7441	0.002485
5	1.052	0.05451
5	0.7823	0.004007
5	1.058	0.05632
5	0.9025	0.01632
5	1.353	0.2186
5	1.106	0.07822
5	1.375	0.2458
5	1.283	0.1742
5	1.372	0.2398
5	1.218	0.1374
5	0.9452	0.02821
5	0.9811	0.03602
5	1.067	0.06318
5	0.8497	0.005215
5	0.8309	0.007351
5	0.8608	0.008987
5	0.7787	0.003956
5	1.285	0.1768
5	0.8958	0.01735
5	1.008	0.03806
5	1.275	0.1719
5	0.8938	0.01646
5	1.158	0.1003
5	1.113	0.08061
5	0.7851	0.004543
5	1.253	0.1437
5	1.297	0.1828
5	0.9601	0.03261
5	1.11	0.08224
5	0.9737	0.02725
5	0.8451	0.008374
5	0.9053	0.01597
5	1.142	0.09182
5	1.769	0.6153
5	1.232	0.1397
5	1.307	0.1896
5	1.128	0.0855
5	1.049	0.05479
5	0.925	0.01946
5	0.8506	0.007225
5	0.9536	0.03018
5	1.151	0.1182
5	1.101	0.07445
5	0.8488	0.009193
5	0.6676	0.0003232
5	1.375	0.248
5	1.16	0.1101
5	1.069	0.06405
5	1.085	0.06815
5	0.9289	0.02023
5	0.8406	0.00745
5	0.6544	0.0002522
5	1.354	0.2183
5	1.674	0.4997
5	1.28	0.1765
5	1.121	0.08616
5	1.215	0.138
5	1.203	0.1256
5	1.014	0.04921
5	1.319	0.2021
5	1.388	0.2522
5	0.9141	0.01765
5	0.9114	0.01719
5	1.141	0.1006
5	1.349	0.2192
5	0.9456	0.02337
5	0.8558	0.007347
5	0.8422	0.006819
5	0.8186	0.006732
5	0.8013	0.003139
5	1.03	0.05753
5	0.6867	0.0009215
5	1.256	0.1582
5	1.207	0.1303
5	1.157	0.08954
5	0.948	0.02811
5	1.074	0.07004
5	0.9224	0.01916
5	1.21	0.1329
5	0.902	0.01681
5	1.069	0.06502
5	1.348	0.226
5	0.9779	0.02805
5	1.111	0.08353
5	0.8771	0.01009
5	0.825	0.005909
5	0.9111	0.01816
5	1.094	0.07074
5	1.284	0.1803
5	1.648	0.4764
5	0.9796	0.02351
5	0.9707	0.02911
5	0.863	0.009134
5	1.077	0.06186
5	1.362	0.2415
5	1.096	0.0756
5	1.131	0.09461
5	0.7754	0.003761
5	1.055	0.05643
5	1.369	0.242
5	0.8056	0.006111
5	0.7948	0.006222
5	1.062	0.05898
5	1.093	0.07377
5	1.026	0.04675
5	1.521	0.374
5	1.318	0.2103
5	0.9329	0.02153
5	0.8872	0.01202
5	1.396	0.2633
5	1.232	0.1348
5	1.191	0.1116
5	0.8347	0.008166
5	1.407	0.2595
5	1.178	0.09843
5	1.647	0.4855
5	1.539	0.3888
5	1.408	0.2689
5	1.204	0.1233
5	1.158	0.08966
5	1.148	0.08914
5	1.604	0.4399
5	1.133	0.09186
5	1.07	0.06565
5	0.9238	0.02016
5	1.217	0.1346
5	1.601	0.4349
5	0.972	0.02748
5	1.42	0.2794
5	1.366	0.2434
5	0.7154	0.001239
5	1.073	0.07062
5	0.9888	0.0308
5	1.246	0.1551
5	1.011	0.04081
5	1.497	0.3455
5	1.769	0.61
5	1.088	0.07005
5	1.147	0.09709
5	1.26	0.1529
5	1.09	0.07196
5	0.8903	0.01329
5	1.125	0.08765
5	1.066	0.06287
5	1.681	0.5196
5	1.121	0.08554
5	0.9704	0.02878
5	1.208	0.1324
5	0.9759	0.02498
5	1.691	0.5151
5	0.9787	0.03212
5	1.111	0.08061
5	1.44	0.2932
5	0.8386	0.006052
5	0.9266	0.01981
5	1.488	0.332
5	1.308	0.1936
5	1.396	0.2565
5	1.384	0.2405
5	0.9121	0.01773
5	1.118	0.08792
5	1.74	0.581
5	1.385	0.2507
5	1.683	0.515
5	1.027	0.05051
5	1.716	0.5555
5	1.165	0.1046
5	1.492	0.3348
5	0.9906	0.02179
5	0.8446	0.00808
5	1.094	0.0742
5	1.061	0.05902
5	0.9972	0.04162
5	1.344	0.2159
5	1.017	0.04507
5	1.343	0.2191
5	0.8702	0.01005
5	0.7099	0.001041
5	1.002	0.04077
5	0.7718	0.003911
5	1.206	0.1303
5	0.9968	0.03626
5	1.006	0.03912
5	0.784	0.005093
5	1.2	0.1213
5	0.951	0.02876
5	1.205	0.1303
5	0.8157	0.005314
5	1.213	0.1292
5	1.157	0.09728
5	1.368	0.235
5	1.566	0.3873
5	0.7904	0.003853
5	0.9887	0.02767
5	1.221	0.1375
5	1.202	0.1265
5	1.1	0.07652
5	1.38	0.2432
5	1.039	0.05333
5	1.365	0.2461
5	0.6581	0.0002644
5	1.157	0.092
5	0.9148	0.01751
5	1.258	0.161
5	1.069	0.06522
5	0.7644	0.003397
5	1.359	0.2391
5	1.119	0.08888
5	1.194	0.1099
5	1.628	0.4639
5	1.144	0.08728
5	1.29	0.1794
5	1.062	0.05884
5	1.028	0.05025
5	1.08	0.06608
5	1.138	0.1008
5	1.115	0.08476
5	1.127	0.08342
5	0.7359	0.001724
5	1.754	0.592
5	0.9494	0.02692
5	0.8548	0.009407
5	0.9327	0.02515
5	1.266	0.1687
5	1.15	0.1076
5	1.188	0.1161
5	1.166	0.1055
5	1.046	0.03695
5	1.144	0.1029
5	0.6651	0.0002691
5	1.312	0.195
5	0.8747	0.01274
5	1.153	0.1164
5	0.9992	0.03481
5	1.152	0.09664
5	1.311	0.1986
5	0.8711	0.009214
5	1.501	0.3495
5	0.8876	0.01223
5	1.022	0.04658
5	1.191	0.1131
5	1.192	0.1112
5	1.169	0.1006
5	1.021	0.04834
5	1.348	0.2171
5	0.8644	0.006664
5	1.091	0.0687
5	0.9934	0.03754
5	1.538	0.3832
5	1.063	0.06048
5	1.174	0.1184
5	0.986	0.02946
5	1.444	0.2918
5	1.219	0.1362
5	0.9014	0.01686
5	1.534	0.3692
5	1.242	0.144
5	0.9338	0.02551
5	1.167	0.1119
5	0.8621	0.008088
5	1.375	0.2435
5	1.091	0.0755
5	1.127	0.08842
5	1.22	0.139
5	1.049	0.055
5	0.9151	0.01754
5	1.061	0.05865
5	1.269	0.1684
5	1.104	0.07264
5	1.081	0.06641
5	1.176	0.1066
5	1.057	0.05565
5	0.9739	0.03199
5	0.868	0.009396
5	1.463	0.3089
5	1.151	0.09493
5	1.16	0.111
5	0.897	0.01702
5	1.144	0.0903
5	1.189	0.121
5	0.9887	0.02129
5	1.048	0.05476
5	1.108	0.07793
5	1.227	0.1351
5	0.904	0.01772
5	0.9303	0.02519
5	1.37	0.237
5	0.8034	0.00622
5	1.595	0.435
5	1.278	0.1767
5	1.273	0.1708
5	1.252	0.1382
5	1.198	0.1189
5	1.075	0.07122
5	1.464	0.3111
5	0.8563	0.009008
5	0.8616	0.008466
5	1.114	0.08338
5	1.501	0.3558
5	1.246	0.1549
5	1.068	0.06343
5	1.218	0.136
5	0.8292	0.007544
5	1.034	0.04466
5	0.8895	0.01314
5	0.9057	0.01682
5	0.9729	0.03212
5	0.892	0.01363
5	1.006	0.04152
5	0.9152	0.01811
5	1.057	0.05684
5	1.113	0.08008
5	0.8959	0.01719
5	1.002	0.04472
5	1.066	0.0622
5	1.063	0.06028
5	0.874	0.00919
5	1.273	0.171
5	1.036	0.05127
5	1.296	0.178
5	0.8498	0.008263
5	1.184	0.1113
5	0.9654	0.02945
5	1.621	0.4641
5	1.29	0.1778
5	1.453	0.3044
5	1.204	0.1274
5	0.8489	0.01076
5	1.297	0.1817
5	1.491	0.3368
5	1.268	0.1706
5	0.7027	0.00106
5	1.119	0.09033
5	1.032	0.05004
5	1.166	0.1045
5	1.136	0.09525
5	1.732	0.5606
5	1.525	0.3867
5	1.059	0.05692
5	0.8502	0.008478
5	1.394	0.2569
5	1.848	0.6867
5	1.106	0.07382
5	0.7867	0.004433
5	1.147	0.09627
5	0.9463	0.03067
5	1.451	0.3028
5	1.135	0.09178
5	0.9338	0.02265
5	1.348	0.2176
5	0.9502	0.03134
5	1.39	0.2477
5	1.487	0.3336
5	1.016	0.04108
5	1.269	0.1678
5	0.9395	0.02487
5	0.9443	0.02653
5	1.366	0.2454
5	0.9865	0.02454
5	1.132	0.08348
5	1.051	0.05383
5	1.011	0.03809
5	1.019	0.04369
5	1.096	0.07342
5	0.9921	0.03507
5	1.107	0.07652
5	1.052	0.055
5	0.9702	0.03044
5	0.8881	0.01376
5	1.133	0.08808
5	1.162	0.1076
5	1.292	0.1814
5	1.181	0.1038
5	1.127	0.08481
5	1.109	0.08241
5	1.433	0.2877
5	0.7635	0.003369
5	1.394	0.2497
5	0.7231	0.001786
5	0.9597	0.03638
5	1.269	0.1672
5	0.9822	0.02778
5	0.8685	0.007499
5	1.188	0.119
5	0.8567	0.008373
5	1.233	0.1413
5	1.075	0.07135
5	1.016	0.04559
5	1.406	0.2646
5	0.8683	0.007761
5	1.174	0.09742
5	1.224	0.1358
5	1.234	0.1442
5	1.478	0.3242
5	1.199	0.1189
5	0.9675	0.03161
5	0.9732	0.02225
5	1.005	0.04019
5	0.9204	0.01825
5	1.012	0.04072
5	1.307	0.1982
5	0.8032	0.003407
5	1.358	0.2476
5	0.7773	0.004388
5	1.094	0.07587
5	1.201	0.1242
5	1.036	0.05163
5	1.348	0.2181
5	1.482	0.3324
5	1.332	0.2112
5	0.8445	0.008197
5	1.255	0.1537
5	1.246	0.1505
5	0.9725	0.03611
5	0.8565	0.008613
5	1.305	0.1926
5	1.163	0.09775
5	1.315	0.1934
5	0.9299	0.01938
5	1.311	0.1936
5	0.8532	0.01109
5	1.408	0.2665
5	0.7011	0.0008164
5	0.8935	0.01656
5	1.002	0.04375
5	1.275	0.1708
5	1.221	0.1376
5	1.235	0.146
5	1.202	0.1249
5	1.341	0.2173
5	1.481	0.3281
5	1.367	0.2405
5	1.317	0.2003
5	0.7893	0.004232
5	1.216	0.1322
5	0.926	0.01995
5	1.718	0.547
5	1.138	0.08824
5	1.211	0.1287
5	1.263	0.1707
5	1.3	0.1834
5	0.966	0.02815
5	1.482	0.3361
5	1.368	0.2351
5	1.023	0.04482
5	0.955	0.03067
5	1.101	0.07263
5	1.271	0.1727
5	1.353	0.2155
5	1.575	0.4086
5	0.9395	0.02584
5	1.161	0.1088
5	1.2	0.1248
5	1.185	0.1084
5	1.263	0.1729
5	0.9437	0.02597
5	0.8086	0.006236
5	1.028	0.05026
5	1.013	0.04214
5	1.83	0.6798
5	1.323	0.1986
5	1.228	0.1341
5	1.092	0.07065
5	0.9462	0.02528
5	1.097	0.07449
5	1.169	0.1077
5	0.9358	0.02496
5	0.7569	0.002875
5	1.039	0.04512
5	1.008	0.04427
5	0.6596	0.0001007
5	1.078	0.06552
5	0.7905	0.008141
5	0.6282	0.0004315
5	1.205	0.1315
5	1.233	0.1478
5	0.796	0.007149
5	1.059	0.05723
5	0.6799	0.0003081
5	0.9637	0.02174
5	0.8708	0.008357
5	1.423	0.2842
5	0.9952	0.0388
5	1.086	0.07039
5	0.8353	0.006942
5	0.915	0.01788
5	1.158	0.09621
5	1.189	0.1212
5	1.486	0.3383
5	1.275	0.1757
5	0.9285	0.01968
5	0.9581	0.03437
5	1.377	0.2495
5	0.7628	0.003219
5	1.101	0.07239
5	0.8061	0.005671
5	1.373	0.2452
5	0.9737	0.03341
5	1.749	0.5816
5	0.8788	0.009681
5	1.008	0.04009
5	0.8963	0.01735
5	1.48	0.3256
5	1.381	0.2488
5	0.877	0.01286
5	1.316	0.2048
5	1.019	0.04375
5	1.332	0.2145
5	1.107	0.07757
5	1.281	0.1833
5	1.135	0.09143
5	1.277	0.1748
5	0.7972	0.007917
5	1.121	0.08361
5	1.114	0.08283
5	0.9984	0.03807
5	1.025	0.05061
5	0.9778	0.02946
5	0.7018	0.001203
5	1.075	0.06456
5	1.055	0.05581
5	1.278	0.17
5	1.108	0.07515
5	1.061	0.05822
5	1.028	0.04835
5	1.57	0.406
5	1.268	0.1715
5	1.444	0.2971
5	1.13	0.07976
5	1.234	0.1246
5	0.9566	0.03351
5	0.921	0.01929
5	1.224	0.1409
5	1.079	0.06469
5	1.595	0.4143
5	1.191	0.1108
5	1.283	0.1707
5	1.241	0.1439
5	0.8742	0.007925
5	0.8814	0.01099
5	1.021	0.04579
5	0.9634	0.0348
5	0.8785	0.01283
5	1.311	0.1962
5	1.409	0.2691
5	0.9608	0.03556
5	1.185	0.1254
5	1.081	0.06577
5	1.083	0.0685
5	1.06	0.05924
5	1.836	0.679
5	0.6452	0.0001632
5	0.9252	0.01918
5	1.058	0.05669
5	1.294	0.1835
5	0.753	0.002588
5	1.423	0.2812
5	1.154	0.09515
5	1.14	0.08817
5	1.203	0.1232
5	1.058	0.05685
5	1.154	0.09699
5	1.319	0.212
5	1.006	0.04293
5	1.156	0.0978
5	1.007	0.04399
5	0.8537	0.01021
5	1.599	0.4245
5	1.307	0.188
5	0.933	0.02141
5	1.116	0.08226
5	1.592	0.4263
5	0.8766	0.01283
5	0.8844	0.01236
5	0.8826	0.009582
5	1.323	0.205
5	1.185	0.1126
5	1.199	0.1201
5	0.8759	0.01496
5	1.133	0.0804
5	1.063	0.05861
5	1.083	0.06581
5	0.9094	0.01722
5	0.8081	0.005459
5	0.7012	0.001123
5	1.366	0.2353
5	1.188	0.1254
5	1.192	0.1088
5	1.56	0.3916
5	1.324	0.2111
5	1.278	0.1727
5	0.7766	0.004491
5	0.789	0.004772
5	1.188	0.1154
5	0.9374	0.02466
5	1.015	0.03907
5	0.9174	0.01782
5	1.214	0.1316
5	1.218	0.1356
5	1.125	0.08554
5	1.579	0.4002
5	1.316	0.2053
5	1.547	0.3915
5	1.209	0.1311
5	1.119	0.08241
5	1.327	0.2064
5	1.084	0.06784
5	0.8163	0.005577
5	0.9	0.01695
5	1.116	0.08109
5	0.8469	0.01014
5	1.167	0.09421
5	1.292	0.1816
5	1.017	0.046
5	0.7774	0.003591
5	1.085	0.06785
5	1.25	0.1453
5	1.121	0.08554
5	1.467	0.3129
5	0.9507	0.02746
5	0.8329	0.007101
5	1.087	0.07355
5	1.082	0.06527
5	0.6542	0.0001504
5	1.068	0.06418
5	1.133	0.09567
5	0.9431	0.027
5	1.028	0.05771
5	1.046	0.03965
5	0.9016	0.0164
5	1.289	0.1801
5	0.8947	0.01685
5	1.002	0.03847
5	1.01	0.03722
5	1.271	0.1689
5	0.8537	0.007596
5	0.6736	0.0003829
5	1.558	0.3913
5	1.208	0.1328
5	1.108	0.08286
5	1.146	0.1021
5	0.9868	0.02941
5	1.059	0.057
5	1.159	0.105
5	1.051	0.05534
5	1.107	0.07632
5	1.029	0.04985
5	1.089	0.06965
5	0.757	0.003129
5	1.667	0.5095
5	1.677	0.5165
5	1.078	0.06743
5	1.06	0.05762
5	1.308	0.19
5	1.013	0.04401
5	1.149	0.09468
5	0.9182	0.01805
5	1.743	0.5865
5	1.327	0.2086
5	1.43	0.2868
5	1.235	0.1507
5	1.635	0.4548
5	1.092	0.07009
5	1.187	0.1161
5	0.8404	0.007185
5	1.058	0.05566
5	1.168	0.1023
5	0.9901	0.02714
5	1.204	0.1349
5	1.19	0.1217
5	0.8464	0.005191
5	0.8794	0.008157
5	1.103	0.0826
5	1.108	0.08783
5	1.015	0.04425
5	1.054	0.05507
5	0.9494	0.02806
5	1.642	0.4749
5	1.198	0.1222
5	1.319	0.2073
5	1.268	0.1671
5	1.146	0.1097
5	1.188	0.1238
5	1.272	0.1747
5	1.427	0.2875
5	1.112	0.07698
5	1.248	0.1429
5	1.345	0.2261
5	1.107	0.07645
5	1.253	0.154
5	0.9506	0.02799
5	1.268	0.1677
5	1.184	0.1042
5	0.882	0.009982
5	1.521	0.38
5	1.244	0.1537
5	0.9508	0.02707
5	1.134	0.0964
5	0.996	0.04283
5	1.536	0.3582
5	1.148	0.1033
5	1.512	0.3665
5	1.374	0.2491
5	1.036	0.04477
5	0.8098	0.00579
5	1.386	0.2526
5	0.9324	0.02375
5	0.9914	0.03525
5	0.9772	0.03148
5	1.203	0.1238
5	1.05	0.05457
5	1.25	0.1511
5	1.109	0.07466
5	1.144	0.09632
5	1.044	0.04098
5	1.232	0.1396
5	1.113	0.08131
5	0.9754	0.02684
5	1.174	0.1014
5	1.299	0.1845
5	1.16	0.1113
5	1.077	0.06458
5	1.508	0.3589
5	1.379	0.2505
5	1.195	0.1171
5	0.9181	0.0181
5	1.169	0.1042
5	0.8375	0.00663
5	1.172	0.1033
5	1.243	0.1473
5	1.057	0.05672
5	1.328	0.2095
5	1.044	0.04223
5	1.309	0.1947
5	1.306	0.1904
5	1.114	0.07667
5	1.377	0.2439
5	1.364	0.2483
5	1.06	0.05812
5	1.19	0.1286
5	0.9332	0.02442
5	1.104	0.07911
5	1.128	0.0848
5	0.9906	0.03505
5	1.108	0.07703
5	1.383	0.2444
5	1.329	0.2121
5	1.334	0.218
5	0.8479	0.00987
5	1.123	0.07986
5	1.014	0.04273
5	1.08	0.06797
5	1.159	0.1106
5	1.052	0.05435
5	1.099	0.07438
5	1.023	0.04613
5	1.333	0.2177
5	1.328	0.2064
5	1.743	0.5846
5	1.293	0.1822
5	0.9689	0.02856
5	1.517	0.3705
5	1.094	0.06761
5	1.121	0.08894
5	1.159	0.1046
5	1.352	0.2239
5	1.111	0.08488
5	0.9696	0.03055
5	0.7799	0.004389
5	1.21	0.1339
5	0.9352	0.02524
5	1.319	0.2018
5	1.313	0.2031
5	0.905	0.01636
5	0.945	0.0266
5	1.033	0.05127
5	1.388	0.2515
5	0.7504	0.00291
5	1.352	0.2203
5	1.01	0.04385
5	1.23	0.1447
5	0.9647	0.02321
5	0.946	0.02558
5	1.247	0.1601
5	1.408	0.2658
5	0.727	0.002078
5	1.174	0.1009
5	1.072	0.06811
5	1.05	0.05283
5	1.028	0.04879
5	0.7908	0.00711
5	1.368	0.2302
5	0.8917	0.0117
5	0.5551	0.001631
5	1.103	0.07649
5	0.9539	0.029
5	1.223	0.1399
5	1.317	0.2051
5	1.279	0.18
5	0.9247	0.01931
5	1.267	0.1713
5	1.021	0.04558
5	1.249	0.1385
5	1.607	0.4475
5	1.305	0.1957
5	1.207	0.1288
5	0.8667	0.008727
5	0.9399	0.02589
5	1.096	0.07139
5	1.342	0.221
5	0.8783	0.01118
5	0.8878	0.01326
5	1.017	0.04522
5	1.697	0.516
5	1.172	0.09293
5	0.7278	0.001699
5	1.158	0.09387
5	0.8826	0.01134
5	0.9085	0.01662
5	0.9257	0.02035
5	1.255	0.1514
5	1.181	0.1016
5	1.33	0.2096
5	0.9063	0.01736
5	0.8907	0.01417
5	1.486	0.3287
5	1.197	0.1129
5	1.383	0.2467
5	1.092	0.0724
5	1.065	0.06189
5	1.078	0.06524
5	1.172	0.0995
5	1.065	0.06182
5	1.055	0.05513
5	1.197	0.1222
5	1.826	0.6586
5	0.8823	0.01268
5	0.9305	0.02366
5	0.9506	0.03241
5	0.715	0.001343
5	1.25	0.1605
5	1.039	0.04463
5	1.187	0.1207
5	0.8843	0.01087
5	1.116	0.08581
5	1.047	0.05391
5	0.985	0.02979
5	1.195	0.1179
5	0.6627	0.0003745
5	0.9641	0.02718
5	1.308	0.1932
5	0.8009	0.004291
5	1.379	0.2463
5	1.006	0.04239
5	1.016	0.0419
5	1.244	0.139
5	1.237	0.1449
5	0.9742	0.03258
5	1.342	0.2164
5	1.274	0.1727
5	1.117	0.08003
5	1.557	0.3836
5	0.9353	0.02273
5	1.223	0.1333
5	1.07	0.06629
5	1.492	0.3352
5	1.681	0.5184
5	0.9669	0.02524
5	0.987	0.03078
5	1.045	0.04147
5	1.354	0.2223
5	1.165	0.1097
5	1.283	0.1768
5	0.6262	0
5	1.316	0.1975
5	1.099	0.07664
5	0.7648	0.003453
5	1.195	0.1178
5	1.382	0.2436
5	1.147	0.1063
5	1.121	0.07835
5	1.013	0.04589
5	1.043	0.04529
5	0.9585	0.0317
5	0.6646	0.0004238
5	0.7714	0.00354
5	1.069	0.06466
5	1.129	0.08459
5	0.8912	0.01285
5	1.206	0.1255
5	1.281	0.1721
5	1.454	0.2998
5	1.046	0.04251
5	1.231	0.1514
5	1.129	0.08158
5	1.04	0.04889
5	1.052	0.05392
5	1.15	0.1047
5	0.9007	0.01705
5	1.034	0.04955
5	1.033	0.05264
5	1.248	0.1431
5	1.058	0.05695
5	1.419	0.2787
5	1.099	0.07618
5	0.9513	0.03072
5	1.194	0.1143
5	1.684	0.5329
5	0.8721	0.008539
5	1.238	0.1484
5	1.036	0.04568
5	1.243	0.145
5	1.148	0.09951
5	1.239	0.1503
5	1.082	0.06975
5	1.473	0.3211
5	1.027	0.0524
5	1.339	0.2162
5	1.034	0.05192
5	1.297	0.1812
5	1.054	0.05522
5	1.097	0.07486
5	0.9789	0.03178
5	0.8513	0.00857
5	1.378	0.2468
5	1.117	0.08822
5	0.7875	0.004346
5	1.11	0.08089
5	1.809	0.6457
5	1.237	0.1455
5	0.9383	0.02658
5	0.7887	0.004708
5	1.29	0.1757
5	0.8866	0.01418
5	0.9305	0.02181
5	1.202	0.1273
5	1.37	0.2382
