37	1.001	0.03706
37	1.22	0.03769
37	1.588	0.03711
37	0.4481	0.03777
37	1.283	0.03805
37	0.7753	0.03587
37	1.883	0.03692
37	1.164	0.03563
37	1.063	0.03804
37	1.019	0.03749
37	1.556	0.03775
37	0.5907	0.03713
37	0.7414	0.03816
37	0.6639	0.0385
37	1.173	0.04012
37	0.9081	0.03735
37	1.945	0.03788
37	1.172	0.03722
37	1.159	0.03857
37	1.329	0.03728
37	0.9705	0.0397
37	0.6665	0.03802
37	0.594	0.0365
37	0.9784	0.0373
37	0.709	0.03632
37	1.19	0.03702
37	1.008	0.03842
37	1.162	0.03825
37	1.039	0.03766
37	0.6096	0.03964
37	1.542	0.03644
37	0.8777	0.03897
37	1.164	0.03743
37	1.42	0.03809
37	1.382	0.03744
37	1.788	0.03574
37	0.9256	0.03785
37	0.7146	0.03592
37	0.8688	0.03548
37	1.239	0.03874
37	1.745	0.03996
37	1.47	0.03841
37	0.7456	0.03615
37	0.6504	0.03771
37	0.669	0.03668
37	0.9489	0.03827
37	1.165	0.0375
37	0.8173	0.0374
37	1.662	0.03685
37	1.103	0.03711
37	2.147	0.03786
37	1.307	0.03979
37	1.032	0.03744
37	1.084	0.03853
37	1.149	0.03818
37	1.543	0.03617
37	1.07	0.03759
37	1.191	0.03739
37	1.207	0.03767
37	1.319	0.03654
37	2.011	0.03943
37	1.512	0.03719
37	1.711	0.03769
37	1.056	0.03922
37	1.292	0.03847
37	2.208	0.03809
37	0.5146	0.03925
37	1.514	0.03809
37	1.152	0.0384
37	1.021	0.03769
37	1.188	0.03772
37	0.4506	0.03815
37	1.055	0.03546
37	0.6668	0.03947
37	1.088	0.03678
37	1.616	0.03884
37	1.515	0.03706
37	1.112	0.0376
37	0.7732	0.03693
37	0.9293	0.03868
37	1.253	0.03817
37	1.094	0.03691
37	0.7729	0.03649
37	1.355	0.03774
37	0.6053	0.03744
37	1.68	0.03665
37	1.453	0.03572
37	0.8707	0.03809
37	0.8945	0.03977
37	2.001	0.03876
37	0.8124	0.03648
37	2.979	0.0378
37	1.29	0.03822
37	0.9476	0.03723
37	0.2576	0.0376
37	0.7594	0.03622
37	1.609	0.03847
37	0.9991	0.03711
37	0.7826	0.03904
37	0.6727	0.03702
37	0.6213	0.0379
37	1.02	0.03706
37	1.627	0.03917
37	0.8821	0.03563
37	1.831	0.03787
37	1.292	0.03645
37	1.238	0.03803
37	0.8565	0.0368
37	2.073	0.03712
37	1.416	0.03916
37	1.392	0.03941
37	0.7479	0.03778
37	0.4937	0.03583
37	0.5049	0.03676
37	1.232	0.0387
37	1.33	0.03523
37	0.4852	0.03695
37	0.8483	0.03729
37	1.98	0.03795
37	1.07	0.03847
37	0.834	0.03861
37	1.583	0.03899
37	1.637	0.03808
37	0.686	0.039
37	0.8754	0.03848
37	0.7761	0.03795
37	0.9506	0.03843
37	0.8001	0.0378
37	1.392	0.03792
37	1.902	0.03712
37	0.7747	0.03673
37	2.265	0.03755
37	1.168	0.03764
37	1.991	0.03666
37	0.7454	0.03747
37	2.398	0.03666
37	0.7745	0.03647
37	1.06	0.03812
37	1.165	0.03811
37	0.9591	0.03733
37	0.5231	0.03644
37	1.005	0.0396
37	1.589	0.03967
37	1.657	0.03751
37	2.761	0.03832
37	1.736	0.03776
37	1.504	0.03891
37	0.7778	0.03683
37	1.579	0.03717
37	1.963	0.03929
37	1.858	0.03735
37	0.672	0.03723
37	0.8481	0.03945
37	1.006	0.04067
37	2.103	0.03777
37	1.419	0.03683
37	0.8452	0.03721
37	1.22	0.03786
37	1.793	0.03794
37	0.7125	0.03829
37	1.311	0.03802
37	1.714	0.03687
37	0.7795	0.03822
37	1.072	0.03851
37	1.552	0.03645
37	1.363	0.03784
37	0.614	0.03575
37	1.472	0.03516
37	1.843	0.03572
37	0.8469	0.03773
37	0.9365	0.03744
37	2.559	0.03707
37	0.9004	0.04057
37	1.102	0.03568
37	0.8372	0.03738
37	0.5305	0.03792
37	1.03	0.03603
37	0.8373	0.03986
37	0.8172	0.03845
37	1.927	0.03546
37	0.9326	0.03578
37	1.663	0.0387
37	1.178	0.03849
37	1.203	0.03898
37	0.9025	0.03824
37	0.8488	0.03815
37	1.024	0.03802
37	2.019	0.03756
37	0.5769	0.03762
37	1.414	0.04178
37	0.6338	0.03732
37	0.7449	0.03719
37	2.548	0.03641
37	0.7545	0.03835
37	0.9596	0.03759
37	0.9025	0.03697
37	1.116	0.03679
37	0.6726	0.03846
37	0.5023	0.03869
37	0.9131	0.0371
37	0.6394	0.03933
37	0.8554	0.03657
37	0.5492	0.03621
37	1.774	0.03792
37	1.129	0.0378
37	0.8192	0.03967
37	0.9766	0.03688
37	0.9896	0.03621
37	1.146	0.03619
37	1.571	0.0366
37	0.8669	0.03772
37	1.209	0.03712
37	1.178	0.03695
37	1.045	0.03794
37	1.176	0.03744
37	0.6606	0.03907
37	1.779	0.03708
37	0.9291	0.03686
37	1.114	0.03722
37	0.8546	0.04059
37	2.41	0.03705
37	1.002	0.03697
37	0.9601	0.03622
37	1.144	0.03778
37	0.8145	0.03894
37	2.066	0.03678
37	0.9277	0.03647
37	0.6551	0.0387
37	0.9979	0.03842
37	1.096	0.03922
37	0.4739	0.03631
37	0.6799	0.03802
37	1.781	0.03788
37	0.9949	0.03687
37	0.7076	0.03818
37	1.26	0.03695
37	1.339	0.03787
37	1.902	0.03819
37	0.8921	0.0384
37	1.536	0.03802
37	1.125	0.03898
37	2.09	0.03873
37	1.141	0.03782
37	2.46	0.03869
37	0.7013	0.03795
37	1.349	0.03906
37	1.002	0.03866
37	0.9891	0.03587
37	1.153	0.03969
37	1.694	0.03641
37	1.452	0.03716
37	0.7811	0.03759
37	1.407	0.03969
37	2.389	0.03829
37	0.5938	0.03781
37	0.9302	0.03828
37	0.7597	0.03933
37	1.073	0.03806
37	0.4066	0.03647
37	1.071	0.03656
37	0.5973	0.03609
37	0.9617	0.03726
37	2.511	0.03832
37	1.351	0.03767
37	0.7107	0.03674
37	0.6864	0.03815
37	0.7287	0.03705
37	1.586	0.03533
37	1.23	0.03719
37	0.9529	0.03827
37	1.875	0.03672
37	0.9835	0.03662
37	0.8961	0.0407
37	1.926	0.03805
37	0.8512	0.0363
37	1.238	0.04102
37	0.8566	0.04038
37	0.8899	0.0415
37	1.971	0.03757
37	0.7313	0.0389
37	1.666	0.03842
37	0.5898	0.03586
37	0.8259	0.03853
37	0.7879	0.03801
37	0.9809	0.03769
37	1.433	0.04063
37	1.364	0.03772
37	0.6415	0.03712
37	1.254	0.03586
37	1.275	0.03788
37	1.617	0.03755
37	0.517	0.03677
37	1.496	0.03727
37	1.802	0.03554
37	1.018	0.03904
37	1.206	0.03631
37	0.961	0.03983
37	1.376	0.03784
37	0.8573	0.03568
37	0.5317	0.03795
37	1.231	0.03684
37	2.725	0.03797
37	1.17	0.03913
37	1.264	0.0375
37	1.758	0.03904
37	1.157	0.03757
37	1.143	0.03973
37	2.253	0.03651
37	2.43	0.03977
37	0.5952	0.03761
37	2.456	0.03757
37	1.303	0.03567
37	1.132	0.03539
37	1.228	0.0374
37	0.9481	0.03852
37	0.7556	0.03849
37	1.022	0.03749
37	1.018	0.03697
37	0.7218	0.03828
37	1.196	0.03862
37	0.6699	0.03697
37	1.532	0.03604
37	0.8453	0.03827
37	0.8676	0.03962
37	0.6526	0.03862
37	1.568	0.03956
37	1.285	0.03881
37	1.849	0.03821
37	0.5562	0.03851
37	1.057	0.038
37	0.3206	0.0381
37	1.196	0.03676
37	1.205	0.03874
37	1.63	0.03848
37	1.151	0.03851
37	1.127	0.03706
37	0.8047	0.03535
37	1.701	0.03653
37	1.576	0.03816
37	1.224	0.0372
37	0.6213	0.0366
37	1.201	0.03798
37	0.9459	0.03793
37	0.7755	0.03653
37	1.825	0.03863
37	1.413	0.03951
37	1.193	0.03934
37	1.525	0.03728
37	1.303	0.03984
37	0.3312	0.03635
37	1.111	0.0373
37	1.463	0.03831
37	0.5516	0.03799
37	1.134	0.03878
37	0.9256	0.03902
37	1.03	0.03987
37	0.6313	0.0374
37	1.518	0.03848
37	1.053	0.03612
37	1.404	0.03659
37	1.266	0.0388
37	1.02	0.03684
37	1.3	0.03963
37	0.6191	0.03717
37	0.8096	0.03738
37	1.127	0.03714
37	1.891	0.03744
37	0.9211	0.0389
37	0.6386	0.03921
37	1.297	0.03769
37	0.7132	0.03538
37	0.808	0.03784
37	0.9228	0.0371
37	1.783	0.03856
37	1.072	0.03679
37	1.127	0.03894
37	1.574	0.03783
37	0.6432	0.03954
37	1.79	0.03698
37	1.769	0.03662
37	0.7442	0.03814
37	1.733	0.0374
37	1.339	0.0357
37	1.249	0.03773
37	0.5661	0.03939
37	0.4912	0.03686
37	0.9967	0.03818
37	1.246	0.03607
37	0.9107	0.03781
37	2.48	0.03763
37	0.798	0.03934
37	1.021	0.03693
37	1.121	0.03763
37	1.047	0.03562
37	0.9711	0.04078
37	0.8044	0.03648
37	0.8738	0.03716
37	0.9472	0.03661
37	0.9856	0.03911
37	0.7945	0.04042
37	1.117	0.03794
37	1.179	0.03801
37	1.258	0.03761
37	0.9109	0.03796
37	0.657	0.03858
37	0.4415	0.03646
37	1.016	0.041
37	1.309	0.03946
37	0.6736	0.03772
37	0.7902	0.03866
37	1.138	0.03681
37	1.316	0.03697
37	0.9139	0.03666
37	0.8658	0.03793
37	1.603	0.03708
37	1.014	0.03714
37	1.433	0.03876
37	0.7375	0.03726
37	0.6855	0.03846
37	1.108	0.03696
37	1.455	0.03644
37	1.044	0.03709
37	1.619	0.03858
37	0.3631	0.03636
37	1.485	0.03751
37	0.5223	0.03863
37	0.9804	0.03809
37	0.4858	0.03673
37	1.287	0.03656
37	1.449	0.0377
37	1.567	0.03918
37	0.9771	0.0365
37	0.6851	0.0397
37	0.9596	0.03858
37	1.271	0.03867
37	1.022	0.03497
37	0.7388	0.03666
37	0.7399	0.03676
37	0.6666	0.03736
37	1.405	0.0383
37	1.504	0.03797
37	1.095	0.03655
37	0.8561	0.0387
37	1.793	0.0389
37	1.374	0.03709
37	0.8068	0.03879
37	1.276	0.03685
37	1.357	0.03808
37	0.5624	0.03693
37	1.046	0.03779
37	0.7276	0.03719
37	1.248	0.03599
37	0.9068	0.03823
37	0.5829	0.03818
37	0.8883	0.03676
37	0.6713	0.03657
37	0.9547	0.03818
37	0.7219	0.03786
37	0.8323	0.03776
37	1.254	0.03806
37	1.386	0.03718
37	0.8856	0.03774
37	0.6803	0.03838
37	1.223	0.03784
37	1.312	0.03804
37	1.426	0.03759
37	1.174	0.03746
37	1.379	0.03931
37	1.135	0.03851
37	1.329	0.03672
37	0.8251	0.03933
37	0.8023	0.03692
37	2.087	0.03761
37	1.415	0.03774
37	1.163	0.03822
37	0.9994	0.03882
37	0.7541	0.03731
37	0.7784	0.03836
37	0.755	0.03733
37	1.158	0.03662
37	1.032	0.03723
37	1.187	0.03874
37	1.898	0.03623
37	0.8908	0.03672
37	0.6478	0.03653
37	2.035	0.03948
37	0.9449	0.03727
37	0.941	0.03848
37	0.6615	0.03672
37	0.7338	0.03608
37	0.4105	0.03897
37	1.117	0.03623
37	0.5771	0.03642
37	1.751	0.03764
37	0.9806	0.03675
37	1.252	0.03778
37	0.7429	0.03786
37	0.772	0.03498
37	1.294	0.03566
37	1.199	0.0378
37	0.8705	0.03697
37	1.575	0.03735
37	1.425	0.03863
37	0.965	0.03812
37	0.4919	0.03751
37	0.6573	0.0386
37	1.116	0.03682
37	1.35	0.0393
37	1.424	0.03778
37	1.496	0.0357
37	1.332	0.03606
37	0.5279	0.03828
37	0.5323	0.0406
37	0.7744	0.03659
37	1.373	0.03616
37	0.6297	0.03658
37	1.701	0.03819
37	1.658	0.03835
37	0.9286	0.03777
37	1.554	0.03804
37	1.025	0.03844
37	0.8589	0.03801
37	0.644	0.03842
37	0.7112	0.03671
37	0.5365	0.03702
37	1.156	0.0362
37	0.7969	0.03646
37	1.259	0.03869
37	0.6329	0.03568
37	0.3722	0.03598
37	0.6784	0.03762
37	1.501	0.0393
37	0.4612	0.03918
37	1.36	0.03674
37	2.391	0.0381
37	0.6361	0.03815
37	1.182	0.03784
37	0.8081	0.038
37	1.046	0.03556
37	1.383	0.03719
37	1.205	0.03847
37	0.5732	0.03844
37	2.319	0.03779
37	1.273	0.03598
37	1.854	0.03874
37	0.5795	0.0366
37	1.039	0.03817
37	2.031	0.03641
37	0.8553	0.03685
37	0.4419	0.03939
37	2.631	0.03785
37	0.8816	0.0405
37	0.9342	0.03771
37	1.518	0.04083
37	0.9583	0.03898
37	2.162	0.03719
37	0.9302	0.03728
37	0.6734	0.03801
37	1.719	0.03584
37	1.237	0.03606
37	2.015	0.03595
37	1.051	0.03653
37	1.642	0.03784
37	0.8197	0.03909
37	0.7504	0.03652
37	1.408	0.03759
37	1.07	0.03633
37	1.45	0.03993
37	0.9457	0.03723
37	1.265	0.03633
37	1.141	0.03595
37	0.8712	0.03795
37	0.754	0.038
37	0.9749	0.04047
37	0.8101	0.03806
37	0.9968	0.03757
37	1.796	0.03875
37	0.9078	0.03877
37	0.8995	0.03637
37	1.302	0.03749
37	0.6343	0.03718
37	0.9397	0.03703
37	1.723	0.0385
37	1.072	0.0371
37	1.203	0.04044
37	0.7647	0.03635
37	0.6617	0.03781
37	0.9346	0.03712
37	1.392	0.03706
37	1.244	0.03738
37	1.244	0.03711
37	0.937	0.03804
37	0.8784	0.0374
37	0.68	0.04086
37	1.032	0.04022
37	1.133	0.03835
37	1.52	0.03663
37	0.6059	0.03776
37	1.632	0.0369
37	1.105	0.03845
37	1.162	0.03625
37	1.336	0.03858
37	0.9341	0.03763
37	0.6473	0.03695
37	1.364	0.03764
37	1.46	0.03873
37	0.7031	0.03834
37	0.7759	0.03559
37	0.5053	0.03498
37	1.28	0.03945
37	1.329	0.03823
37	0.507	0.03785
37	0.9345	0.03678
37	0.4524	0.0368
37	0.673	0.03823
37	1.286	0.03674
37	1.385	0.03769
37	0.9272	0.0373
37	0.6452	0.03771
37	1.481	0.03984
37	0.8288	0.04
37	0.8737	0.03739
37	2.238	0.03944
37	1.615	0.039
37	0.9533	0.03926
37	2.4	0.03665
37	1.325	0.03799
37	1.329	0.03887
37	0.8329	0.03646
37	1.191	0.03658
37	0.8864	0.03751
37	1.077	0.03909
37	0.9841	0.03805
37	0.8107	0.03957
37	0.7832	0.03819
37	0.7136	0.03555
37	0.6591	0.03729
37	1.093	0.03827
37	1.196	0.03805
37	0.4521	0.03678
37	1.212	0.03817
37	0.6398	0.03774
37	0.6443	0.03907
37	0.9673	0.03919
37	1.146	0.03629
37	0.9935	0.03942
37	2.265	0.03766
37	1.22	0.0374
37	1.336	0.03936
37	0.8222	0.03818
37	0.8452	0.03784
37	1.059	0.03719
37	0.7699	0.0383
37	0.7869	0.04013
37	0.6529	0.03849
37	0.9275	0.03625
37	1.511	0.03696
37	0.921	0.03506
37	2.822	0.03648
37	1.181	0.03821
37	1.476	0.03603
37	0.7768	0.03671
37	1.483	0.03718
37	0.569	0.03722
37	0.7536	0.03784
37	1.27	0.03846
37	0.9977	0.03986
37	1.346	0.03622
37	1.086	0.03675
37	0.9282	0.03603
37	1.333	0.03793
37	1.09	0.03723
37	0.7349	0.03647
37	0.7275	0.03666
37	1.419	0.03539
37	1.091	0.03777
37	0.5644	0.03633
37	1.624	0.03791
37	0.791	0.03809
37	1.033	0.03483
37	0.9019	0.04105
37	0.5413	0.03652
37	0.7547	0.03841
37	1.35	0.0384
37	0.671	0.03761
37	1.375	0.03783
37	0.6044	0.03792
37	0.6116	0.03725
37	0.8601	0.03746
37	0.8875	0.03604
37	1.47	0.04011
37	0.9851	0.03783
37	0.9162	0.03851
37	1.465	0.0375
37	1.447	0.03723
37	1.603	0.03696
37	1.367	0.03891
37	0.739	0.03903
37	0.8594	0.03981
37	1.254	0.0379
37	1.564	0.0372
37	0.578	0.03753
37	0.9111	0.03744
37	0.8454	0.03701
37	1.493	0.03671
37	1.958	0.03678
37	1.149	0.03866
37	0.9556	0.03851
37	1.131	0.03812
37	1.218	0.03914
37	0.8652	0.03857
37	1.075	0.03764
37	0.4602	0.03839
37	1.542	0.0386
37	0.9822	0.03761
37	2.597	0.03692
37	0.793	0.03766
37	0.7141	0.0364
37	0.8572	0.03679
37	0.7962	0.03563
37	1.726	0.03643
37	1.343	0.039
37	2.309	0.03706
37	0.9927	0.03756
37	0.9318	0.03526
37	1.507	0.04
37	0.8953	0.03543
37	1.767	0.03809
37	0.7396	0.03692
37	0.6988	0.03705
37	0.6196	0.03777
37	1.279	0.03794
37	1.168	0.03622
37	1.121	0.03582
37	0.5777	0.03836
37	1.163	0.03729
37	0.7752	0.03703
37	0.8598	0.037
37	0.9331	0.0376
37	1.187	0.03501
37	1.17	0.03875
37	2.152	0.03816
37	1.827	0.03714
37	0.8947	0.03834
37	3.397	0.0369
37	0.6789	0.03825
37	0.9011	0.03801
37	1.622	0.03729
37	1.813	0.04023
37	0.8838	0.03769
37	0.6284	0.03758
37	1.859	0.03924
37	1.637	0.0391
37	0.9487	0.03808
37	0.7586	0.03693
37	0.8485	0.03653
37	1.728	0.03811
37	1.058	0.0388
37	0.676	0.03624
37	1.963	0.03762
37	1.379	0.04032
37	0.6283	0.03618
37	0.9611	0.03874
37	0.8914	0.03576
37	0.8975	0.03748
37	0.7005	0.03776
37	1.245	0.03793
37	2.151	0.03884
37	1.24	0.03747
37	1.605	0.03859
37	0.6779	0.03745
37	1.071	0.03786
37	2.963	0.03742
37	1.271	0.03707
37	1.113	0.03636
37	1.004	0.03759
37	2.909	0.03801
37	0.7947	0.03657
37	0.9988	0.03767
37	0.4144	0.03767
37	0.4514	0.0369
37	1.14	0.03693
37	0.9829	0.03598
37	1.767	0.03682
37	1.557	0.03837
37	0.9737	0.03612
37	1.503	0.03529
37	1.247	0.03892
37	1.037	0.03698
37	0.9739	0.03638
37	0.4478	0.03693
37	0.5414	0.03692
37	1.092	0.03627
37	0.6279	0.03549
37	1.096	0.03637
37	1.048	0.03867
37	1.293	0.03933
37	1.25	0.03796
37	1.431	0.03751
37	0.6447	0.03853
37	0.9146	0.03789
37	0.8973	0.03821
37	1.108	0.0371
37	1.268	0.03787
37	0.8839	0.04034
37	1.131	0.03652
37	0.585	0.03845
37	0.9631	0.03663
37	0.9266	0.03539
37	1.789	0.03959
37	1.558	0.0395
37	0.9959	0.03714
37	1.05	0.03593
37	0.4766	0.03936
37	1.256	0.03744
37	0.5648	0.03775
37	1.337	0.03806
37	0.4417	0.03748
37	1.021	0.03798
37	1.175	0.03808
37	1.28	0.03732
37	0.7014	0.03682
37	1.1	0.03751
37	1.526	0.03568
37	0.5345	0.03784
37	0.993	0.03764
37	1.065	0.03932
37	1.247	0.03936
37	1.205	0.03532
37	3.661	0.0374
37	2.04	0.03832
37	0.5367	0.03766
37	0.7299	0.03786
37	0.9552	0.03801
37	0.9368	0.04021
37	1.376	0.0375
37	1.514	0.03737
37	0.8918	0.038
37	0.7823	0.03944
37	1.759	0.03691
37	1.597	0.04068
37	1.389	0.04032
37	1.621	0.03784
37	1.042	0.03799
37	0.9396	0.03878
37	0.6771	0.03701
37	1.955	0.03839
37	1.309	0.0358
37	1.227	0.04057
37	0.5536	0.0372
37	0.613	0.03716
37	2.35	0.03812
37	0.6051	0.03687
37	0.4179	0.03802
37	1.235	0.04011
37	0.7051	0.04014
37	0.6127	0.0376
37	0.8801	0.03818
37	1.013	0.03585
37	1.962	0.03953
37	1.119	0.03773
37	1.002	0.03798
37	1.501	0.03818
37	1.258	0.03857
37	1.34	0.03898
37	1.087	0.03772
37	1.972	0.03727
37	1.794	0.03774
37	1.194	0.03902
37	0.9732	0.03573
37	1.29	0.03702
37	0.7806	0.03857
37	1.392	0.03546
37	0.8716	0.03637
37	1.577	0.03831
37	0.8207	0.03849
37	1.509	0.03922
37	0.7522	0.04063
37	1.277	0.03855
37	0.4333	0.03671
37	1.757	0.03762
37	1.528	0.03845
37	0.5318	0.0387
37	1.125	0.03791
37	1.29	0.03711
37	1.285	0.03717
37	1.554	0.0382
37	0.8892	0.03934
37	0.6242	0.03692
37	1.425	0.04066
37	1.154	0.03972
37	1.413	0.03589
37	0.831	0.0384
37	1.189	0.03779
37	1.289	0.03737
37	0.6052	0.03707
37	1.542	0.03548
37	0.8009	0.03602
37	1.07	0.03616
37	1.19	0.03649
37	1.632	0.03722
37	1.616	0.03814
37	0.9124	0.03495
37	1.062	0.04114
37	0.4752	0.03777
37	0.7052	0.03607
37	0.5811	0.03524
37	0.8516	0.03512
37	1.657	0.03991
37	0.5401	0.03772
37	1.057	0.03753
37	1.131	0.03667
37	0.7318	0.03684
37	0.8301	0.03994
37	1.348	0.03779
37	1.674	0.03865
37	0.7138	0.03902
37	1.166	0.03654
37	1.029	0.037
37	2.755	0.03652
37	1.551	0.03868
37	2.744	0.03717
37	0.7794	0.03931
37	1.333	0.03827
37	0.5974	0.03638
37	2.269	0.03737
37	1.98	0.03693
37	1.286	0.03623
37	0.9292	0.0369
37	1.666	0.03877
37	1.709	0.03499
37	0.8342	0.03753
37	1.577	0.0382
37	1.242	0.03823
37	1.424	0.03722
37	1.779	0.03839
37	0.4887	0.036
37	1.416	0.03704
37	2.593	0.03797
37	0.916	0.0379
37	1.391	0.03744
37	0.9075	0.03517
37	2.747	0.03949
37	0.9139	0.03715
37	0.774	0.03917
37	1.419	0.03671
37	1.392	0.03672
37	0.8046	0.03821
37	0.9233	0.03924
37	0.3218	0.03698
37	0.9236	0.03627
37	0.5317	0.03886
37	0.8487	0.03816
37	1.431	0.03826
37	1.552	0.03829
37	1.388	0.03708
37	0.7949	0.03925
37	0.8482	0.03682
37	0.9026	0.03815
37	1.197	0.03571
37	0.8719	0.03606
37	1.058	0.03953
37	0.8923	0.03649
37	1.033	0.03973
37	0.6071	0.03724
37	1.521	0.03783
37	1.19	0.03928
37	1.637	0.0363
37	0.4704	0.03852
37	1.533	0.03772
37	0.7378	0.03603
37	0.9024	0.0373
37	1.342	0.03775
37	0.9902	0.03923
37	0.9032	0.03754
37	0.8185	0.03709
37	2.111	0.03661
37	1.861	0.03768
37	0.5053	0.03879
37	1.017	0.03682
37	0.867	0.03846
37	1.019	0.03867
37	1.604	0.03891
37	0.6129	0.03668
37	1.027	0.03844
37	1.29	0.03798
37	1.009	0.03704
37	2.171	0.0366
37	2.012	0.03606
37	1.378	0.03717
37	0.8651	0.03931
37	0.9535	0.03804
37	0.7475	0.037
37	1.007	0.0388
37	0.8209	0.03665
37	0.7498	0.03767
37	0.9463	0.03732
37	0.8936	0.03927
37	0.8981	0.03829
37	1.188	0.03873
37	0.4809	0.03732
37	1.309	0.03662
37	1.149	0.03664
37	0.8239	0.03774
37	0.9797	0.03828
37	0.9736	0.03872
37	1.464	0.0369
37	1.063	0.037
37	1.314	0.03773
37	0.677	0.03695
37	0.9296	0.03607
37	1.939	0.04007
37	0.3739	0.03633
37	1.211	0.03688
37	1.236	0.03928
37	1.458	0.03787
37	0.7911	0.03929
37	1.295	0.03671
37	0.8765	0.03758
37	0.9309	0.04064
37	0.6964	0.03745
37	0.6458	0.04047
37	1.299	0.04061
37	0.9322	0.03797
37	1.253	0.03657
37	0.8572	0.03628
37	1.246	0.03786
37	0.5703	0.03933
37	0.4952	0.03698
37	1.886	0.0368
37	0.777	0.03893
37	0.6425	0.03517
37	1.425	0.03748
37	0.5807	0.03496
37	1.202	0.03913
37	0.903	0.03625
37	0.8415	0.03786
37	0.9647	0.03716
37	1.752	0.0367
37	1.019	0.03636
37	0.8147	0.03588
37	2.157	0.04001
37	0.9186	0.03703
37	1.035	0.03823
37	1.289	0.03733
37	0.8943	0.03705
37	1.154	0.03827
37	1.123	0.03875
37	1.726	0.03963
37	2.312	0.03701
37	0.6855	0.03805
37	2.041	0.03951
37	0.7583	0.03708
37	1.436	0.03761
37	1.234	0.04035
37	1.961	0.03722
37	1.788	0.03763
37	1.575	0.03815
37	0.7413	0.037
37	0.9369	0.0379
37	1.299	0.03657
37	0.8729	0.03695
37	2.317	0.03821
37	0.5779	0.03655
37	1.018	0.0383
37	0.6465	0.03636
37	1.228	0.03763
37	0.8387	0.04055
37	0.5358	0.03626
37	1.517	0.03878
37	0.9793	0.03987
37	1.404	0.0391
37	0.9435	0.03662
37	0.4042	0.03761
37	0.8593	0.03724
37	1.15	0.03879
37	1.438	0.03615
37	0.7291	0.03721
37	1.454	0.03817
37	0.6077	0.03739
37	1.4	0.0374
37	0.5398	0.03608
37	0.9528	0.03896
37	0.5168	0.03692
37	0.8232	0.03586
37	1.358	0.03722
37	0.9761	0.03811
37	0.8201	0.03643
37	1.334	0.03913
37	1.589	0.0364
37	1.499	0.03671
37	1.257	0.03726
37	1.069	0.03718
37	0.7883	0.03807
37	0.8898	0.04037
37	0.6908	0.03848
37	0.6252	0.03925
37	1.716	0.03588
37	0.7974	0.03708
37	1.277	0.03894
37	1.189	0.03777
37	0.9549	0.0391
37	1.456	0.03742
37	0.8373	0.03779
37	1.382	0.03604
37	0.6768	0.03828
37	0.6786	0.03675
37	0.8682	0.03655
37	2.229	0.03851
37	0.8168	0.03691
37	1.364	0.03961
37	1.249	0.0387
37	2.14	0.03778
37	0.9016	0.03777
37	1.311	0.03844
37	1.243	0.03739
37	1.583	0.0364
37	1.401	0.03712
37	1.931	0.03713
37	1.152	0.03778
37	1.214	0.03818
37	0.8554	0.03667
37	0.9279	0.0378
37	0.6329	0.03812
37	1.075	0.03776
37	0.9696	0.03909
37	1.2	0.03779
37	1.883	0.03836
37	0.8774	0.03713
37	1.155	0.03686
37	1.114	0.03665
37	1.04	0.03833
37	1.062	0.03497
37	1.013	0.036
37	0.7422	0.03744
37	1.388	0.03806
37	0.6074	0.03662
37	1.555	0.03756
37	1.284	0.03898
37	0.8031	0.03791
37	0.8032	0.03667
37	0.5775	0.03861
37	0.9121	0.03586
37	0.5495	0.03823
37	1.162	0.03949
37	0.6	0.03619
37	1.363	0.03764
37	1.117	0.03765
37	1.172	0.03692
37	0.6746	0.03717
37	0.8271	0.0353
37	1.718	0.0393
37	0.9246	0.03833
37	0.5231	0.03707
37	1.018	0.03671
37	1.463	0.03757
37	0.586	0.03575
37	0.674	0.037
37	1.268	0.03832
37	0.5715	0.03973
37	1.747	0.0386
37	0.7052	0.03505
37	1.204	0.03909
37	0.8314	0.0366
37	1.557	0.03581
37	0.8102	0.03727
37	0.8111	0.03761
37	1.686	0.03572
37	1.009	0.03683
37	2.092	0.03756
37	0.8038	0.03743
37	0.8395	0.03797
37	1.274	0.03663
37	0.8259	0.03785
37	0.5651	0.03713
37	1.061	0.03837
37	1.542	0.03673
37	1.633	0.03883
37	0.8821	0.03929
37	1.006	0.04089
37	1.294	0.03799
37	1.2	0.0365
37	1.374	0.03834
37	1.331	0.03752
37	1.925	0.03755
37	1.387	0.03834
37	1.065	0.03619
37	0.8337	0.03786
37	0.6711	0.03822
37	1.05	0.03682
37	2.646	0.03946
37	1.253	0.0365
37	0.9313	0.03739
37	1.122	0.0367
37	0.8878	0.03766
37	0.9124	0.03775
37	1.879	0.03783
37	1.529	0.03741
37	1.806	0.03868
37	1.152	0.0379
37	0.8539	0.03685
37	2.093	0.03685
37	1.08	0.03715
37	1.058	0.03633
37	1.32	0.03828
37	1.071	0.03741
37	0.7684	0.03548
37	0.4447	0.04005
37	1.535	0.03833
37	1.485	0.0382
37	1.165	0.03938
37	1.191	0.03692
37	1.369	0.03625
37	1.299	0.03809
37	0.7601	0.03736
37	0.7823	0.03821
37	0.5766	0.0378
37	2.243	0.03699
37	0.973	0.03865
37	1.22	0.03681
37	0.6071	0.03883
37	1.002	0.03724
37	1.421	0.03768
37	0.806	0.03561
37	0.7596	0.03873
37	1.239	0.04083
37	0.6901	0.0364
37	0.9354	0.03814
37	0.3626	0.03745
37	0.5687	0.03875
37	1.121	0.03691
37	1.134	0.03767
37	0.4167	0.0374
37	0.9275	0.03815
37	0.8374	0.03776
37	0.885	0.03671
37	0.8483	0.0377
37	0.9724	0.03565
37	1.839	0.03774
37	1.377	0.03702
37	1.245	0.04062
37	2.101	0.03671
37	1.153	0.03807
37	1.243	0.03643
37	1.3	0.0401
37	0.7778	0.03712
37	1.022	0.03895
37	1.756	0.03795
37	0.9724	0.03686
37	1.948	0.03611
37	0.7982	0.03707
37	1.393	0.03719
37	0.583	0.03694
37	1.376	0.03884
37	0.6571	0.03943
37	1.217	0.03738
37	0.8721	0.03681
37	1.6	0.03724
37	2.081	0.03808
37	0.8123	0.03842
37	0.7025	0.03766
37	0.7899	0.03747
37	1.056	0.03832
37	1.317	0.03557
37	0.7763	0.03769
37	0.5057	0.03788
37	2.536	0.03752
37	0.8935	0.03812
37	1.021	0.03651
37	1.11	0.03641
37	1.536	0.03592
37	1.051	0.03704
37	0.7569	0.03684
37	0.6825	0.03785
37	0.987	0.03775
37	0.7965	0.0376
37	0.889	0.03733
37	0.8626	0.03949
37	1.318	0.03727
37	0.8379	0.03723
37	1.216	0.03844
37	1.087	0.03866
37	0.8807	0.03935
37	0.7711	0.0373
37	1.225	0.03551
37	1.393	0.03688
37	1.285	0.04039
37	0.8335	0.03831
37	0.7442	0.03811
37	0.721	0.03729
37	1.716	0.03854
37	1.442	0.03856
37	0.559	0.03782
37	0.662	0.03895
37	1.572	0.03731
37	0.8239	0.03541
37	1.615	0.04106
37	1.39	0.03792
37	1.807	0.03576
37	1.158	0.03937
37	0.7254	0.03751
37	0.5918	0.03846
37	1.352	0.03774
37	0.777	0.03603
37	0.5721	0.03956
37	0.6432	0.03885
37	1.152	0.03692
37	0.5612	0.03847
37	0.9043	0.04124
37	1.748	0.03678
37	0.9218	0.03575
37	1.278	0.0376
37	1.566	0.03701
37	0.7557	0.04008
37	1.456	0.0371
37	1.516	0.03665
37	1.758	0.03657
37	1.159	0.03593
37	1.331	0.03829
37	0.7463	0.03727
37	1.52	0.03844
37	1.75	0.03995
37	1.741	0.03739
37	1.044	0.03853
37	1.253	0.03898
37	0.583	0.03784
37	0.9397	0.03906
37	1.026	0.03709
37	0.7267	0.03941
37	1.6	0.03786
37	0.7152	0.03737
37	0.8137	0.03756
37	0.6501	0.03671
37	0.9955	0.03691
37	1.209	0.03745
37	1.038	0.03992
37	1.107	0.03728
37	1.919	0.03775
37	0.9247	0.03598
37	0.6845	0.03723
37	1.289	0.03768
37	1.001	0.0364
37	0.6359	0.03714
37	1.072	0.03927
37	1.434	0.03877
37	1.274	0.03687
37	1.156	0.03701
37	0.7842	0.03686
37	0.9999	0.03872
37	0.7058	0.03578
37	1.283	0.03739
37	0.4859	0.0372
37	0.7181	0.03634
37	0.9471	0.04062
37	1.236	0.03897
37	1.408	0.03913
37	1.412	0.03853
37	1.193	0.03748
37	0.9656	0.03673
37	1.264	0.03879
37	0.657	0.03856
37	0.7837	0.03783
37	1.125	0.0373
37	0.4156	0.03826
37	1.646	0.03714
37	1.331	0.03762
37	0.8455	0.0374
37	0.8042	0.03776
37	0.9119	0.03761
37	0.6425	0.03641
37	1.798	0.037
37	0.8548	0.03666
37	0.8174	0.03715
37	0.8514	0.03677
37	1.953	0.03804
37	0.703	0.03739
37	1.194	0.036
37	1.637	0.03887
37	0.9732	0.03605
37	1.965	0.03696
37	0.6764	0.03977
37	0.9798	0.03743
37	1.098	0.04131
37	1.045	0.03714
37	2.007	0.03751
37	1.173	0.03638
37	0.5763	0.03932
37	1.1	0.03637
37	0.4047	0.03711
37	1.254	0.03855
37	1.78	0.0385
37	2.47	0.03908
37	1.261	0.03949
37	0.6782	0.03767
37	0.6867	0.03846
37	1.322	0.03592
37	2.552	0.03818
37	0.936	0.03772
37	1.193	0.03584
37	0.5978	0.03621
37	0.7714	0.03913
37	1.826	0.03605
37	0.6742	0.0367
37	1.143	0.03782
37	1.03	0.03744
37	0.8305	0.03769
37	2.33	0.03755
37	0.6463	0.0377
37	1.364	0.03855
37	1.434	0.03798
37	1.41	0.03939
37	2.358	0.03747
37	0.5355	0.0366
37	1.267	0.0355
37	1.168	0.03916
37	1.103	0.03756
37	1.789	0.03726
37	0.6092	0.0398
37	1.001	0.03784
37	0.5252	0.0395
37	1.047	0.03938
37	0.9902	0.03913
37	1.144	0.03829
37	0.8877	0.03827
37	0.5168	0.0383
37	1.224	0.03812
37	1.216	0.03909
37	0.8689	0.03886
37	0.8442	0.03864
37	0.4324	0.03866
37	0.6547	0.03915
37	2.544	0.03893
37	0.7279	0.03615
37	1.346	0.03782
37	0.4478	0.03758
37	0.8262	0.03711
37	0.8664	0.03626
37	1.216	0.03726
37	0.8728	0.03991
37	1.354	0.04058
37	1.806	0.03791
37	0.6366	0.03752
37	1.153	0.03829
37	1.577	0.03905
37	1.118	0.03902
37	1.605	0.0397
37	1.192	0.03848
37	0.5563	0.03721
37	2.062	0.03606
37	1.294	0.03951
37	0.9535	0.03917
37	1.434	0.03905
37	1.322	0.03833
37	1.278	0.03667
37	0.9753	0.03562
37	1.23	0.0377
37	0.6325	0.03889
37	0.5225	0.03907
37	0.9707	0.03603
37	1.854	0.03682
37	1.429	0.0392
37	0.8134	0.03818
37	0.7215	0.03562
37	2.728	0.04016
37	0.5628	0.03701
37	0.9357	0.03681
37	0.781	0.03682
37	2.655	0.0388
37	1.142	0.03632
37	0.687	0.03853
37	0.7758	0.03875
37	0.4276	0.03914
37	1.573	0.03684
37	1.115	0.03674
37	0.6869	0.03598
37	1.128	0.03737
37	1.233	0.03681
37	0.4348	0.03912
37	1.353	0.0391
37	0.4577	0.03774
37	1.225	0.03562
37	0.9912	0.04164
37	0.5809	0.03916
37	0.6749	0.03673
37	0.8492	0.03673
37	0.6572	0.03664
37	0.773	0.0384
37	0.4761	0.03831
37	1.023	0.03954
37	0.6855	0.03691
37	0.7809	0.04046
37	1.173	0.03701
37	1.137	0.03723
37	2.835	0.03803
37	0.4578	0.03925
37	0.6693	0.0357
37	0.5765	0.0376
37	0.8866	0.03904
37	0.7759	0.0381
37	1.105	0.03845
37	0.5276	0.03698
37	1.03	0.03803
37	0.6872	0.03747
37	0.9808	0.03571
37	0.6914	0.03918
37	1.183	0.04104
37	1.614	0.03673
37	0.8377	0.03891
37	0.7068	0.03713
37	0.7549	0.03642
37	0.5274	0.03917
37	1.13	0.03773
37	1.101	0.03587
37	0.9281	0.03742
37	1.149	0.0377
37	1.506	0.03699
37	0.5681	0.03702
37	1.124	0.03747
37	1.286	0.03863
37	1.393	0.03872
37	1.211	0.03737
37	1.888	0.03766
37	2.149	0.039
37	1.185	0.03734
37	0.5589	0.03656
37	0.76	0.03724
37	0.9954	0.03784
37	0.4843	0.03843
37	1.021	0.03942
37	0.6771	0.03769
37	1.501	0.03739
37	1.185	0.03694
37	0.6981	0.03766
37	0.7791	0.03852
37	1.744	0.0372
37	1.622	0.03909
37	1.051	0.03981
37	1.138	0.03802
37	1.055	0.03848
37	0.7836	0.04085
37	1.261	0.03883
37	1.212	0.03866
37	0.4176	0.03921
37	0.883	0.03652
37	0.6763	0.04046
37	0.816	0.0382
37	0.8388	0.03795
37	0.9219	0.03847
37	1.36	0.03634
37	1.006	0.03799
37	1.364	0.0357
37	2.226	0.03715
37	0.7526	0.03659
37	1.303	0.03876
37	1.61	0.03802
37	0.994	0.03611
37	1.101	0.03931
37	0.6629	0.03768
37	1.417	0.03875
37	1.605	0.0379
37	0.8249	0.03664
37	0.5421	0.04061
37	1.086	0.03722
37	1.12	0.03855
37	1.169	0.03698
37	1.065	0.03761
37	0.7329	0.03731
37	1.202	0.03777
37	1.173	0.03864
37	1.437	0.03685
37	1.268	0.0351
37	1.774	0.04028
37	0.9267	0.0362
37	0.8615	0.03668
37	1.215	0.0373
37	1.065	0.03688
37	1.11	0.03642
37	1.515	0.0394
37	2.154	0.03694
37	1.267	0.03917
37	1.267	0.03659
37	0.808	0.03782
37	1.415	0.03719
37	0.7739	0.03535
37	0.7481	0.03742
37	1.095	0.03925
37	0.7947	0.03813
37	2.051	0.0406
37	0.6689	0.03686
37	0.7584	0.03737
37	0.5498	0.03901
37	1.24	0.03965
37	2.11	0.03752
37	1.46	0.03573
37	1.183	0.03553
37	1.638	0.03624
37	0.7961	0.0383
37	0.4525	0.03593
37	1.209	0.0403
37	0.5677	0.03819
37	1.176	0.03982
37	1.139	0.03767
37	1.234	0.03572
37	1.277	0.03792
37	0.7275	0.03923
37	1.315	0.03487
37	0.905	0.03886
37	0.8604	0.03682
37	1.44	0.03644
37	0.7927	0.03991
37	1.725	0.03743
37	0.7974	0.03935
37	0.6234	0.03642
37	1.252	0.03565
37	0.6922	0.03813
37	1.108	0.03837
37	0.6758	0.03732
37	1.327	0.03913
37	0.6797	0.03811
37	1.054	0.03876
37	0.7546	0.03714
37	1.967	0.03706
37	1.033	0.03741
37	0.9684	0.0377
37	1.331	0.03887
37	0.7782	0.03982
37	1.202	0.0389
37	1.076	0.03849
37	0.9917	0.03693
37	1.441	0.03613
37	1.829	0.03636
37	1.237	0.03604
37	1.718	0.03721
37	0.8133	0.03856
37	1.08	0.03765
37	0.7454	0.03828
37	0.7902	0.03655
37	1.415	0.03882
37	2.973	0.0373
37	0.7867	0.03781
37	4.282	0.03798
37	1.809	0.03761
37	0.8104	0.03915
37	1.26	0.03907
37	1.073	0.03654
37	1.039	0.03672
37	0.7549	0.03784
37	0.5425	0.03705
37	0.9038	0.03771
37	1.001	0.03875
37	0.2978	0.03925
37	0.658	0.03738
37	0.8695	0.03671
37	0.9348	0.03996
37	0.8088	0.03884
37	1.268	0.03626
37	1.186	0.03597
37	0.7142	0.03784
37	0.9758	0.03965
37	1.076	0.03761
37	1.013	0.03901
37	0.8649	0.03791
37	1.109	0.03701
37	1.052	0.03612
37	1.312	0.03728
37	0.759	0.03762
37	1.008	0.03753
37	0.899	0.03914
37	1.14	0.03967
37	0.9493	0.0369
37	1.058	0.03728
37	1.011	0.0374
37	0.5819	0.03822
37	0.6971	0.03696
37	1.59	0.03623
37	0.9445	0.03717
37	0.9922	0.03912
37	1.297	0.0377
37	0.7336	0.03566
37	0.8486	0.03748
37	0.8098	0.03772
37	1.855	0.03583
37	1.149	0.03757
37	0.5128	0.03765
37	0.7325	0.03958
37	1.685	0.03664
37	1.011	0.03931
37	0.7763	0.03717
37	1.138	0.03762
37	0.6341	0.03779
37	0.7934	0.03607
37	0.7431	0.03714
37	1.285	0.03858
37	1.171	0.03722
37	0.8643	0.03742
37	0.9819	0.03697
37	0.7572	0.03852
37	2.819	0.03698
37	0.5515	0.03732
37	1.641	0.03888
37	1.183	0.03664
37	0.7994	0.03815
37	1.182	0.03731
37	0.9674	0.03707
37	2.693	0.03869
37	0.5983	0.03756
37	2.851	0.03579
37	1.272	0.03529
37	0.9823	0.03575
37	1.861	0.03703
37	1.773	0.03622
37	0.9289	0.0383
37	0.7128	0.03828
37	0.9553	0.03687
37	0.9411	0.03988
37	1.701	0.0388
37	0.8782	0.0395
37	1.098	0.03739
37	0.8264	0.03873
37	1.386	0.03874
37	1.669	0.03821
37	2.438	0.03666
37	0.9941	0.03747
37	0.9402	0.03876
37	1.224	0.03737
37	0.7714	0.03727
37	1.738	0.03825
37	0.787	0.03602
37	1.569	0.03864
37	1.273	0.03952
37	1.279	0.03765
37	1.125	0.03706
37	1.302	0.03899
37	1.348	0.03607
37	0.9878	0.03954
37	0.5197	0.03698
37	0.4064	0.03757
37	0.9695	0.03792
37	0.8808	0.03755
37	0.9423	0.03669
37	0.8363	0.03757
37	1.806	0.03638
37	0.6531	0.03872
37	0.7301	0.03802
37	0.9324	0.03711
37	1.523	0.03919
37	1.343	0.04005
37	1.218	0.03804
37	2.059	0.03745
37	1.603	0.0364
37	1.417	0.03709
37	0.8675	0.03889
37	1.056	0.03877
37	0.8518	0.03805
37	1.048	0.03764
37	0.9476	0.037
37	1.641	0.03799
37	0.6392	0.04008
37	1.387	0.03896
37	0.7589	0.03746
37	1.332	0.03696
37	0.9014	0.03758
37	1.026	0.03724
37	0.8321	0.03713
37	1.119	0.03595
37	1.054	0.03954
37	0.9583	0.03714
37	0.8432	0.03659
37	2.166	0.03924
37	0.7666	0.04014
37	1.054	0.03691
37	1.472	0.03633
37	1.255	0.0377
37	1.756	0.03772
37	0.8966	0.03777
37	1.787	0.03939
37	1.143	0.03637
37	1.276	0.03799
37	1.939	0.03796
37	1.225	0.03621
37	0.6768	0.03807
37	1.278	0.03477
37	1.927	0.03815
37	1.289	0.03802
37	0.9168	0.03869
37	1.279	0.03831
37	0.8362	0.03646
37	1.113	0.03661
37	0.6078	0.03596
37	1.204	0.0403
37	0.7189	0.03841
37	0.9827	0.03843
37	0.9626	0.03654
37	0.73	0.03664
37	1.315	0.03787
37	0.9375	0.03713
37	0.9044	0.03903
37	1.422	0.04161
37	1.063	0.03816
37	1.413	0.03613
37	0.5649	0.03703
37	1.367	0.03708
37	0.896	0.03804
37	0.8258	0.03558
37	1.418	0.03765
37	1.231	0.03733
37	1.246	0.04028
37	0.8681	0.03641
37	0.8226	0.03641
37	1.76	0.03867
37	1.053	0.03698
37	1.43	0.03778
37	0.9314	0.03864
37	1.012	0.03964
37	1.339	0.03749
37	0.5944	0.03866
37	1.492	0.03795
37	1.083	0.03783
37	1.958	0.03836
37	1.268	0.03489
37	1.388	0.03912
37	0.804	0.03804
37	0.8017	0.03896
37	1.453	0.03811
37	0.7317	0.03913
37	0.9043	0.0377
37	1.176	0.03655
37	1.224	0.03822
37	1.799	0.03838
37	1.145	0.03709
37	0.8507	0.03645
37	0.8203	0.0392
37	0.6518	0.03892
37	0.7573	0.03781
37	0.6088	0.03781
37	0.999	0.03861
37	0.6273	0.03883
37	1.356	0.03991
37	1.638	0.03657
37	1.264	0.0368
37	0.8763	0.03847
37	0.8333	0.03666
37	0.8086	0.03835
37	2.23	0.03889
37	1.3	0.03756
37	1.363	0.03895
37	0.7039	0.03913
37	1.524	0.03788
37	0.6935	0.03639
37	0.4676	0.03819
37	0.7169	0.03903
37	0.9654	0.04101
37	1.278	0.03754
37	1.84	0.03833
37	1.035	0.03743
37	1.271	0.03632
37	2.253	0.03687
37	1.048	0.03638
37	0.9187	0.0384
37	0.7024	0.03495
37	1.899	0.03769
37	1.288	0.03914
37	0.4839	0.03694
37	1.065	0.03814
37	1.457	0.03905
37	0.8105	0.03811
37	1.982	0.04028
37	0.8854	0.03653
37	1.79	0.03633
37	1.878	0.03697
37	1.395	0.0368
37	1.152	0.03754
37	0.7762	0.03736
37	1.009	0.03796
37	1.022	0.03715
37	0.6706	0.03673
37	1.301	0.03801
37	1.248	0.03705
37	0.872	0.03736
37	1.68	0.0377
37	1.144	0.03842
37	0.6055	0.0393
37	0.5656	0.03495
37	0.8075	0.0388
37	0.9271	0.03691
37	0.5915	0.03826
37	0.7601	0.03485
37	1.117	0.03594
37	0.7636	0.03638
37	1.412	0.03604
37	1.235	0.03916
37	2.452	0.03717
37	1.292	0.03892
37	1.204	0.03845
37	1.141	0.03881
37	1.055	0.03661
37	1.047	0.03898
37	0.6077	0.03681
37	0.8514	0.03708
37	1.024	0.03749
37	1.018	0.03709
37	0.7647	0.03733
37	0.7189	0.03951
37	1.363	0.04176
37	0.5998	0.03652
37	1.067	0.03811
37	0.6208	0.03771
37	0.8348	0.03742
37	0.8464	0.03838
37	1.664	0.03702
37	0.7146	0.03635
37	0.7717	0.0367
37	1.698	0.03798
37	1.315	0.03721
37	2.154	0.03872
37	0.5986	0.03819
37	1.041	0.03492
37	0.8701	0.03852
37	0.8406	0.03791
37	1.599	0.03787
37	1.058	0.0372
37	1.04	0.03815
37	0.5647	0.03799
37	1.322	0.03782
37	1.075	0.03618
37	0.9558	0.04033
37	1.994	0.03889
37	0.8815	0.03814
37	1.65	0.03637
37	0.8965	0.03868
37	0.7571	0.03779
37	1.019	0.03832
37	0.9417	0.03851
37	0.85	0.03827
37	0.9791	0.03893
37	1.195	0.03748
37	1.228	0.03708
37	0.8193	0.0389
37	0.9739	0.03981
37	1.385	0.03673
37	1.024	0.03971
37	2.739	0.03733
37	1.393	0.03662
37	1.144	0.03926
37	0.7511	0.03998
37	0.9188	0.03602
37	1.605	0.03565
37	1.556	0.03711
37	0.9201	0.03773
37	1.924	0.03798
37	0.809	0.03643
37	1.556	0.03999
37	1.598	0.03662
37	2.406	0.03824
37	1.755	0.0376
37	0.9655	0.03811
37	0.8961	0.03847
37	0.9795	0.03908
37	2.428	0.03644
37	1.721	0.03764
37	1.032	0.03781
37	0.9625	0.03757
37	1.476	0.03872
37	1.813	0.03914
37	1.288	0.03651
37	0.7434	0.03694
37	1.282	0.03591
37	0.7765	0.03758
37	2.078	0.03703
37	0.4618	0.03877
37	1.654	0.03966
37	1.708	0.03606
37	1.676	0.03718
37	0.5139	0.03759
37	1.443	0.03811
37	0.8117	0.03712
37	1.403	0.04048
37	0.7462	0.03661
37	1.55	0.03892
37	1.315	0.03735
37	1.366	0.03802
37	1.074	0.03556
37	0.911	0.03714
37	0.7982	0.0365
37	1.191	0.03669
37	1.025	0.03605
37	1.247	0.03625
37	1.057	0.03684
37	1.015	0.03921
37	1.406	0.03763
37	0.7052	0.0388
37	1.647	0.03819
37	0.7048	0.03975
37	1.036	0.03911
37	2.383	0.03964
37	0.9498	0.03822
37	0.9818	0.03824
37	1.389	0.03756
37	0.9811	0.03857
37	1.082	0.03619
