8	1.035	0.01612
8	0.9668	0.01173
8	1.463	0.2664
8	1.038	0.02311
8	1.244	0.119
8	0.602	1e-05
8	0.94	0.003135
8	1.26	0.1294
8	1.487	0.3013
8	1.095	0.04631
8	1.012	0.02131
8	1.002	0.02331
8	1.043	0.04302
8	0.7627	0.0006377
8	1.18	0.08196
8	0.9401	0.006035
8	1.19	0.08699
8	1.274	0.125
8	0.5962	1e-05
8	1.517	0.2998
8	0.7818	0.0006393
8	0.7429	0.0001782
8	1.394	0.2232
8	1.028	0.0313
8	0.8063	0.0007841
8	1.163	0.0636
8	1.053	0.01477
8	1.386	0.2105
8	1.25	0.1191
8	1.041	0.01554
8	1.708	0.5103
8	1.089	0.04134
8	0.8323	0.002548
8	0.9561	0.009244
8	0.7798	0.001171
8	1.368	0.2006
8	1.18	0.07807
8	0.7538	0.0001093
8	1.479	0.2943
8	0.7746	0
8	0.8273	0.001444
8	1.117	0.05104
8	1.114	0.05061
8	1.066	0.02389
8	1.517	0.2924
8	0.8585	0
8	1.006	0.02176
8	1.021	0.02823
8	0.7712	0.0007349
8	0.9832	0.01523
8	0.9208	0.008331
8	1.456	0.2646
8	0.7536	0
8	1.012	0.0209
8	1.172	0.0727
8	0.6294	1e-05
8	1.673	0.5032
8	0.8878	0.008741
8	0.6085	1e-05
8	1.05	0.03563
8	1.141	0.07156
8	1.001	0.01536
8	0.9266	0.003886
8	1.167	0.0732
8	1.008	0.02427
8	0.7957	0.001807
8	0.8136	0.001261
8	0.965	0.01086
8	0.8849	0.008629
8	0.7623	0.0001895
8	1.301	0.1622
8	0.9976	0.01664
8	1.47	0.2709
8	0.9473	0.006602
8	1.005	0.0195
8	1.376	0.206
8	1.338	0.1797
8	0.9132	0.008182
8	0.8206	0.002028
8	1.269	0.1215
8	0.8043	0.000718
8	1.365	0.2028
8	1.476	0.3027
8	0.983	0.01479
8	1.006	0.01322
8	0.8984	0.005275
8	0.8465	0.002491
8	1.331	0.1721
8	1.31	0.1611
8	1.004	0.01656
8	1.075	0.02225
8	1.186	0.08763
8	0.9635	0.01138
8	1.106	0.05106
8	1.032	0.008845
8	1.49	0.3446
8	1.467	0.273
8	0.9778	0.01308
8	1.178	0.07757
8	1.371	0.2002
8	1.34	0.1794
8	1.494	0.3073
8	0.9924	0.01349
8	1.272	0.1368
8	0.8384	0.001704
8	1.421	0.2075
8	1.387	0.2141
8	0.8118	0.001299
8	1.582	0.3236
8	1.036	0.02879
8	1.223	0.1016
8	1.247	0.1283
8	0.9156	0.01109
8	1.366	0.1984
8	1.066	0.04142
8	0.6457	1e-05
8	0.911	0.00867
8	2.307	1.207
8	1.01	0.01608
8	1.015	0.006868
8	1.237	0.1115
8	0.9183	0.00939
8	0.9005	0.00833
8	1.094	0.04725
8	1.12	0.05414
8	1.359	0.195
8	1.772	0.5846
8	1.014	0.03136
8	1.239	0.1163
8	0.9947	0.009579
8	0.9825	0.01715
8	1.113	0.04746
8	0.7352	0.0005342
8	1.387	0.2142
8	1.228	0.1123
8	0.9238	0.005303
8	1.085	0.03385
8	0.9002	0.004848
8	1.118	0.06593
8	1.054	0.03379
8	1.07	0.04355
8	1.107	0.04533
8	1.068	0.03908
8	1.42	0.2523
8	0.7632	0.0001541
8	1.563	0.3603
8	0.9299	0.008766
8	1.344	0.1762
8	1.995	0.8272
8	0.7851	0.0001998
8	0.6892	1e-05
8	1.311	0.1632
8	1.339	0.1829
8	0.7878	0.0008781
8	0.8573	0.003397
8	0.9094	0.01049
8	1.685	0.5063
8	1.075	0.04381
8	1.407	0.2305
8	1.18	0.08095
8	1.089	0.04276
8	0.9822	0.01536
8	1.101	0.04463
8	0.8086	0.002083
8	1.55	0.374
8	1.305	0.1601
8	1.389	0.2133
8	1.102	0.04606
8	0.8814	0.003556
8	1.35	0.1892
8	0.8694	0.006145
8	1.062	0.02987
8	0.7457	0
8	0.7518	0.000654
8	1.392	0.2157
8	1.443	0.2835
8	1.778	0.591
8	1.302	0.161
8	1.168	0.07202
8	1.075	0.03536
8	1.277	0.1262
8	0.8781	0.003932
8	1.465	0.2421
8	1.193	0.0924
8	0.9853	0.01512
8	0.8585	0.002851
8	1.39	0.2194
8	1.283	0.1285
8	1.04	0.01972
8	1.31	0.1599
8	0.937	0.00469
8	0.857	0.0002151
8	0.981	0.01537
8	1.426	0.241
8	1.958	0.7625
8	1.05	0.04055
8	1.707	0.5262
8	1.33	0.1705
8	0.7553	0.000498
8	1.215	0.09581
8	1.392	0.2164
8	1.348	0.1884
8	1.386	0.2147
8	0.6933	1e-05
8	0.8556	0.006582
8	1.268	0.1203
8	0.8834	0.01014
8	0.9677	0.01197
8	0.8126	0.001519
8	0.9587	0.01098
8	0.9037	0.009065
8	1.127	0.05581
8	1.202	0.098
8	1.343	0.1822
8	1.42	0.24
8	1.243	0.1254
8	1.763	0.5922
8	0.5974	1e-05
8	1.069	0.04202
8	0.9991	0.01049
8	0.8167	0.001555
8	1.345	0.1775
8	1.528	0.3278
8	0.7458	0.0002169
8	0.8924	0.005687
8	1.284	0.1422
8	1.296	0.1318
8	1.555	0.3683
8	1.156	0.07612
8	1.071	0.04495
8	0.9642	0.0114
8	1.353	0.1885
8	0.8628	0.004428
8	0.8	0.001782
8	1.841	0.6614
8	1.133	0.04801
8	1.871	0.6683
8	1.186	0.08552
8	1.133	0.06844
8	1.204	0.09335
8	1.838	0.6368
8	1.408	0.2335
8	0.9334	0.0077
8	1.183	0.08222
8	1.441	0.2724
8	0.7387	7.784e-05
8	1.312	0.1607
8	1.412	0.2286
8	1.581	0.4318
8	0.9704	0.01244
8	1.504	0.3313
8	1.424	0.2382
8	0.7923	0.002525
8	1.1	0.0416
8	0.7	1e-05
8	1.513	0.2621
8	1.015	0.01617
8	1.001	0.03173
8	0.9942	0.01693
8	0.852	0.007448
8	1.301	0.1468
8	1.07	0.04176
8	1.477	0.2986
8	1.295	0.1347
8	1.155	0.07283
8	1.123	0.05166
8	1.097	0.04336
8	1.614	0.3881
8	1.697	0.5733
8	0.9302	0.004463
8	0.9139	0.01078
8	1.237	0.1221
8	1.25	0.1114
8	1.42	0.2303
8	0.8312	0.00261
8	1.069	0.02923
8	1.109	0.05043
8	1.516	0.3
8	1.027	0.04171
8	0.9012	0.009656
8	1.082	0.02309
8	1.013	0.01936
8	0.9651	0.01147
8	0.8109	0
8	1.003	0.01583
8	0.898	0.009937
8	0.9692	0.009869
8	0.8224	0.001795
8	1.346	0.1781
8	0.9385	0.008463
8	1.808	0.6351
8	1.208	0.09383
8	0.9362	0.007894
8	1.026	0.03224
8	0.8217	0.0001276
8	1.184	0.08643
8	1.266	0.1325
8	0.7907	0.001213
8	1.12	0.05139
8	1.084	0.04586
8	0.8724	0.004519
8	1.724	0.5186
8	1.015	0.02295
8	1.205	0.09226
8	0.8332	0.002643
8	0.9746	0.01467
8	0.8038	0.000557
8	0.8698	0.003991
8	1.191	0.08728
8	1.199	0.08604
8	1.113	0.05045
8	1.005	0.02808
8	1.343	0.1822
8	1.096	0.03891
8	1.324	0.1616
8	1.023	0.03248
8	1.019	0.02811
8	1.243	0.1183
8	0.8844	0.005391
8	1.215	0.09681
8	1.086	0.02995
8	0.8004	0.001568
8	1.462	0.2731
8	1.211	0.09608
8	1.103	0.04238
8	0.6333	1e-05
8	0.7491	9.507e-05
8	0.7699	0.0005447
8	1.246	0.1239
8	1.679	0.4862
8	1.144	0.07877
8	1.212	0.1016
8	0.958	0.008341
8	1.156	0.07139
8	1.201	0.08986
8	1.13	0.07206
8	1.07	0.0425
8	0.9145	0.007316
8	0.7595	0.0005595
8	0.715	1e-05
8	1.061	0.03464
8	0.9017	0.007902
8	2.392	1.299
8	0.6883	1e-05
8	1.831	0.6414
8	1.35	0.1911
8	0.7326	0.0001328
8	1.17	0.0717
8	1.002	0.02474
8	0.9909	0.01574
8	0.9427	0.004718
8	0.8264	0.003649
8	0.9582	0.005024
8	1.44	0.2705
8	1.128	0.05904
8	1.639	0.3944
8	1.643	0.4715
8	1.13	0.06569
8	1.432	0.2555
8	0.7626	0.0003841
8	1.107	0.05312
8	1.173	0.07368
8	1.381	0.2096
8	0.7575	0
8	1.747	0.5805
8	0.8191	0.003404
8	1.097	0.04204
8	1.062	0.03899
8	1.167	0.09518
8	1.605	0.4435
8	1.194	0.08727
8	1.011	0.01366
8	1.604	0.3409
8	1.022	0.01409
8	1.413	0.2384
8	1.224	0.1084
8	1.645	0.5512
8	1.409	0.231
8	1.298	0.1566
8	1.034	0.02397
8	1.026	0.03165
8	0.9481	0.007617
8	1.079	0.05072
8	1.241	0.1188
8	0.8505	0.003817
8	0.8596	0.005469
8	0.9165	0.008086
8	1.071	0.04436
8	0.7935	0
8	1.095	0.04097
8	1.045	0.02376
8	1.649	0.452
8	1.641	0.4801
8	1.532	0.3544
8	1.384	0.2113
8	1.197	0.08743
8	1.452	0.2631
8	1.455	0.2933
8	1.11	0.04474
8	0.8992	0.00706
8	1.184	0.08067
8	1.662	0.5029
8	1.637	0.5331
8	0.9647	0.01139
8	0.9452	0.003901
8	0.9924	0.01666
8	0.8688	0.004006
8	1.492	0.3278
8	1.643	0.3941
8	1.299	0.1678
8	0.8573	0.004731
8	0.9954	0.01268
8	0.8351	0
8	1.584	0.389
8	1.441	0.2606
8	0.667	1e-05
8	0.731	0.00057
8	0.9134	0.009923
8	0.9675	0.01224
8	0.9363	0.008139
8	1.278	0.1301
8	1.086	0.04106
8	1.374	0.2064
8	1.165	0.06235
8	1.109	0.04601
8	1.003	0.01753
8	1.016	0.01851
8	1.089	0.04275
8	1.113	0.04443
8	2.196	1.055
8	1.028	0
8	0.9424	0.009876
8	1.022	0.02928
8	1.172	0.07867
8	1.26	0.1198
8	0.8792	0.005442
8	1.327	0.1688
8	1.102	0.04216
8	1.075	0.01502
8	0.9288	0.006414
8	0.8961	0.008466
8	0.8142	0.001705
8	1.78	0.6096
8	1.407	0.2255
8	1.305	0.1501
8	1.146	0.07726
8	1.703	0.507
8	0.8226	0.002062
8	1.066	0.04733
8	1.039	0.007255
8	0.789	0
8	1.259	0.1138
8	1.37	0.2028
8	0.9753	0.01103
8	1.18	0.07682
8	1.484	0.322
8	0.9166	0.00654
8	1.473	0.2509
8	0.905	0.007397
8	0.5209	1e-05
8	0.726	0.000135
8	0.6695	1e-05
8	1.358	0.1906
8	0.8616	0.006321
8	0.8839	0.002257
8	1.369	0.2029
8	1.128	0.04768
8	1.357	0.1956
8	0.9581	0.005572
8	0.7363	0
8	1.229	0.1029
8	0.9059	0.009935
8	1.031	0.02622
8	1.434	0.257
8	0.7608	0.0002303
8	1.134	0.07683
8	1.116	0.04312
8	0.9188	0.01072
8	0.7583	0.0002542
8	1.528	0.336
8	1.429	0.2354
8	1.732	0.5499
8	1.191	0.08776
8	1.146	0.05614
8	0.8894	0.01034
8	1.313	0.1673
8	1.1	0.05244
8	1.281	0.1281
8	0.8694	0.004388
8	1.12	0.04595
8	1.093	0.03661
8	0.9766	0.01193
8	0.7458	0
8	1.191	0.0847
8	0.7002	1e-05
8	0.9892	0.01573
8	0.9032	0.006939
8	1.148	0.06345
8	0.8144	0.001934
8	1.603	0.3135
8	1.114	0.05355
8	1.166	0.06755
8	1.145	0.05601
8	0.955	0.006549
8	1.037	0.01435
8	1.502	0.2987
8	1.286	0.1307
8	1.207	0.09519
8	1.339	0.1768
8	1.442	0.2901
8	1.306	0.1604
8	0.694	1e-05
8	0.9347	0.008008
8	1.206	0.09423
8	1.396	0.2254
8	0.7751	0.0004492
8	1.029	0.02282
8	1.197	0.08931
8	1.096	0.03983
8	1.548	0.3002
8	0.6436	1e-05
8	1.187	0.0826
8	1.288	0.1485
8	0.9233	0.008665
8	1.555	0.4064
8	1.237	0.1161
8	1.416	0.2346
8	0.7943	0.001814
8	1.229	0.1146
8	0.8392	0.002186
8	0.7176	1e-05
8	1.058	0.04742
8	1.165	0.07556
8	0.743	0
8	0.8065	0.002492
8	0.7496	0.0008601
8	1.344	0.1831
8	1.02	0.01992
8	1.355	0.1929
8	1.489	0.3659
8	1.409	0.2329
8	1.163	0.08213
8	1.016	0.01501
8	0.8052	0.001324
8	0.7112	1e-05
8	0.9558	0.008322
8	1.303	0.1577
8	1.502	0.2192
8	0.9961	0.01416
8	0.8614	0.002334
8	1.107	0.04664
8	1.016	0.03163
8	0.9269	0.00459
8	1.119	0.0474
8	0.9292	0.004173
8	0.8725	0.004183
8	1.18	0.08666
8	1.172	0.07385
8	1.707	0.5444
8	0.9712	0.01133
8	0.949	0.005458
8	1.414	0.2379
8	1.707	0.548
8	0.8518	0.001474
8	1.412	0.2357
8	1.259	0.1226
8	1.305	0.1619
8	1.467	0.331
8	1.208	0.09254
8	1.227	0.1172
8	0.95	0.008476
8	1.686	0.5004
8	0.9812	0.01314
8	1.239	0.1181
8	0.9694	0.01199
8	1.099	0.04548
8	1.293	0.131
8	1.053	0.02874
8	1.641	0.51
8	1.159	0.06504
8	0.8971	0.01112
8	0.9318	0.004478
8	1.154	0.08459
8	0.7836	0.0002821
8	0.7398	0.0002404
8	0.7476	0.0001518
8	1.19	0.08584
8	1.05	0.03561
8	0.9102	0.0107
8	0.964	0.01094
8	1.001	0.018
8	0.8778	0.004478
8	1.211	0.105
8	0.9325	0.01014
8	1.697	0.5245
8	1.101	0.04918
8	1.142	0.05452
8	0.7469	0.001087
8	0.95	0.005452
8	0.9796	0.01521
8	0.888	0.003458
8	0.9741	0.01042
8	0.9878	0.01643
8	1.016	0.0173
8	1.171	0.07783
8	1.009	0.01809
8	0.8264	0.002794
8	0.589	1e-05
8	0.9883	0.01517
8	1.268	0.1287
8	1.114	0.0506
8	1.029	0.04076
8	1.408	0.2302
8	1.005	0.01852
8	1.094	0.04825
8	0.8994	0.008233
8	1.051	0.0166
8	0.8209	0.001833
8	1.139	0.06235
8	1.488	0.3164
8	1.771	0.5872
8	1.198	0.08722
8	1.243	0.1195
8	1.518	0.3547
8	1.364	0.1998
8	0.6475	1e-05
8	1.063	0.05172
8	1.086	0.03057
8	1.608	0.44
8	0.984	0.01608
8	1.441	0.2259
8	1.612	0.4486
8	1.054	0.03451
8	0.8969	0.009481
8	1.183	0.08511
8	1.008	0.02099
8	2.169	1.036
8	1.516	0.285
8	0.9281	0.008814
8	1.15	0.06259
8	1.122	0.0581
8	1.013	0.02565
8	1.071	0.04239
8	0.9104	0.007493
8	1.066	0.03431
8	0.893	0.006233
8	1.403	0.2287
8	0.8086	0.001203
8	1.109	0.04626
8	1.135	0.05275
8	0.7192	1e-05
8	0.8326	0.001087
8	1.161	0.09502
8	0.9241	0.005226
8	1.145	0.06783
8	0.8787	0.002609
8	0.9828	0.01528
8	1.825	0.6417
8	1.52	0.3306
8	1.623	0.5112
8	1.022	0.02163
8	1.64	0.4224
8	0.8869	0.006917
8	0.9393	0.006356
8	1.226	0.1056
8	0.9942	0.01728
8	0.8257	0.001126
8	1.529	0.3272
8	1.444	0.2629
8	1.348	0.1815
8	1.503	0.3549
8	1.216	0.09427
8	1.32	0.1701
8	1.302	0.1559
8	0.8457	0.004062
8	1.27	0.1335
8	0.9673	0.01344
8	1.137	0.07132
8	1.001	0.03289
8	1.227	0.1145
8	1.382	0.2113
8	0.9935	0.01596
8	1.159	0.06378
8	0.9968	0.001727
8	1.014	0.01717
8	1.017	0.02678
8	0.8542	0
8	1.267	0.1302
8	1.582	0.4158
8	1.375	0.2036
8	0.9857	0.01576
8	1.631	0.4288
8	0.7669	7.254e-05
8	1.131	0.07329
8	1.259	0.119
8	1.444	0.2464
8	1.251	0.1281
8	1.519	0.298
8	1.056	0.01858
8	1.164	0.0811
8	1.28	0.1319
8	1.761	0.6035
8	0.7242	0
8	1.318	0.1632
8	1.353	0.1884
8	1.638	0.4935
8	0.8076	0.0008495
8	1.801	0.6541
8	0.9955	0.02079
8	1.231	0.1116
8	1.078	0.04812
8	1.211	0.09132
8	0.9774	0.01483
8	1.197	0.08991
8	0.7073	1e-05
8	1.518	0.3584
8	1.159	0.054
8	1.086	0.03626
8	1.567	0.3693
8	0.7634	5.716e-07
8	1.457	0.2783
8	1.019	0.02168
8	1.441	0.2773
8	1.358	0.1961
8	0.7694	0.0006517
8	1.196	0.08677
8	1.944	0.7643
8	0.8967	0.007937
8	1.31	0.1646
8	1.189	0.0885
8	0.9035	0.01104
8	1.646	0.522
8	1.221	0.1033
8	1.446	0.2684
8	1.177	0.07483
8	0.7227	1e-05
8	1.471	0.315
8	1.013	0.01799
8	1.029	0.02129
8	0.8805	0.002917
8	1.065	0.02161
8	1.117	0.04726
8	1.879	0.69
8	0.8634	0.0076
8	1.08	0.03719
8	1.52	0.3291
8	1.255	0.1232
8	1.377	0.2051
8	1.007	0.01202
8	0.8181	0.001049
8	0.7089	1e-05
8	1.337	0.1795
8	1.43	0.2303
8	0.9987	0.02239
8	1.515	0.3138
8	0.8126	0.002385
8	0.8188	0.001716
8	1.183	0.08434
8	1.34	0.1788
8	1.604	0.4479
8	0.7431	0.0004112
8	1.227	0.1081
8	0.9288	0.004498
8	1.325	0.1645
8	1.117	0.05505
8	0.6591	1e-05
8	1.609	0.3887
8	1.139	0.08692
8	0.9988	0
8	0.9243	0.003784
8	1.273	0.1283
8	1.048	0.05255
8	0.8763	0.003844
8	1.255	0.1224
8	0.8979	0.007502
8	0.7303	8.921e-05
8	1.383	0.2117
8	0.9213	0.005459
8	0.8284	0.001572
8	0.7384	0
8	1.709	0.5047
8	1.101	0.05066
8	1.389	0.2142
8	1.072	0.03294
8	0.9706	0.01274
8	1.163	0.08094
8	1.362	0.1966
8	1.073	0.02987
8	0.7648	0
8	1.422	0.2651
8	1.028	0.03314
8	1.233	0.1082
8	1.481	0.3046
8	1.617	0.4259
8	1.434	0.2554
8	0.9943	0.01734
8	0.8299	0.001339
8	1.999	0.8388
8	0.9896	0.01559
8	1.159	0.07789
8	1.499	0.2962
8	0.9798	0.01197
8	1.327	0.1712
8	1.181	0.0802
8	1.207	0.09757
8	1.647	0.4565
8	1.049	0.02828
8	1.943	0.7817
8	1.41	0.2299
8	0.8597	0.009046
8	0.9371	0.008076
8	1.028	0.02914
8	0.7726	0.001259
8	0.9286	0.006022
8	1.081	0.03654
8	1.015	0.0251
8	1.439	0.2559
8	1.033	0.04803
8	1.465	0.2748
8	1.008	0.02074
8	1.362	0.1986
8	1.023	0.02306
8	0.9705	0.01176
8	1.103	0.04557
8	0.7082	1e-05
8	1.173	0.07999
8	1.922	0.7436
8	0.9244	0.0084
8	0.8843	0.002453
8	0.8578	0.003084
8	1.571	0.3096
8	1.158	0.07555
8	0.8018	0.001721
8	1.16	0.06364
8	1.15	0.06851
8	1.249	0.1183
8	1.019	0.02816
8	1.347	0.1825
8	0.9075	0.007786
8	1.116	0.03902
8	1.002	0.01946
8	1.484	0.3512
8	1.284	0.1403
8	1.493	0.331
8	1.107	0.04326
8	0.8754	0.0008185
8	1.03	0.02166
8	1.421	0.2326
8	1.034	0.002578
8	1.05	0.0412
8	1.04	0.03283
8	0.7473	0.0006152
8	1.214	0.09784
8	1.241	0.1141
8	1.302	0.1554
8	0.6793	1e-05
8	0.8323	0.002265
8	0.8728	0.003634
8	1.021	0.01922
8	0.9965	0.01678
8	1.571	0.3541
8	1.295	0.1378
8	1.456	0.2854
8	1.091	0.04107
8	0.8757	0.001606
8	1.343	0.1769
8	1.416	0.2525
8	1.152	0.07791
8	0.7734	0.001326
8	0.9651	0.01274
8	0.9461	0.009876
8	1.317	0.1618
8	0.8663	0.005937
8	1.22	0.1067
8	0.8758	0.003099
8	1.128	0.05024
8	1.548	0.3558
8	1.262	0.1198
8	1.893	0.6757
8	1.324	0.175
8	1.184	0.08172
8	1.056	0.03839
8	0.6433	1e-05
8	1.221	0.1008
8	1.09	0.04543
8	0.9725	0.01155
8	0.8967	0.006834
8	1.385	0.211
8	0.9257	0.005641
8	0.9665	0.01182
8	1.204	0.09147
8	1.042	0.03646
8	1.064	0.01756
8	1.307	0.1585
8	1.26	0.1255
8	1.507	0.2749
8	0.772	0.0001643
8	1.308	0.1689
8	1.261	0.1267
8	0.6369	1e-05
8	1.628	0.4625
8	0.9782	0.01359
8	0.8096	0.001511
8	0.9526	0.007829
8	1.272	0.1326
8	1.065	0.04353
8	0.6738	1e-05
8	0.8843	0.002342
8	1.063	0.04141
8	1.051	0.02367
8	1.004	0.01411
8	1.29	0.143
8	1.385	0.2139
8	1.331	0.174
8	0.9495	0.005586
8	0.9144	0.007195
8	1.421	0.2325
8	1.394	0.2122
8	1.067	0.02941
8	1.442	0.2546
8	0.7754	0.0006738
8	1.159	0.09055
8	0.9915	0.01476
8	0.9029	0.007852
8	1.21	0.0921
8	0.845	0.0002426
8	1.063	0.02514
8	0.9155	0.008983
8	1.265	0.1209
8	0.8375	0.00269
8	0.9602	0.01018
8	1.397	0.221
8	1.331	0.1762
8	1.146	0.08479
8	1.171	0.07949
8	0.9585	0.01023
8	0.9792	0.01638
8	1.135	0.03842
8	1.503	0.314
8	1.515	0.3152
8	1.399	0.2243
8	1.353	0.1925
8	1.63	0.4872
8	1.234	0.1108
8	1.219	0.1025
8	0.8195	0.001536
8	0.8914	0.006843
8	1.038	0.0503
8	1.023	0.01995
8	1.236	0.1142
8	1.041	0.0383
8	1.403	0.2271
8	0.9108	0.007739
8	1.761	0.5796
8	1.336	0.1724
8	0.9327	0.005573
8	0.7235	0.0003022
8	1.527	0.2796
8	0.8502	0.007272
8	0.9087	0.008407
8	1.362	0.1917
8	1.114	0.05114
8	1.019	0.01784
8	0.7843	0.001347
8	0.7345	0
8	0.7673	0.0007194
8	0.857	0.004611
8	0.96	0.01187
8	1.364	0.1955
8	0.9931	0.01663
8	0.992	0.01727
8	0.6782	1e-05
8	1.144	0.0687
8	1.255	0.129
8	1.092	0.0264
8	1.01	0.02737
8	1.205	0.09492
8	1.104	0.04107
8	1.116	0.05209
8	1.063	0.03075
8	1.802	0.6057
8	0.9515	0.006652
8	0.822	0.001372
8	0.9726	0.01137
8	1.506	0.243
8	1.305	0.1581
8	1.055	0.04097
8	0.8342	0.003567
8	1.701	0.5422
8	1.3	0.1627
8	1.181	0.08276
8	1.204	0.09554
8	1.976	0.8055
8	0.9711	0.01198
8	0.8806	0.003596
8	1.028	0.01177
8	1.007	0.03509
8	0.7012	1e-05
8	0.9471	0.006817
8	0.8203	0.002295
8	1.263	0.1164
8	0.9809	0.01292
8	1.314	0.1615
8	0.7582	0
8	1.823	0.648
8	0.7328	0.0007237
8	0.7627	0.0006573
8	0.884	0.004774
8	0.7565	0.0002962
8	1.024	0.02091
8	1.18	0.07952
8	1.175	0.07879
8	1.019	0.02232
8	1.224	0.1076
8	1.207	0.09189
8	0.9787	0.01346
8	1.328	0.1676
8	1.159	0.05842
8	1.689	0.5387
8	1.324	0.1757
8	0.8119	0.0005582
8	0.9644	0.009936
8	1.178	0.07475
8	1.763	0.5686
8	1.128	0.05717
8	1.269	0.132
8	1.167	0.07914
8	1.273	0.1286
8	1.173	0.07571
8	0.8993	0.007517
8	1.187	0.08693
8	2.626	1.634
8	1.744	0.5778
8	1.109	0.05484
8	1.134	0.06047
8	1.364	0.1986
8	0.6427	1e-05
8	0.835	0.0005065
8	1.019	0.02417
8	1.538	0.3235
8	0.7722	0.0002304
8	0.9571	0.006996
8	0.9214	0.01002
8	1.229	0.1123
8	1.292	0.1258
8	1.132	0.07367
8	0.8971	0.01111
8	1.046	0.01909
8	1.047	0.0257
8	0.9032	0.007423
8	0.8739	0.005572
8	1.408	0.2334
8	0.9991	0.01119
8	1.341	0.1785
8	1.149	0.06459
8	1.628	0.4311
8	0.9622	0.01005
8	1.009	0.01102
8	1.36	0.1899
8	1.442	0.2419
8	0.9514	0.008968
8	1.153	0.06689
8	1.04	0.03552
8	0.7165	1e-05
8	2.222	1.115
8	1.072	0.0005147
8	0.5995	1e-05
8	1.313	0.1531
8	1.538	0.2951
8	0.8922	0.009531
8	1.023	0.01579
8	1.171	0.07444
8	0.7959	0.000322
8	1.118	0.04419
8	1.013	0.01585
8	1.276	0.1194
8	1.084	0.03597
8	1.602	0.3885
8	1.167	0.07669
8	0.994	0.01653
8	0.6051	1e-05
8	0.9203	0.01099
8	1.08	0.0389
8	0.8152	0.002669
8	1.291	0.1358
8	0.6433	1e-05
8	1.113	0.04352
8	1.469	0.2788
8	1.045	0.02111
8	1.518	0.3564
8	0.8679	0.002942
8	1.062	0.02285
8	0.7788	0.0003949
8	1.515	0.2652
8	0.6887	1e-05
8	1.234	0.1148
8	1.275	0.1342
8	1.86	0.6566
8	1.261	0.1182
8	1.127	0.05864
8	1.518	0.271
8	1.424	0.227
8	0.7444	0
8	1.178	0.08275
8	0.8246	0.0007298
8	0.9245	0.003657
8	0.858	0.009798
8	1.109	0.04453
8	1.135	0.08038
8	0.8338	0.00167
8	1.12	0.0553
8	1.025	0.0277
8	1.375	0.2051
8	1.14	0.07953
8	1.35	0.1819
8	1.869	0.7001
8	0.6713	1e-05
8	1.215	0.1025
8	0.8377	0.001795
8	1.108	0.0511
8	1.416	0.2347
8	1.061	0.04165
8	1.224	0.1095
8	1.746	0.565
8	1.431	0.2326
8	1.284	0.1317
8	0.9902	0.01591
8	1.14	0.0803
8	0.8722	0.006568
8	1.368	0.2001
8	0.6836	1e-05
8	1.312	0.1601
8	1.077	0.04081
8	1.008	0.01945
8	0.9103	0.00806
8	0.7634	0.0002567
8	0.8692	0.004078
8	1.152	0.09215
8	0.9642	0.01021
8	1.286	0.1313
8	1.25	0.1116
8	1.074	0.03436
8	1.062	0.02888
8	1.097	0.05007
8	1.125	0.05877
8	1.066	0.04123
8	1.093	0.0413
8	1.085	0.03692
8	1.003	0.0134
8	1.257	0.1259
8	1.138	0.07175
8	1.268	0.1242
8	1.19	0.08578
8	0.7081	1e-05
8	1.375	0.2045
8	1.068	0.05155
8	1.14	0.05527
8	0.9878	0.01533
8	1.111	0.04012
8	0.5792	1e-05
8	1.479	0.2976
8	0.9694	0.01138
8	2.119	0.9535
8	1.335	0.1706
8	1.005	0.01171
8	1.384	0.2153
8	1.355	0.1975
8	0.6662	1e-05
8	1.489	0.2781
8	0.8935	0.007833
8	0.8537	0.005363
8	1.363	0.1982
8	1.583	0.3997
8	1.056	0.02255
8	0.6014	1e-05
8	1.174	0.07863
8	0.7682	0
8	1.129	0.07786
8	0.7647	0.0007064
8	0.9178	0.008661
8	1.085	0.03792
8	1.105	0.05033
8	1.192	0.07989
8	1.381	0.2095
8	0.9369	0.007128
8	1.163	0.06171
8	0.9317	0.006298
8	1.282	0.1328
8	1.305	0.1598
8	1.134	0.074
8	1.274	0.1257
8	1.018	0.03118
8	0.6809	1e-05
8	1.176	0.07493
8	1.263	0.1227
8	1.242	0.1156
8	1.202	0.0886
8	1.056	0.04153
8	1.128	0.04853
8	1.181	0.08368
8	1.919	0.7735
8	2.37	1.297
8	0.8239	0.00192
8	1.096	0.04384
8	1.261	0.1273
8	1.009	0.02623
8	1.086	0.03917
8	0.8873	0.009609
8	1.03	0.02321
8	1.212	0.1033
8	1.082	0.0263
8	0.9088	0.005619
8	1.322	0.1621
8	1.682	0.4873
8	1.113	0.06201
8	1.125	0.05384
8	0.7565	0.0002822
8	0.5864	1e-05
8	1.255	0.1232
8	1.267	0.1252
8	0.9111	0.007086
8	1.539	0.3827
8	0.7823	0.0005428
8	1.102	0.03858
8	1.284	0.1268
8	0.9659	0.01074
8	1.962	0.7701
8	0.6509	1e-05
8	1.085	0.03688
8	1.949	0.7513
8	1.212	0.1024
8	0.9016	0.008479
8	0.8127	0.002445
8	1.235	0.1125
8	1.07	0.04205
8	0.6342	1e-05
8	1.162	0.07752
8	1.068	0.03843
8	1.261	0.1374
8	1.412	0.2282
8	1.174	0.0822
8	1.337	0.1773
8	0.6541	1e-05
8	1.064	0.03559
8	0.8823	0.001225
8	0.9506	0.003743
8	0.7993	0.001252
8	1.675	0.5333
8	1.141	0.05686
8	1.366	0.1997
8	0.7909	0
8	0.7865	0.0002377
8	1.245	0.1142
8	0.8712	0.004264
8	1.095	0.04335
8	0.8484	0.005033
8	2.105	0.9867
8	0.726	0
8	1.101	0.04599
8	1.833	0.6541
8	0.795	0.0005147
8	1.005	0.01832
8	1.306	0.166
8	0.6561	1e-05
8	1.315	0.1717
8	1.265	0.1242
8	0.8477	0.0061
8	1.1	0.05034
8	0.7824	0.000649
8	1.023	0.01953
8	1.267	0.1332
8	0.9471	0.008148
8	0.7091	1e-05
8	0.884	0
8	1.348	0.1789
8	1.018	0.02101
8	0.6843	1e-05
8	1.9	0.7358
8	1.191	0.08514
8	1.228	0.1184
8	1.231	0.1092
8	1.148	0.07442
8	1.634	0.4415
8	1.253	0.1188
8	1.245	0.1179
8	0.991	0.01536
8	0.9185	0.009651
8	1.515	0.3238
8	0.8037	0.0003772
8	1.069	0.04763
8	1.035	0.01133
8	1.15	0.08164
8	1.777	0.5909
8	1.401	0.218
8	1.2	0.08819
8	1.909	0.7334
8	1.326	0.1681
8	1.858	0.6428
8	1.267	0.1281
8	1.094	0.03974
8	1.247	0.1283
8	0.924	0.01065
8	0.9338	0.007358
8	1.122	0.04599
8	1.203	0.09451
8	1.073	0.02686
8	1.18	0.07479
8	0.6528	1e-05
8	1.067	0.02505
8	1.074	0.02413
8	0.7338	0
8	0.7524	0
8	1.268	0.126
8	1.468	0.2673
8	1.199	0.08914
8	0.7889	0.0001393
8	0.8148	0.001422
8	2.073	0.8925
8	1.17	0.07639
8	1.35	0.1929
8	1.265	0.1086
8	0.9251	0.005968
8	0.9089	0.008856
8	0.9374	0.008446
8	1.038	0.04095
8	1.023	0.01883
8	0.9712	0.01229
8	0.9874	0.01363
8	2	0.7788
8	1.357	0.1924
8	1.205	0.08785
8	0.7307	0
8	0.903	0.009488
8	1.442	0.2625
8	1.137	0.05591
8	1.576	0.356
8	1.124	0.05158
8	1.5	0.3092
8	1.705	0.5035
8	1.623	0.4582
8	1.201	0.0889
8	0.9335	0.004095
8	1.013	0.02405
8	0.8669	0.002012
8	1.107	0.04063
8	1.116	0.04909
8	1.628	0.4485
8	1.216	0.0956
8	1.474	0.2824
8	1.558	0.3886
8	1.375	0.2069
8	0.9356	0.008893
8	0.6681	1e-05
8	1.241	0.1142
8	0.6992	1e-05
8	0.9442	0.007074
8	0.9707	0.01121
8	1.43	0.2302
8	1.2	0.09064
8	1.304	0.1495
8	1.085	0.02544
8	0.7524	0.0002388
8	0.7771	0.001048
8	0.8209	0.00185
8	0.9178	0.01024
8	1.68	0.4987
8	1.164	0.09883
8	0.8712	0.001626
8	1.164	0.07661
8	1.292	0.1321
8	0.9781	0.0144
8	1.278	0.1386
8	0.9602	0.008818
8	0.9196	0.007933
8	1.249	0.1225
8	1.013	0.01896
8	0.9161	0.01009
8	1.594	0.3659
8	1.163	0.07316
8	1.598	0.4186
8	0.7146	1e-05
8	1.12	0.05238
8	0.8964	0.01125
8	1.271	0.1419
8	0.995	0.02005
8	1.683	0.4865
8	1.695	0.5327
8	0.8825	0.0009227
8	1.195	0.08584
8	0.8583	0
8	1.514	0.31
8	1.062	0.03293
8	0.7811	0.001946
8	0.9968	0.01701
8	0.9908	0.01655
8	1.051	0.04492
8	1.663	0.4637
8	1.228	0.111
8	1.228	0.1081
8	0.8915	0.008224
8	0.9518	0.00909
8	1.051	0.01676
8	1.461	0.2947
8	0.9931	0.0158
8	0.8262	0.004057
8	0.914	0.00862
8	1.568	0.3775
8	1.236	0.114
8	0.8775	0.004891
8	1.02	0.01588
8	0.9109	0.008735
8	1.159	0.07577
8	1.45	0.2946
8	1.09	0.02597
8	0.8275	0.0004939
8	1.104	0.05008
8	0.9904	0.01492
8	1.079	0.03516
8	0.8633	0.005561
8	1.011	0.01965
8	1.026	0.02365
8	1.002	0.02863
8	0.9103	0.005828
8	0.9275	0.00423
8	0.8725	0.005033
8	0.9267	0.0004229
8	1.424	0.2365
8	0.9503	0.004395
8	1.059	0.01501
8	0.9779	0.01336
8	0.8444	0.00223
8	0.8926	0.007619
8	1.255	0.1194
8	1.392	0.2177
8	1.159	0.07656
8	1.505	0.2836
8	0.7602	0.0005745
8	0.5711	1e-05
8	1.117	0.05214
8	0.92	0.009448
8	1.34	0.175
8	1.026	0.03272
8	0.7565	0.00126
8	1.275	0.1279
8	1.018	0.02812
8	0.6834	1e-05
8	0.7441	0.0008912
8	0.6953	1e-05
8	0.8261	0.001592
8	0.8573	0.003293
8	1.117	0.06568
8	1.095	0.04672
8	1.389	0.2121
8	0.7445	0.0008697
8	1.459	0.2824
8	0.9532	0.007782
8	0.8488	0.006305
8	0.9988	0.02238
8	1.158	0.06552
8	1.04	0.02335
8	1.617	0.4983
8	0.7892	0.001582
8	1.448	0.2474
8	1.322	0.1685
8	0.8403	0.001807
8	1.527	0.3286
8	1.175	0.07561
8	1.354	0.1933
8	1.587	0.4573
8	1.06	0.03005
8	2.106	0.9473
8	1.188	0.08077
8	1.034	0.02394
8	1.436	0.2401
8	1.002	0.003094
8	0.7446	0.0004603
8	1.244	0.1265
8	1.228	0.1121
8	1.547	0.3362
8	1.712	0.5214
8	1.177	0.07764
8	1.028	0.02572
8	1.198	0.08907
8	2.053	0.8928
8	0.774	0.000531
8	1.04	0
8	0.8593	0.0005718
8	0.6958	1e-05
8	0.7519	0.0001798
8	1.809	0.666
8	1.27	0.1302
8	1.393	0.2195
8	1.252	0.1149
8	0.9385	0.009893
8	1.126	0.04368
8	0.9489	0.004002
8	2.172	0.9952
8	1.014	0.01278
8	1.382	0.2139
8	1.018	0.0279
8	1.257	0.123
8	1.051	0.03178
8	1.438	0.2466
8	0.8237	0.00157
8	1.087	0.01942
8	1.42	0.2291
8	1.088	0.04199
8	0.9796	0.01283
8	1.161	0.07632
8	1.285	0.1358
8	0.8392	0.003411
8	1.048	0.03662
8	1.34	0.1882
8	1.08	0.03323
8	1.206	0.09281
8	0.869	0.002049
8	1.765	0.5518
8	0.807	0.001244
8	1.235	0.1135
8	0.8066	0.001915
8	0.8865	0.008899
8	1.48	0.2749
8	0.6835	1e-05
8	1.422	0.2222
8	1.15	0.06964
8	0.7154	1e-05
8	1.201	0.0919
8	1.513	0.3277
8	0.9207	0.008914
8	1.107	0.04897
8	1.562	0.3736
8	0.6423	1e-05
8	1.234	0.1059
8	0.9465	0.004317
8	0.8278	0.0009719
8	0.9735	0.01211
8	0.8158	0.002564
8	1.062	0.03677
8	0.8721	0.007309
8	0.7846	0.0005728
8	0.7429	0
8	0.9722	0.01552
8	0.9543	0.006168
8	0.5786	1e-05
8	0.7366	0.0003293
8	0.8083	0.0005908
8	1.363	0.1992
8	1.848	0.6613
8	0.9579	0.006206
8	1.097	0.05025
8	0.9643	0.01098
8	0.8944	0.008121
8	1.1	0.04565
8	1.218	0.09923
8	0.9206	0.01046
8	1.014	0.02207
8	1.111	0.0385
8	1.484	0.2972
8	0.6297	1e-05
8	1.527	0.2687
8	1.172	0.08084
8	1.579	0.3371
8	0.8763	0.005935
8	0.868	0.001687
8	1.135	0.04541
8	1.504	0.3451
8	1.02	0.03426
8	0.6654	1e-05
8	1.207	0.09523
8	1.908	0.7051
8	1.037	0.02027
8	1.642	0.4596
8	1.464	0.2448
8	1.297	0.1466
8	0.9875	0.01384
8	0.9777	0.01288
8	0.8325	0.001924
8	1.316	0.1611
8	0.7186	1e-05
8	0.9407	0.003346
8	1.439	0.2302
8	0.9788	0.01235
8	0.9987	0.00721
8	1.419	0.2291
8	0.9763	0.01037
8	1.163	0.06794
8	1.324	0.1695
8	0.8865	0.01072
8	1.228	0.1041
8	1.156	0.08363
8	1.308	0.1557
8	0.8196	0.001938
8	1.209	0.09521
8	1.035	0.03991
8	1.223	0.1056
8	1.108	0.06419
8	0.8167	0.002441
8	0.6592	1e-05
8	1.102	0.04092
8	1.96	0.7713
8	0.7496	0.000434
8	1.307	0.1541
8	0.9664	0.01288
8	1.71	0.56
8	1.321	0.167
8	1.087	0.04918
8	1.572	0.3261
8	1.129	0.04366
8	1.292	0.131
8	1.107	0.04554
8	0.8859	0.00871
8	1.553	0.3394
8	0.6025	1e-05
8	0.7859	0.0003742
8	0.8339	0.0002835
8	1.205	0.09433
8	0.8339	0.002323
8	1.134	0.06533
8	1.465	0.3003
8	1.438	0.2498
8	1.231	0.1087
8	0.861	0.009326
8	1.408	0.2337
8	1.311	0.171
8	1.061	0.04545
8	1.076	0.03713
8	0.9838	0.01408
8	0.8557	0.009538
8	0.847	0.001378
8	1.25	0.1218
8	1.069	0.03401
8	1.047	0.02656
8	0.8308	0.0002591
8	1.051	0.06562
8	1.279	0.1282
8	1.508	0.3327
8	1.037	0.01873
8	0.7782	0.001459
8	1.12	0.0439
8	1.166	0.09573
8	1.356	0.1929
8	0.871	0.006964
8	1.226	0.1051
8	1.521	0.3307
8	0.6592	1e-05
8	1.161	0.06883
8	0.9663	0.01095
8	0.7924	0.001235
8	1.369	0.1989
8	1.886	0.7039
8	0.7944	0.0007197
8	1.116	0.05644
8	1.136	0.0768
8	1.201	0.09662
8	1.219	0.09931
8	1.07	0.04293
8	1.543	0.2709
8	1.216	0.09673
8	0.9734	0.01328
8	0.7464	0
8	1.207	0.09136
8	0.7196	1e-05
8	0.9505	0.003568
8	1.852	0.6817
8	1.366	0.201
8	1.144	0.08145
8	1.134	0.07247
8	1.163	0.07029
8	1.48	0.2926
8	1.26	0.1155
8	0.9862	0.017
8	1.669	0.4884
8	1.186	0.08511
8	1.152	0.05891
8	1.041	0.02226
8	1.301	0.1569
8	1.314	0.1548
8	0.9976	0.01504
8	1.115	0.05453
8	1.006	0.01494
8	1.272	0.1316
8	0.8343	0.003246
8	1.455	0.2545
8	1.387	0.2122
8	1.396	0.2208
8	1.218	0.1044
8	0.9916	0.01581
8	1.463	0.3036
8	1.077	0.04858
8	1.226	0.106
8	0.7992	0.002964
8	0.9076	0.009827
8	0.9158	0.007057
8	0.9893	0.01655
8	0.9158	0.00924
8	1.208	0.09829
8	1.02	0.0209
8	1.055	0.03193
8	0.8484	0.004334
8	1.052	0.01526
8	1.637	0.4072
8	1.594	0.4185
8	1.272	0.1307
8	0.9812	0.01446
8	1.198	0.08905
8	1.009	0.02134
8	1.517	0.332
8	0.6733	1e-05
8	1.196	0.09022
8	1.553	0.3943
8	1.477	0.2965
8	1.504	0.2679
8	0.6583	1e-05
8	1.216	0.0928
8	1.141	0.05603
8	0.8924	0.006315
8	1.224	0.1023
8	1.153	0.0867
8	0.6405	1e-05
8	1.319	0.1633
8	1.656	0.4766
8	1.193	0.08909
8	1.991	0.8425
8	1.044	0.03739
8	1.178	0.08254
8	1.106	0.0482
8	0.7114	1e-05
8	1.15	0.07287
8	1.486	0.2736
8	0.8641	0.007365
8	1.248	0.121
8	0.9329	0.00509
8	1.412	0.235
8	0.9358	0.005787
8	0.9289	0.01057
8	1.596	0.437
8	1.142	0.07507
8	1.017	0.01615
8	0.9786	0.01294
8	1.306	0.146
8	0.8719	0.005734
8	1.59	0.3624
8	0.8994	0.008661
8	1.121	0.04485
8	1.874	0.6916
8	1.209	0.101
8	1.175	0.07913
8	0.7447	0.001385
8	1.048	0.02575
8	1.106	0.04918
8	0.6908	1e-05
8	1.645	0.4666
8	1.465	0.2907
8	0.6454	1e-05
8	1.104	0.04324
8	1.407	0.2293
8	1.081	0.04674
8	1.897	0.7239
8	1.126	0.06061
8	1.285	0.133
8	1.224	0.1057
8	1.391	0.2166
8	1.043	0.01317
8	1.134	0.05553
8	1.266	0.1249
8	0.7003	1e-05
8	1.124	0.05445
8	1.897	0.7303
8	1.135	0.06578
8	0.7509	1.534e-05
8	0.8381	0.002652
8	1.033	0.01508
8	0.8545	0.007691
8	1.376	0.21
8	0.9819	0.01538
8	1.392	0.22
8	1.691	0.5175
8	1.487	0.3192
8	1.126	0.05879
8	0.5964	1e-05
8	1.361	0.1999
8	1.864	0.6936
8	1.41	0.2293
8	1.519	0.2966
8	1.035	0.01997
8	1.256	0.1069
8	1.107	0.0456
8	1.799	0.6103
8	1.083	0.04541
8	1.105	0.05407
8	1.141	0.07513
8	1.215	0.09895
8	1.663	0.4944
8	1.647	0.5171
8	1.514	0.2786
8	1.33	0.1744
8	0.8323	0.0003225
8	1.211	0.09349
8	1.599	0.3689
8	1.052	0.03657
8	0.8049	0.0007736
8	1.013	0.02704
8	0.7335	0
8	1.037	0.04047
8	1.346	0.1796
8	1.28	0.1374
8	0.9691	0.01297
8	1.352	0.1938
8	0.9725	0.0151
8	0.8898	0.008387
8	0.5612	1e-05
8	1.479	0.3084
8	1.319	0.1661
8	1.268	0.1225
8	0.7888	0.0006837
8	0.8601	0.00419
8	0.9723	0.01312
8	1.164	0.09036
8	0.7305	0
8	1.433	0.2534
8	1.621	0.4319
8	0.7698	0.0003154
8	1.482	0.3668
8	1.204	0.09376
8	0.9313	0.005113
8	1.163	0.07362
8	0.9305	0.002531
8	1.321	0.169
8	0.813	0
8	1.515	0.3639
8	1.068	0.02909
8	1.188	0.08356
8	0.9949	0.01834
8	0.8831	0.004154
8	1.218	0.1009
8	0.7953	0.001492
8	1.03	0.01859
8	0.8736	0.004765
8	1.444	0.2615
8	1.199	0.09023
8	1.208	0.0902
8	1.128	0.05042
8	1.76	0.5703
8	1.245	0.1209
8	1.15	0.05817
8	1.18	0.08116
8	1.724	0.577
8	1.032	0.01793
8	1.161	0.07675
8	0.6882	1e-05
8	0.9582	0.009926
8	1.116	0.05101
8	1.308	0.153
8	0.9325	0.006504
8	0.9054	0.007253
8	0.9788	0.01419
8	1.924	0.7246
8	0.7569	0.001082
8	0.7872	0.0011
8	0.9107	0.008097
8	0.9515	0.006269
8	0.9437	0.005567
8	1.117	0.04992
8	0.8764	0.0002053
8	1.274	0.1381
8	1.219	0.1035
8	1.127	0.05236
8	0.9195	0.01149
8	1.303	0.1522
8	0.875	0.002905
8	0.9229	0.01127
8	1.029	0.02418
8	0.9308	0.006649
8	1.097	0.05994
8	1.144	0.05154
8	1.31	0.1631
8	1.61	0.3719
8	1.056	0.008903
8	1.044	0.02085
8	0.7413	0.00111
8	1.204	0.09303
8	1.054	0.02356
8	0.9943	0.01779
8	1.344	0.179
8	1.068	0.02455
8	1.187	0.08907
8	0.8361	0.001725
8	1.344	0.1749
8	0.9921	0.0162
8	0.8177	0.002539
8	1.16	0.07495
8	1.101	0.04094
8	1.5	0.3284
8	2.027	0.8178
8	1.045	0.02861
8	1.033	0.02342
8	1.281	0.1265
8	1.141	0.07986
8	0.9055	0.008332
8	1.328	0.1686
8	1.262	0.1182
8	1.02	0.01566
8	2.089	0.9171
8	1.539	0.3913
8	1.419	0.2394
8	1.635	0.4682
8	1.26	0.123
8	0.9285	0.002804
8	1.131	0.04584
8	0.7752	0.00111
8	1.495	0.3338
8	1.622	0.4007
8	1.149	0.06211
8	1.611	0.3809
8	1.333	0.1707
8	1.169	0.07464
8	0.9321	0.003548
8	1.633	0.4733
8	1.064	0.03015
8	1.158	0.08078
8	0.9448	0.003676
8	1.194	0.08619
8	1.08	0.04203
8	1.679	0.4984
8	1.254	0.1226
8	1.017	0.02886
8	1.082	0.033
8	1.334	0.1833
8	1.127	0.05196
8	1.006	0.02217
8	1.14	0.06252
8	1.199	0.09112
8	1.04	0.03239
8	1.267	0.1192
8	1.35	0.1845
8	0.9578	0.009285
8	1.51	0.2608
8	0.8448	0.002232
8	1.186	0.08454
8	1.524	0.3611
8	1.294	0.1283
8	1.117	0.05137
8	1.138	0.0494
8	0.8006	0.001201
8	1.553	0.3337
8	1.107	0.04558
8	1.257	0.115
8	1.608	0.4329
8	1.294	0.1412
8	1.009	0.00343
8	1.036	0.03691
8	0.9445	0.004444
8	1.011	0.02787
8	1.302	0.1562
8	1.517	0.3073
8	0.8366	0.002348
8	0.9183	0.008025
8	1.029	0.0271
8	0.7793	0.001835
8	0.825	0.001238
8	1.437	0.2535
8	0.7554	0.0006565
8	0.7852	0.0009254
8	1.185	0.08066
8	0.9695	0.01247
8	1.21	0.09267
8	1.185	0.08349
8	1.047	0.0172
8	1.452	0.2764
8	0.9845	0.01614
8	0.7865	0.0008665
8	1.029	0.01998
8	1.314	0.1609
8	0.5331	1e-05
8	0.7085	1e-05
8	1.769	0.5989
8	1.281	0.132
8	1.039	0.05242
8	1.576	0.4176
8	0.8923	0.00646
8	1.019	0.02543
8	1.379	0.2048
8	1.055	0.04218
8	1.446	0.2305
8	1.297	0.1351
8	0.9457	0.008567
8	0.9972	0.01473
8	1.157	0.07756
8	1.382	0.21
8	1.24	0.1183
8	1.03	0.03255
8	0.7922	0.001562
8	0.8881	0.01022
8	1.225	0.1012
8	0.7761	0.0009276
8	1.225	0.1019
8	0.9303	0.00421
8	1.276	0.1236
8	0.8311	0.002502
8	1.232	0.1113
