10	1.416	0.03863
10	0.9994	0.0389
10	0.879	0.0374
10	1.309	0.03855
10	1.203	0.03821
10	1.296	0.03774
10	1.363	0.03836
10	0.9194	0.03797
10	1.299	0.03817
10	1.078	0.03809
10	1.231	0.03808
10	1.072	0.03793
10	0.7663	0.03762
10	0.6664	0.03833
10	0.8146	0.03844
10	0.8105	0.03806
10	1.393	0.03853
10	1.085	0.0374
10	1.073	0.03812
10	1.31	0.03825
10	0.8782	0.03818
10	1.418	0.03778
10	0.6478	0.03824
10	1.168	0.03804
10	1.529	0.03789
10	0.6752	0.0382
10	1.399	0.03785
10	1.655	0.03763
10	1.34	0.03804
10	0.5726	0.03721
10	1.587	0.03818
10	0.9072	0.03816
10	0.7909	0.03863
10	0.8417	0.03807
10	1.319	0.03805
10	1.133	0.0371
10	0.9573	0.03859
10	2.121	0.03865
10	0.9878	0.03835
10	1.343	0.03896
10	1.452	0.03778
10	0.823	0.03755
10	1.173	0.03868
10	0.5953	0.03783
10	1.042	0.03756
10	1.149	0.03723
10	0.8034	0.03756
10	0.9656	0.03868
10	1.032	0.03835
10	1.36	0.03883
10	1.469	0.03771
10	0.8937	0.03798
10	1.141	0.03777
10	0.9663	0.03776
10	0.9562	0.03892
10	0.7464	0.03761
10	0.7755	0.03741
10	1.236	0.03817
10	1.083	0.0381
10	0.6709	0.03827
10	1.123	0.03863
10	1.167	0.03819
10	1.248	0.03696
10	1.103	0.03796
10	0.6166	0.03863
10	0.6591	0.03896
10	0.596	0.03727
10	1.074	0.03784
10	1.342	0.03774
10	1.42	0.03769
10	0.8843	0.03786
10	0.6563	0.03767
10	1.115	0.03879
10	0.6774	0.03843
10	1.165	0.0376
10	1.084	0.03836
10	0.6309	0.03893
10	1.103	0.03809
10	1.338	0.03694
10	0.8697	0.0381
10	0.6533	0.03766
10	1.119	0.03857
10	1.064	0.03761
10	1.361	0.03769
10	1.186	0.03811
10	1.337	0.03744
10	2.021	0.03805
10	1.121	0.03789
10	1.417	0.03759
10	0.7245	0.03796
10	1.321	0.03749
10	0.984	0.03808
10	1.057	0.03846
10	1.672	0.03794
10	1.342	0.0372
10	0.7151	0.03766
10	0.9664	0.03768
10	1.014	0.03686
10	0.822	0.03804
10	1.004	0.03675
10	1.434	0.03821
10	0.8858	0.0381
10	1.246	0.03835
10	1.268	0.0376
10	1.269	0.03854
10	1.035	0.03824
10	0.9766	0.03761
10	1.084	0.03779
10	1.378	0.03858
10	1.173	0.03791
10	1.254	0.03815
10	0.8925	0.03801
10	0.8705	0.03868
10	1.402	0.03764
10	1.084	0.03822
10	0.6963	0.0384
10	1.209	0.03731
10	1.086	0.03802
10	1.097	0.03796
10	0.9539	0.038
10	1.38	0.03644
10	0.9121	0.03829
10	1.1	0.0386
10	1.01	0.03747
10	1.045	0.03767
10	1.72	0.03764
10	1.064	0.0383
10	1.484	0.03718
10	1.291	0.03753
10	1.748	0.03724
10	1.284	0.03801
10	2.102	0.03753
10	1.903	0.03771
10	0.7446	0.03876
10	1.199	0.03866
10	0.8624	0.03768
10	1.083	0.03807
10	1.033	0.03794
10	0.8764	0.03875
10	0.9775	0.03731
10	1.669	0.03764
10	1.353	0.03825
10	1.755	0.03791
10	1.282	0.03805
10	0.87	0.03812
10	1.151	0.03884
10	1.291	0.03772
10	1.354	0.03891
10	1.236	0.03838
10	1.555	0.03769
10	1.004	0.03809
10	1.335	0.03898
10	1.463	0.03827
10	1.597	0.03855
10	1.415	0.03922
10	1.44	0.03728
10	1.275	0.03762
10	1.226	0.03814
10	1.259	0.03837
10	1.122	0.03751
10	1.045	0.03854
10	1.224	0.03715
10	1.469	0.03827
10	0.8794	0.03787
10	1.161	0.03735
10	0.8443	0.03739
10	0.8382	0.03737
10	0.9492	0.03794
10	1.221	0.03931
10	1.069	0.03762
10	1.667	0.03859
10	1.267	0.03738
10	1.415	0.0382
10	0.8177	0.03819
10	0.8963	0.03792
10	1.399	0.03926
10	1.051	0.03829
10	1.24	0.03777
10	1.227	0.03824
10	0.8992	0.03816
10	0.7801	0.03717
10	0.8222	0.03827
10	0.7574	0.03743
10	1.217	0.03824
10	0.6696	0.0383
10	0.6537	0.03885
10	0.8636	0.03844
10	0.8146	0.03806
10	1.244	0.03786
10	0.7079	0.03858
10	1.302	0.03757
10	1.073	0.03786
10	1.026	0.03841
10	1.183	0.03733
10	0.8216	0.03811
10	1.119	0.03808
10	1.113	0.03849
10	1.674	0.03785
10	0.9809	0.03776
10	0.9165	0.03869
10	1.016	0.03812
10	1.289	0.03788
10	1.478	0.03806
10	0.8428	0.03769
10	1.007	0.03803
10	1.027	0.03758
10	1.578	0.03867
10	1.149	0.03863
10	0.7262	0.0383
10	1.136	0.03886
10	0.6537	0.03859
10	1.407	0.0385
10	1.887	0.03872
10	0.5966	0.03772
10	1.756	0.03844
10	1.668	0.03723
10	1.642	0.03711
10	1.409	0.0379
10	1.09	0.03782
10	0.9654	0.0383
10	2.391	0.03739
10	1.053	0.03779
10	0.9956	0.03815
10	0.6568	0.03682
10	0.8292	0.03736
10	1.48	0.03759
10	1.151	0.03887
10	1.165	0.03782
10	1.301	0.03784
10	0.6309	0.03873
10	1.351	0.03771
10	0.6981	0.03794
10	1.047	0.03757
10	0.8822	0.03819
10	1.322	0.03766
10	0.6959	0.03818
10	1.567	0.03763
10	0.8237	0.03755
10	1.164	0.03848
10	1.115	0.03886
10	0.8543	0.03747
10	1.052	0.03826
10	0.8119	0.03825
10	0.8179	0.03763
10	0.6428	0.03794
10	1.174	0.03693
10	1.223	0.03859
10	1.372	0.03802
10	0.8643	0.03855
10	1.151	0.03826
10	1.37	0.03881
10	1.201	0.03856
10	0.889	0.03811
10	1.031	0.03819
10	1.233	0.03838
10	0.8619	0.03827
10	1.219	0.03825
10	0.765	0.03787
10	0.6704	0.03718
10	0.7999	0.03705
10	0.7695	0.03861
10	1.236	0.03808
10	0.9421	0.03879
10	1.173	0.03775
10	0.9194	0.03773
10	1.344	0.03838
10	1.528	0.03848
10	1.11	0.03857
10	2.217	0.0376
10	1.13	0.03762
10	1.412	0.03787
10	0.5973	0.0381
10	1.275	0.03875
10	1.299	0.03946
10	0.8229	0.03772
10	1.03	0.03878
10	1.962	0.03956
10	1.248	0.03784
10	0.7584	0.03813
10	1.122	0.0388
10	1.019	0.03802
10	0.8787	0.03722
10	1.602	0.03732
10	1.078	0.03797
10	1.202	0.03849
10	1.033	0.03789
10	1.131	0.03758
10	1.712	0.03804
10	1.058	0.03886
10	1.135	0.03832
10	1.194	0.03786
10	1.028	0.03867
10	0.8968	0.03807
10	1.022	0.03857
10	1.178	0.03846
10	1.202	0.03881
10	1.02	0.03897
10	2.144	0.03818
10	1.405	0.03908
10	0.9972	0.03931
10	0.7255	0.03789
10	1.281	0.03767
10	0.6126	0.03742
10	0.8745	0.03783
10	0.9884	0.03782
10	0.9415	0.03849
10	1.072	0.03836
10	0.8867	0.03849
10	0.9	0.03854
10	1.397	0.03697
10	1.359	0.03856
10	0.9161	0.03807
10	2.183	0.03783
10	1.899	0.0382
10	0.8813	0.0374
10	0.7463	0.03795
10	1.245	0.03811
10	0.855	0.03809
10	1.016	0.03777
10	1.193	0.03888
10	2.067	0.0382
10	0.9741	0.03891
10	1.309	0.03782
10	0.9455	0.03821
10	1.065	0.03785
10	0.8552	0.03789
10	1.029	0.03807
10	0.8065	0.03943
10	1.044	0.03758
10	0.9516	0.03759
10	1.332	0.03866
10	1.102	0.03829
10	1.327	0.03805
10	1.814	0.03779
10	0.611	0.03815
10	1.143	0.03745
10	1.151	0.03825
10	0.8192	0.03875
10	1.155	0.03797
10	1.043	0.03842
10	1.379	0.03816
10	1.168	0.03851
10	1.044	0.03763
10	1.036	0.03771
10	1.372	0.0385
10	1.523	0.03796
10	1.513	0.03816
10	1.003	0.03778
10	0.8977	0.0395
10	0.9276	0.03775
10	2.213	0.03931
10	0.837	0.03729
10	0.7341	0.03724
10	1.297	0.03834
10	0.9872	0.03839
10	1	0.03832
10	1.409	0.03774
10	0.9956	0.03822
10	0.9755	0.03811
10	0.9238	0.03796
10	1.432	0.03847
10	0.9646	0.03863
10	1.688	0.03798
10	1.323	0.03731
10	1.156	0.03808
10	1.174	0.03776
10	0.8999	0.03758
10	1.009	0.03819
10	0.6842	0.03833
10	0.7635	0.03823
10	0.9141	0.03841
10	0.7471	0.03796
10	1.142	0.03811
10	1.53	0.03753
10	0.948	0.03886
10	1.327	0.03871
10	1.481	0.0381
10	1.165	0.03904
10	0.667	0.03821
10	1.375	0.03796
10	1.123	0.0378
10	1.025	0.03761
10	0.9583	0.03843
10	1.05	0.03904
10	0.9562	0.03761
10	0.8092	0.03828
10	0.8342	0.03763
10	0.8259	0.03798
10	1.023	0.0381
10	1.181	0.03797
10	1.018	0.03889
10	0.95	0.03919
10	0.878	0.03842
10	1.828	0.03812
10	0.978	0.03895
10	1.559	0.03744
10	1.363	0.03825
10	1.284	0.03751
10	0.999	0.03865
10	1.522	0.03827
10	1.186	0.03785
10	0.889	0.03782
10	1.578	0.03849
10	1.109	0.03842
10	1.014	0.0378
10	0.8855	0.03873
10	0.9474	0.03825
10	1.628	0.03854
10	2.085	0.03814
10	0.9151	0.03835
10	0.7792	0.03797
10	0.5007	0.03865
10	0.8444	0.03802
10	1.286	0.03797
10	1.178	0.038
10	0.8365	0.03839
10	0.9564	0.03768
10	0.9874	0.03759
10	1.158	0.03751
10	0.6724	0.03841
10	1.333	0.03799
10	0.7813	0.03819
10	1.113	0.03772
10	1.679	0.03793
10	1.051	0.03762
10	0.8223	0.03828
10	1.198	0.03826
10	1.603	0.03754
10	1.079	0.03841
10	1.169	0.03708
10	1.372	0.03747
10	1.361	0.0371
10	0.8292	0.03725
10	0.8573	0.03884
10	1.147	0.03848
10	0.8797	0.03841
10	0.6031	0.03845
10	0.7435	0.03817
10	0.847	0.03813
10	0.8726	0.03825
10	1.086	0.03808
10	1.758	0.03807
10	0.9845	0.038
10	0.945	0.03788
10	1.435	0.03848
10	1.07	0.03854
10	1.456	0.03838
10	1.371	0.03741
10	1.394	0.03808
10	1.16	0.03827
10	1.475	0.03841
10	1.204	0.03815
10	0.9972	0.03852
10	0.7683	0.0374
10	0.9908	0.03742
10	0.7668	0.03789
10	0.9106	0.03823
10	0.9107	0.03726
10	0.8539	0.03847
10	0.7216	0.03751
10	0.8433	0.03837
10	1.417	0.03913
10	0.8514	0.03871
10	0.749	0.03917
10	0.5401	0.0367
10	0.9303	0.03814
10	1.411	0.03761
10	1.406	0.03844
10	1.74	0.03844
10	0.7251	0.03843
10	1.176	0.03798
10	0.9886	0.03778
10	1.134	0.03766
10	1.138	0.03746
10	2.122	0.03897
10	0.4721	0.0385
10	0.6559	0.03795
10	1.085	0.03824
10	0.7828	0.03846
10	0.9022	0.03807
10	0.9463	0.03873
10	0.8891	0.03766
10	1.375	0.03801
10	0.9332	0.0385
10	0.8323	0.03834
10	1.329	0.03885
10	0.7393	0.03909
10	1.032	0.0387
10	1.182	0.03747
10	0.7588	0.03854
10	1.209	0.03777
10	1.501	0.03826
10	1.606	0.03702
10	0.5931	0.03788
10	1.545	0.03786
10	0.8355	0.03861
10	0.7484	0.03802
10	1.325	0.03773
10	0.7051	0.03808
10	0.8598	0.03823
10	0.8326	0.0376
10	1.453	0.03826
10	1.075	0.03823
10	1.339	0.0376
10	0.7268	0.03861
10	0.9599	0.03867
10	1.18	0.03739
10	1.29	0.0383
10	0.9802	0.03843
10	0.9963	0.03766
10	1.172	0.03845
10	1.06	0.03816
10	1.232	0.03838
10	1.009	0.0382
10	0.9242	0.03871
10	0.7961	0.03891
10	1.362	0.03855
10	0.7941	0.03789
10	1.185	0.03804
10	1.327	0.03768
10	0.9628	0.03801
10	0.9886	0.03717
10	0.774	0.03757
10	1.137	0.0378
10	1.155	0.03837
10	1.07	0.03841
10	0.9431	0.03787
10	0.6295	0.03773
10	1.194	0.03789
10	0.9173	0.03766
10	1.157	0.03784
10	1.368	0.03802
10	1.11	0.03827
10	0.7649	0.03787
10	0.8273	0.03811
10	1.095	0.03697
10	1.004	0.03787
10	1.068	0.03723
10	0.8916	0.03836
10	0.7641	0.03776
10	0.9758	0.03744
10	1.002	0.03686
10	1.403	0.03724
10	0.974	0.03751
10	0.5572	0.03771
10	1.408	0.03781
10	2.013	0.03879
10	1.405	0.03854
10	1.184	0.03893
10	0.9204	0.03765
10	1.178	0.03806
10	0.7838	0.03777
10	0.7236	0.03769
10	1.03	0.03769
10	0.9203	0.03816
10	0.763	0.03677
10	1.37	0.03791
10	1.004	0.03792
10	1.381	0.0382
10	1.221	0.03899
10	0.9642	0.03851
10	1.049	0.03809
10	0.8685	0.03799
10	2.033	0.03762
10	0.9658	0.03858
10	0.7276	0.03868
10	0.8684	0.03769
10	0.9007	0.03843
10	0.7395	0.03738
10	1.258	0.03771
10	1.244	0.03799
10	2.017	0.03795
10	1.346	0.03791
10	1.274	0.03817
10	1.76	0.0374
10	1.035	0.03791
10	0.8277	0.03871
10	1.044	0.03871
10	1.205	0.03734
10	1.778	0.03732
10	1.073	0.03849
10	1.285	0.03849
10	1.037	0.03857
10	1.037	0.03837
10	0.6238	0.03843
10	1.129	0.03909
10	1.304	0.03751
10	1.045	0.03874
10	1.13	0.03754
10	0.9029	0.03796
10	1.17	0.03802
10	1.281	0.03835
10	0.5737	0.03798
10	1.146	0.03779
10	0.831	0.03891
10	0.9821	0.0381
10	0.7431	0.03832
10	1.201	0.03735
10	0.6971	0.03765
10	0.7427	0.03753
10	0.8264	0.0386
10	1.402	0.03816
10	1.042	0.03686
10	0.8802	0.03746
10	1.486	0.03853
10	0.7336	0.0386
10	1.088	0.03761
10	1.126	0.03791
10	2.096	0.03847
10	0.9912	0.03811
10	1.362	0.0383
10	0.8765	0.03791
10	0.9493	0.03888
10	1.104	0.03873
10	1.6	0.03843
10	0.9688	0.03814
10	0.7142	0.03777
10	1.312	0.03725
10	1.096	0.03732
10	1.321	0.03774
10	0.7648	0.03711
10	1.528	0.03738
10	0.9975	0.03737
10	0.9401	0.03785
10	1.034	0.03771
10	0.7613	0.03806
10	1.373	0.03754
10	1.357	0.03814
10	1.692	0.03772
10	0.9311	0.03789
10	1.206	0.03814
10	1.23	0.03734
10	0.6586	0.03762
10	1.441	0.03851
10	1.356	0.03771
10	1.29	0.03815
10	0.8579	0.03749
10	0.9468	0.03901
10	1.309	0.03827
10	1.22	0.03817
10	0.9905	0.03822
10	0.9673	0.03841
10	0.8652	0.03817
10	1.272	0.03811
10	1.551	0.03741
10	1.244	0.03825
10	0.867	0.03777
10	0.8596	0.03833
10	1.892	0.03897
10	0.8413	0.03702
10	1.16	0.03735
10	1.191	0.03717
10	0.9507	0.03745
10	1.416	0.0381
10	0.8631	0.03781
10	1.018	0.03727
10	1.273	0.03791
10	0.8567	0.03803
10	0.7877	0.03883
10	1.127	0.03853
10	0.9715	0.03829
10	0.8903	0.03796
10	1.221	0.03792
10	0.8345	0.03892
10	2.371	0.03789
10	0.9609	0.03849
10	1.011	0.03814
10	1.308	0.03732
10	1.584	0.03733
10	1.206	0.03746
10	1.021	0.0372
10	1.32	0.03823
10	0.6843	0.03804
10	1.314	0.03836
10	1.408	0.03804
10	1.687	0.03842
10	0.8214	0.03794
10	1.19	0.03718
10	0.6638	0.0384
10	0.8893	0.03832
10	0.7671	0.03805
10	0.8778	0.0376
10	1.488	0.03812
10	0.8003	0.03797
10	1.195	0.03822
10	2.127	0.03749
10	0.8474	0.03883
10	1.047	0.03772
10	1.267	0.0382
10	0.7061	0.0389
10	0.5338	0.03857
10	1.969	0.03763
10	0.611	0.03813
10	1.025	0.03694
10	1.332	0.03774
10	1.411	0.03755
10	1.17	0.0378
10	1.193	0.03783
10	0.9173	0.03782
10	1.275	0.03751
10	1.743	0.03851
10	1.161	0.03927
10	1.168	0.03778
10	1.169	0.0379
10	1.191	0.03703
10	0.874	0.03811
10	1.252	0.03831
10	0.6205	0.03713
10	0.8039	0.03786
10	0.9796	0.03789
10	1.229	0.03813
10	1.165	0.03828
10	1.748	0.03767
10	0.933	0.03871
10	0.6705	0.03709
10	0.8929	0.03798
10	1.014	0.03791
10	1.057	0.03776
10	1.008	0.03852
10	1.289	0.0372
10	1.58	0.03887
10	1.109	0.03739
10	1.182	0.03836
10	0.9166	0.03897
10	0.6098	0.03854
10	0.7136	0.03827
10	1.168	0.0374
10	0.8292	0.03801
10	0.9419	0.03852
10	1.263	0.03818
10	0.7896	0.03839
10	0.5327	0.03716
10	0.9881	0.03838
10	1.2	0.03852
10	1.281	0.03733
10	1.155	0.03768
10	0.9943	0.03757
10	0.9625	0.03847
10	1.454	0.03702
10	1.409	0.03834
10	1.355	0.03835
10	0.6483	0.03788
10	1.352	0.03778
10	1.175	0.03837
10	1.644	0.0383
10	0.9015	0.03839
10	0.9457	0.03862
10	0.9951	0.03927
10	1.476	0.03809
10	1.377	0.0378
10	1.184	0.03831
10	1.214	0.03758
10	1.852	0.03759
10	1.22	0.03746
10	1.644	0.03804
10	1.352	0.038
10	1.21	0.03788
10	1.168	0.03751
10	1.287	0.03793
10	0.8037	0.03855
10	1.603	0.03867
10	1.158	0.0384
10	1.717	0.03789
10	1.195	0.0383
10	1.011	0.03855
10	1.255	0.03833
10	1.143	0.03747
10	1.256	0.03851
10	1.567	0.03704
10	1.492	0.03797
10	1.406	0.03805
10	1.577	0.03739
10	0.7507	0.03871
10	1.572	0.03786
10	0.7537	0.0384
10	1.228	0.03786
10	2.159	0.03795
10	1.256	0.03837
10	1.281	0.03843
10	1.18	0.03831
10	0.9346	0.03818
10	0.8084	0.03806
10	0.949	0.03843
10	0.7727	0.03772
10	0.8943	0.03825
10	0.8429	0.03722
10	1.442	0.03805
10	1.65	0.03805
10	0.9072	0.03718
10	1.214	0.03766
10	0.9852	0.03862
10	1.364	0.03793
10	1.091	0.03837
10	1.121	0.03914
10	0.9644	0.0389
10	0.8691	0.03827
10	0.9046	0.0383
10	1.319	0.03779
10	1.073	0.03756
10	1.02	0.03795
10	0.6528	0.03754
10	1.837	0.03791
10	1.714	0.03802
10	0.7556	0.03744
10	1.346	0.03863
10	0.7815	0.03736
10	1.256	0.03878
10	1.551	0.03801
10	0.8525	0.03858
10	1.386	0.03783
10	0.9646	0.03806
10	1.092	0.03725
10	0.5921	0.0383
10	1.715	0.03854
10	1.145	0.03832
10	1.251	0.03782
10	1.457	0.03723
10	1.233	0.03858
10	0.7739	0.03789
10	0.7325	0.0383
10	1.164	0.03763
10	0.9344	0.03762
10	0.9898	0.0381
10	0.8139	0.03893
10	0.7375	0.03801
10	1.702	0.03852
10	0.9224	0.03914
10	0.961	0.03898
10	0.8366	0.03796
10	0.9707	0.03787
10	0.8531	0.03811
10	0.8959	0.0381
10	1.17	0.03852
10	0.9495	0.03869
10	1.426	0.03668
10	0.8391	0.03751
10	1.773	0.03756
10	1.064	0.03749
10	0.9971	0.03818
10	1.197	0.03782
10	1.301	0.03838
10	0.8711	0.03798
10	0.8233	0.03852
10	1.07	0.03798
10	1.456	0.03881
10	1.049	0.03858
10	1.492	0.03886
10	0.7449	0.03826
10	1.403	0.03718
10	1.025	0.03849
10	0.9235	0.03818
10	0.9355	0.03756
10	1.343	0.03814
10	1.293	0.03801
10	1.391	0.03838
10	1.925	0.03775
10	0.9457	0.03757
10	1.117	0.03766
10	1.375	0.03855
10	0.6566	0.03722
10	1.055	0.0377
10	1.144	0.03801
10	1.675	0.03734
10	0.8963	0.03838
10	1.12	0.03829
10	0.9482	0.03738
10	1.288	0.03775
10	0.9296	0.03858
10	1.302	0.03782
10	1.025	0.03774
10	1.461	0.03797
10	1.043	0.0374
10	0.6934	0.03809
10	0.6467	0.0385
10	1.562	0.03764
10	1.001	0.03801
10	0.9754	0.03787
10	1.478	0.039
10	1.629	0.03782
10	1.241	0.03743
10	1.193	0.03824
10	1.198	0.03817
10	2.037	0.0386
10	0.9551	0.03827
10	1.236	0.03864
10	1.133	0.03795
10	1.15	0.03725
10	1.009	0.03808
10	1.027	0.03844
10	1.138	0.03829
10	1.335	0.03868
10	0.8813	0.03861
10	0.9464	0.0387
10	1.019	0.03738
10	1.39	0.03866
10	1.216	0.03822
10	0.716	0.03844
10	1.294	0.03821
10	1.242	0.03751
10	1.051	0.03795
10	1.505	0.03836
10	0.9179	0.03809
10	1.225	0.03775
10	0.9464	0.03715
10	1.379	0.03786
10	0.8268	0.03741
10	1.051	0.03777
10	1.424	0.0389
10	0.9744	0.03846
10	1.656	0.03832
10	1.378	0.03679
10	1.573	0.03872
10	0.7641	0.03745
10	1.045	0.03761
10	0.5599	0.0386
10	1.01	0.03852
10	1.361	0.03796
10	1.053	0.03857
10	1.072	0.03741
10	1.264	0.03768
10	1.045	0.03773
10	1.103	0.03869
10	0.9064	0.03755
10	1.398	0.03678
10	1.246	0.03845
10	1.495	0.03791
10	1.429	0.03818
10	1.197	0.0375
10	0.8891	0.03784
10	1.136	0.03817
10	0.9389	0.03828
10	1.254	0.03809
10	1.228	0.03706
10	1.334	0.03869
10	0.8332	0.03796
10	1.237	0.0376
10	1.258	0.03859
10	0.899	0.03796
10	0.7438	0.03792
10	0.6693	0.03822
10	0.8978	0.03712
10	1.48	0.03847
10	0.9971	0.03793
10	1.168	0.03731
10	1.085	0.03897
10	0.6149	0.03753
10	1.054	0.03859
10	1.023	0.03816
10	0.624	0.03863
10	1.383	0.0384
10	1.21	0.03807
10	1.173	0.03795
10	1.214	0.03848
10	0.8678	0.03812
10	0.8086	0.0378
10	1.028	0.0386
10	0.879	0.03875
10	1.366	0.03846
10	1.01	0.03822
10	1.187	0.03759
10	0.6299	0.03776
10	1.338	0.03813
10	0.9468	0.03779
10	0.8473	0.03727
10	0.8055	0.03784
10	1.106	0.03911
10	0.8501	0.03781
10	1.205	0.03824
10	0.9461	0.03784
10	1.633	0.03722
10	0.8033	0.03882
10	0.851	0.03738
10	0.7748	0.03867
10	1.12	0.03811
10	1.21	0.03692
10	0.9188	0.03787
10	0.9776	0.038
10	1.047	0.03706
10	1.383	0.03726
10	0.7226	0.03844
10	1.707	0.03825
10	0.8005	0.03809
10	1.649	0.03709
10	0.9066	0.03779
10	0.8177	0.03855
10	0.779	0.03852
10	1.441	0.03829
10	0.9367	0.03839
10	0.8384	0.03782
10	1.139	0.03813
10	1.937	0.03733
10	1.349	0.03889
10	1.013	0.03734
10	0.7623	0.03792
10	1.375	0.03712
10	1.135	0.0375
10	0.7612	0.03813
10	1.447	0.03824
10	0.8472	0.03866
10	1.016	0.03744
10	1.593	0.03787
10	1.239	0.03768
10	1.633	0.03799
10	0.8511	0.03722
10	1.219	0.03789
10	1.209	0.03831
10	0.8692	0.03774
10	1.302	0.03773
10	0.7941	0.03839
10	1.253	0.0383
10	1.051	0.03778
10	1.423	0.0376
10	1.216	0.03766
10	0.7483	0.03915
10	0.9386	0.03811
10	1.021	0.03722
10	0.8292	0.03843
10	0.9988	0.03719
10	1.492	0.03797
10	1.13	0.03677
10	0.7066	0.03874
10	1.229	0.03739
10	1.579	0.03747
10	0.7598	0.03846
10	1.31	0.03826
10	1.161	0.03788
10	0.6087	0.03803
10	1.384	0.03752
10	1.649	0.03822
10	0.8851	0.03762
10	1.069	0.0378
10	1.362	0.03807
10	1.541	0.03811
10	1.267	0.03803
10	0.9877	0.03813
10	0.6288	0.03861
10	0.9192	0.03822
10	1.006	0.03816
10	1.096	0.03767
10	0.6398	0.03773
10	1.668	0.03904
10	1.379	0.03829
10	1.116	0.03802
10	0.9606	0.03871
10	0.9521	0.0383
10	0.8516	0.03832
10	1.047	0.03761
10	1.702	0.03738
10	0.7703	0.03799
10	0.9468	0.03729
10	0.9409	0.03748
10	1.344	0.03923
10	0.9913	0.038
10	0.9061	0.03827
10	1.012	0.03745
10	0.856	0.03889
10	1.374	0.03734
10	0.7498	0.03838
10	1.089	0.03787
10	1.009	0.03746
10	1.261	0.03772
10	1.1	0.03756
10	0.8489	0.03863
10	1.08	0.0379
10	1.383	0.03779
10	0.8454	0.0379
10	0.818	0.0386
10	1.726	0.03853
10	1.498	0.03751
10	1.065	0.03722
10	1.455	0.03793
10	0.7149	0.03781
10	1.311	0.0379
10	1.591	0.0386
10	0.8226	0.0384
10	0.8045	0.03806
10	1.462	0.03782
10	0.9027	0.03783
10	1.147	0.03743
10	1.534	0.03852
10	1.141	0.0384
10	2.131	0.03831
10	1.84	0.03858
10	1.326	0.03746
10	1.595	0.03809
10	1.274	0.03757
10	0.9918	0.03802
10	1.217	0.03794
10	1.186	0.03864
10	0.9104	0.03783
10	0.8686	0.03812
10	0.7492	0.03814
10	0.9596	0.03882
10	1.49	0.03723
10	0.6916	0.03824
10	1.506	0.0384
10	1.027	0.03834
10	0.86	0.0381
10	0.9928	0.03794
10	0.7958	0.03726
10	1.453	0.03902
10	0.7205	0.03785
10	1.88	0.03808
10	1.414	0.0374
10	1.475	0.03803
10	1.063	0.03841
10	0.7684	0.03782
10	1.249	0.03833
10	1.298	0.03843
10	1.29	0.03857
10	2.064	0.03876
10	0.6399	0.03785
10	1.547	0.03794
10	0.9663	0.03741
10	1.511	0.03834
10	1.091	0.03879
10	0.8414	0.03809
10	1.518	0.03781
10	0.8437	0.03851
10	0.6911	0.03766
10	0.9742	0.03845
10	1.337	0.03798
10	1.161	0.03807
10	1.116	0.03875
10	1.852	0.03789
10	1.378	0.0381
10	0.7059	0.03756
10	0.9348	0.03786
10	1.387	0.03873
10	0.8025	0.03805
10	0.7944	0.03828
10	0.6623	0.0379
10	0.8803	0.03862
10	1.332	0.03788
10	1.085	0.03848
10	0.8803	0.03811
10	1.219	0.03824
10	0.8319	0.03837
10	0.7609	0.03842
10	0.9752	0.03877
10	0.7303	0.03831
10	1.198	0.0383
10	0.9231	0.03895
10	1.874	0.03762
10	1.005	0.0373
10	0.9064	0.03832
10	0.8892	0.03739
10	0.7634	0.03702
10	1.551	0.0382
10	1.026	0.03861
10	1.772	0.03828
10	1.42	0.03851
10	0.6888	0.0388
10	0.9141	0.03775
10	1.151	0.03834
10	1.464	0.03853
10	0.7211	0.0377
10	1.037	0.03888
10	1.192	0.03796
10	0.9471	0.03793
10	0.6518	0.03784
10	1.216	0.03897
10	1.475	0.038
10	0.6902	0.03835
10	0.9461	0.03917
10	1.272	0.03915
10	0.7197	0.03732
10	1.087	0.03821
10	2.118	0.03869
10	0.8472	0.03898
10	1.78	0.03883
10	1.49	0.03752
10	1.249	0.03769
10	1.102	0.03765
10	1.039	0.03734
10	1.391	0.03824
10	1.297	0.03808
10	0.8222	0.03709
10	0.9193	0.0379
10	0.9981	0.0377
10	1.223	0.03691
10	1.574	0.03813
10	0.887	0.03752
10	0.7397	0.03849
10	1.032	0.03681
10	1.623	0.0377
10	0.9974	0.03898
10	0.9288	0.03762
10	1.17	0.03845
10	1.634	0.03792
10	0.8903	0.03695
10	1.047	0.03784
10	1.923	0.03776
10	1.14	0.03759
10	0.868	0.03851
10	1.237	0.03821
10	0.8906	0.03771
10	1.36	0.03837
10	0.8311	0.03815
10	0.8578	0.03845
10	1.207	0.03785
10	0.9857	0.03854
10	1.125	0.0383
10	1.316	0.03835
10	0.9866	0.03806
10	0.4441	0.03785
10	1.793	0.03848
10	1.087	0.03774
10	0.8304	0.03782
10	0.8364	0.03711
10	0.913	0.03829
10	1.156	0.03836
10	0.8711	0.03764
10	0.9669	0.03825
10	0.9615	0.03848
10	1.113	0.03726
10	1.491	0.03889
10	1.01	0.03794
10	1.016	0.03806
10	0.9555	0.03692
10	1.527	0.03738
10	1.302	0.03843
10	1.181	0.03703
10	1.955	0.03736
10	0.8299	0.03873
10	0.9218	0.03828
10	1.132	0.03857
10	1.349	0.03782
10	1.251	0.03869
10	0.9715	0.03793
10	0.769	0.03864
10	0.9499	0.03877
10	1.477	0.03841
10	0.8634	0.0378
10	1.093	0.03719
10	1.275	0.03802
10	1.145	0.03811
10	0.9913	0.03822
10	1.59	0.03794
10	1.024	0.03863
10	0.8549	0.03865
10	1.454	0.03792
10	0.9317	0.03777
10	0.7099	0.03792
10	0.9198	0.03767
10	0.9402	0.03779
10	0.696	0.03794
10	0.9589	0.03807
10	1.095	0.03789
10	1.073	0.03801
10	1.646	0.03713
10	0.8016	0.03867
10	1.558	0.03783
10	1.435	0.03785
10	0.8768	0.03794
10	1.16	0.03847
10	1.299	0.03819
10	1.416	0.03803
10	1.224	0.03782
10	1.803	0.03738
10	1.223	0.03795
10	1.109	0.03873
10	0.7213	0.03833
10	1.014	0.03788
10	1.053	0.03795
10	1.27	0.03814
10	0.9899	0.03772
10	1.899	0.03806
10	1.295	0.03785
10	1.145	0.03753
10	0.5643	0.03739
10	1.163	0.03838
10	1.147	0.03808
10	1.114	0.03769
10	0.9746	0.03896
10	0.7431	0.03807
10	1.062	0.03752
10	0.9203	0.03747
10	0.7659	0.03833
10	1.645	0.03845
10	1.487	0.03857
10	0.8752	0.03805
10	0.7381	0.03783
10	0.9268	0.03731
10	0.8066	0.03801
10	1.112	0.0379
10	1.869	0.03808
10	1.11	0.03839
10	0.8194	0.03778
10	1.562	0.03769
10	1.08	0.03837
10	1.299	0.03828
10	0.6889	0.03753
10	0.8424	0.03851
10	0.8827	0.03817
10	1.611	0.0376
10	1.353	0.0383
10	1.195	0.03799
10	0.8438	0.03738
10	0.7912	0.03835
10	1.234	0.0381
10	1.225	0.03743
10	0.6707	0.03786
10	1.671	0.03829
10	1.126	0.03741
10	1.102	0.03726
10	0.9197	0.03748
10	0.9264	0.03781
10	1.384	0.03716
10	2.703	0.03804
10	0.9569	0.0385
10	1.788	0.03837
10	0.8041	0.03809
10	0.8883	0.03836
10	0.6267	0.03846
10	0.9392	0.03781
10	1.264	0.03797
10	1.354	0.03751
10	0.7769	0.03805
10	1.068	0.03791
10	1.198	0.03851
10	0.7696	0.03793
10	1.16	0.03749
10	1.087	0.03888
10	0.7253	0.03813
10	1.443	0.03771
10	0.8111	0.03828
10	1.092	0.03777
10	0.835	0.03709
10	2.255	0.03812
10	1.014	0.03828
10	1.515	0.03772
10	1.251	0.03902
10	0.8021	0.03775
10	0.8103	0.03821
10	1.272	0.03784
10	0.8478	0.03876
10	1.462	0.03908
10	1.471	0.03896
10	0.9556	0.03834
10	0.9317	0.03838
10	1.432	0.03778
10	0.9335	0.03779
10	0.7511	0.03884
10	1.091	0.03748
10	0.9114	0.03808
10	1.201	0.03758
10	1.12	0.03767
10	1.307	0.03792
10	0.9403	0.03831
10	1.331	0.03851
10	1.515	0.03817
10	1.257	0.03785
10	1.047	0.03856
10	1.301	0.03729
10	1.366	0.03751
10	1.012	0.03754
10	0.8559	0.03868
10	1.188	0.03727
10	1.38	0.03823
10	1.422	0.03847
10	0.9207	0.03791
10	1.32	0.03857
10	0.9766	0.0383
10	1.004	0.03811
10	1.261	0.03849
10	1.722	0.03857
10	0.6344	0.03886
10	0.779	0.03829
10	0.9626	0.03893
10	0.9248	0.03862
10	0.9029	0.03817
10	0.9695	0.03794
10	1.089	0.03795
10	1.028	0.03821
10	1.268	0.03792
10	0.7407	0.03785
10	1.287	0.0382
10	1.07	0.03833
10	0.9141	0.03827
10	1.162	0.03773
10	0.7008	0.03789
10	0.909	0.03701
10	1.213	0.03804
10	1.099	0.03895
10	1.231	0.03789
10	0.7134	0.03857
10	1.336	0.0383
10	1.191	0.03702
10	0.7963	0.03822
10	0.7661	0.03772
10	1.698	0.03903
10	0.9697	0.03846
10	1.011	0.03874
10	1.791	0.0388
10	1.164	0.03818
10	0.9994	0.03803
10	0.8175	0.03821
10	0.7378	0.03731
10	1.042	0.03737
10	1.332	0.03865
10	1.41	0.03845
10	1.112	0.03791
10	1.682	0.03785
10	1.127	0.03827
10	0.7315	0.03758
10	0.6353	0.03901
10	1.099	0.0395
10	1.129	0.03803
10	1.044	0.03812
10	0.8775	0.03831
10	1.846	0.03854
10	0.869	0.03736
10	1.393	0.03803
10	1.167	0.03881
10	0.9913	0.03769
10	0.773	0.03778
10	0.9745	0.03779
10	1.064	0.03817
10	0.6607	0.03829
10	1.009	0.03832
10	0.7693	0.03867
10	1.301	0.03786
10	1.451	0.03928
10	1.261	0.03803
10	0.6516	0.03859
10	0.8803	0.03851
10	1.063	0.03809
10	1.094	0.03832
10	1.352	0.0382
10	1.218	0.0378
10	1.416	0.03906
10	0.6354	0.03784
10	0.6829	0.03834
10	1.092	0.03787
10	1.645	0.03792
10	1.383	0.03841
10	0.6305	0.03805
10	0.9331	0.03717
10	0.8103	0.03827
10	1.15	0.03825
10	1.482	0.03842
10	1.419	0.03851
10	0.921	0.0381
10	1.674	0.03782
10	0.7748	0.03852
10	0.8393	0.03844
10	1.068	0.03921
10	0.8534	0.03801
10	1.322	0.03799
10	0.7084	0.03822
10	1.003	0.03801
10	0.8112	0.03728
10	1.144	0.03814
10	1.194	0.03866
10	0.6855	0.03795
10	1.021	0.03869
10	1.439	0.03859
10	1.327	0.03821
10	0.8847	0.03815
10	1.124	0.03891
10	1.898	0.03773
10	1.047	0.03804
10	0.9662	0.03744
10	0.9709	0.03814
10	0.8682	0.0387
10	1.596	0.03836
10	0.7618	0.03776
10	1.281	0.03869
10	1.054	0.03868
10	1.15	0.0379
10	1.128	0.0386
10	1.449	0.03722
10	1.21	0.0386
10	1.169	0.03721
10	1.331	0.03752
10	0.9788	0.03712
10	0.8054	0.03869
10	1.114	0.0384
10	0.7849	0.03719
10	1.029	0.03816
10	1.736	0.03859
10	0.7096	0.03868
10	1.869	0.03807
10	1.137	0.03813
10	1.132	0.03921
10	2.17	0.03807
10	0.9273	0.03839
10	2.046	0.03744
10	0.9651	0.03783
10	0.7284	0.03714
10	0.8336	0.03819
10	0.9797	0.0372
10	1.007	0.03755
10	1.195	0.03849
10	1.076	0.03748
10	0.9834	0.0381
10	1.251	0.03866
10	1.046	0.03727
10	1.143	0.03793
10	0.9686	0.03825
10	1.279	0.03795
10	0.9321	0.0377
10	1.155	0.03803
10	1.678	0.03763
10	0.6306	0.0376
10	0.6861	0.0378
10	0.9858	0.03773
10	1.22	0.0368
10	1.118	0.03849
10	1.209	0.03804
10	1.243	0.03791
10	1.059	0.03754
10	0.9065	0.0372
10	0.497	0.03863
10	0.5944	0.03801
10	0.9275	0.03812
10	1.279	0.03887
10	1.14	0.03753
10	1.498	0.03786
10	1.333	0.0379
10	1.121	0.0382
10	1.216	0.03826
10	0.8499	0.03877
10	0.8733	0.03857
10	0.759	0.039
10	1.102	0.03911
10	1.149	0.03816
10	0.8087	0.0373
10	1.468	0.03833
10	0.6537	0.03776
10	1.739	0.03786
10	0.6581	0.03807
10	0.7705	0.03734
10	1.779	0.03741
10	1.032	0.03811
10	1.27	0.03843
10	0.8273	0.03873
10	1.017	0.03871
10	1.377	0.0382
10	1.097	0.03867
10	0.8465	0.03838
10	1.414	0.0381
10	1.476	0.03753
10	1.511	0.03782
10	1.218	0.03673
10	1.282	0.03769
10	1.437	0.03812
10	1.556	0.03804
10	0.9719	0.03795
10	1.146	0.03841
10	0.8469	0.0375
10	0.7121	0.03749
10	0.9979	0.03803
10	0.9257	0.03819
10	2.279	0.03724
10	1.261	0.03791
10	1.232	0.03774
10	1.468	0.03773
10	1.408	0.03829
10	1.064	0.03724
10	1.625	0.03858
10	1.068	0.03873
10	1.162	0.03826
10	0.8321	0.03851
10	0.8334	0.03777
10	1.473	0.03841
10	0.7903	0.03817
10	1.111	0.03843
10	0.6997	0.03846
10	1.162	0.03893
10	1.054	0.03866
10	0.8903	0.0377
10	1.254	0.03783
10	1.292	0.03737
10	1.104	0.03825
10	0.788	0.0374
10	1.074	0.0376
10	1.611	0.03881
10	0.9719	0.03805
10	1.732	0.03786
10	1.454	0.03827
10	0.9488	0.03902
10	0.986	0.03812
10	1.503	0.03805
10	0.9426	0.03726
10	1.076	0.03797
10	0.8605	0.03833
10	1.015	0.03786
10	1.25	0.03737
10	1.489	0.03785
10	0.8092	0.03851
10	1.274	0.03856
10	1.653	0.03803
10	0.7671	0.03815
10	0.9268	0.03751
10	1.627	0.03862
10	1.349	0.0379
10	1.187	0.0383
10	0.5889	0.03833
10	0.828	0.03742
10	1.344	0.03786
10	1.15	0.03787
10	1.338	0.03805
10	1.6	0.03818
10	0.8026	0.03862
10	1.025	0.03798
10	1.922	0.03811
10	0.9141	0.03821
10	1.617	0.0386
10	0.9988	0.0366
10	1.189	0.03774
10	0.9995	0.0377
10	1.207	0.03839
10	1.025	0.03708
10	1.976	0.03905
10	1.299	0.03736
10	0.6287	0.03808
10	1.232	0.03864
10	1.118	0.03826
10	0.9994	0.03744
10	1.114	0.03876
10	0.8457	0.03857
10	0.8546	0.03839
10	0.8929	0.03778
10	1.078	0.03811
10	1.118	0.03827
10	1.084	0.03726
10	0.7113	0.03839
10	0.7772	0.0381
10	1.141	0.03782
10	0.8198	0.03839
10	1.546	0.03829
10	0.9729	0.03788
10	1.679	0.0371
10	0.5549	0.03844
10	1.258	0.03857
10	1.141	0.03821
10	1.449	0.03781
10	0.6327	0.03811
10	0.8721	0.0385
10	1.349	0.0379
10	0.7313	0.03862
10	1.548	0.03805
10	0.9081	0.03713
10	1.592	0.03758
10	1.06	0.03761
10	0.8907	0.03777
10	0.9349	0.03738
10	1.177	0.03847
10	0.9264	0.03817
10	1.318	0.03819
10	0.9885	0.03881
10	0.9775	0.03821
10	1.454	0.03733
10	1.269	0.03779
10	0.6262	0.03821
10	0.9632	0.03821
10	1.173	0.03816
10	1.611	0.03771
10	1.021	0.03764
10	1.229	0.03826
10	1.209	0.03771
10	0.8124	0.03844
10	0.8532	0.03815
10	1.039	0.03718
10	1.566	0.03793
10	1.672	0.03783
10	0.8007	0.03825
10	0.9584	0.03826
10	1.206	0.03706
10	2.029	0.03886
10	0.8905	0.03722
10	0.9074	0.03861
10	1.069	0.03805
10	1.125	0.03888
10	0.8657	0.03824
10	1.447	0.03752
10	1.155	0.03815
10	1.234	0.03806
10	1.113	0.03786
10	1.898	0.03791
10	0.6746	0.03838
10	0.8032	0.0378
10	0.8729	0.03719
10	1.487	0.03797
10	1.217	0.0382
10	0.6057	0.03799
10	1.837	0.0379
10	1.637	0.03779
10	0.799	0.03778
10	1.047	0.03805
10	0.8621	0.03757
10	1.185	0.03872
10	0.6654	0.03811
10	0.8921	0.0385
10	0.7289	0.0381
10	0.7666	0.03832
10	1.17	0.03838
10	1.608	0.03915
10	1.45	0.03798
10	1.856	0.03815
10	0.7954	0.03807
10	1.111	0.03774
10	0.5119	0.03716
10	1.001	0.0383
10	1.144	0.03791
10	1.282	0.03819
10	0.7734	0.0381
10	0.9151	0.03788
10	0.6988	0.03885
10	0.838	0.03716
10	1.865	0.03836
10	0.7256	0.03798
10	0.9513	0.03854
10	1.692	0.0381
10	1.321	0.03821
10	0.7568	0.03797
10	1.625	0.03875
10	1.557	0.03877
10	1.158	0.03815
10	1.89	0.03779
10	0.7019	0.03873
10	1.519	0.03757
10	1.389	0.03783
10	1.081	0.03807
10	1.021	0.03775
10	0.9594	0.03843
10	1.077	0.03888
10	1.26	0.03847
10	1.28	0.03792
10	1.065	0.03801
10	1.1	0.03814
10	0.6454	0.03784
10	0.8843	0.03768
10	1.383	0.03853
10	0.8856	0.038
10	0.7535	0.03817
10	0.4604	0.03807
10	0.6699	0.03802
10	1.396	0.03748
10	1.315	0.03847
10	1.253	0.03794
10	1.19	0.03752
10	1.227	0.03657
10	1.441	0.03869
10	1.102	0.03886
10	0.855	0.03839
10	0.716	0.03765
10	0.9889	0.03821
10	1.207	0.03844
10	1.04	0.03741
10	0.68	0.03902
10	1.141	0.03874
10	1.064	0.03736
10	1.017	0.03824
10	1.613	0.03695
10	0.9735	0.03761
10	1.059	0.03829
10	1.278	0.03848
10	0.8828	0.03748
10	1.869	0.03775
10	0.8987	0.03869
10	1.06	0.03801
10	0.7022	0.03791
10	1.888	0.03734
10	1.47	0.03775
10	1.052	0.03779
10	1.057	0.03727
10	1.348	0.03854
10	1.387	0.03799
10	1.201	0.03846
10	1.09	0.03838
10	0.9376	0.03812
10	0.7919	0.0377
10	1.179	0.0379
10	1.706	0.0391
10	0.9095	0.03785
10	1.137	0.03811
10	1.322	0.03816
10	0.6438	0.0383
10	1.138	0.03897
10	0.5672	0.03738
10	1.362	0.03777
10	1.33	0.03806
10	1.675	0.03775
10	1.126	0.03783
10	1.016	0.03817
10	0.7364	0.0387
10	1.26	0.03762
10	0.8447	0.03779
10	1.422	0.03847
10	1.07	0.03677
10	0.8557	0.03773
10	1.374	0.03824
10	0.5997	0.03826
10	0.8245	0.03726
10	0.6977	0.03794
10	1.74	0.03785
10	0.8949	0.03794
10	0.8016	0.03827
10	0.8191	0.0387
10	1.118	0.03792
10	0.6513	0.03815
10	0.7682	0.03802
10	1.195	0.03752
10	1.261	0.03809
10	1.362	0.03788
10	0.8697	0.03793
10	0.931	0.03742
10	1.513	0.03889
10	1.206	0.03777
10	0.8737	0.03715
10	0.8943	0.03822
10	1.341	0.03811
10	1.189	0.03789
10	0.7631	0.03792
10	1.539	0.03767
10	1.241	0.03756
10	1.058	0.03809
10	1.279	0.03841
10	0.8323	0.03796
10	1.307	0.03818
10	1.146	0.03784
10	1.61	0.03752
10	1.111	0.03687
10	1.234	0.03826
10	0.7261	0.03867
10	0.8464	0.03772
10	1.18	0.03831
10	1.093	0.03685
10	1.311	0.03836
10	1.45	0.03749
10	1.278	0.03807
10	1.321	0.03841
10	0.8978	0.03715
10	1.329	0.03773
10	0.6897	0.03813
10	1.073	0.03754
10	1.354	0.0387
10	0.8587	0.03767
10	0.8474	0.03878
10	0.9473	0.0384
10	0.7208	0.03784
10	0.9751	0.03787
10	1.091	0.03858
10	1.131	0.03854
10	1.661	0.03836
10	1.06	0.03712
10	0.8677	0.03817
10	0.8453	0.03861
10	1.077	0.03769
10	1.218	0.0387
10	0.9606	0.0382
10	0.7791	0.03754
10	1.348	0.03724
10	1.608	0.03841
10	1.534	0.03866
10	0.9137	0.03816
10	0.7628	0.0387
10	1.245	0.037
10	1.254	0.03707
10	1.606	0.03818
10	1.136	0.03718
10	0.8703	0.03716
10	1.562	0.03728
10	0.9702	0.0374
10	1.425	0.03809
10	1.52	0.03798
10	1.228	0.038
10	1.193	0.03827
10	0.7899	0.03758
10	1.292	0.03858
10	0.8355	0.03763
10	0.8694	0.03855
10	0.8322	0.0383
10	0.9094	0.03754
10	1.834	0.03709
10	0.9986	0.03851
10	0.5806	0.03792
10	1.402	0.03773
10	0.728	0.03772
10	1.443	0.03772
10	1.503	0.03802
10	0.7909	0.03832
10	0.8387	0.03711
10	0.8384	0.03824
10	0.9133	0.03725
10	1.141	0.03801
10	0.8768	0.03838
10	0.4856	0.03786
10	1.121	0.03786
10	0.9292	0.03862
10	1.475	0.03771
10	0.9377	0.03779
10	1.051	0.03763
10	1.414	0.03863
10	1.184	0.03845
10	1.212	0.03678
10	1.011	0.03922
10	0.7162	0.03805
10	1.583	0.03746
10	1.82	0.03908
10	1.119	0.038
10	1.112	0.03877
10	0.8552	0.038
10	0.9261	0.03817
10	0.9739	0.03853
10	0.7768	0.0387
10	0.9732	0.03742
10	1.689	0.03792
10	0.9202	0.03803
10	1.036	0.03783
10	0.9654	0.03826
10	1.626	0.03878
10	1.72	0.03811
10	1.529	0.03771
10	1.066	0.03713
10	0.5654	0.03807
10	0.9315	0.03829
10	0.6434	0.03827
10	0.8814	0.03819
10	1.048	0.03772
10	1.031	0.038
10	1.473	0.03787
10	1.118	0.03796
10	1.438	0.03818
10	0.9063	0.03799
10	0.8441	0.03798
10	1.329	0.03838
10	0.9587	0.0387
10	0.9829	0.03773
10	0.8358	0.03819
10	1.096	0.03782
10	0.9928	0.03767
10	1.029	0.03732
10	1.137	0.03737
10	1.76	0.03751
10	0.8017	0.03744
10	1.01	0.03798
10	0.7117	0.03796
10	0.6739	0.03844
10	1.567	0.03824
10	1.081	0.0376
10	0.9932	0.03793
10	1.527	0.0375
10	0.9419	0.038
10	1.081	0.03784
10	1.218	0.03736
10	1.259	0.03841
10	0.9472	0.03806
10	0.7804	0.03765
10	0.7414	0.03767
10	0.9532	0.03858
10	1.366	0.03803
10	1.209	0.03875
10	1.055	0.03737
10	1.226	0.03772
10	0.9688	0.03742
10	1.388	0.03771
10	0.9466	0.03813
10	0.7203	0.0389
10	0.6851	0.03802
10	1.405	0.03794
10	1.168	0.03804
10	0.461	0.03845
10	1.474	0.03841
10	1.116	0.03831
10	1.835	0.03917
10	1.85	0.03844
10	1.166	0.03678
10	1.036	0.03791
10	1.143	0.03821
10	0.819	0.03764
10	0.9243	0.03806
10	1.678	0.03824
10	0.8696	0.0384
10	1.305	0.0381
10	1.541	0.03806
10	0.8618	0.0377
10	1.352	0.03759
10	1.222	0.03839
10	0.5075	0.03778
10	1.195	0.03789
10	1.01	0.03746
10	1.895	0.03871
10	1.331	0.03792
10	1.653	0.03751
10	1.183	0.03808
10	1.197	0.03862
10	0.6671	0.03665
10	0.8582	0.03793
10	1.938	0.03794
10	0.7646	0.03773
10	0.9889	0.03862
10	1.155	0.03827
10	1.256	0.0376
10	1.626	0.03825
10	1.024	0.03748
10	1.043	0.03759
