23	0.9301	0.0384
23	1.275	0.03984
23	1.603	0.03864
23	0.6235	0.03901
23	1.813	0.03681
23	1.044	0.03891
23	1.324	0.03634
23	0.9484	0.03976
23	1.218	0.03718
23	1.227	0.0391
23	1.577	0.03761
23	0.9893	0.03863
23	0.9653	0.03811
23	0.9523	0.0374
23	0.9443	0.03768
23	1.184	0.03836
23	1.115	0.03951
23	0.9755	0.03856
23	1.238	0.03655
23	1.132	0.03811
23	0.8425	0.03872
23	0.7839	0.0378
23	0.8471	0.03772
23	0.9866	0.03993
23	0.7737	0.03734
23	1.163	0.03705
23	0.9792	0.03887
23	0.7833	0.03925
23	1.205	0.03723
23	0.7938	0.03804
23	1.209	0.03808
23	0.6703	0.03883
23	0.9546	0.03784
23	1.089	0.03723
23	1.342	0.03903
23	1.798	0.03886
23	0.9174	0.03714
23	0.7115	0.03719
23	0.915	0.03728
23	1.063	0.03648
23	1.608	0.03663
23	1.162	0.03737
23	1.173	0.0383
23	0.606	0.03731
23	0.9396	0.03802
23	1.111	0.03678
23	1.163	0.0402
23	0.8256	0.03726
23	1.326	0.03714
23	1.107	0.03837
23	1.338	0.03958
23	1.187	0.03808
23	0.9738	0.03815
23	1.048	0.0381
23	1.138	0.03775
23	1.286	0.03629
23	1.168	0.03667
23	1.452	0.03688
23	1.387	0.03906
23	1.222	0.03733
23	1.929	0.03944
23	1.006	0.03947
23	1.557	0.03693
23	0.9382	0.03777
23	1.056	0.03934
23	1.804	0.03999
23	0.7227	0.03898
23	1.366	0.03515
23	1.331	0.03646
23	0.9086	0.03707
23	1.198	0.03769
23	0.674	0.03784
23	0.8088	0.03884
23	0.9031	0.0382
23	1.545	0.03865
23	1.461	0.03838
23	1.161	0.03891
23	0.7489	0.03846
23	1.065	0.03751
23	1.19	0.0377
23	1.513	0.03673
23	1.055	0.03839
23	0.7964	0.03993
23	1.303	0.03868
23	0.6259	0.03612
23	1.312	0.03751
23	1.065	0.03918
23	1.237	0.03821
23	1.6	0.03569
23	1.094	0.03534
23	0.7207	0.03794
23	2.872	0.03989
23	0.9556	0.03853
23	1.326	0.03563
23	0.4688	0.03792
23	0.8054	0.03878
23	1.146	0.03764
23	1.156	0.0388
23	0.8414	0.04028
23	0.7178	0.03831
23	1.025	0.03725
23	1.043	0.03706
23	2.737	0.03781
23	0.9089	0.04002
23	1.408	0.03962
23	1.883	0.04052
23	1.462	0.03934
23	0.7998	0.03874
23	1.7	0.03654
23	1.263	0.03762
23	1.825	0.0387
23	0.8553	0.03809
23	0.5411	0.03534
23	0.6855	0.03636
23	0.7823	0.0367
23	1.441	0.03758
23	0.6113	0.03905
23	0.86	0.03693
23	1.762	0.0372
23	1.071	0.03646
23	0.8531	0.0382
23	1.176	0.03788
23	1.277	0.03933
23	1.028	0.03847
23	0.6295	0.03694
23	0.753	0.03799
23	0.8827	0.03942
23	1.071	0.03917
23	1.184	0.03931
23	1.441	0.03864
23	0.8812	0.03802
23	2.52	0.03755
23	1.015	0.03625
23	1.773	0.03825
23	0.9321	0.03846
23	2.185	0.03844
23	1.04	0.04026
23	1.025	0.03921
23	0.9586	0.03836
23	0.9067	0.0392
23	0.6163	0.0381
23	1.16	0.03851
23	0.8784	0.03866
23	1.343	0.03706
23	2.451	0.0391
23	1.189	0.03654
23	1.128	0.03845
23	1.006	0.03612
23	1.568	0.03824
23	1.264	0.04046
23	1.251	0.03823
23	0.7416	0.03712
23	0.6653	0.03714
23	1.083	0.03812
23	2.173	0.03809
23	1.333	0.03692
23	1.546	0.03782
23	1.423	0.03819
23	1.504	0.03608
23	0.928	0.038
23	1.529	0.03788
23	1.064	0.03966
23	0.8235	0.03907
23	1.187	0.03625
23	1.003	0.03921
23	1.52	0.03791
23	1.002	0.03675
23	1.019	0.03743
23	1.597	0.0385
23	0.7906	0.03705
23	1.043	0.03845
23	1.81	0.03682
23	1.164	0.03974
23	1.058	0.03832
23	0.7948	0.03837
23	0.5684	0.03718
23	0.9334	0.03912
23	0.765	0.03794
23	0.6796	0.03645
23	1.384	0.03764
23	1.025	0.03748
23	1.259	0.03737
23	1.196	0.03878
23	1.163	0.03947
23	0.949	0.03722
23	0.7426	0.03627
23	0.8712	0.03821
23	1.441	0.03906
23	0.7323	0.03833
23	1.368	0.03625
23	0.6634	0.03794
23	0.641	0.03768
23	1.861	0.03811
23	1.011	0.03819
23	1.107	0.03735
23	1.063	0.03758
23	1.288	0.03726
23	0.709	0.03825
23	0.937	0.03882
23	0.8583	0.03747
23	0.7913	0.03661
23	1.017	0.03906
23	0.7991	0.03832
23	1.326	0.03773
23	1.017	0.0369
23	0.6203	0.03874
23	1.048	0.03841
23	1.009	0.03784
23	1.106	0.03696
23	1.091	0.03833
23	0.8577	0.03767
23	1.035	0.03837
23	1.189	0.03898
23	1.225	0.03973
23	2.06	0.03841
23	0.5917	0.03889
23	1.768	0.03762
23	1.444	0.03716
23	1.341	0.03922
23	1.121	0.03718
23	1.757	0.03944
23	0.8798	0.03849
23	0.8377	0.03783
23	1.108	0.03907
23	0.8821	0.03766
23	1.341	0.03697
23	1.077	0.03522
23	0.9707	0.03764
23	1.067	0.03626
23	1.025	0.04019
23	0.7965	0.03844
23	0.7393	0.03934
23	1.061	0.03882
23	1.075	0.03697
23	0.6981	0.03884
23	1.246	0.04019
23	1.582	0.03945
23	1.542	0.03728
23	0.9386	0.03759
23	1.081	0.0395
23	0.9049	0.03561
23	1.891	0.03891
23	1.222	0.0385
23	2.036	0.03844
23	0.8272	0.03814
23	1.645	0.03779
23	0.7413	0.0395
23	0.9039	0.03854
23	0.9579	0.03701
23	1.555	0.03849
23	1.13	0.03782
23	1.091	0.0353
23	1.007	0.03551
23	1.556	0.03907
23	0.8194	0.03778
23	0.7847	0.0363
23	1.234	0.03852
23	1.347	0.03763
23	0.6645	0.03684
23	0.8744	0.03573
23	1.044	0.03898
23	0.8928	0.0364
23	1.674	0.04029
23	1.43	0.03678
23	0.7288	0.03678
23	0.9267	0.03765
23	0.9913	0.03873
23	1.286	0.04022
23	1.221	0.03877
23	0.6822	0.0391
23	1.406	0.03908
23	1.025	0.0394
23	1.009	0.0373
23	1.535	0.03932
23	0.8709	0.03792
23	1.614	0.03679
23	0.6768	0.03524
23	1.191	0.03877
23	1.349	0.03733
23	0.997	0.03907
23	1.213	0.03785
23	0.8554	0.03926
23	0.969	0.03645
23	0.9601	0.03783
23	0.89	0.03711
23	0.8155	0.03834
23	1.328	0.03831
23	0.6026	0.03846
23	0.8734	0.03893
23	1.306	0.03866
23	1.245	0.0397
23	0.5356	0.03866
23	1.475	0.0366
23	1.944	0.03895
23	1.432	0.0377
23	1.283	0.03965
23	0.9451	0.0382
23	0.8648	0.0379
23	0.881	0.03896
23	0.7042	0.03935
23	1.335	0.03826
23	1.485	0.0385
23	0.8758	0.03781
23	1.187	0.03856
23	1.907	0.04032
23	1.593	0.0366
23	0.9886	0.03833
23	2.215	0.04028
23	1.729	0.03715
23	1.257	0.03706
23	1.69	0.03911
23	1.388	0.03866
23	0.9233	0.03787
23	0.8285	0.03684
23	0.906	0.03986
23	0.8413	0.03772
23	0.7773	0.03812
23	1.119	0.03847
23	1.022	0.0364
23	1.007	0.03833
23	0.5442	0.03732
23	1.315	0.03735
23	0.737	0.03966
23	1.14	0.03635
23	1.027	0.03728
23	1.166	0.03752
23	1.033	0.03801
23	1.462	0.03802
23	0.8504	0.0352
23	0.6517	0.03895
23	0.6335	0.03876
23	1.116	0.03765
23	1.289	0.03955
23	1.256	0.03939
23	1.308	0.03961
23	1.295	0.03923
23	0.9841	0.03847
23	1.413	0.03874
23	1.661	0.03913
23	1.275	0.03846
23	0.8852	0.03764
23	1.219	0.0397
23	1.015	0.03837
23	0.7223	0.03923
23	1.362	0.03886
23	1.11	0.03682
23	0.9401	0.03688
23	1.411	0.03645
23	1.071	0.03972
23	0.4319	0.03875
23	1.211	0.03814
23	1.58	0.03862
23	0.5957	0.03877
23	1.569	0.03801
23	0.9331	0.03745
23	1.317	0.03786
23	0.8194	0.03824
23	1.919	0.03782
23	1.171	0.0396
23	1.486	0.03805
23	1.053	0.03968
23	0.9331	0.03797
23	0.9234	0.03833
23	0.5036	0.03888
23	0.9123	0.03703
23	1.089	0.03687
23	1.771	0.03754
23	0.9444	0.03958
23	0.7237	0.03823
23	1.098	0.0374
23	0.9599	0.03881
23	1.03	0.03885
23	1.094	0.03943
23	1.274	0.03676
23	1.007	0.03791
23	1.017	0.0383
23	1.224	0.03881
23	1.017	0.0388
23	1.302	0.03762
23	1.573	0.03737
23	0.8459	0.03716
23	1.822	0.03672
23	1.068	0.03748
23	1.094	0.03832
23	0.8154	0.03902
23	0.6207	0.03693
23	1.577	0.03795
23	0.9423	0.03881
23	1.057	0.03758
23	1.807	0.03792
23	0.9857	0.03862
23	0.9744	0.03641
23	1.251	0.03971
23	1.195	0.03775
23	0.9048	0.03832
23	0.9097	0.03865
23	1.104	0.03891
23	0.9177	0.03948
23	1.23	0.03858
23	0.9262	0.03571
23	1.067	0.03816
23	1.186	0.03607
23	0.8989	0.03637
23	0.9414	0.03809
23	0.8422	0.03717
23	0.6855	0.03794
23	1.128	0.03976
23	1.455	0.03701
23	0.8675	0.03778
23	1.203	0.03748
23	0.9827	0.0366
23	1.001	0.03826
23	1.049	0.03796
23	1.046	0.03948
23	1.502	0.03806
23	0.8892	0.03642
23	0.9522	0.03776
23	0.8295	0.03898
23	1.025	0.0374
23	1.08	0.03666
23	1.525	0.0381
23	1.149	0.03903
23	1.591	0.038
23	0.5832	0.03896
23	1.358	0.03769
23	0.6581	0.03891
23	0.9994	0.03741
23	0.7229	0.03802
23	1.329	0.03822
23	1.167	0.03637
23	1.33	0.0361
23	1.289	0.03693
23	0.8739	0.03992
23	0.9481	0.03866
23	1.579	0.03806
23	0.6042	0.0391
23	0.9155	0.03869
23	0.9171	0.03957
23	0.8407	0.03743
23	1.369	0.03804
23	0.9004	0.03921
23	1.296	0.03797
23	1.31	0.03777
23	1.502	0.03914
23	1.195	0.03699
23	1.039	0.03694
23	1.234	0.03576
23	1.229	0.03779
23	1.017	0.03903
23	1.313	0.0376
23	0.827	0.0398
23	1.437	0.03718
23	0.9331	0.03832
23	0.7546	0.0359
23	1.047	0.03656
23	0.6513	0.03941
23	1.08	0.03761
23	0.7207	0.03705
23	1.527	0.03676
23	1.238	0.03948
23	1.132	0.03732
23	0.6915	0.03955
23	0.618	0.03683
23	1.256	0.03821
23	1.016	0.03828
23	1.26	0.03846
23	0.9148	0.03919
23	1.212	0.03734
23	0.7227	0.03839
23	1.33	0.03741
23	0.8125	0.03955
23	1.054	0.0379
23	1.589	0.03603
23	1.316	0.03675
23	1.039	0.03551
23	1.262	0.03692
23	0.8017	0.03742
23	0.8344	0.03817
23	0.8888	0.03844
23	0.9918	0.03857
23	0.9982	0.03708
23	1.722	0.03865
23	1.849	0.03812
23	0.772	0.03793
23	0.9439	0.03836
23	1.784	0.03865
23	1.503	0.03767
23	1.11	0.03815
23	0.7649	0.03824
23	0.8829	0.0389
23	0.7476	0.03857
23	0.9646	0.03809
23	0.5659	0.03861
23	1.32	0.03854
23	1.226	0.03878
23	1.425	0.03785
23	0.7187	0.03752
23	1.053	0.03516
23	1.047	0.03791
23	1.042	0.03884
23	0.871	0.03974
23	1.484	0.03602
23	1.065	0.03692
23	0.8617	0.0374
23	0.8031	0.03904
23	0.7206	0.03821
23	1.075	0.03787
23	1.424	0.03834
23	0.9755	0.0398
23	1.182	0.03786
23	1.171	0.03789
23	0.6702	0.03894
23	0.6553	0.03666
23	0.9213	0.03849
23	1.203	0.03918
23	0.8072	0.03663
23	1.687	0.03749
23	1.511	0.03587
23	0.9929	0.03999
23	1.102	0.03828
23	0.8569	0.03649
23	0.8237	0.03844
23	0.909	0.03739
23	0.7848	0.03719
23	0.8749	0.03817
23	0.8187	0.03629
23	0.902	0.03786
23	1.183	0.03656
23	0.7876	0.03861
23	0.5724	0.0378
23	0.6816	0.03709
23	1.264	0.03726
23	0.7092	0.03911
23	0.8985	0.0377
23	2.042	0.03879
23	0.8796	0.03884
23	1.143	0.0385
23	0.9972	0.0383
23	1.13	0.0382
23	1.274	0.03809
23	1.195	0.03691
23	0.6526	0.03873
23	1.929	0.03703
23	1.934	0.03739
23	1.413	0.03791
23	1.085	0.03679
23	1.039	0.03862
23	1.674	0.03717
23	1.483	0.03656
23	0.5121	0.03759
23	2.068	0.03895
23	0.7521	0.03802
23	0.9826	0.03856
23	1.419	0.03972
23	0.7549	0.03825
23	1.834	0.03954
23	0.9664	0.03651
23	0.8624	0.03805
23	2.24	0.03742
23	1.135	0.03635
23	2.042	0.03924
23	1.136	0.03777
23	1.162	0.03794
23	1.032	0.03819
23	0.7735	0.03789
23	1.241	0.0389
23	1.055	0.03826
23	1.798	0.03611
23	0.7788	0.03908
23	1.105	0.03899
23	0.919	0.0373
23	1.247	0.03631
23	0.8753	0.03933
23	1.111	0.03711
23	0.8971	0.03754
23	1.119	0.03659
23	1.841	0.03842
23	0.9914	0.03839
23	1.154	0.03652
23	1.388	0.03803
23	0.5719	0.03785
23	1.038	0.04039
23	1.705	0.03874
23	1.161	0.03824
23	1.079	0.03748
23	0.6854	0.03884
23	1.041	0.03756
23	1.082	0.03841
23	1.835	0.03833
23	1.264	0.03764
23	1.223	0.03749
23	1.181	0.03866
23	1.194	0.03818
23	0.9309	0.03828
23	0.9093	0.03848
23	1.249	0.03841
23	1.18	0.03859
23	0.6592	0.03837
23	1.314	0.03836
23	1.081	0.03734
23	1.291	0.03747
23	0.9404	0.03743
23	1.096	0.03851
23	0.7985	0.03817
23	1.415	0.03575
23	1.342	0.03873
23	1.002	0.03747
23	1.018	0.04016
23	0.5684	0.03789
23	1.129	0.03707
23	1.704	0.03792
23	0.5883	0.03824
23	0.8776	0.03916
23	0.5639	0.03688
23	0.6358	0.03805
23	1.34	0.03742
23	1.504	0.03835
23	0.8221	0.03742
23	0.8156	0.04006
23	1.409	0.03798
23	0.9501	0.03973
23	0.8085	0.03856
23	2.09	0.03863
23	1.251	0.03894
23	0.9487	0.03777
23	1.247	0.0382
23	1.312	0.03708
23	1.097	0.03968
23	0.9055	0.03831
23	1.298	0.03692
23	0.9506	0.0385
23	1.059	0.03686
23	1.146	0.03894
23	1.242	0.03701
23	0.9299	0.03813
23	0.6283	0.03752
23	0.7334	0.03896
23	1.127	0.03808
23	1.014	0.03755
23	0.5678	0.03704
23	1.255	0.03833
23	0.7598	0.0396
23	0.9802	0.03977
23	1.048	0.03645
23	1.006	0.03578
23	1.267	0.03784
23	2.53	0.03899
23	0.885	0.03808
23	1.186	0.03903
23	1.261	0.03661
23	0.9098	0.03788
23	1.229	0.03696
23	0.9197	0.03814
23	0.583	0.03896
23	0.778	0.03787
23	0.842	0.03762
23	1.45	0.03919
23	1.043	0.03616
23	2.483	0.03897
23	1.169	0.03708
23	1.243	0.038
23	0.966	0.03844
23	1.383	0.03637
23	0.6469	0.03857
23	0.85	0.0395
23	1.407	0.03612
23	1.014	0.03754
23	1.23	0.03794
23	1.133	0.03852
23	1.011	0.03816
23	0.9551	0.03768
23	1.317	0.0374
23	1.231	0.03927
23	1.166	0.03735
23	1.218	0.03808
23	1.159	0.03782
23	0.8131	0.03756
23	1.531	0.0389
23	0.7002	0.03808
23	0.8541	0.03839
23	0.9986	0.03639
23	0.6221	0.03885
23	0.8526	0.03865
23	1.345	0.03848
23	0.907	0.03738
23	1.303	0.03809
23	0.7698	0.03759
23	0.7366	0.03887
23	1.006	0.03497
23	1.069	0.03704
23	1.289	0.0358
23	1.147	0.03849
23	1.122	0.03946
23	0.9296	0.03704
23	1.116	0.03647
23	0.9424	0.03759
23	1.088	0.03657
23	0.7366	0.0372
23	0.7491	0.03741
23	1.144	0.03916
23	1.484	0.03928
23	0.6969	0.03727
23	1.499	0.0367
23	0.8028	0.03994
23	0.8795	0.03706
23	1.789	0.03823
23	1.059	0.03738
23	1.015	0.03854
23	0.8703	0.0392
23	1.338	0.03874
23	0.7262	0.03941
23	1.409	0.03718
23	0.7514	0.0385
23	1.373	0.03872
23	0.7929	0.03724
23	1.685	0.03764
23	0.9214	0.03725
23	0.8156	0.03725
23	1.15	0.03669
23	0.9212	0.0379
23	1.127	0.038
23	1.241	0.03787
23	1.454	0.03847
23	0.7415	0.03587
23	0.8825	0.04034
23	1.347	0.03831
23	1.181	0.03904
23	1.368	0.03929
23	0.818	0.03812
23	0.6808	0.03926
23	0.7593	0.03884
23	1.465	0.03762
23	1.088	0.0365
23	0.9817	0.04003
23	0.5774	0.03714
23	1.168	0.03824
23	0.7356	0.03866
23	0.9732	0.03748
23	0.8488	0.036
23	0.9745	0.03841
23	1.272	0.03693
23	1.718	0.03642
23	1.077	0.0394
23	0.89	0.03671
23	1.915	0.03776
23	0.767	0.03822
23	0.9523	0.03895
23	1.784	0.03831
23	1.586	0.0387
23	0.8106	0.03832
23	0.7825	0.03797
23	1.296	0.03749
23	1.31	0.03898
23	0.9812	0.03968
23	0.7776	0.03815
23	0.9564	0.03819
23	1.063	0.03506
23	1.169	0.0377
23	0.8084	0.03908
23	1.361	0.0372
23	1.43	0.03621
23	0.9246	0.03907
23	0.9927	0.0374
23	1.074	0.03649
23	0.983	0.03997
23	0.7623	0.03991
23	1.265	0.03877
23	1.291	0.03737
23	1.417	0.03901
23	1.898	0.037
23	0.9479	0.03844
23	1.316	0.03727
23	1.744	0.03859
23	0.7639	0.03805
23	0.9217	0.03697
23	1.118	0.03915
23	2.768	0.0389
23	0.7337	0.03677
23	0.8745	0.03932
23	0.5932	0.03821
23	0.6494	0.0371
23	1.393	0.03673
23	0.8163	0.03738
23	2.066	0.03793
23	1.182	0.03763
23	1.033	0.03762
23	1.151	0.03634
23	1.528	0.0383
23	1.006	0.03908
23	1.054	0.03842
23	0.5767	0.03854
23	0.6194	0.03579
23	1.018	0.03819
23	0.6158	0.03915
23	0.971	0.03823
23	1.448	0.03649
23	1.154	0.03638
23	1.406	0.03814
23	1.413	0.03756
23	0.851	0.03839
23	0.7953	0.03831
23	0.8837	0.03794
23	1.423	0.03813
23	0.9367	0.03805
23	0.9779	0.03661
23	0.9619	0.03822
23	0.6205	0.03763
23	1.057	0.03858
23	1.258	0.03865
23	1.394	0.03873
23	1.235	0.03765
23	0.8589	0.03809
23	0.9321	0.03693
23	0.8404	0.03678
23	1.304	0.03942
23	0.5955	0.03672
23	1.161	0.03784
23	0.5014	0.03729
23	1.751	0.03902
23	1.171	0.03882
23	1.012	0.0377
23	0.9121	0.0386
23	1.07	0.03639
23	1.305	0.03903
23	0.6792	0.03836
23	1.065	0.03657
23	1.066	0.03671
23	1.339	0.03857
23	0.9095	0.03927
23	2.533	0.03858
23	1.788	0.03513
23	0.8952	0.03866
23	0.7794	0.03885
23	0.8394	0.038
23	0.9158	0.03852
23	1.057	0.03754
23	1.335	0.03616
23	0.9065	0.03734
23	0.8492	0.03939
23	1.288	0.03816
23	1.431	0.03713
23	1.483	0.03873
23	1.489	0.03671
23	1.345	0.03651
23	1.232	0.03804
23	0.8972	0.03827
23	1.251	0.03863
23	1.368	0.03792
23	0.9655	0.03797
23	0.8981	0.03904
23	0.5383	0.03828
23	2.272	0.039
23	1.143	0.03704
23	0.8302	0.03677
23	0.9885	0.03761
23	0.9626	0.03897
23	1.128	0.0382
23	0.9617	0.03652
23	0.9886	0.03677
23	1.409	0.03762
23	1.301	0.03679
23	0.7343	0.03775
23	1.329	0.03808
23	1.264	0.0385
23	1.863	0.03863
23	0.8464	0.03918
23	1.506	0.03652
23	1.315	0.03705
23	0.8116	0.03704
23	1.001	0.03808
23	1.548	0.03873
23	0.7103	0.0386
23	1.909	0.03602
23	0.761	0.03828
23	1.719	0.03803
23	0.9036	0.03871
23	1.249	0.03773
23	1.153	0.03802
23	0.9369	0.03854
23	0.7038	0.03896
23	1.399	0.03914
23	1.379	0.03656
23	0.4956	0.03636
23	1.209	0.03858
23	1.137	0.03891
23	1.556	0.03842
23	1.865	0.03788
23	0.8537	0.03652
23	0.6636	0.0382
23	1.168	0.03785
23	1.287	0.03846
23	1.666	0.03941
23	1.087	0.03887
23	0.8832	0.03985
23	1.291	0.03865
23	0.8643	0.03919
23	1.844	0.03866
23	0.9244	0.03819
23	1.124	0.03884
23	1.474	0.03688
23	1.152	0.03919
23	1.006	0.03567
23	0.6802	0.03883
23	1.148	0.03758
23	0.5025	0.03885
23	0.6725	0.03814
23	0.554	0.0369
23	0.9644	0.03771
23	1.271	0.0384
23	0.5697	0.03838
23	1.17	0.03851
23	1.026	0.03668
23	0.9879	0.039
23	0.9428	0.03739
23	0.9975	0.03729
23	1.42	0.03803
23	0.7208	0.03888
23	1.629	0.03952
23	0.9971	0.03716
23	1.637	0.03856
23	1.114	0.03769
23	1.695	0.0382
23	0.8	0.03759
23	1.422	0.03828
23	1.077	0.03771
23	1.841	0.03888
23	1.512	0.03857
23	1.181	0.03796
23	1.142	0.0374
23	1.517	0.03857
23	1.511	0.03828
23	0.9548	0.03961
23	1.379	0.03673
23	1.148	0.03789
23	1.564	0.03691
23	2.123	0.03841
23	0.7336	0.03761
23	1.866	0.03691
23	1.784	0.03678
23	1.141	0.03753
23	1.119	0.03997
23	1.205	0.03875
23	1.881	0.03737
23	0.8314	0.03967
23	0.8657	0.03831
23	1.322	0.03834
23	1.325	0.03953
23	1.028	0.03747
23	0.7751	0.03541
23	0.6826	0.04014
23	0.8156	0.03845
23	0.7933	0.03761
23	1.157	0.03762
23	1.233	0.03863
23	1.453	0.03691
23	1.22	0.03748
23	0.952	0.03775
23	0.7179	0.03818
23	1.171	0.03707
23	1.178	0.03779
23	0.9619	0.03859
23	1.16	0.03882
23	0.9493	0.03762
23	0.7494	0.03612
23	0.6679	0.03682
23	1.497	0.0378
23	1.196	0.03857
23	1.535	0.03859
23	0.5132	0.03715
23	1.635	0.03856
23	1.089	0.0398
23	1.179	0.03923
23	1.178	0.03883
23	0.9925	0.03884
23	0.9224	0.03795
23	1.08	0.03863
23	1.204	0.03753
23	1.328	0.03822
23	0.7329	0.0386
23	1.104	0.03616
23	0.8862	0.03763
23	0.9327	0.03853
23	1.356	0.03764
23	0.8405	0.03716
23	1.5	0.03794
23	1.294	0.03692
23	1.388	0.0371
23	1.331	0.03932
23	1.626	0.03535
23	1.187	0.03847
23	0.8216	0.03699
23	0.8609	0.03747
23	0.7991	0.03736
23	0.7637	0.03874
23	1.044	0.03812
23	0.6513	0.03746
23	1.028	0.03948
23	0.9043	0.03839
23	0.7549	0.0381
23	1.354	0.03913
23	0.9226	0.0388
23	1.341	0.0385
23	1.118	0.03718
23	1.026	0.0371
23	0.979	0.03779
23	1.087	0.03933
23	1.472	0.03911
23	0.8336	0.0379
23	1.151	0.03819
23	0.6355	0.03772
23	1.128	0.03889
23	1.397	0.03781
23	0.6483	0.03699
23	1.353	0.03761
23	1.02	0.03913
23	1.083	0.03884
23	0.772	0.03903
23	1.363	0.03784
23	1.192	0.03886
23	0.9269	0.03677
23	1.061	0.03873
23	0.9347	0.03609
23	1.673	0.03727
23	0.9621	0.04013
23	1.323	0.03923
23	0.7814	0.03591
23	1.613	0.03858
23	0.4888	0.03668
23	0.635	0.03899
23	1.368	0.03768
23	0.8495	0.03644
23	0.9038	0.03744
23	1.254	0.037
23	0.5772	0.03591
23	1.051	0.03745
23	0.9792	0.03874
23	0.912	0.03754
23	1.514	0.0383
23	1.524	0.03768
23	1.139	0.03774
23	0.7803	0.03645
23	2.193	0.03602
23	0.7985	0.03898
23	0.8113	0.03741
23	1.462	0.03953
23	0.6402	0.03714
23	1.242	0.0374
23	1.351	0.03867
23	1.215	0.03723
23	1.811	0.03781
23	0.8001	0.03818
23	1.414	0.03674
23	0.8428	0.0385
23	1.196	0.03878
23	1.294	0.03582
23	1.401	0.0385
23	1.564	0.03792
23	1.425	0.0381
23	0.7748	0.03703
23	1.01	0.03801
23	1.322	0.03629
23	1.033	0.03877
23	1.718	0.03777
23	0.7048	0.03838
23	0.9451	0.0384
23	0.5416	0.03663
23	1.194	0.03771
23	0.7661	0.03818
23	0.6343	0.03813
23	1.486	0.03871
23	1.113	0.03792
23	1.195	0.03778
23	0.8307	0.03869
23	0.4781	0.03789
23	1.105	0.03857
23	1.005	0.03866
23	1.297	0.03658
23	0.6174	0.03765
23	1.456	0.03835
23	0.6784	0.03836
23	0.9713	0.03785
23	0.685	0.0379
23	1.078	0.03873
23	0.7066	0.03955
23	0.9892	0.039
23	1.817	0.03886
23	0.8549	0.03843
23	1.286	0.03894
23	1.267	0.03624
23	1.769	0.03814
23	1.527	0.03878
23	1.513	0.03799
23	1.308	0.03876
23	1.078	0.03707
23	1.081	0.03741
23	1.132	0.0379
23	0.801	0.03826
23	1.32	0.03829
23	1.433	0.03654
23	1.445	0.0387
23	0.8818	0.03704
23	1.08	0.03834
23	1.335	0.03532
23	0.7095	0.0389
23	1.117	0.03797
23	0.7943	0.0369
23	1.04	0.03869
23	0.8485	0.03849
23	1.589	0.03519
23	0.8576	0.03637
23	1.203	0.03865
23	1.373	0.03636
23	2.061	0.03937
23	0.9994	0.03674
23	1.043	0.03767
23	1.472	0.0388
23	1.152	0.03926
23	1.532	0.03617
23	1.587	0.03676
23	0.9681	0.03717
23	0.8064	0.03717
23	0.761	0.03714
23	1.088	0.03498
23	0.9428	0.03674
23	1.25	0.04006
23	1.148	0.03782
23	1.364	0.03895
23	1.386	0.03963
23	0.8896	0.03899
23	1.529	0.03807
23	1.157	0.03828
23	0.9993	0.0384
23	0.9569	0.03728
23	1.344	0.03835
23	0.8569	0.03815
23	1.607	0.03823
23	0.9427	0.03788
23	1.17	0.03904
23	1.079	0.03671
23	0.6767	0.03719
23	0.8166	0.03741
23	1.257	0.03703
23	0.8567	0.03826
23	0.8269	0.03762
23	1.125	0.03683
23	0.8102	0.03809
23	1.652	0.03667
23	1.052	0.03834
23	0.9568	0.03878
23	0.9891	0.03861
23	0.7687	0.03918
23	1.357	0.036
23	1.112	0.03769
23	0.58	0.03843
23	1.239	0.03899
23	1.483	0.03861
23	0.7513	0.03721
23	0.848	0.03765
23	1.465	0.03852
23	0.8772	0.03794
23	1.317	0.0375
23	0.8533	0.03762
23	1.18	0.03863
23	0.9329	0.03866
23	1.604	0.03855
23	1.099	0.03904
23	0.675	0.03713
23	1.253	0.03698
23	0.8345	0.03814
23	1.281	0.03915
23	0.8473	0.0388
23	1.255	0.03933
23	1.19	0.03916
23	0.6661	0.03626
23	1.033	0.03794
23	1.146	0.03844
23	1.207	0.03713
23	1.454	0.03814
23	0.7473	0.04022
23	1.013	0.03801
23	1.064	0.03758
23	0.8365	0.03738
23	1.029	0.03478
23	1.284	0.03734
23	1.421	0.03759
23	1.325	0.03779
23	1.351	0.03868
23	0.9142	0.0374
23	0.7328	0.03933
23	1.023	0.03808
23	1.658	0.03869
23	1.166	0.03774
23	0.7497	0.03834
23	1.119	0.03582
23	0.9245	0.03899
23	0.8397	0.03724
23	1.333	0.03973
23	1.971	0.03886
23	1.42	0.03825
23	1.179	0.0375
23	0.784	0.03843
23	1.522	0.03893
23	1.512	0.03897
23	1.337	0.03604
23	1.153	0.03762
23	1.353	0.03932
23	1.105	0.03625
23	0.7076	0.03823
23	2.577	0.03873
23	1.299	0.03706
23	1.262	0.03952
23	1.492	0.03804
23	1.588	0.03764
23	1.421	0.03956
23	0.6577	0.03786
23	1.371	0.03587
23	0.6591	0.03738
23	1.408	0.03879
23	1.405	0.03818
23	1.775	0.03623
23	0.8454	0.03885
23	1.352	0.0374
23	1.428	0.03925
23	0.8297	0.03758
23	0.842	0.03787
23	0.8667	0.03806
23	0.5417	0.03742
23	1.082	0.03713
23	0.7359	0.03654
23	0.7321	0.03839
23	1.219	0.0392
23	1.038	0.0382
23	0.7481	0.03607
23	0.6403	0.03904
23	0.8402	0.03805
23	1.119	0.03921
23	1.076	0.03852
23	0.8883	0.0384
23	1.541	0.03815
23	0.7818	0.03782
23	1.482	0.03833
23	1.817	0.03961
23	1.004	0.0393
23	1.37	0.03724
23	1.037	0.0367
23	0.6438	0.03756
23	1.026	0.03823
23	1.705	0.0388
23	1.186	0.03528
23	1.793	0.03934
23	0.8939	0.03884
23	1.446	0.03933
23	1.1	0.03897
23	1.177	0.03776
23	0.5232	0.03821
23	1.467	0.03762
23	0.8928	0.0384
23	1.399	0.0389
23	1.345	0.03639
23	0.9231	0.03613
23	0.7393	0.03857
23	0.9976	0.03726
23	1.182	0.03685
23	1.586	0.03732
23	0.8297	0.03629
23	0.531	0.03849
23	1.926	0.03762
23	0.8867	0.03766
23	0.894	0.03909
23	1.051	0.03969
23	0.8252	0.0363
23	1.035	0.03674
23	0.8473	0.03864
23	1.001	0.04
23	1.058	0.03803
23	1.349	0.03854
23	0.8956	0.0374
23	1.218	0.03626
23	1.34	0.03847
23	0.8973	0.0388
23	1.218	0.03836
23	1.356	0.03569
23	0.8153	0.0379
23	0.711	0.03617
23	0.883	0.03906
23	1.135	0.03623
23	0.9101	0.03892
23	0.9387	0.03826
23	0.9365	0.038
23	0.6008	0.03913
23	1.359	0.03828
23	0.8149	0.03756
23	0.742	0.03882
23	0.544	0.0379
23	1.412	0.03908
23	0.626	0.03758
23	1.481	0.03732
23	1.532	0.03887
23	1.458	0.03924
23	1.088	0.0377
23	0.9583	0.03872
23	0.9564	0.03918
23	1.432	0.03784
23	0.8675	0.0386
23	1.121	0.03965
23	0.6894	0.03639
23	1.14	0.03867
23	0.5082	0.03891
23	0.7556	0.0396
23	1.513	0.03859
23	1.2	0.03804
23	0.9978	0.03839
23	1.012	0.03745
23	0.9339	0.03826
23	1.278	0.03859
23	1.485	0.03777
23	1.364	0.03783
23	1.154	0.03862
23	1.449	0.03758
23	0.9378	0.03858
23	1.5	0.03931
23	1.381	0.03706
23	1.277	0.03831
23	1.113	0.038
23	1.464	0.03743
23	0.9614	0.03999
23	0.8325	0.03762
23	1.062	0.03651
23	1.041	0.03883
23	1.062	0.03704
23	1.045	0.03867
23	0.9797	0.03862
23	0.8473	0.03902
23	0.7787	0.03887
23	1.502	0.03999
23	0.9167	0.03759
23	0.8966	0.03691
23	1.957	0.03742
23	0.9212	0.03834
23	0.7863	0.03677
23	1.384	0.03819
23	0.8149	0.03776
23	0.764	0.03834
23	0.9466	0.03833
23	1.304	0.03943
23	0.9714	0.03826
23	1.366	0.03777
23	0.7401	0.03881
23	1.056	0.03808
23	0.7495	0.03935
23	0.9527	0.03817
23	0.6726	0.03611
23	0.8817	0.03854
23	0.9138	0.03896
23	1.279	0.03784
23	1.443	0.03765
23	2.05	0.03845
23	1.462	0.03856
23	1.336	0.03721
23	1.167	0.03836
23	0.6729	0.03759
23	0.8571	0.03874
23	0.9913	0.03838
23	0.6053	0.03895
23	1.174	0.03828
23	1.386	0.03758
23	1.121	0.03892
23	0.8294	0.03823
23	1.14	0.03719
23	0.6238	0.03759
23	1.185	0.03726
23	0.9691	0.03881
23	0.833	0.03807
23	0.7998	0.03863
23	2.037	0.04003
23	0.9467	0.0385
23	1.218	0.038
23	1.582	0.03893
23	0.9569	0.03765
23	1.952	0.03681
23	0.7629	0.03797
23	0.7721	0.03776
23	0.9145	0.03827
23	1.086	0.03943
23	1.38	0.04037
23	1.049	0.03768
23	0.9174	0.03909
23	1.155	0.03972
23	0.685	0.03826
23	1.159	0.03683
23	1.526	0.03752
23	1.783	0.03893
23	0.9824	0.03847
23	0.8523	0.0373
23	1.024	0.0401
23	1.099	0.03865
23	2.506	0.03697
23	1.244	0.03817
23	1.173	0.03812
23	0.685	0.04005
23	0.77	0.0392
23	1.718	0.03899
23	0.7637	0.038
23	1.249	0.03617
23	1.066	0.03787
23	1.045	0.03871
23	1.973	0.03855
23	0.8969	0.03659
23	1.147	0.03754
23	1.786	0.03922
23	1.014	0.03879
23	1.718	0.03824
23	0.7205	0.03713
23	1.594	0.03866
23	1.174	0.03934
23	0.8009	0.03755
23	1.396	0.03897
23	0.9073	0.03983
23	0.8564	0.03971
23	0.5445	0.03851
23	0.7478	0.03773
23	1.224	0.03745
23	1.154	0.03659
23	0.8201	0.03782
23	0.6732	0.03729
23	1.226	0.03888
23	1.121	0.03585
23	0.6543	0.03635
23	1.049	0.03906
23	0.7681	0.03822
23	0.7741	0.03807
23	1.943	0.0383
23	0.7491	0.03864
23	1.276	0.03824
23	0.7284	0.03822
23	0.9795	0.03747
23	0.9518	0.03752
23	0.9017	0.0384
23	1.169	0.03792
23	1.817	0.03818
23	1.682	0.03697
23	0.6476	0.03834
23	1.337	0.0386
23	1.835	0.03781
23	0.8594	0.03948
23	1.277	0.03946
23	1.13	0.03874
23	0.6569	0.03807
23	1.827	0.03759
23	1.402	0.03802
23	1.064	0.03691
23	1.089	0.03915
23	1.733	0.03855
23	1.276	0.03817
23	1.128	0.03863
23	1.103	0.03907
23	0.7088	0.03972
23	0.6166	0.03634
23	0.9306	0.03897
23	1.793	0.03785
23	1.259	0.03733
23	0.8163	0.03792
23	1.155	0.03707
23	1.396	0.03877
23	0.9264	0.03655
23	1.147	0.03948
23	1.18	0.03864
23	3.065	0.03897
23	0.9973	0.03816
23	1.13	0.03828
23	0.753	0.03664
23	0.5157	0.03775
23	1.406	0.03773
23	1.244	0.03813
23	1.014	0.03887
23	1.39	0.03841
23	1.207	0.03856
23	0.8276	0.03656
23	1.18	0.03828
23	0.6434	0.03511
23	1.598	0.03855
23	1.504	0.03538
23	0.9804	0.04013
23	1.011	0.0357
23	0.6358	0.03796
23	0.7987	0.03908
23	0.9225	0.03911
23	0.7886	0.03977
23	1.676	0.0383
23	0.8212	0.0381
23	0.7446	0.03838
23	1.756	0.0372
23	1.317	0.03896
23	2.625	0.03773
23	0.7228	0.03774
23	0.7734	0.03617
23	0.7709	0.03908
23	1.183	0.03741
23	0.7726	0.03799
23	0.8022	0.03826
23	0.9638	0.03802
23	1.033	0.03782
23	0.7939	0.03765
23	1.395	0.0381
23	0.6113	0.03713
23	1.362	0.03787
23	1.593	0.03836
23	0.8501	0.03777
23	1.013	0.03864
23	1.001	0.03544
23	0.6056	0.03768
23	0.9312	0.03833
23	1.689	0.03927
23	1.219	0.03956
23	1.21	0.0383
23	1.187	0.03837
23	0.6287	0.03833
23	1.748	0.03661
23	1.188	0.03947
23	1.546	0.03738
23	1.098	0.03813
23	1.558	0.03692
23	1.785	0.03711
23	1.367	0.03841
23	0.8674	0.03868
23	1.13	0.0358
23	1.182	0.03791
23	0.7429	0.03733
23	0.7633	0.03795
23	1.035	0.03704
23	1.488	0.03664
23	0.9931	0.03761
23	0.8834	0.0401
23	0.8005	0.03805
23	1.081	0.03712
23	1.572	0.03726
23	0.8395	0.0374
23	1.029	0.03795
23	0.985	0.03775
23	0.9778	0.03866
23	1.139	0.03791
23	1.082	0.03779
23	0.5457	0.03784
23	1.127	0.03912
23	0.8607	0.03685
23	0.9251	0.03898
23	1.023	0.03952
23	1.241	0.03863
23	1.429	0.03592
23	1.399	0.03805
23	1.065	0.03668
23	1.59	0.03941
23	1.244	0.03641
23	1.006	0.03808
23	1.253	0.03589
23	0.8886	0.03629
23	0.9994	0.03773
23	1.103	0.03824
23	1.549	0.03848
23	1.211	0.03667
23	0.9072	0.03839
23	0.7234	0.03783
23	1.135	0.03806
23	1.261	0.03921
23	0.9884	0.03803
23	1.399	0.03891
23	0.9045	0.03702
23	1.216	0.03672
23	1.17	0.03866
23	1.233	0.03972
23	1.394	0.03869
23	1.99	0.03835
23	1.04	0.03958
23	0.826	0.03864
23	0.9728	0.03734
23	1.267	0.03702
23	1.157	0.03926
23	1.753	0.03958
23	1.497	0.03637
23	1.051	0.03823
23	1.042	0.03919
23	0.9827	0.03895
23	1.483	0.03718
23	1.014	0.03947
23	0.6869	0.03621
23	1.108	0.03819
23	0.9195	0.03921
23	1.51	0.03764
23	0.8563	0.03709
23	0.8014	0.03805
23	0.566	0.03766
23	1.27	0.03712
23	1.669	0.03839
23	1.248	0.03589
23	1.239	0.03784
23	1.421	0.03747
23	0.8931	0.03833
23	0.7213	0.03903
23	1.27	0.03784
23	0.6158	0.03758
23	0.9714	0.03776
23	1.061	0.03824
23	1.029	0.03747
23	1.129	0.03833
23	0.7573	0.03855
23	1.605	0.0381
23	0.6147	0.03794
23	1.617	0.0381
23	1.182	0.03988
23	0.9954	0.03702
23	1.403	0.0369
23	1.059	0.03681
23	0.9477	0.0376
23	1.186	0.03832
23	0.794	0.03799
23	1.009	0.03657
23	0.6321	0.03899
23	1.176	0.03678
23	0.6904	0.03832
23	0.8928	0.0386
23	0.8553	0.0373
23	1.194	0.03764
23	1.474	0.03744
23	0.8762	0.03807
23	1.125	0.03834
23	0.95	0.03904
23	1.33	0.03874
23	1.384	0.03727
23	0.8785	0.0375
23	1.458	0.03851
23	1.723	0.03639
23	0.7146	0.03871
23	1.461	0.03723
23	1.059	0.03629
23	1.389	0.03828
23	0.6063	0.03902
23	0.9129	0.03768
23	1.256	0.03648
23	1.767	0.03886
23	0.6616	0.03752
23	2.685	0.03953
23	1.506	0.03937
23	0.8916	0.03873
23	1.121	0.03744
23	1.468	0.03847
23	0.8505	0.03525
23	0.8692	0.03772
23	1.02	0.03639
23	0.9427	0.03806
23	1.194	0.03901
23	0.5118	0.03814
23	0.7698	0.03825
23	1.118	0.03644
23	0.7812	0.03911
23	0.8007	0.0384
23	1.171	0.03797
23	0.8782	0.03775
23	0.7888	0.03765
23	1.153	0.03633
23	1.058	0.03822
23	0.6791	0.0386
23	1.062	0.03835
23	0.8143	0.0394
23	1.516	0.03788
23	1.694	0.0364
23	1.131	0.03734
23	0.955	0.03973
23	0.9682	0.0365
23	0.9822	0.03847
23	0.7758	0.03868
23	0.9326	0.03833
23	0.7982	0.03907
23	0.793	0.03754
23	0.9095	0.03829
23	1.079	0.03853
23	1.278	0.03765
23	1.555	0.03865
23	0.8881	0.03751
23	0.8355	0.03871
23	1.386	0.03861
23	0.8988	0.03763
23	1.675	0.03769
23	1.131	0.03704
23	0.8777	0.03805
23	0.5902	0.0366
23	1.889	0.03889
23	1.002	0.03978
23	0.9294	0.03817
23	1.189	0.03751
23	0.6377	0.03903
23	0.7805	0.03916
23	1.027	0.03859
23	0.9606	0.03978
23	1.01	0.03767
23	0.8761	0.0374
23	0.7742	0.0372
23	0.5881	0.0382
23	1.925	0.03708
23	0.8514	0.03895
23	1.37	0.03815
23	0.9396	0.03921
23	1.368	0.03598
23	1.012	0.03775
23	0.8942	0.03954
23	1.789	0.03908
23	0.6783	0.03754
23	1.858	0.03716
23	1.349	0.03765
23	1.025	0.03717
23	1.364	0.03821
23	1.416	0.03908
23	0.8175	0.03751
23	0.7689	0.0384
23	1.219	0.03646
23	1.182	0.03826
23	1.322	0.03874
23	0.9792	0.03826
23	1.011	0.03573
23	0.8065	0.03774
23	1.636	0.03834
23	1.468	0.03672
23	1.812	0.03916
23	0.7546	0.03964
23	1.069	0.03521
23	0.9767	0.03768
23	0.9297	0.03802
23	1.546	0.03912
23	0.5434	0.03923
23	1.15	0.03662
23	0.7253	0.03966
23	1.12	0.03898
23	1.369	0.03665
23	1.064	0.03747
23	1.071	0.03904
23	1.117	0.03761
23	0.8344	0.03915
23	0.9137	0.03873
23	1.14	0.03747
23	0.9494	0.0373
23	1.209	0.03581
23	1.131	0.03839
23	1.281	0.03802
23	0.76	0.03888
23	1.384	0.0368
23	0.7115	0.03742
23	1.49	0.03655
23	1.281	0.03647
23	1.432	0.03948
23	1.744	0.03801
23	1.054	0.03812
23	0.9427	0.0382
23	1.156	0.03639
23	0.8535	0.03734
23	0.8564	0.03767
23	0.9953	0.03723
23	0.9529	0.03916
23	1.338	0.03926
23	0.7363	0.03762
23	2.223	0.03952
23	1.275	0.03531
23	1.539	0.03852
23	1.255	0.03634
23	1.078	0.03833
23	0.8219	0.03814
23	1.584	0.03894
23	1	0.03884
23	1.377	0.03753
23	0.9389	0.03869
23	1.488	0.03692
23	0.6543	0.03837
23	1.102	0.03918
23	1.422	0.03776
23	1.578	0.03789
23	2.023	0.03713
23	1.027	0.0386
23	2.204	0.03816
23	0.9955	0.03844
23	1.124	0.03756
23	1.243	0.03782
23	1.46	0.03911
23	0.8365	0.03856
23	1.484	0.03882
23	2.118	0.03717
23	1.229	0.03798
23	1.032	0.0386
23	1.463	0.03761
23	0.8414	0.03857
23	1.116	0.03813
23	0.6644	0.03882
23	1.092	0.03719
23	0.7887	0.03853
23	0.7849	0.03816
23	1.391	0.03613
23	1.096	0.03675
23	0.9304	0.03858
23	1.002	0.03621
23	0.8703	0.03828
23	1.765	0.03687
23	1.062	0.03789
23	1.242	0.03836
23	0.6867	0.03842
23	1.252	0.03659
23	1.221	0.03853
23	0.7038	0.03752
23	1.163	0.03781
23	1.097	0.03878
23	1.22	0.03842
23	0.8033	0.03637
23	1.331	0.03706
23	1.451	0.03685
23	1.081	0.03792
23	1.471	0.03851
23	1.482	0.03916
23	0.9418	0.03909
23	0.9527	0.03882
23	0.8021	0.03659
23	1.096	0.03796
23	1.303	0.03742
23	1.517	0.03849
23	1.492	0.03727
23	1.317	0.03836
23	0.8654	0.03768
23	0.9358	0.03685
23	1.466	0.03861
23	0.8994	0.0382
23	0.939	0.03808
23	1.417	0.03658
23	1.075	0.03939
23	1.419	0.03733
23	0.8314	0.03848
23	0.9551	0.03867
23	0.8581	0.03778
23	0.7782	0.04049
23	0.8427	0.03764
23	0.7397	0.0384
23	0.9373	0.03846
23	0.769	0.03719
23	0.8632	0.03767
23	1.596	0.0403
23	1.363	0.0369
23	1.288	0.04002
23	1.11	0.03715
23	1.116	0.03638
23	1.632	0.03873
23	1.194	0.03824
23	1.219	0.03768
23	0.9584	0.03876
23	1.227	0.03755
23	1.131	0.03798
23	0.9169	0.03694
23	0.8212	0.03785
23	1.053	0.03784
23	0.9957	0.03699
23	1.505	0.03834
23	1.1	0.03807
23	1.382	0.03891
23	1.977	0.03778
23	0.8335	0.03802
23	1.291	0.03889
23	0.6237	0.03747
23	1.449	0.0376
23	1.345	0.03573
23	0.7563	0.03838
23	1.261	0.03795
23	1.603	0.03765
23	0.9586	0.03761
23	2.081	0.03831
23	0.7396	0.03823
23	1.714	0.03685
23	1.249	0.03814
23	1.565	0.03591
23	1.136	0.03821
23	0.7389	0.03508
23	0.8729	0.038
23	1.123	0.03826
23	0.954	0.03765
23	1.206	0.03675
23	1.212	0.03796
23	0.8072	0.03822
23	1.116	0.03777
23	1.032	0.03854
23	0.6643	0.0379
23	0.5564	0.03858
23	1.26	0.03749
23	1.215	0.03803
23	0.5648	0.03763
23	0.7152	0.03766
23	1.098	0.03784
23	1.126	0.03735
23	1.511	0.03858
23	1.245	0.0391
23	1.921	0.03713
23	0.9233	0.03716
23	1.393	0.03765
23	1.006	0.03677
23	0.9823	0.03913
23	0.8961	0.03989
23	0.7748	0.03682
23	1.072	0.03872
23	1.065	0.03869
23	1.273	0.03718
23	0.8616	0.03969
23	0.8186	0.03793
23	1.381	0.03795
23	0.9556	0.03921
23	1.724	0.03828
23	0.9802	0.03724
23	1.295	0.03892
23	0.8434	0.03939
23	1.506	0.03935
23	0.825	0.03853
23	1.255	0.03888
23	1.652	0.03715
23	1.172	0.03831
23	1.801	0.03734
23	0.7761	0.0389
23	1.231	0.03859
23	1.007	0.03897
23	0.6671	0.03893
23	0.9544	0.03687
23	1.003	0.03717
23	1.047	0.03941
23	0.9305	0.03831
23	1.575	0.03919
23	0.966	0.0371
23	1.064	0.03781
23	1.973	0.03851
23	0.8665	0.03833
23	1.334	0.03879
23	0.8044	0.03864
23	1.267	0.03822
23	1.091	0.03881
23	1.01	0.03909
23	1.225	0.03803
23	1.511	0.03717
23	1.372	0.03766
23	0.8984	0.0362
23	1.311	0.03486
23	0.9662	0.03812
23	1.317	0.03785
23	1.471	0.03786
23	1.704	0.03828
23	1.041	0.03704
23	1.461	0.03838
23	1.027	0.03834
23	0.9083	0.03644
23	1.275	0.0387
23	2.035	0.03821
23	0.8533	0.03679
23	1.45	0.03866
23	0.8611	0.03894
23	1.541	0.03759
23	1.476	0.03678
23	1.714	0.03948
23	1.881	0.03606
23	1.182	0.03794
23	0.7476	0.03869
23	0.8794	0.03885
23	1.769	0.0371
23	1.072	0.03621
23	1.15	0.03814
23	0.9222	0.03852
23	0.9862	0.03674
23	1.484	0.03609
23	1.276	0.03657
23	0.9727	0.03893
23	1.069	0.03726
23	0.8126	0.03879
23	1.894	0.03853
23	0.4064	0.03801
23	1.444	0.03682
23	1.574	0.03953
23	1.395	0.03865
23	0.6679	0.03857
23	1.5	0.03668
23	0.8997	0.03864
23	1.07	0.03852
23	0.5598	0.0399
23	1.316	0.03832
23	1.257	0.03751
23	1.466	0.03766
23	0.8381	0.03856
23	0.9916	0.03657
23	0.8182	0.03905
23	1.242	0.03803
23	0.9783	0.04026
23	1.162	0.03948
23	0.8539	0.03647
23	1.432	0.03861
23	2.064	0.0391
23	1.069	0.0376
23	1.199	0.03654
23	0.6501	0.03725
23	1.006	0.03655
23	1.819	0.03864
23	0.7843	0.03561
23	0.9241	0.03779
23	1.448	0.03902
23	0.9941	0.03575
23	0.905	0.0389
