11	1.149	0.08247
11	1.199	0.4874
11	1.154	0.1084
11	1.075	0
11	1.004	1e-05
11	1.384	1.001
11	0.9507	1e-05
11	1.036	1e-05
11	1.17	0.1817
11	0.8409	1e-05
11	1.141	0.04092
11	1.221	0.7008
11	1.169	0.1867
11	1.127	0.01646
11	1.125	0.01347
11	1.118	0.007589
11	1.138	0.03982
11	1.176	0.218
11	1.078	0.0004364
11	1.209	0.5962
11	1.323	0.9989
11	1.213	0.6455
11	1.073	0
11	1.222	0.715
11	1.164	0.1573
11	1.07	0
11	1.123	0.01068
11	1.126	0.009734
11	1.127	0
11	1.123	6.113e-05
11	1.082	0
11	1.095	0.00172
11	1.387	1.002
11	1.06	7.546e-05
11	1.161	0.1436
11	1.114	0.001516
11	1.129	0.009836
11	1.044	1e-05
11	0.9036	1e-05
11	0.9785	1e-05
11	1.03	1e-05
11	1.072	0
11	1.133	0.02854
11	1.109	0
11	1.119	0.01401
11	1.203	0.5347
11	1.123	0
11	1.335	0.9994
11	1.121	0.01949
11	1.142	0
11	0.9323	1e-05
11	1.118	0.007684
11	0.9635	1e-05
11	0.8916	1e-05
11	1.127	0.009072
11	1.249	0.8988
11	1.018	1e-05
11	1.161	0.138
11	1.179	0.2576
11	1.109	0.000582
11	1.06	0.0003088
11	0.9604	1e-05
11	1.007	1e-05
11	1.01	1e-05
11	1.024	1e-05
11	1.128	0.01193
11	1.034	1e-05
11	1.055	1e-05
11	1.019	1e-05
11	1.185	0.3373
11	1.276	0.9742
11	1.187	0.3611
11	1.149	0.06993
11	1.167	0.1298
11	1.066	0.0003404
11	1.264	0.9433
11	1.112	0
11	1.158	0.1189
11	1.183	0.3205
11	1.16	0.1319
11	1.1	0.0003303
11	1.176	0.2215
11	1.056	6.09e-05
11	1.119	0.007862
11	1.137	0.0296
11	1.046	1e-05
11	1.016	1e-05
11	1.195	0.4215
11	1.166	0.02291
11	1.011	1e-05
11	1.261	0.9354
11	1.089	0.0006717
11	0.9627	1e-05
11	0.985	1e-05
11	1.121	0.01062
11	1.148	0.07889
11	0.9639	1e-05
11	0.9657	1e-05
11	0.9246	1e-05
11	1.226	0.7427
11	1.134	0.03345
11	0.999	1e-05
11	1.058	0
11	1.186	0.3356
11	1.222	0.7298
11	1.163	0.1538
11	1.04	1e-05
11	0.9897	1e-05
11	1.393	1.001
11	1.031	1e-05
11	1.223	0.7221
11	1.04	1e-05
11	1.067	0.0001968
11	1.163	0.1568
11	1.177	0.2454
11	1.245	0.8825
11	1.252	0.9107
11	1.256	0.9247
11	0.9562	1e-05
11	1.497	1
11	0.9496	1e-05
11	1.045	1e-05
11	1.032	1e-05
11	1.144	0.05443
11	1.122	0
11	1.057	0
11	1.121	0.01076
11	1.29	1.006
11	1.057	0.0001879
11	1.101	0.0006293
11	1.233	0.8008
11	1.023	1e-05
11	1.091	0.0009745
11	1.11	0
11	0.9644	1e-05
11	1.136	0.01014
11	1.098	0.002126
11	1.281	0.9819
11	0.9974	1e-05
11	0.9894	1e-05
11	1.148	0.07845
11	1.023	1e-05
11	1.067	0.0004212
11	1.133	0.0208
11	0.8744	1e-05
11	1.193	0.3984
11	1.088	0.0004969
11	1.113	0.001646
11	1.055	1e-05
11	1.293	0.9671
11	1.254	0.9154
11	1.355	1
11	1.105	0.004
11	1.07	0
11	1.088	0.0006507
11	1.128	0.01749
11	1.278	0.9937
11	1.13	0.01317
11	1.026	1e-05
11	1.34	1.001
11	1.183	0.3216
11	1.103	0.002112
11	1.187	0.3411
11	1.017	1e-05
11	1.106	0.003499
11	1.051	1e-05
11	0.8727	1e-05
11	1.133	0.01531
11	1.232	0.8173
11	1.208	0.5783
11	1.198	0.4592
11	1.139	0.03556
11	1.044	1e-05
11	1.192	0.3892
11	1.096	0
11	1.302	0.9984
11	1.102	0.001298
11	1.033	1e-05
11	1.378	1.001
11	1.23	0.7883
11	1.218	0.6744
11	1.008	1e-05
11	0.9047	1e-05
11	1.072	0
11	1.199	0.4735
11	1.196	0.4511
11	1.099	0
11	1.159	0.129
11	1.23	0.7919
11	1.128	0.01246
11	1.014	1e-05
11	0.9695	1e-05
11	1.165	0.1718
11	1.248	0.8928
11	1.161	0.144
11	1.221	0.7092
11	1.042	1e-05
11	1.226	0.7491
11	1.081	0
11	1.095	0.001644
11	1.127	0.007314
11	0.9815	1e-05
11	1.377	1.001
11	1.168	0.1907
11	1.156	0.1216
11	1.06	2.867e-05
11	1.061	0.0002954
11	0.9614	1e-05
11	1.205	0.5458
11	1.162	0.1432
11	1.17	0.1444
11	1.018	1e-05
11	1.274	0.9755
11	0.9287	1e-05
11	1.057	0
11	1.122	0.002756
11	1.096	0
11	1.262	0.9534
11	1.123	0.009188
11	1.333	0.9994
11	1.076	0.0002769
11	1.268	0.9581
11	1.297	0.9989
11	1.098	0
11	1.084	8.971e-05
11	1.056	3.192e-06
11	1.024	1e-05
11	1.139	0.01143
11	1.17	0.1841
11	1.18	0.1446
11	1.048	1e-05
11	1.219	0.6925
11	1.123	0
11	1.218	0.6894
11	1.065	0.0002329
11	1.11	0.0004912
11	1.242	0.8615
11	1.204	0.539
11	1.139	0.03278
11	1.242	0.8584
11	1.244	0.8727
11	1.018	1e-05
11	1.131	0.01803
11	1.213	0.6278
11	1.237	0.8311
11	1.075	0.001484
11	1.235	0.8104
11	1.287	1.004
11	1.207	0.5626
11	1.098	0.0006368
11	0.986	1e-05
11	1.123	0.008801
11	0.9484	1e-05
11	0.9508	1e-05
11	0.9879	1e-05
11	1.064	0.0003116
11	1.357	1.001
11	1.074	0
11	1.117	0.004686
11	1.09	0.001085
11	1.25	0.9226
11	1.063	0
11	1.118	0.01036
11	0.9689	1e-05
11	1.08	0
11	1.202	0.508
11	1.072	0
11	1.183	0.2424
11	1.109	0.006121
11	0.9298	1e-05
11	1.133	0.01925
11	1.1	0.0006442
11	1.158	0.1343
11	1.043	1e-05
11	1.197	0.4558
11	1.222	0.7222
11	1.295	0.9984
11	1.109	0
11	1.041	1e-05
11	1.224	0.7258
11	1.059	0.0001599
11	0.9982	1e-05
11	1.049	1e-05
11	1.039	1e-05
11	1.1	0.001457
11	1.167	0.1786
11	1.211	0.6087
11	1.06	0.0002186
11	1.1	0
11	1.091	0.0009544
11	1.16	0.1547
11	1.211	0.6157
11	1.167	0.1529
11	1.005	1e-05
11	1.227	0.761
11	1.029	1e-05
11	1.087	0.0004901
11	0.9922	1e-05
11	0.8987	1e-05
11	1.086	0.000524
11	0.9991	1e-05
11	1.02	1e-05
11	1.002	1e-05
11	1.068	0.0003794
11	1.039	1e-05
11	1.072	0
11	1.249	0.9024
11	1.17	0.1981
11	1.27	0.9616
11	1.2	0.4971
11	1.201	0.5091
11	1.002	1e-05
11	1.207	0.569
11	0.992	1e-05
11	1.064	5.629e-05
11	1.149	0.04135
11	0.9462	1e-05
11	1.093	0.001464
11	1.208	0.5738
11	1.071	0.001005
11	0.987	1e-05
11	1.238	0.8363
11	1.046	1e-05
11	1.102	0.001569
11	1.19	0.3876
11	1.036	1e-05
11	1.096	0.00147
11	1.083	7.613e-06
11	1.192	0.4083
11	1.118	0.005607
11	1.05	1e-05
11	1.14	0.04987
11	1.048	1e-05
11	1.133	0.02991
11	1.194	0.4343
11	1.145	0.04229
11	1.183	0.2902
11	1.22	0.6902
11	1.208	0.592
11	1.045	1e-05
11	1.235	0.8252
11	1.085	0.0003774
11	1.315	0.9989
11	1.09	0.0009804
11	1.109	0
11	1.041	1e-05
11	1.104	0.004225
11	1.297	0.9987
11	1.205	0.5602
11	1.285	1.002
11	1.031	1e-05
11	1.275	0.9842
11	1.206	0.6217
11	0.9482	1e-05
11	1.06	0.0001692
11	1.066	9.688e-05
11	1.28	0.9958
11	1.101	0.0007208
11	0.9996	1e-05
11	1.117	0.005375
11	1.076	0
11	1.152	0.08673
11	1.144	0.06137
11	1.178	0.2318
11	1.015	1e-05
11	1.204	0.5562
11	1.17	0.1381
11	1.233	0.8103
11	1.172	0.1707
11	1.028	1e-05
11	1.452	1.001
11	1.047	1e-05
11	0.8906	1e-05
11	1.308	0.9987
11	1.099	0.001439
11	1.05	1e-05
11	1.101	0.0007833
11	1.033	1e-05
11	0.9306	1e-05
11	1.084	0.0001439
11	1.163	0.1702
11	1.258	0.9246
11	1.163	0.1869
11	1.098	0
11	1.107	0.005783
11	1.079	0
11	1.029	1e-05
11	1.125	0.006094
11	1.165	0.1713
11	1.089	0.0008609
11	1.338	0.9996
11	1.152	0.09658
11	1.047	1e-05
11	1.222	0.7259
11	1.317	0.9989
11	1.13	0.02077
11	1.046	1e-05
11	1.114	0.007063
11	1.231	0.783
11	0.8898	1e-05
11	1.016	1e-05
11	1.068	0.0002115
11	1.426	1.002
11	1.012	1e-05
11	1.284	0.9835
11	1.014	1e-05
11	1.259	0.9406
11	1.075	0.002465
11	1.046	1e-05
11	1.087	0.0006327
11	1.19	0.3808
11	1.037	1e-05
11	1.188	0.3772
11	1.001	1e-05
11	1.135	0.02708
11	1.133	0.02336
11	1.268	0.9558
11	0.9476	1e-05
11	1.159	0.1262
11	1.092	0.001287
11	1.065	0
11	0.9961	1e-05
11	0.9873	1e-05
11	1.117	0.005453
11	1.119	0.0101
11	1.067	0.000278
11	1.055	1e-05
11	1.125	0
11	1.01	1e-05
11	1.177	0.2144
11	1.204	0.5707
11	1.303	0.9988
11	1.027	1e-05
11	1.262	0.9507
11	1.028	1e-05
11	0.9883	1e-05
11	1.183	0.3293
11	1.092	0.001578
11	1.398	1.001
11	1.109	0.008457
11	1.134	0.03213
11	1.328	0.9994
11	1.079	0
11	1.024	1e-05
11	1.213	0.6265
11	1.119	0.005842
11	0.9346	1e-05
11	0.9554	1e-05
11	0.9809	1e-05
11	0.9906	1e-05
11	0.9984	1e-05
11	1.284	0.9838
11	0.987	1e-05
11	1.124	0.002564
11	1.233	0.803
11	1.147	0.05885
11	1.221	0.7074
11	1.077	0
11	1.088	0.000509
11	1.278	0.985
11	1.157	0.1256
11	1.052	1e-05
11	1.001	1e-05
11	1.019	1e-05
11	1.047	1e-05
11	1.098	0
11	1.093	0.001455
11	0.9917	1e-05
11	1.135	0.02607
11	1.079	0
11	1.064	0.0003191
11	1.1	0.0004266
11	1.071	0
11	1.037	1e-05
11	1.242	0.863
11	1.234	0.8247
11	1.14	0.03556
11	1.16	0.1287
11	1.078	0
11	0.9961	1e-05
11	1.064	0.0003452
11	0.981	1e-05
11	1.081	0
11	0.9804	1e-05
11	1.177	0.255
11	1.087	0.0006305
11	1.342	0.9999
11	1.087	0.0005832
11	1.101	0.0009005
11	1.252	0.9164
11	1.181	0.2874
11	1.143	0.05403
11	1.077	0
11	0.9717	1e-05
11	1.057	7.5e-05
11	1.119	0.008855
11	1.063	0.0002431
11	1.092	0.001397
11	1.439	1.001
11	1.067	0.0003694
11	0.9679	1e-05
11	1.022	1e-05
11	1.159	0.1257
11	1.089	0.0008656
11	1.247	0.9051
11	1.138	0.0087
11	1.18	0.2611
11	0.9688	1e-05
11	1.051	1e-05
11	1.161	0.1494
11	1.042	1e-05
11	1.037	1e-05
11	1.119	0.009099
11	1.228	0.7618
11	0.9732	1e-05
11	1.095	0.001675
11	1.019	1e-05
11	1.369	1.001
11	1.11	0.000678
11	1.084	0.0001674
11	1.073	0
11	1.119	0.005936
11	0.9867	1e-05
11	1.096	0
11	1.035	1e-05
11	1.085	0.0001904
11	1.058	0.0001954
11	0.9412	1e-05
11	1.037	1e-05
11	1.197	0.4515
11	0.9615	1e-05
11	1.023	1e-05
11	1.114	0.001728
11	1.073	0
11	1.367	1.001
11	1.065	0.0003693
11	1.22	0.6946
11	1.133	0.02697
11	0.9954	1e-05
11	0.95	1e-05
11	0.9778	1e-05
11	1.045	1e-05
11	1.106	0.00533
11	0.9697	1e-05
11	1.047	1e-05
11	1.104	0.001882
11	1.069	0
11	1.041	1e-05
11	1.213	0.6552
11	1.287	0.9963
11	1.194	0.4206
11	1.009	1e-05
11	1.111	0.001537
11	1.151	0.08248
11	1.292	0.9975
11	1.182	0.316
11	1.131	0.02044
11	1.033	1e-05
11	1.082	0
11	1.08	0
11	1.385	1.001
11	1.167	0.1646
11	1.142	0.05569
11	0.9592	1e-05
11	1.105	0.003663
11	1.154	0.1008
11	1.159	0.1303
11	1.125	0.01038
11	1.344	0.9998
11	1.186	0.356
11	0.987	1e-05
11	1.107	0.004891
11	1.11	0.000384
11	1.064	0.0001752
11	1.24	0.8519
11	1.172	0.2054
11	1.186	0.3377
11	0.8627	1e-05
11	1.062	0.0001978
11	1.249	0.9008
11	1.086	0.000321
11	1.14	0.03967
11	1.168	0.178
11	0.9637	1e-05
11	1.281	0.9878
11	1.176	0.2424
11	1.028	1e-05
11	0.9882	1e-05
11	0.9655	1e-05
11	1.168	0.1814
11	1.015	1e-05
11	1.221	0.7076
11	1.214	0.6319
11	1.108	0.005627
11	1.268	0.9543
11	1.178	0.2534
11	1.168	0.1651
11	1.17	0.1822
11	1.113	0.006427
11	1.029	1e-05
11	1.101	0.002782
11	1.354	1
11	1.118	0.008481
11	1.078	0
11	1.074	0
11	1.171	0.176
11	1.408	1.002
11	1.061	0.0002299
11	1.057	5.193e-05
11	1.154	0.1032
11	0.9945	1e-05
11	0.9881	1e-05
11	1.082	0
11	1.163	0.1529
11	1.195	0.4012
11	0.9716	1e-05
11	1.138	0.04271
11	1.094	0.001588
11	1.381	1.003
11	1.087	0.0004484
11	1.042	1e-05
11	1.058	7.831e-05
11	1.149	0.08847
11	1.06	0.0001467
11	1.027	1e-05
11	1.274	0.98
11	0.9929	1e-05
11	1.167	0.1702
11	1.175	0.2319
11	1.145	0.02891
11	1.09	0.0008315
11	0.9183	1e-05
11	1.214	0.6457
11	1.255	0.9218
11	1.009	1e-05
11	1.229	0.7658
11	1.058	0.0002409
11	1.059	0
11	1.36	1
11	1.14	0.03556
11	1.142	0.0303
11	0.9476	1e-05
11	1.025	1e-05
11	1.065	0.0001469
11	1.092	0.001174
11	1.257	0.9275
11	1.05	1e-05
11	1.153	0.1018
11	1.056	0.0001919
11	1.124	0.003275
11	1.004	1e-05
11	1.022	1e-05
11	1.157	0.1117
11	1.033	1e-05
11	1.198	0.4687
11	1.086	0.0002844
11	1.032	1e-05
11	1.053	1e-05
11	1.071	0
11	1.126	0.01472
11	1.056	0.0001261
11	0.9325	1e-05
11	1.012	1e-05
11	1.112	0.004692
11	1.102	0.001481
11	1.069	0.001305
11	1.026	1e-05
11	1.158	0.1371
11	1.127	0.009657
11	1.39	1.001
11	1.254	0.8856
11	0.9976	1e-05
11	1.151	0.08144
11	0.956	1e-05
11	1.006	1e-05
11	1.048	1e-05
11	1.072	0
11	1.034	1e-05
11	1.004	1e-05
11	1.135	0.03484
11	1.043	1e-05
11	1.08	0
11	1.337	0.9996
11	1.043	1e-05
11	1.04	1e-05
11	0.9871	1e-05
11	1.149	0.08098
11	1.183	0.3262
11	1.012	1e-05
11	0.9517	1e-05
11	1.353	1
11	1.027	1e-05
11	1.074	0
11	1.122	0
11	1.067	0.0003278
11	1.015	1e-05
11	1.038	1e-05
11	1.247	0.8865
11	1.299	0.9984
11	1.121	0.01535
11	1.176	0.2161
11	1.242	0.8652
11	1.119	0.008492
11	1.103	0.00166
11	1.173	0.2132
11	1.11	0
11	1.112	0.001212
11	1.261	0.8565
11	1.108	0.006725
11	1.018	1e-05
11	1.355	1
11	1.096	0
11	1.093	0.001451
11	1.069	0
11	1.038	1e-05
11	1.165	0.1636
11	1.047	1e-05
11	1.198	0.474
11	1.049	1e-05
11	1.029	1e-05
11	1.062	1.663e-05
11	1.232	0.7966
11	0.9996	1e-05
11	1.172	0.2027
11	0.9239	1e-05
11	1.175	0.2306
11	1.106	0.004206
11	1.208	0.5785
11	1.038	1e-05
11	1.126	0.005339
11	1.225	0.7356
11	1.062	0.0002723
11	1.261	0.9442
11	1.145	0.05147
11	1.149	0.07183
11	1.081	0
11	0.9325	1e-05
11	1.098	0.0003914
11	0.9906	1e-05
11	1.013	1e-05
11	1.097	0
11	1.183	0.2981
11	1	1e-05
11	1.097	0
11	1.124	0.0114
11	1.081	0
11	1.136	0.02766
11	1.001	1e-05
11	1.373	1.001
11	1.044	1e-05
11	1.085	0.000619
11	1.041	1e-05
11	1.004	1e-05
11	0.9882	1e-05
11	1.114	0.003012
11	1.344	0.9998
11	1.323	0.9997
11	1.275	0.979
11	1.231	0.7862
11	1.032	1e-05
11	1.193	0.3855
11	1.207	0.5813
11	1.254	0.909
11	1.262	0.9483
11	1.234	0.8079
11	1.288	0.984
11	0.8471	1e-05
11	1.031	1e-05
11	0.9722	1e-05
11	1.06	0.0002266
11	1.12	0.007514
11	1.049	1e-05
11	1.025	1e-05
11	1.214	0.6354
11	1.064	0.0002077
11	0.9756	1e-05
11	1.186	0.3355
11	1.094	0.001446
11	1.075	0
11	1.012	1e-05
11	1.027	1e-05
11	0.9562	1e-05
11	1.004	1e-05
11	1.04	1e-05
11	1.054	1e-05
11	1.036	1e-05
11	1.095	0.00184
11	1.179	0.2264
11	1.144	0.05215
11	1.116	0.00851
11	1.132	0.0227
11	1.084	0.0002266
11	1.16	0.1233
11	1.042	1e-05
11	1.068	0.0003711
11	1.439	1.001
11	0.9895	1e-05
11	1.145	0.06298
11	1.129	0.01499
11	1.061	0.000128
11	1.064	0.0003233
11	1.071	0
11	1.065	0.0001981
11	1.148	0.0697
11	1.125	0.003591
11	1.135	0.03468
11	1.041	1e-05
11	1.317	0.9988
11	1.03	1e-05
11	1.172	0.2073
11	1.099	0
11	1.188	0.3435
11	1.003	1e-05
11	1.077	0
11	1.115	0.002762
11	1.01	1e-05
11	1.161	0.139
11	1.147	0.05623
11	1.26	0.9389
11	1.19	0.3947
11	1.438	1.003
11	1.094	0.001554
11	1.058	0
11	1.306	0.9987
11	1.128	0.02044
11	1.181	0.2859
11	1.151	0.09651
11	1.109	0.002112
11	1.112	0.005792
11	1.094	0.001528
11	1.205	0.5545
11	1.263	0.9529
11	1.232	0.7876
11	0.9738	1e-05
11	1.009	1e-05
11	0.9576	1e-05
11	1.065	0.0002208
11	1.089	0.0007052
11	1.117	0.005119
11	1.238	0.8411
11	1.217	0.661
11	0.9772	1e-05
11	1.105	0.006808
11	1.12	0.009981
11	1.041	1e-05
11	1.036	1e-05
11	1.023	1e-05
11	1.025	1e-05
11	1.173	0.1845
11	1.243	0.8708
11	1.027	1e-05
11	1.196	0.4164
11	1.258	0.9309
11	1.08	0
11	1.137	0.04029
11	1.3	0.9999
11	1.06	0.0003162
11	1.175	0.171
11	1.334	1
11	1.302	0.9983
11	1.217	0.6886
11	0.9151	1e-05
11	1.208	0.5849
11	1.055	1e-05
11	1.031	1e-05
11	0.9571	1e-05
11	1.085	0.0003126
11	1.254	0.9007
11	1.126	0
11	0.9412	1e-05
11	1.051	1e-05
11	1.098	0.0003263
11	1.152	0.08823
11	1.058	0.0001057
11	1.261	0.9432
11	1.103	0.002315
11	1.024	1e-05
11	0.8956	1e-05
11	1.018	1e-05
11	1.095	0.001718
11	1.235	0.8187
11	1.151	0.09294
11	1.18	0.2647
11	0.8908	1e-05
11	1.05	1e-05
11	1.144	0.04349
11	1.181	0.2393
11	1.033	1e-05
11	1.147	0.0503
11	1.04	1e-05
11	1.148	0.07068
11	1.187	0.35
11	0.9745	1e-05
11	1.155	0.1089
11	1.252	0.9098
11	1.056	0.0001233
11	0.9546	1e-05
11	1.316	0.9995
11	0.966	1e-05
11	0.9696	1e-05
11	1.07	0
11	0.891	1e-05
11	0.9005	1e-05
11	1.087	0.001366
11	0.9598	1e-05
11	0.9721	1e-05
11	1.102	0.001371
11	1.084	0.0004968
11	1.074	0
11	1.204	0.5357
11	1.439	1.001
11	1.149	0.042
11	1.113	0.005102
11	1.083	0.0002142
11	1.04	1e-05
11	1.061	0.0001929
11	1.085	0.0001416
11	1.147	0.06132
11	1.101	0.001848
11	1.067	0.000356
11	1.089	0.0007964
11	1.017	1e-05
11	1.044	1e-05
11	0.9854	1e-05
11	1.19	0.3593
11	0.951	1e-05
11	0.9655	1e-05
11	1.073	0
11	1.188	0.3073
11	1.174	0.1826
11	1.183	0.2709
11	1.048	1e-05
11	1.107	0.004067
11	1.023	1e-05
11	1.224	0.7332
11	1.011	1e-05
11	1.205	0.5498
11	1.094	0.001768
11	1.016	1e-05
11	1.056	0.0002507
11	1.059	5.481e-05
11	1.161	0.1393
11	1.086	0.0002931
11	1.107	0.004852
11	1.123	0.001492
11	1.323	0.9998
11	1.403	1.001
11	1.296	0.9988
11	1.069	0
11	1.226	0.7486
11	1.058	0.0002553
11	1.182	0.2388
11	1.076	0
11	1.118	0.00541
11	1.136	0.0322
11	1.223	0.7183
11	1.01	1e-05
11	1.066	0
11	1.14	0.03042
11	1.119	0.00955
11	1.127	0.01015
11	1.035	1e-05
11	1.027	1e-05
11	1.158	0.1459
11	1.157	0.1424
11	1.123	0
11	1.019	1e-05
11	1.176	0.1403
11	1.167	0.1541
11	1.006	1e-05
11	1.116	0.004373
11	1.148	0.05027
11	1.005	1e-05
11	1.08	0.0004989
11	0.9619	1e-05
11	0.9891	1e-05
11	1.059	0.0003369
11	1.121	0.01189
11	1.11	0.005013
11	0.9963	1e-05
11	1.097	0.001283
11	1.223	0.7225
11	1.04	1e-05
11	1.028	1e-05
11	1.068	0.0003733
11	1.137	0.009796
11	1.081	0
11	1.146	0.07436
11	1.167	0.1774
11	1.294	0.9935
11	1.061	0.0002119
11	1.251	0.9113
11	0.9259	1e-05
11	1.182	0.3149
11	0.9892	1e-05
11	1.11	0.0009129
11	1.123	0
11	1.023	1e-05
11	0.8924	1e-05
11	1.054	1e-05
11	1.416	1.001
11	1.246	0.8884
11	1.144	0.05748
11	1.208	0.589
11	1.183	0.3072
11	1.151	0.08261
11	0.9891	1e-05
11	1.218	0.6692
11	1.078	0
11	1.337	1
11	0.9943	1e-05
11	1.014	1e-05
11	1.14	0.01322
11	1.104	0.001974
11	1.111	0
11	1.077	0.0001841
11	0.9669	1e-05
11	1.078	0
11	1.043	1e-05
11	1.254	0.9149
11	1.071	0
11	1.128	0
11	0.989	1e-05
11	1.229	0.778
11	1.09	0.001251
11	1.082	0.0002251
11	0.8802	1e-05
11	1.043	1e-05
11	1.165	0.1562
11	0.9841	1e-05
11	1.174	0.1936
11	1.276	0.9711
11	1.162	0.1481
11	1.445	1.002
11	1.082	0.0002204
11	1.146	0.07223
11	1.188	0.3767
11	0.8853	1e-05
11	1.219	0.6996
11	1.141	0.0509
11	1.419	1.003
11	1.252	0.9058
11	1.064	0.0002916
11	0.959	1e-05
11	1.305	0.9982
11	1.158	0.148
11	1.353	1.001
11	1.082	0
11	1.079	0
11	1.325	1
11	1.124	0.005637
11	1.076	0
11	1.113	0.005125
11	1.11	0.003592
11	0.9521	1e-05
11	1.366	1.001
11	1.089	0.0007678
11	1.152	0.1079
11	0.9401	1e-05
11	1.125	0.009786
11	1.269	0.9716
11	0.9263	1e-05
11	0.9853	1e-05
11	1.311	0.9984
11	1.101	0.0004749
11	1.085	0.000723
11	1.032	1e-05
11	1.07	0
11	1.052	1e-05
11	1.054	1e-05
11	1.301	0.9983
11	1.171	0.1754
11	1.105	0.004202
11	1.22	0.6885
11	1.117	0.006002
11	1.222	0.7169
11	1.152	0.08928
11	1.223	0.7194
11	1.118	0.01209
11	1.16	0.1272
11	1.221	0.7128
11	1.155	0.0997
11	1.118	0.01473
11	1.066	0.0001922
11	0.926	1e-05
11	0.8181	1e-05
11	1.156	0.1142
11	1.043	1e-05
11	1.065	7.143e-05
11	1.023	1e-05
11	1.013	1e-05
11	1.248	0.899
11	1.381	1.001
11	1.054	1e-05
11	0.9931	1e-05
11	1.09	0.0008664
11	1.019	1e-05
11	1.148	0.07471
11	1.02	1e-05
11	1.197	0.469
11	1.032	1e-05
11	1.187	0.3303
11	1.169	0.1556
11	1.398	1.001
11	1.243	0.8721
11	1.337	1
11	1.119	0.006376
11	0.9932	1e-05
11	1.043	1e-05
11	1.241	0.8561
11	1.166	0.1619
11	1.12	0.008762
11	1.245	0.8767
11	1.007	1e-05
11	1.281	0.9927
11	1.317	0.9993
11	1.259	0.9425
11	1.192	0.3835
11	1.133	0.01573
11	1.126	0.004183
11	0.9713	1e-05
11	1.282	0.9971
11	1.211	0.6072
11	0.9188	1e-05
11	1.098	0
11	1.037	1e-05
11	1.132	0.02364
11	1.006	1e-05
11	1.118	0.006197
11	1.003	1e-05
11	1.292	1.004
11	1.236	0.8215
11	1.181	0.2628
11	1.183	0.3319
11	1.071	0
11	1.09	0.0008587
11	1.115	0.003739
11	1.121	0.008632
11	0.9869	1e-05
11	1.102	0.002719
11	0.9635	1e-05
11	1.337	0.9999
11	0.9302	1e-05
11	1.075	0
11	1.233	0.8036
11	1.214	0.6381
11	1.059	0
11	1.286	1.005
11	1.28	0.9752
11	0.8895	1e-05
11	1.193	0.3468
11	0.9941	1e-05
11	1.488	1
11	1.036	1e-05
11	1.139	0.0412
11	1.162	0.1508
11	1.065	0.0002661
11	0.9879	1e-05
11	1.312	1
11	0.9844	1e-05
11	1.036	1e-05
11	1.228	0.7685
11	1.145	0.0545
11	1.119	0.005876
11	1.06	0
11	1.008	1e-05
11	1.178	0.25
11	1.215	0.6503
11	1.341	0.9997
11	1.113	0.002337
11	1.129	0.008715
11	1.083	6.933e-05
11	1.206	0.5548
11	1.077	0
11	1.084	6.344e-05
11	1.144	0.0523
11	0.9523	1e-05
11	1.124	0.006516
11	1.134	0.02755
11	1.028	1e-05
11	1	1e-05
11	1.303	0.9985
11	1.244	0.8817
11	1.034	1e-05
11	1.104	0.003352
11	0.9448	1e-05
11	1.288	0.9999
11	1.042	1e-05
11	1.051	1e-05
11	1.26	0.9423
11	1.111	0.0008113
11	0.9045	1e-05
11	0.9623	1e-05
11	1.271	0.9652
11	1.122	0
11	1.229	0.7703
11	0.9727	1e-05
11	1.289	0.9976
11	1.096	0
11	1.113	0.003068
11	1.195	0.4103
11	1.191	0.3891
11	1.098	0.000166
11	1.107	0.00426
11	0.9496	1e-05
11	1.19	0.3828
11	1.182	0.2815
11	1.053	1e-05
11	1.007	1e-05
11	1.302	0.999
11	1.317	0.9988
11	1.166	0.1485
11	1.167	0.1822
11	1.235	0.8185
11	1.152	0.08724
11	1.076	0
11	1.145	0.05182
11	1.089	0.0006416
11	1.327	0.9995
11	0.9765	1e-05
11	1.053	1e-05
11	0.9922	1e-05
11	1.147	0.06496
11	1.201	0.5124
11	1.169	0.1899
11	1.034	1e-05
11	1.174	0.2098
11	1.147	0.06405
11	1.006	1e-05
11	1.08	0
11	0.9848	1e-05
11	1.163	0.1501
11	1.058	0
11	1.201	0.506
11	1.047	1e-05
11	1.03	1e-05
11	0.971	1e-05
11	1.28	0.983
11	1.134	0.01808
11	1.012	1e-05
11	1.166	0.1468
11	1.131	0.02458
11	1.028	1e-05
11	1.017	1e-05
11	1.084	0.0001857
11	1.224	0.7309
11	1.162	0.1387
11	1.059	0.0001498
11	0.9545	1e-05
11	1.156	0.1352
11	1.064	0.0003595
11	1.049	1e-05
11	1.117	0.006171
11	1.149	0.07697
11	1.223	0.7282
11	1.179	0.2708
11	0.9109	1e-05
11	1.03	1e-05
11	1.026	1e-05
11	1.175	0.2314
11	1.088	0.0006907
11	1.147	0.08023
11	1.114	0.007058
11	1.028	1e-05
11	1.125	0.009386
11	0.9899	1e-05
11	1.158	0.1188
11	1.15	0.08575
11	1.067	0.000243
11	0.9881	1e-05
11	1.184	0.3106
11	1.155	0.1012
11	1.251	0.917
11	1.188	0.3631
11	1.163	0.1454
11	1.257	0.931
11	1.295	0.9984
11	1.15	0.08104
11	1.107	0.005361
11	0.869	1e-05
11	1.029	1e-05
11	1.104	0.00335
11	1.018	1e-05
11	1.067	0
11	1.121	0.01163
11	1.125	0.008561
11	1.288	0.9981
11	1.072	0
11	1.103	0.002716
11	1.07	0.001316
11	1.228	0.7585
11	1.13	0.005867
11	1.105	0.002353
11	1.086	0.0007433
11	0.9502	1e-05
11	0.9653	1e-05
11	1.289	0.9953
11	1.144	0.06346
11	1.154	0.103
11	1.358	1.001
11	1.025	1e-05
11	1.21	0.6011
11	0.9996	1e-05
11	0.8953	1e-05
11	1.195	0.3637
11	1.225	0.7361
11	1.172	0.1963
11	0.9499	1e-05
11	1.162	0.1451
11	1.102	0.0009873
11	0.9589	1e-05
11	1.086	0.0005538
11	1.169	0.1675
11	1.082	0.0009941
11	1.116	0.003398
11	1.227	0.7605
11	0.9586	1e-05
11	1.138	0.02966
11	1.29	1.006
11	1.18	0.2617
11	1.139	0.04391
11	1.059	0
11	1.227	0.7527
11	1.082	0.0003698
11	1.082	0
11	1.134	0.02833
11	1.027	1e-05
11	1.183	0.3008
11	1.037	1e-05
11	1.006	1e-05
11	1.128	0.01173
11	1.171	0.2032
11	1.112	0.004647
11	0.8728	1e-05
11	1.006	1e-05
11	1.166	0.1132
11	1.093	0.001473
11	1.263	0.9439
11	1.164	0.1536
11	1.298	0.998
11	0.9493	1e-05
11	1.253	0.8995
11	1.153	0.1061
11	1.157	0.1156
11	1.082	7.27e-05
11	1.169	0.1842
11	1.231	0.7946
11	1.255	0.9065
11	0.8714	1e-05
11	1.125	0
11	1.119	0.01158
11	1.037	1e-05
11	1.189	0.3756
11	1.071	0
11	1.116	0.0118
11	1.068	8.998e-05
11	1.021	1e-05
11	0.9678	1e-05
11	1.254	0.9234
11	1.161	0.1396
11	1.082	0
11	1.046	1e-05
11	1.365	1.001
11	1.172	0.1985
11	1.168	0.1736
11	1.02	1e-05
11	1.122	0.002138
11	1.065	0.0003165
11	1.132	0.01392
11	1.046	1e-05
11	1.058	0.0002457
11	1.211	0.6102
11	1.196	0.3724
11	1.152	0.09978
11	1.111	0.002817
11	1.023	1e-05
11	1.243	0.8627
11	0.9159	1e-05
11	1.299	0.9995
11	1.232	0.7974
11	1.163	0.168
11	1.196	0.4017
11	1.133	0.02266
11	1.175	0.2343
11	1.085	0.0003549
11	1.376	1.001
11	1.106	0.005733
11	1.112	0.002273
11	1.154	0.09676
11	1.017	1e-05
11	1.102	0.0008814
11	1.034	1e-05
11	1.217	0.6674
11	1.126	0.0007118
11	1.12	0.01229
11	0.8901	1e-05
11	1.18	0.2445
11	1.074	0
11	0.9726	1e-05
11	1.037	1e-05
11	1.124	0
11	1.257	0.9247
11	1.074	0
11	1.101	0.00129
11	1.043	1e-05
11	1.171	0.1665
11	1.161	0.1505
11	1.234	0.816
11	1.138	0.0295
11	1.136	0.02839
11	1.169	0.163
11	1.165	0.1712
11	1.011	1e-05
11	0.992	1e-05
11	1.096	0
11	1.29	1.005
11	1.167	0.1718
11	1.055	1e-05
11	1.085	0.000288
11	1.106	0.003965
11	1.263	0.9487
11	1.189	0.3467
11	0.9908	1e-05
11	1.1	0
11	1.15	0.08795
11	1.045	1e-05
11	1.079	0
11	1.066	5.238e-05
11	1.124	0.01064
11	1.223	0.7296
11	1.149	0.06962
11	1.069	0
11	1.078	0
11	0.9452	1e-05
11	1.055	0.0002098
11	1.103	0.001436
11	0.961	1e-05
11	1.174	0.2238
11	1.186	0.3314
11	0.8368	1e-05
11	0.9552	1e-05
11	1.034	1e-05
11	1.164	0.1543
11	1.235	0.8124
11	1.083	3.819e-05
11	1.243	0.8897
11	1.252	0.916
11	1.128	0.01789
11	1.003	1e-05
11	1.028	1e-05
11	0.9833	1e-05
11	1.107	0.004927
11	1.043	1e-05
11	1.129	0.01859
11	1.107	0.00575
11	1.116	0.005732
11	0.8759	1e-05
11	1.103	0.00176
11	1.141	0.03308
11	1.176	0.2022
11	1.035	1e-05
11	0.9623	1e-05
11	0.97	1e-05
11	0.9905	1e-05
11	1.276	0.972
11	1.307	0.9994
11	1.025	1e-05
11	1.094	0.001883
11	1.071	0.002342
11	1.092	0.001291
11	0.9328	1e-05
11	1.361	1
11	1.226	0.75
11	0.9484	1e-05
11	1.046	1e-05
11	1.233	0.8047
11	1.198	0.4534
11	1.116	0.005298
11	0.9019	1e-05
11	1.092	0.001767
11	1.243	0.8693
11	1.04	1e-05
11	1.313	1.001
11	1.064	0.0002734
11	1.246	0.8816
11	1.033	1e-05
11	1.154	0.101
11	1.227	0.7641
11	1.011	1e-05
11	1.123	0
11	1.225	0.7446
11	1.12	0.008356
11	0.986	1e-05
11	1.029	1e-05
11	1.293	1.006
11	1.246	0.8918
11	1.16	0.1666
11	1.109	0.003141
11	1.03	1e-05
11	1.167	0.1803
11	1.275	0.9856
11	1.194	0.4267
11	1.178	0.2055
11	1.07	0
11	1.167	0.1776
11	1.156	0.1177
11	1.055	0.0001891
11	1.019	1e-05
11	1.481	0.9998
11	1.123	0.00361
11	0.9735	1e-05
11	1.13	0.01794
11	1.169	0.1437
11	1.02	1e-05
11	1.177	0.257
11	1.306	0.9995
11	1.135	0.03207
11	1.15	0.07727
11	1.301	0.999
11	1.092	0.001168
11	1.028	1e-05
11	1.235	0.818
11	0.9547	1e-05
11	1.159	0.1285
11	1.01	1e-05
11	1.08	0
11	1.089	0.0009014
11	1.111	0.007248
11	1.136	0.02469
11	0.9934	1e-05
11	0.9731	1e-05
11	1.326	0.9996
11	1.107	0.004438
11	1.274	0.9708
11	0.9948	1e-05
11	0.9941	1e-05
11	1.089	0.0009905
11	1.121	0.01116
11	1.073	0
11	1.058	0.0001387
11	1.228	0.7717
11	1.167	0.1218
11	0.936	1e-05
11	0.9909	1e-05
11	1.147	0.06305
11	1.21	0.6268
11	0.9932	1e-05
11	0.9781	1e-05
11	1.079	0
11	1.048	1e-05
11	1.037	1e-05
11	0.8751	1e-05
11	1.129	0.01035
11	1.123	0.006836
11	1.03	1e-05
11	1.139	0.04466
11	0.8857	1e-05
11	1.022	1e-05
11	1.152	0.1158
11	1.238	0.8505
11	1.243	0.8716
11	1.178	0.2397
11	1.058	0.0002646
11	1.007	1e-05
11	1.126	0.0101
11	1.213	0.6286
11	1.128	0.0108
11	1.029	1e-05
11	0.965	1e-05
11	1.176	0.2331
11	1.145	0.07144
11	1.039	1e-05
11	0.8615	1e-05
11	1.093	0.001319
11	1.021	1e-05
11	1.132	0.02158
11	1.011	1e-05
11	1.301	0.9982
11	1.159	0.1354
11	1.112	0.002726
11	1.128	0.000131
11	0.9788	1e-05
11	1.05	1e-05
11	1.023	1e-05
11	1.252	0.9139
11	1.189	0.3099
11	1.186	0.3498
11	1.134	0.01943
11	1.051	1e-05
11	0.8935	1e-05
11	1.228	0.7649
11	0.9481	1e-05
11	1.225	0.7386
11	0.9719	1e-05
11	1.078	0
11	1.054	1e-05
11	0.9417	1e-05
11	1.212	0.6106
11	1.282	0.9975
11	1.142	0.05866
11	1.131	0.01609
11	1.181	0.238
11	1.301	0.9988
11	1.106	0.00391
11	1.389	1.001
11	1.114	0.006844
11	1.142	0.03988
11	1.28	0.987
11	0.9916	1e-05
11	1.11	0.006486
11	1.192	0.3893
11	1.064	0.0001615
11	1.26	0.9152
11	1.129	0.002361
11	1.026	1e-05
11	1.145	0.04762
11	1.121	0.008633
11	1.214	0.6509
11	1.21	0.5936
11	0.9236	1e-05
11	1.251	0.9072
11	1.032	1e-05
11	1.017	1e-05
11	1.108	0.005786
11	1.126	0.01155
11	1.04	1e-05
11	0.9306	1e-05
11	0.9727	1e-05
11	1.201	0.5118
11	1.121	0.01258
11	1.061	4.162e-05
11	1.079	2.19e-05
11	1.077	0
11	1.445	1.001
11	1.109	0
11	1.061	0.0002667
11	1.059	9.78e-05
11	0.9988	1e-05
11	1.33	0.9992
11	1.092	0.001274
11	1.219	0.6814
11	1.011	1e-05
11	1.132	0.02473
11	1.227	0.7505
11	1.216	0.6541
11	1.164	0.1787
11	1.218	0.6813
11	1.077	0
11	1.231	0.7836
11	1.242	0.8679
11	1.144	0.04772
11	1.114	0.001398
11	1.171	0.1935
11	1.005	1e-05
11	1.168	0.1452
11	1.046	1e-05
11	1.107	0.004921
11	1.277	0.9837
11	1.234	0.8146
11	1.172	0.1655
11	1.18	0.2683
11	1.243	0.8643
11	1.046	1e-05
11	1.174	0.2062
11	1.204	0.5353
11	1.234	0.8079
11	1.348	1.001
11	1.102	0.001441
11	1.141	0.0455
11	1.071	0
11	1.294	1.006
11	1.149	0.08438
11	1.032	1e-05
11	1.107	0.004699
11	1.188	0.3532
11	0.9715	1e-05
11	1.1	0.0007504
11	1.08	0
11	0.9669	1e-05
11	1.142	0.046
11	0.9788	1e-05
11	1.087	0.0006753
11	0.9247	1e-05
11	1.061	0.00028
11	1.051	1e-05
11	1.335	0.9997
11	1.124	0.0107
11	1.126	0.01504
11	1.114	0.003976
11	1.162	0.1505
11	1.122	0.005683
11	0.9669	1e-05
11	1.17	0.1644
11	1.111	0.002057
11	1.126	0.003072
11	1.06	0.0002064
11	1.035	1e-05
11	1.204	0.5297
11	1.112	0.003041
11	1.167	0.121
11	0.9554	1e-05
11	1.151	0.1168
11	1.01	1e-05
11	1.396	1.001
11	0.9493	1e-05
11	1.055	0.00011
11	0.9797	1e-05
11	1.098	0.0003947
11	1.129	0.01295
11	1.174	0.202
11	1.003	1e-05
11	1.046	1e-05
11	1.06	0.0002721
11	1.012	1e-05
11	1.191	0.396
11	0.9743	1e-05
11	0.9759	1e-05
11	1.267	0.9584
11	1.139	0.02817
11	1.103	0.001462
11	0.983	1e-05
11	1.118	0.02157
11	1.295	0.9983
11	1.311	0.9986
11	0.906	1e-05
11	1.195	0.428
11	1.071	0
11	1.239	0.8421
11	1.06	0.000224
11	1.082	0
11	0.9859	1e-05
11	0.9911	1e-05
11	1.116	0.01125
11	1.081	0
11	1.057	0
11	1.261	0.9349
11	1.062	0.0001209
11	0.9466	1e-05
11	0.9319	1e-05
11	0.9965	1e-05
11	1.222	0.7209
11	1.198	0.4527
11	0.976	1e-05
11	0.9419	1e-05
11	1.081	0
11	1.265	0.9541
11	1.164	0.1737
11	1.256	0.924
11	1.049	1e-05
11	1.157	0.1169
11	1.075	0
11	1.242	0.8671
11	0.8382	1e-05
11	0.9864	1e-05
11	1.111	0
11	1.15	0.07847
11	0.9943	1e-05
11	1.128	0.01207
11	1.121	0.01044
11	1.094	0.001542
11	1.064	0
11	1.135	0.02808
11	1.033	1e-05
11	1.126	0.003747
11	1.384	1.001
11	0.9675	1e-05
11	1.162	0.1532
11	1.142	0.04659
11	0.9635	1e-05
11	1.087	0.0006596
11	1.149	0.08374
11	0.9122	1e-05
11	0.9479	1e-05
11	1.033	1e-05
11	0.9949	1e-05
11	1.172	0.1724
11	0.9488	1e-05
11	1.014	1e-05
11	1.033	1e-05
11	1.129	0.01733
11	1.184	0.3112
11	1.126	0.009343
11	1.13	0.02057
11	1.189	0.3319
11	0.9706	1e-05
11	1.13	0.02048
11	1.06	0.0001923
11	1.104	0.002783
11	1.113	0.002935
11	1.118	0.01103
11	1.089	0.0006632
11	1.169	0.1905
11	0.9561	1e-05
11	1.056	0.0001308
11	0.9877	1e-05
11	0.9188	1e-05
11	1.144	0.05209
11	1.123	0.008786
11	1.18	0.2663
11	1.01	1e-05
11	0.9671	1e-05
11	1.266	0.9472
11	1.134	0.02794
11	1.033	1e-05
11	1.122	0.0112
11	1.032	1e-05
11	1.229	0.7777
11	1.05	1e-05
11	1.031	1e-05
11	0.9505	1e-05
11	1.06	0
11	1.196	0.4522
11	0.9893	1e-05
11	1.089	0.0008842
11	1.064	0.0002667
11	1.301	0.9982
11	1.083	0.0002084
11	0.9914	1e-05
11	1.207	0.5816
11	1.235	0.817
11	1.097	0
11	1.174	0.2099
11	1.138	0.01815
11	0.9913	1e-05
11	1.117	0.008152
11	1.092	0.001201
11	0.8903	1e-05
11	1.101	0.001059
11	1.116	0.009865
11	1.155	0.1046
11	1.208	0.5847
11	1.146	0.06704
11	1.054	1e-05
11	1.272	0.9619
11	1.164	0.1604
11	1.116	0.007152
11	1.015	1e-05
11	1.118	0.01804
11	1.076	0
11	0.8926	1e-05
11	1.122	0.009623
11	1.186	0.3321
11	1.142	0.05527
11	1.058	0.0002973
11	1.394	1.001
11	1.094	0.002844
11	0.9747	1e-05
11	1.066	0.0004024
11	1.035	1e-05
11	1.251	0.9177
11	0.9482	1e-05
11	1.009	1e-05
11	1.21	0.6015
11	1.149	0.07687
11	1.227	0.7529
11	1.103	0.001564
11	1.067	0.0003631
11	1.038	1e-05
11	1.126	0.01321
11	1.232	0.7927
11	1.147	0.009696
11	1.026	1e-05
11	1.029	1e-05
11	1.045	1e-05
11	1.088	0.0006811
11	1.208	0.5827
11	0.9859	1e-05
11	1.02	1e-05
11	1.005	1e-05
11	1.175	0.2299
11	1.06	0.0002331
11	1.101	0.001665
11	1.112	0.001459
11	1.076	0
11	0.9472	1e-05
11	1.176	0.2471
11	1.109	0.01459
11	1.102	0.0009009
11	1.133	0.02285
11	1.201	0.5032
11	0.9897	1e-05
11	1.127	0
11	0.9255	1e-05
11	1.081	0
11	1.079	0
11	1.04	1e-05
11	0.9643	1e-05
11	1.097	0
11	0.987	1e-05
11	1.305	0.9983
11	1.214	0.6597
11	1.178	0.2521
11	1.156	0.1322
11	0.9903	1e-05
11	1.1	0.0002202
11	1.128	0.01212
11	1.001	1e-05
11	1.135	0.03111
11	1.069	0
11	0.9594	1e-05
11	1.165	0.1547
11	1.141	0
11	0.8959	1e-05
11	0.9556	1e-05
11	0.8996	1e-05
11	1.317	0.9999
11	1.012	1e-05
11	1.14	0.03377
11	1.113	0.009805
11	1.3	0.9999
11	1.144	0.05727
11	1.046	1e-05
11	1.085	0.0005166
11	1.121	0.01157
11	1.148	0.08483
11	1.016	1e-05
11	1.117	0.01115
11	1.069	0
11	1.088	0.0009063
11	1.022	1e-05
11	1.079	0
11	1.196	0.4542
11	1.044	1e-05
11	1.261	0.947
11	1.082	0.0009182
11	0.9315	1e-05
11	0.8767	1e-05
11	1.152	0.1063
11	1.166	0.1292
11	1.098	0
11	0.9436	1e-05
11	1.268	0.9655
11	1.13	0.01722
11	0.9846	1e-05
11	1.073	0
11	1.39	1.001
11	1.226	0.7417
11	1.28	0.9911
11	0.9889	1e-05
11	0.9835	1e-05
11	1.093	0.001293
11	1.249	0.9087
11	1.002	1e-05
11	1.089	0.0006032
11	1.25	0.9044
11	1.072	0
11	1.084	0.000237
11	1.182	0.3092
11	1.202	0.5211
11	0.9896	1e-05
11	1.102	0.004993
11	1.066	5.93e-05
11	1.108	0.00496
11	1.17	0.1961
11	0.9146	1e-05
11	1.317	0.9996
11	1.243	0.8794
11	1.124	0
11	1.279	0.9552
11	1.095	0.001821
11	1.199	0.4689
11	1.081	0
11	1.129	0.01903
11	1.205	0.5459
11	1.084	0.0002861
11	1.11	0
11	1.065	0.0003127
11	1.142	0.04541
11	1.208	0.5738
11	1.313	0.9999
11	1.375	1.002
11	1.096	0
11	1.135	0.03308
11	1.091	0.001272
11	1.055	1e-05
11	1.144	0.05212
11	1.386	1.002
11	1.01	1e-05
11	1.303	0.9982
11	1.063	0.0002596
11	1.324	1.002
11	1.022	1e-05
11	1.208	0.5843
11	1.111	0.0004422
11	1.106	0.003261
11	0.9767	1e-05
11	1.178	0.26
11	1.107	0.005683
11	1.07	0
11	1.039	1e-05
11	1.24	0.8626
11	1.104	0.006212
11	1.081	0.0006436
11	1.205	0.5433
11	1.087	0.0004781
11	1.159	0.1289
11	1.185	0.3423
11	1.201	0.5118
11	1.108	0.006372
11	1.14	0
