3	0.7774	0.007412
3	0.9962	0.05678
3	1.293	0.1808
3	1.117	0.09982
3	1.218	0.1578
3	0.9045	0.03062
3	1.207	0.1451
3	1.183	0.1397
3	1.583	0.4468
3	1.335	0.2483
3	1.142	0.08645
3	1.097	0.04395
3	1.232	0.1769
3	0.898	0.02252
3	1.038	0.06554
3	0.8333	0.0104
3	1.26	0.1528
3	1.015	0.04323
3	0.7658	0.01594
3	1.141	0.08094
3	0.9759	0.05947
3	1.224	0.1744
3	1.071	0.06972
3	1.229	0.1539
3	1.363	0.2011
3	1.145	0.09024
3	1.051	0.06713
3	1.404	0.3191
3	1.229	0.171
3	1.073	0.07297
3	1.392	0.2786
3	0.8797	0.01848
3	0.8639	0.0162
3	1.123	0.1059
3	0.9123	0.02615
3	1.167	0.1524
3	1.15	0.1065
3	1.068	0.07552
3	1.263	0.2373
3	0.9121	0.01847
3	1.014	0.05896
3	1.111	0.08421
3	1.087	0.1023
3	1.184	0.1415
3	1.348	0.2377
3	1.213	0.1343
3	0.9164	0.02697
3	0.9759	0.02621
3	0.9073	0.01682
3	0.864	0.01949
3	1.151	0.1385
3	1.417	0.3067
3	0.8665	0.01019
3	1.029	0.06465
3	1.24	0.1573
3	0.9406	0.04233
3	1.343	0.2338
3	1.015	0.04931
3	1.002	0.02805
3	1.052	0.05278
3	0.9641	0.02834
3	1.037	0.04675
3	1.041	0.08432
3	1.068	0.07573
3	1.132	0.08974
3	1.052	0.08084
3	0.7548	0.009074
3	1.009	0.06313
3	1.031	0.07545
3	0.829	0.01167
3	1.082	0.08446
3	1.034	0.05401
3	1.389	0.2425
3	0.9929	0.04316
3	0.9002	0.0312
3	1.05	0.07149
3	1.224	0.1706
3	0.967	0.03738
3	0.89	0.02159
3	1.258	0.1617
3	1.072	0.06358
3	1.378	0.1832
3	1.127	0.1282
3	1.186	0.1788
3	1.212	0.1386
3	1.011	0.06136
3	1.5	0.3638
3	1.317	0.2172
3	1.481	0.27
3	1.131	0.06927
3	0.9495	0.02709
3	0.9892	0.05299
3	1.249	0.1496
3	1.359	0.1868
3	1.018	0.04573
3	1.129	0.1184
3	1.098	0.07838
3	0.9782	0.04638
3	1.145	0.12
3	1.626	0.5147
3	1.427	0.3167
3	1.272	0.1849
3	1.222	0.16
3	1.297	0.1761
3	1.116	0.09573
3	1.529	0.4029
3	1.39	0.2622
3	0.9805	0.03559
3	1.056	0.05201
3	0.9752	0.05129
3	1.172	0.1427
3	1.147	0.1124
3	1.037	0.09217
3	1.235	0.1847
3	1.036	0.07069
3	1.013	0.04753
3	1.116	0.08614
3	1.551	0.3649
3	1.254	0.1595
3	1.183	0.1279
3	1.24	0.1341
3	0.9013	0.02923
3	0.9891	0.0305
3	1.076	0.07415
3	1.072	0.06804
3	1.157	0.1174
3	1.308	0.2175
3	1.152	0.1186
3	1.08	0.07944
3	1.029	0.04508
3	1.026	0.04956
3	1.132	0.07829
3	0.8642	0.01395
3	1.313	0.2148
3	1.03	0.04899
3	1.147	0.1122
3	1.022	0.0174
3	1.31	0.2177
3	1.13	0.1138
3	1.075	0.07853
3	1.102	0.05683
3	1.061	0.06787
3	1.194	0.2066
3	1.092	0.04614
3	0.9686	0.01714
3	1.251	0.1642
3	1.279	0.1582
3	1.347	0.2213
3	1.622	0.4342
3	0.9113	0.02699
3	0.9906	0.0466
3	1.137	0.08397
3	1.238	0.1595
3	0.87	0.01889
3	0.9837	0.05509
3	0.9257	0.03069
3	1.219	0.1539
3	0.8158	0.009096
3	1.129	0.1033
3	1.229	0.1635
3	1.119	0.1029
3	1.023	0.05137
3	1.158	0.1184
3	0.9593	0.03595
3	1.094	0.04568
3	1.082	0.0797
3	1.139	0.08132
3	1.183	0.1546
3	0.9729	0.00741
3	0.9494	0.0393
3	0.9724	0.01518
3	1.018	0.04976
3	0.9973	0.0828
3	0.9364	0.05221
3	1.302	0.1894
3	1.477	0.3593
3	1.443	0.3763
3	1.11	0.07198
3	0.7999	0.01678
3	1.171	0.1396
3	1.17	0.1512
3	1.093	0.05657
3	1.292	0.1775
3	1.414	0.3527
3	1.1	0.04646
3	1.219	0.1724
3	1.437	0.3165
3	1.629	0.4904
3	1.1	0.05803
3	1.022	0.08804
3	1.232	0.1363
3	1.181	0.116
3	1.078	0.07862
3	1.255	0.1518
3	1.262	0.2335
3	1.169	0.1526
3	1.41	0.2713
3	1.089	0.07668
3	0.8952	0.02046
3	1.288	0.175
3	1.119	0.09147
3	1.154	0.1036
3	1.048	0.07407
3	0.9259	0.01615
3	1.173	0.1494
3	1.376	0.2399
3	0.971	0.01476
3	1.235	0.143
3	0.9935	0.03282
3	1.044	0.07116
3	1.185	0.1674
3	1.136	0.08207
3	0.8673	0.01882
3	1.125	0.1096
3	1.077	0.07305
3	1.047	0.08242
3	1.465	0.3316
3	0.7784	0.01387
3	1.159	0.09933
3	1.043	0.1081
3	1.049	0.0827
3	1.407	0.2714
3	1.462	0.3181
3	0.9297	0.02422
3	0.896	0.02432
3	1.154	0.1006
3	1.066	0.05264
3	1.503	0.3605
3	1.319	0.2099
3	1.259	0.1588
3	0.8643	0.01707
3	1.338	0.2604
3	1.018	0.04334
3	0.9652	0.02142
3	1.177	0.09902
3	0.9836	0.06632
3	1.37	0.2694
3	1.011	0.06379
3	1.084	0.09494
3	1.324	0.2472
3	1.315	0.1823
3	1.13	0.08195
3	0.8893	0.01145
3	1.194	0.1808
3	1.411	0.308
3	0.7507	0.01395
3	1.136	0.07809
3	1.113	0.0844
3	1.49	0.3029
3	1.03	0.02752
3	1.112	0.08119
3	1.396	0.2116
3	0.8646	0.009316
3	1.168	0.1583
3	0.8512	0.006896
3	1.168	0.1779
3	1.072	0.07424
3	1.277	0.1657
3	1.016	0.06362
3	1.143	0.08211
3	1.599	0.4978
3	1.221	0.189
3	1.13	0.08714
3	1.277	0.1835
3	1.17	0.1842
3	1.295	0.1877
3	1.384	0.2116
3	1.18	0.1634
3	1.206	0.1031
3	1.005	0.01543
3	0.7495	0.007143
3	1.273	0.1829
3	0.9105	0.01999
3	1.237	0.1471
3	0.9728	0.007584
3	1.074	0.06275
3	1.105	0.08491
3	1.196	0.1774
3	1.406	0.2558
3	0.8262	0.005011
3	1.069	0.07095
3	1.4	0.3312
3	1.044	0.08056
3	0.9836	0.04012
3	1.331	0.2343
3	1.034	0.03659
3	1.032	0.04279
3	1.029	0.04853
3	1.177	0.09495
3	0.8763	0.008899
3	1.46	0.3578
3	0.9665	0.02987
3	0.9264	0.02508
3	1.119	0.1011
3	1.272	0.1842
3	1.422	0.3245
3	0.8912	0.01844
3	0.9993	0.0525
3	1.406	0.2831
3	1.041	0.04052
3	0.9774	0.05174
3	1.469	0.3227
3	0.9514	0.03744
3	1.034	0.05035
3	1.046	0.0963
3	0.9735	0.02664
3	0.9331	0.03481
3	0.9419	0.05903
3	0.9364	0.03434
3	1.117	0.09484
3	1.049	0.07139
3	0.8877	0.01892
3	1.201	0.1554
3	1.179	0.1002
3	1.263	0.2146
3	0.9495	0.03271
3	1.197	0.1749
3	1.159	0.1242
3	1.179	0.08972
3	1.203	0.1261
3	1.047	0.07063
3	1.183	0.118
3	1.321	0.2319
3	1.023	0.08615
3	1.143	0.09297
3	0.8119	0.01077
3	0.9394	0.03353
3	1.123	0.1022
3	0.9838	0.01198
3	1.41	0.2997
3	1.068	0.08106
3	0.9471	0.02998
3	1.058	0.07106
3	1.101	0.08022
3	1.231	0.1501
3	1.137	0.09563
3	1.301	0.1831
3	0.8198	0
3	0.9365	0.04565
3	0.9841	0.03264
3	1.142	0.0813
3	1.003	0.02414
3	1.131	0.08054
3	1.026	0.04938
3	1.307	0.2124
3	1.171	0.1698
3	0.8327	0.01415
3	1.335	0.2225
3	1.107	0.08546
3	1.194	0.194
3	0.9571	0.02852
3	0.9865	0.03406
3	1.103	0.0709
3	1.424	0.3384
3	1.151	0.1184
3	1.065	0.07921
3	1.234	0.1491
3	0.9122	0.03102
3	1.279	0.1561
3	0.9667	0.03817
3	1.22	0.1235
3	1.209	0.1276
3	1.239	0.1543
3	0.9412	0.04852
3	1.42	0.3224
3	1.145	0.09741
3	1.537	0.401
3	1.108	0.07704
3	0.9358	0.04429
3	1.473	0.2994
3	1.221	0.1446
3	1.125	0.1109
3	1.032	0.03989
3	1.125	0.103
3	1.638	0.4599
3	1.084	0.09271
3	1.164	0.118
3	1.257	0.1607
3	1.142	0.08496
3	0.8627	0.01339
3	1.151	0.1168
3	1.107	0.09609
3	1.082	0.08351
3	1.087	0.0834
3	0.8902	0.02914
3	0.9739	0.03094
3	0.9533	0.0348
3	1.066	0.08457
3	1.252	0.1553
3	1.092	0.06724
3	1.156	0.1048
3	1.303	0.1638
3	1.074	0.07688
3	1.203	0.1446
3	1.218	0.1359
3	1.118	0.09535
3	0.9716	0.01209
3	1.654	0.5079
3	1.371	0.2192
3	1.133	0.07081
3	1.057	0.05751
3	1.391	0.2006
3	1.223	0.187
3	1.057	0.06456
3	1.089	0.04058
3	1.031	0.05283
3	0.962	0.02966
3	1.129	0.1096
3	1.289	0.1799
3	1.485	0.3291
3	0.9577	0.04286
3	1.246	0.1544
3	0.9639	0.03468
3	1.489	0.3594
3	1.564	0.4488
3	0.9295	0.03891
3	1.029	0.07188
3	0.9964	0.04916
3	1.273	0.184
3	0.9495	0.0227
3	1.242	0.1589
3	1.279	0.1523
3	0.8843	0.008622
3	1.513	0.3521
3	1.091	0.08967
3	1.21	0.09016
3	0.9736	0.04798
3	1.016	0.04219
3	1.038	0.06532
3	1.274	0.1858
3	1.087	0.09507
3	1.084	0.08671
3	0.8858	0.02284
3	1.065	0.07142
3	1.027	0.05586
3	1.136	0.08962
3	1.06	0.06579
3	1.208	0.1025
3	1.129	0.1107
3	0.9279	0.02488
3	0.757	0.009451
3	1.341	0.2572
3	1.35	0.168
3	1.247	0.1506
3	1.54	0.3904
3	1.043	0.0939
3	1.14	0.07691
3	0.8544	0.008165
3	1.08	0.08225
3	1.065	0.0621
3	0.9778	0.05727
3	1.04	0.08034
3	1.118	0.09486
3	1.044	0.0727
3	1.163	0.1508
3	1.438	0.3504
3	1.067	0.08153
3	1.494	0.3406
3	1.085	0.08596
3	0.7482	0.006898
3	1.091	0.064
3	0.8718	0.01317
3	1.242	0.1618
3	0.9679	0.03154
3	0.9936	0.03463
3	1.184	0.1581
3	1.139	0.09429
3	1.284	0.1668
3	1.273	0.1711
3	0.9041	0.009941
3	1.09	0.06573
3	0.9524	0.04323
3	1.1	0.07148
3	1.232	0.1714
3	1.042	0.1068
3	1.139	0.09276
3	1.134	0.08565
3	1.047	0.07399
3	0.9327	0.01892
3	1.255	0.1636
3	1.372	0.1882
3	1.097	0.06542
3	0.9332	0.03301
3	0.9787	0.0417
3	0.9755	0.03626
3	1.173	0.1357
3	1.142	0.08628
3	1.138	0.09232
3	0.9794	0.04084
3	1.174	0.1127
3	1.016	0.05704
3	1.027	0.05885
3	0.9195	0.02301
3	1.297	0.1907
3	0.7747	0.005127
3	1.221	0.1767
3	1.108	0.107
3	1.133	0.08065
3	1.033	0.05837
3	1.257	0.1619
3	1.014	0.007927
3	0.9696	0.01256
3	1.297	0.1928
3	1.12	0.09876
3	1.385	0.2472
3	1.295	0.1752
3	1.341	0.2435
3	1.11	0.07764
3	1.237	0.1392
3	1.252	0.1398
3	1.068	0.0781
3	0.7886	0.01302
3	0.945	0.0193
3	1.185	0.1666
3	1.129	0.1127
3	1.175	0.1726
3	1.287	0.163
3	1.278	0.1983
3	0.911	0.03315
3	1.371	0.2209
3	0.8197	0.01577
3	1.058	0.06138
3	1.171	0.1171
3	0.9298	0.01917
3	1.153	0.0512
3	1.259	0.1571
3	1.409	0.2878
3	0.8934	0.01569
3	1.25	0.143
3	0.9622	0.03361
3	0.9798	0.02715
3	0.8771	0.007101
3	1.338	0.2786
3	1.071	0.07087
3	1.223	0.1629
3	0.9888	0.02876
3	1.114	0.09707
3	1.119	0.1025
3	1.282	0.1726
3	1.208	0.1122
3	1.178	0.0914
3	1.176	0.08784
3	0.8256	0.01849
3	0.9156	0.01822
3	1.059	0.05874
3	1.008	0.0497
3	1.514	0.354
3	0.9443	0.02364
3	1.078	0.07293
3	1.166	0.1712
3	1.096	0.0743
3	1.093	0.05907
3	1.003	0.02136
3	1.197	0.2036
3	1.1	0.06459
3	1.15	0.123
3	1.044	0.09906
3	1.078	0.07165
3	1.286	0.1794
3	0.9881	0.01128
3	1.144	0.1061
3	1.367	0.2193
3	1.305	0.1879
3	0.9715	0.02434
3	1.302	0.1707
3	1.329	0.2566
3	1.117	0.09503
3	1.249	0.1572
3	1.368	0.228
3	0.9762	0.04991
3	1.135	0.07794
3	1.132	0.07995
3	1.051	0.08067
3	0.9362	0.04424
3	1.088	0.08478
3	1.23	0.1557
3	1.081	0.08283
3	1.224	0.1944
3	1.247	0.166
3	1.091	0.07274
3	1.081	0.08258
3	1.092	0.06306
3	1.106	0.1041
3	0.9968	0.04824
3	1.032	0.05859
3	0.8952	0.01551
3	0.979	0.03684
3	1.325	0.2158
3	0.9614	0.04112
3	1.208	0.1251
3	0.9807	0.04307
3	1.046	0.08353
3	1.141	0.09365
3	1.155	0.07405
3	1.203	0.1403
3	1.158	0.09835
3	1.205	0.1138
3	0.7922	0.005123
3	0.9175	0.02461
3	1.116	0.09701
3	1.174	0.09908
3	1.098	0.02455
3	1.099	0.0699
3	1.095	0.08548
3	1.158	0.1736
3	0.8456	0
3	1.286	0.174
3	0.8792	0.01627
3	1.123	0.1035
3	1.002	0.03417
3	1.082	0.08306
3	1.097	0.07944
3	1.352	0.2563
3	0.944	0.02193
3	1.054	0.05222
3	0.9925	0.0327
3	1.177	0.09721
3	1.127	0.1056
3	1.105	0.06739
3	1.291	0.1742
3	1.323	0.2512
3	1.058	0.06524
3	1.123	0.1128
3	1.358	0.2454
3	1.343	0.238
3	0.9158	0.00923
3	1.118	0.09604
3	1.112	0.0923
3	1.117	0.1037
3	1.258	0.1378
3	1.205	0.1361
3	1.15	0.1005
3	0.8508	0
3	0.8379	0.005263
3	1.301	0.1727
3	1.064	0.07072
3	1.179	0.1318
3	1.33	0.2418
3	1.053	0.05706
3	1.328	0.2362
3	1.132	0.0894
3	1.419	0.3307
3	0.9794	0.04625
3	0.9444	0.02677
3	1.313	0.1773
3	1.079	0.07482
3	1.128	0.1183
3	0.9906	0.03667
3	1.308	0.2091
3	1.198	0.1453
3	0.9551	0.03556
3	1.275	0.1822
3	1.2	0.1508
3	1.145	0.1116
3	1.069	0.07668
3	1.059	0.06931
3	1.094	0.06048
3	1.243	0.1477
3	1.406	0.2717
3	1.361	0.1774
3	1.081	0.0781
3	1.13	0.1169
3	1.184	0.1334
3	1.162	0.1155
3	1.083	0.1001
3	1.265	0.2265
3	0.9794	0.0369
3	1.211	0.1168
3	1.198	0.1693
3	1.421	0.337
3	1.446	0.2802
3	1.298	0.2021
3	1.134	0.09449
3	1.212	0.1398
3	0.9906	0.03593
3	1.321	0.2231
3	0.811	0.01313
3	1.291	0.1668
3	1.155	0.117
3	1.251	0.1668
3	1.327	0.2069
3	0.9033	0.0279
3	1.078	0.07962
3	1	0.03763
3	0.9936	0.03554
3	0.9822	0.04085
3	0.8272	0.006392
3	1.243	0.1622
3	1.07	0.06492
3	1.239	0.1528
3	1.18	0.09275
3	1.429	0.3969
3	1.055	0.06688
3	1.248	0.1658
3	1.179	0.09167
3	1.143	0.09383
3	1.293	0.191
3	1.194	0.1628
3	1.088	0.06911
3	1.048	0.06924
3	1.015	0.01396
3	1.265	0.2123
3	0.8352	0.01665
3	1.158	0.1116
3	0.9873	0.03156
3	1.159	0.1207
3	1.126	0.09736
3	1.354	0.2036
3	1.089	0.05729
3	1.153	0.1103
3	1.202	0.118
3	1.208	0.1308
3	1.397	0.2503
3	0.9288	0.0325
3	0.8471	0.01068
3	1.081	0.07303
3	1.028	0.03905
3	1.19	0.1743
3	1.398	0.2117
3	0.8228	0.007133
3	1.028	0.06589
3	1.1	0.0647
3	1.195	0.1823
3	1.364	0.1671
3	0.7607	0.001577
3	1.151	0.1192
3	1.131	0.08223
3	0.8532	0
3	1.085	0.09206
3	1.159	0.09858
3	1.145	0.09828
3	1.45	0.355
3	1.231	0.1949
3	1.211	0.095
3	1.018	0.04603
3	1.054	0.06084
3	1.265	0.2008
3	1.301	0.1576
3	1.227	0.236
3	0.8768	0.01982
3	1.347	0.2436
3	0.9506	0.03455
3	1.376	0.2705
3	0.8378	0.0127
3	1.071	0.07145
3	1.268	0.2139
3	1.025	0.06226
3	1.01	0.04039
3	1.244	0.1539
3	0.8418	0.01118
3	1.232	0.1665
3	1.347	0.2293
3	1.265	0.2072
3	0.8605	0.01847
3	1.068	0.07693
3	1.115	0.095
3	0.7364	0.02088
3	1.209	0.1283
3	1.449	0.3644
3	1.26	0.1942
3	1.137	0.0802
3	1.085	0.104
3	1.146	0.1068
3	1.221	0.1737
3	0.9964	0.0448
3	1.026	0.04164
3	1.292	0.1758
3	0.923	0.02442
3	1.071	0.08498
3	0.9804	0.03404
3	1.009	0.03512
3	1.311	0.2113
3	1.075	0.07562
3	1.106	0.09623
3	1.038	0.07582
3	0.8747	0.02926
3	1.161	0.09862
3	1.057	0.04966
3	0.9736	0.06035
3	1.045	0.08514
3	1.282	0.1806
3	1.215	0.1591
3	1.277	0.1678
3	1.146	0.09561
3	0.8504	0.008443
3	0.987	0.0203
3	1.072	0.06621
3	1.122	0.1067
3	0.9881	0.05073
3	1.05	0.07121
3	0.9994	0.0558
3	1.043	0.1005
3	1.38	0.2096
3	1.416	0.3351
3	1.668	0.583
3	0.7656	0.01999
3	1.076	0.06463
3	1.495	0.3572
3	1.186	0.1516
3	0.9597	0.03405
3	1.07	0.0808
3	0.938	0.05266
3	0.8384	0.008155
3	0.9776	0.05186
3	0.9421	0.03882
3	1.103	0.06939
3	1.088	0.06374
3	1.13	0.08453
3	0.9777	0.03574
3	0.898	0.02737
3	0.9449	0.03088
3	1.218	0.1402
3	0.9198	0.01466
3	1.184	0.1358
3	1.071	0.08149
3	1.052	0.05972
3	1.663	0.4867
3	1.367	0.2214
3	1.399	0.3126
3	0.9586	0.04227
3	1.204	0.1368
3	1.075	0.07371
3	0.9196	0.0134
3	1.279	0.1586
3	0.9028	0.01853
3	1.249	0.1623
3	1.337	0.2388
3	1.086	0.0888
3	0.8838	0.01209
3	1.092	0.0565
3	1.01	0.07642
3	1.007	0.04913
3	0.8302	0.003428
3	0.9862	0.03585
3	0.9591	0.04201
3	1.515	0.3973
3	1.06	0.05543
3	1.272	0.192
3	1.169	0.1262
3	1.022	0.03699
3	1.159	0.1516
3	1.144	0.1012
3	1.075	0.06606
3	1.206	0.1367
3	0.8537	0.0108
3	0.9531	0.0348
3	1.076	0.07182
3	1.183	0.1402
3	1.058	0.07089
3	1.23	0.1619
3	1.513	0.3912
3	0.965	0.03212
3	1.454	0.3241
3	1.372	0.1754
3	1.282	0.1675
3	0.7862	0.005067
3	0.9415	0.06715
3	1.019	0.05469
3	1.322	0.2276
3	1.046	0.07344
3	1.148	0.1091
3	1.329	0.2372
3	1.188	0.175
3	0.9785	0.04613
3	0.877	0.01611
3	1.154	0.07222
3	1.179	0.09034
3	0.9899	0.02536
3	0.9707	0.01696
3	0.9407	0.04949
3	0.9742	0.04577
3	1.051	0.07098
3	0.9644	0.0288
3	1.404	0.2334
3	1.123	0.1078
3	1.285	0.1511
3	1.35	0.2243
3	1.107	0.09423
3	1.005	0.02218
3	1.041	0.05827
3	1.55	0.441
3	1.18	0.09894
3	0.8164	0.01934
3	1.037	0.05066
3	1.02	0.01994
3	1.36	0.2143
3	1.159	0.1179
3	1.192	0.1642
3	0.8888	0.01349
3	1.056	0.05647
3	0.915	0.01162
3	1.105	0.09968
3	1.107	0.08963
3	1.445	0.2967
3	1.101	0.04881
3	1.136	0.07898
3	0.8432	0.003292
3	1.225	0.1873
3	0.9933	0.05341
3	1.06	0.05456
3	1.573	0.3685
3	1.069	0.06956
3	0.8532	0.003074
3	0.9756	0.04945
3	1.217	0.1308
3	0.9459	0.02426
3	0.7484	0.01388
3	1.058	0.05778
3	0.9846	0.03536
3	1.07	0.07641
3	1.048	0.07578
3	1.074	0.06518
3	1.46	0.3805
3	1.296	0.1923
3	1.151	0.1084
3	1.013	0.05655
3	1.376	0.2708
3	0.9798	0.07514
3	1.093	0.05484
3	1.266	0.2056
3	0.9055	0.01716
3	1.159	0.1382
3	1.243	0.1507
3	1.162	0.1262
3	1.164	0.1401
3	0.9862	0.04241
3	1.089	0.0709
3	1.232	0.1424
3	0.9291	0.02328
3	1.02	0.02537
3	1.022	0.01725
3	1.138	0.1049
3	0.9015	0.01823
3	1.091	0.07557
3	1.055	0.05317
3	1.063	0.07004
3	0.9454	0.02279
3	1.317	0.2077
3	1.304	0.1746
3	1.286	0.1677
3	1.284	0.1514
3	1.134	0.08978
3	1.57	0.4535
3	0.9987	0.07057
3	1.174	0.137
3	1.048	0.07278
3	0.9898	0.04774
3	1.12	0.1006
3	1.293	0.199
3	1.309	0.2201
3	0.9829	0.04324
3	1.177	0.09123
3	0.9246	0.0287
3	1.33	0.2607
3	0.9045	0.02747
3	1.114	0.08029
3	0.8658	0.01274
3	1.4	0.288
3	0.9867	0.03003
3	0.9461	0.03172
3	1.301	0.1957
3	1.155	0.1103
3	1.222	0.1951
3	1.132	0.06594
3	1.078	0.07159
3	0.9424	0.04625
3	0.9967	0.06042
3	0.9826	0.05421
3	1.054	0.05478
3	1.081	0.08004
3	1.055	0.06501
3	0.8929	0.02661
3	0.9345	0.04387
3	1.152	0.135
3	1.094	0.07091
3	1.04	0.0571
3	0.8708	0
3	1.082	0.08593
3	1.107	0.1016
3	0.993	0.01905
3	1.122	0.09997
3	0.9275	0.01626
3	1.007	0.05293
3	1.238	0.156
3	1.329	0.2376
3	1.429	0.2805
3	1.139	0.08075
3	0.9926	0.05087
3	1.267	0.2221
3	1.133	0.08956
3	1.234	0.1613
3	1.05	0.06284
3	1.483	0.3634
3	0.9853	0.01844
3	1.22	0.1557
3	0.8739	0.009263
3	0.9508	0.03267
3	0.9789	0.03806
3	1.216	0.1297
3	0.9906	0.05128
3	1.244	0.1502
3	1.257	0.1677
3	1.22	0.1557
3	0.9598	0.03142
3	1.272	0.1958
3	0.927	0.03049
3	0.894	0.02007
3	0.8918	0.01341
3	0.86	0.02688
3	0.8386	0.009098
3	0.9758	0.05416
3	0.9673	0.01518
3	1.212	0.1403
3	1.205	0.1176
3	1.055	0.06602
3	0.977	0.04901
3	0.9881	0.04754
3	1.008	0.03656
3	1.078	0.0729
3	1.31	0.1909
3	0.7872	0.004342
3	0.9664	0.02152
3	1.31	0.199
3	1.227	0.1875
3	1.069	0.084
3	1.123	0.09924
3	0.9566	0.02757
3	0.9827	0.03258
3	1.032	0.07195
3	0.9903	0.03633
3	1.128	0.0981
3	1.749	0.6335
3	1.221	0.1707
3	1.237	0.1784
3	1.281	0.1733
3	1.103	0.05554
3	0.9301	0.04264
3	0.9867	0.02658
3	1.221	0.1522
3	1.207	0.1363
3	0.9837	0.02287
3	1.068	0.06655
3	0.968	0.02463
3	1.263	0.2366
3	1.426	0.3353
3	1.297	0.1957
3	0.8323	0.01202
3	0.8851	0.01456
3	1.142	0.09216
3	0.9368	0.04191
3	1.021	0.03484
3	1.018	0.05198
3	1.328	0.262
3	1.334	0.2431
3	1.028	0.07533
3	1.452	0.3649
3	1.082	0.08185
3	1.104	0.07756
3	1.137	0.07778
3	1.051	0.06549
3	1.221	0.1727
3	1.228	0.2324
3	1.151	0.1231
3	0.836	0.00858
3	1.291	0.1777
3	1.085	0.09001
3	1.004	0.05367
3	1.284	0.1703
3	1.169	0.1432
3	1.04	0.07044
3	1.224	0.1732
3	1.186	0.1518
3	1.037	0.0591
3	1.313	0.1988
3	1.303	0.2013
3	1.199	0.1712
3	1.15	0.111
3	1.229	0.1598
3	1.021	0.03399
3	1.001	0.04803
3	0.8399	0.01319
3	1.078	0.07712
3	0.8097	0.006578
3	1.123	0.1093
3	1.279	0.1737
3	1.143	0.1046
3	1.198	0.1901
3	1.217	0.1288
3	0.9857	0.01828
3	1.21	0.1008
3	0.9834	0.04719
3	1.155	0.09029
3	0.8513	0.008034
3	1.061	0.04982
3	0.946	0.0241
3	1.215	0.1325
3	1.152	0.1285
3	1.15	0.1163
3	1.259	0.1727
3	1.312	0.2083
3	1.154	0.1192
3	1.053	0.05513
3	0.9008	0.01512
3	1.102	0.08089
3	1.224	0.1769
3	1.05	0.06124
3	1.037	0.03567
3	1.215	0.1275
3	1.265	0.2347
3	0.893	0.01426
3	1.401	0.2601
3	1.239	0.1583
3	1.186	0.1772
3	1.085	0.08717
3	1.519	0.321
3	1.097	0.06232
3	0.8155	0.0106
3	1.24	0.1449
3	1.023	0.08257
3	1.001	0.05132
3	1.143	0.08166
3	1.096	0.05797
3	1.07	0.06189
3	1.542	0.3737
3	1.045	0.09919
3	1.078	0.07481
3	1.115	0.09658
3	1.333	0.2744
3	1.207	0.1151
3	1.062	0.07227
3	1.209	0.1219
3	1.145	0.09809
3	1.108	0.0842
3	0.8336	0.01128
3	0.8861	0.01702
3	0.809	0.008461
3	1.138	0.07957
3	1.288	0.1656
3	0.9114	0.02085
3	1.162	0.1283
3	1.016	0.03538
3	1.053	0.05777
3	1.057	0.05873
3	1.269	0.2041
3	1.086	0.08894
3	1.027	0.06616
3	1.204	0.1601
3	1.565	0.4328
3	1	0.02902
3	1.14	0.08264
3	1.166	0.09426
3	1.08	0.06988
3	1.239	0.1536
3	0.9139	0.0277
3	1.077	0.0818
3	0.8322	0.007019
3	1.143	0.07955
3	1.123	0.1044
3	1.048	0.0779
3	0.856	0.005684
3	1.345	0.2385
3	0.949	0.03423
3	1.137	0.09293
3	1.491	0.3458
3	1.071	0.07993
3	1.377	0.2218
3	1.492	0.3719
3	1.034	0.05929
3	1.411	0.3326
3	1.124	0.1121
3	1.236	0.148
3	1.306	0.1965
3	1.295	0.1801
3	0.9548	0.04251
3	1.019	0.04353
3	1.183	0.1608
3	1.008	0.06519
3	1.053	0.06739
3	0.9371	0.04583
3	1.186	0.1467
3	1.097	0.06767
3	1.184	0.1412
3	1.076	0.05963
3	1.281	0.1808
3	0.9964	0.03033
3	0.9984	0.03466
3	1.01	0.04397
3	1.144	0.09369
3	1.072	0.08347
3	1.218	0.1403
3	1.109	0.08296
3	1.144	0.08681
3	1.015	0.05438
3	1.123	0.09499
3	1.351	0.2353
3	1.072	0.072
3	0.9553	0.04363
3	1.182	0.1237
3	1.126	0.1091
3	1.196	0.1704
3	1.275	0.1711
3	1.612	0.4555
3	1.112	0.09146
3	1.177	0.0633
3	1.115	0.09086
3	1.207	0.1049
3	1.128	0.1072
3	1.112	0.08812
3	1.098	0.05195
3	1.188	0.167
3	1.148	0.1119
3	0.8877	0.01656
3	1.074	0.06344
3	1.162	0.1406
3	1.284	0.1592
3	1.246	0.1659
3	1.028	0.05187
3	0.9486	0.03567
3	1.143	0.08431
3	1.205	0.1528
3	1.03	0.05029
3	1.09	0.08389
3	0.7914	0.009872
3	0.9625	0.03812
3	1.282	0.1721
3	1.234	0.1482
3	1.704	0.5619
3	0.8554	0.001966
3	1.419	0.313
3	1.737	0.6207
3	1.226	0.1861
3	1.031	0.0356
3	1.075	0.06602
3	1.27	0.1863
3	1.324	0.2438
3	0.738	0.005566
3	1.174	0.1464
3	1.037	0.04511
3	1.317	0.2334
3	1.004	0.06248
3	1.074	0.07717
3	1.264	0.227
3	0.9968	0.04567
3	0.9982	0.0346
3	0.9904	0.02263
3	0.9935	0.03966
3	0.85	0.006664
3	1.575	0.4507
3	1.217	0.1666
3	1.203	0.1242
3	1.056	0.07045
3	1.011	0.03554
3	1.132	0.08427
3	1.088	0.07125
3	1.027	0.04496
3	0.9876	0.02183
3	1.337	0.248
3	0.9248	0.0303
3	1.158	0.1443
3	1.818	0.6703
3	1.159	0.1284
3	1.194	0.1713
3	1.179	0.1016
3	0.8727	0.0133
3	1.11	0.0744
3	1.173	0.1238
3	0.9304	0.03236
3	1.179	0.09342
3	0.9158	0.03413
3	1.083	0.09168
3	1.194	0.1644
3	1.095	0.06384
3	1.173	0.1401
3	1.236	0.1358
3	1.025	0.06255
3	0.9836	0.051
3	1.052	0.05561
3	1.306	0.1801
3	1.213	0.1133
3	1	0.02365
3	0.9403	0.03307
3	1.271	0.1976
3	1.805	0.6587
3	1.027	0.07741
3	1.106	0.07057
3	0.8455	0.0208
3	0.9181	0.01721
3	1.235	0.1409
3	1.067	0.07538
3	0.9599	0.03583
3	1.017	0.04185
3	1.07	0.07074
3	1.36	0.2385
3	1.114	0.08241
3	0.9369	0.04504
3	1.435	0.3523
3	1.299	0.1921
3	1.345	0.2553
3	1.225	0.1787
3	1.111	0.07918
3	1.477	0.3213
3	1.019	0.03205
3	0.935	0.0335
3	1.056	0.05607
3	1.394	0.2433
3	1.133	0.07613
3	1.179	0.119
3	1.022	0.02706
3	1.266	0.2018
3	1.2	0.1415
3	1.055	0.05767
3	0.9719	0.02054
3	1.063	0.05788
3	1.112	0.08203
3	0.9845	0.03581
3	0.8828	0.01271
3	0.9489	0.03037
3	1.494	0.3846
3	1.188	0.1786
3	1.027	0.05121
3	1.117	0.1076
3	1.013	0.06931
3	0.93	0.0197
3	0.8361	0.007609
3	1.23	0.1657
3	0.9315	0.0342
3	1.13	0.07586
3	1.185	0.154
3	1.198	0.1673
3	1.186	0.1601
3	1.059	0.07266
3	0.8142	0.005485
3	1.234	0.1362
3	1.347	0.2419
3	1.001	0.0126
3	1.552	0.3784
3	1.217	0.1439
3	0.9992	0.05083
3	1.364	0.2441
3	1.359	0.2049
3	1.1	0.08165
3	1.103	0.0851
3	0.8994	0.02237
3	0.8863	0.01538
3	1.445	0.3583
3	1.054	0.06274
3	1.272	0.1909
3	1.063	0.07373
3	1.357	0.2346
3	1.053	0.05543
3	1.217	0.1503
3	0.955	0.03617
3	0.7703	0.009322
3	0.9927	0.03335
3	0.9142	0.01254
3	1.232	0.1614
3	0.9069	0.01911
3	1.103	0.05879
3	1.148	0.09969
3	1.123	0.1094
3	1.182	0.1377
3	0.8341	0.009637
3	0.9794	0.03057
3	0.809	0.00374
3	0.8146	0.01618
3	1.179	0.1143
3	1.363	0.2031
3	0.8914	0.0109
3	1.08	0.0756
3	1.081	0.07664
3	1.125	0.104
3	1.393	0.2949
3	0.8846	0.0199
3	1.09	0.07547
3	1.217	0.1163
3	1.114	0.09697
3	0.9754	0.03151
3	1.279	0.159
3	1.192	0.1666
3	1.621	0.4311
3	0.9891	0.03381
3	1.205	0.1351
3	0.9953	0.03512
3	1.141	0.1035
3	0.9624	0.03737
3	1.4	0.2537
3	1.124	0.1186
3	1.193	0.2056
3	1.288	0.1685
3	1.158	0.1427
3	1.098	0.06107
3	0.9766	0.05129
3	0.8525	0.00253
3	1.057	0.05381
3	0.9804	0.04321
3	1.115	0.08924
3	1.054	0.05325
3	1.194	0.1734
3	1.343	0.2564
3	1.389	0.2735
3	1.122	0.1103
3	1.021	0.01219
3	1.085	0.08927
3	1.065	0.06906
3	1.03	0.05475
3	1.154	0.09634
3	1.367	0.2405
3	1.471	0.3295
3	1.171	0.1299
3	1.404	0.2996
3	1.179	0.1041
3	1.159	0.1365
3	1.102	0.08489
3	1.207	0.1229
3	0.7566	0.006189
3	1.149	0.1152
3	1.116	0.09754
3	1.204	0.1005
3	1.121	0.1167
3	1.079	0.08222
3	1.577	0.4109
3	1.206	0.1178
3	1.005	0.06509
3	0.8754	0.01097
3	1.111	0.07487
3	1.138	0.09204
3	1.019	0.05358
3	1.261	0.1808
3	1.178	0.1149
3	1.057	0.05858
3	1.136	0.08722
3	0.9509	0.03796
3	1.099	0.05877
3	1.149	0.1195
3	1.307	0.1998
3	1.413	0.2789
3	0.9343	0.02001
3	1.035	0.05791
3	1.138	0.0883
3	1.082	0.08317
3	0.9325	0.02299
3	1.222	0.1606
3	0.9328	0.02233
3	1.062	0.05093
3	1.095	0.08404
3	0.8168	0
3	0.9387	0.03697
3	0.997	0.04876
3	1.099	0.06317
3	1.104	0.08238
3	1.227	0.2216
3	1.226	0.2061
3	1.158	0.1279
3	0.8595	0.02142
3	1.433	0.325
3	0.979	0.03898
3	1.188	0.2156
3	1.155	0.1192
3	1.106	0.08321
3	0.8896	0.0173
3	1.195	0.1591
3	0.7866	0.01287
3	1.528	0.3834
3	1.02	0.0447
3	0.9301	0.02984
3	1.156	0.1071
3	0.988	0.05714
3	1.197	0.2024
3	1.254	0.171
3	1.126	0.1054
3	1.371	0.1762
3	1.084	0.08687
3	1.001	0.04256
3	1.218	0.1433
3	1.07	0.07859
3	1.1	0.07708
3	1.531	0.411
3	1.186	0.1352
3	1.365	0.2152
3	1.075	0.06228
3	1.185	0.1621
3	1.325	0.2056
3	1.206	0.08077
3	1.397	0.2263
3	0.9632	0.04046
3	0.9433	0.02864
3	0.8585	0.02518
3	0.8044	0.00598
3	0.8322	0.007082
3	1.431	0.3194
3	1.159	0.1414
3	1.139	0.07377
3	0.9762	0.03981
3	1.02	0.04998
3	1.165	0.155
3	1.099	0.0725
3	1.395	0.2632
3	1.064	0.06135
3	1.002	0.02918
3	1.019	0.0179
3	1.348	0.2481
3	0.9115	0.01995
3	1.383	0.2091
3	1.118	0.09749
3	0.9636	0.0308
3	1.141	0.09297
3	0.9967	0.04264
3	1.178	0.09226
3	1.099	0.06729
3	0.9959	0.02455
3	1.143	0.0845
3	1.218	0.1452
3	1.325	0.2644
3	1.105	0.06416
3	0.977	0.03005
3	0.9419	0.04902
3	1.256	0.1671
3	0.8393	0.01654
3	1.085	0.09907
3	0.8729	0.01092
3	1.095	0.07082
3	1.317	0.2173
3	1.062	0.06334
3	1.156	0.139
3	1.449	0.3616
3	1.176	0.0576
3	1.055	0.05038
3	1.367	0.2042
3	1.015	0.05432
3	1.048	0.06111
3	1.293	0.178
3	1.208	0.118
3	1.02	0.03383
3	1.263	0.2262
3	0.9965	0.04516
3	1.331	0.2204
3	0.9576	0.0347
3	1.049	0.07158
3	1.033	0.05081
3	1.08	0.0861
3	0.9578	0.04319
3	1.165	0.1062
3	1.141	0.08219
3	0.7236	0.006971
3	1.008	0.07109
3	0.9844	0.05383
3	1.147	0.1206
3	1.292	0.1615
3	1.109	0.06855
3	1.314	0.2109
3	1.001	0.0413
3	0.946	0.03031
3	0.9734	0.03213
3	1.011	0.05502
3	0.8105	0.01632
3	0.932	0.03197
3	1.171	0.1235
3	1.024	0.0524
3	0.6479	0
3	1.29	0.1709
3	1.474	0.3745
3	1.391	0.2183
3	1.038	0.07099
3	1.218	0.1352
3	1.262	0.2422
3	1.343	0.2453
3	1.016	0.04866
3	1.035	0.0816
3	1.242	0.1509
3	1.345	0.2581
3	1.147	0.1042
3	1.06	0.0545
3	1.168	0.1058
3	1.054	0.06137
3	1.059	0.05029
3	0.9917	0.03723
3	0.931	0.04094
3	1.316	0.2264
3	0.9809	0.02299
3	1.215	0.1392
3	1.307	0.2171
3	1.095	0.05458
3	1.293	0.1904
3	1.006	0.05443
3	1.213	0.1445
3	1.052	0.06069
3	1.074	0.07063
3	1.056	0.05913
3	1.055	0.04814
3	0.9039	0.02264
3	1.305	0.1932
3	0.9143	0.0285
3	1.363	0.2267
3	1.049	0.05431
3	1.133	0.07772
3	1.124	0.1082
3	1.107	0.07406
3	0.9843	0.05338
3	1.047	0.07439
3	1.269	0.1919
3	0.9475	0.03094
3	1.11	0.08428
3	1.129	0.1171
3	1.238	0.1445
3	1.172	0.1683
3	1.017	0.02618
3	1.115	0.09354
3	1.125	0.1123
3	1.303	0.2051
3	0.9015	0.01674
3	0.943	0.01698
3	1.184	0.1394
3	0.9045	0.02428
3	1.042	0.07236
3	1.007	0.04687
3	1.172	0.1511
3	0.9998	0.03799
3	0.9679	0.02814
3	1.248	0.1376
3	1.229	0.1675
3	1.097	0.07344
3	1.086	0.09469
3	1.174	0.1425
3	1.261	0.1376
3	0.8741	0.01007
3	1.261	0.16
3	1.284	0.1668
3	1.12	0.09859
3	1.146	0.09886
3	1.016	0.02993
3	1.103	0.0874
3	1.082	0.08215
3	0.9882	0.03517
3	1.05	0.05164
3	1.003	0.04848
3	1.259	0.1802
3	0.9126	0.03073
3	0.9955	0.03036
3	1.133	0.08212
3	1.086	0.09602
3	1.109	0.08939
3	1.115	0.09648
3	1.306	0.1971
3	1.244	0.1537
3	1.114	0.08556
3	1.243	0.146
3	1.112	0.08719
3	0.9357	0.02035
3	1.128	0.1159
3	1.348	0.2533
3	1.089	0.06217
3	1.025	0.04769
3	1.295	0.1972
3	1.026	0.06165
3	1.04	0.06959
3	1.11	0.06838
3	1.143	0.09143
3	1.18	0.119
3	1.123	0.09645
3	1.001	0.03128
3	0.9657	0.02573
3	0.821	0.008137
3	1.227	0.2115
3	1.337	0.2389
3	1.201	0.1636
3	1.032	0.08555
3	1.061	0.07022
3	1.126	0.09948
3	1.15	0.1282
3	0.9921	0.04943
3	1.077	0.08183
3	1.198	0.1912
3	1.121	0.1004
3	1.211	0.1238
3	1.085	0.09728
3	1.282	0.1634
3	1.209	0.08404
3	1.12	0.09899
3	1.186	0.1572
3	1.121	0.1071
3	1.056	0.04942
3	0.9827	0.02902
3	1.196	0.1636
3	1.185	0.1589
3	1.419	0.2847
3	1.277	0.1579
3	1.158	0.07372
3	1.184	0.1663
3	1.017	0.0472
3	1.103	0.06455
3	1.026	0.04179
3	1.018	0.04487
3	0.8716	0.01463
3	0.9335	0.02859
3	0.9871	0.02061
3	1.27	0.1913
3	1.072	0.0796
3	1.017	0.05929
3	0.9289	0.03531
3	1.154	0.09929
3	1.329	0.2551
3	1.232	0.1816
3	1.265	0.2185
3	0.965	0.03768
3	1.507	0.376
3	1.115	0.09069
3	1.186	0.1441
3	0.9379	0.03788
3	1.035	0.06408
3	1.388	0.2283
3	1.193	0.2105
3	1.383	0.243
3	0.8818	0.01626
3	1.043	0.09589
3	1.108	0.09112
3	1.102	0.08814
3	1.106	0.08503
3	1.184	0.127
3	0.8938	0.01569
3	1.435	0.3404
3	1.312	0.1885
3	1.112	0.1012
3	1.211	0.1008
3	1.033	0.08339
3	1.033	0.06346
3	1.284	0.1471
3	1.06	0.06838
3	1.326	0.2507
3	1.221	0.1839
3	0.9792	0.05339
3	1.237	0.1381
3	1	0.05841
3	1.343	0.2503
3	1.275	0.1574
3	0.7758	0.01037
3	1.073	0.07897
3	0.9775	0.04591
3	1.182	0.1302
3	1.027	0.0744
3	1.298	0.2153
3	1.005	0.03977
3	1.095	0.06659
3	1.257	0.1487
3	1.206	0.1288
3	1.503	0.3411
3	1.242	0.1596
3	1.017	0.0506
3	0.9893	0.03311
3	1.159	0.1091
3	1.112	0.08616
3	1.031	0.05037
3	1.078	0.06327
3	1.194	0.1706
3	0.656	0
3	1.378	0.267
3	1.275	0.1574
3	0.9586	0.02635
3	1.347	0.2521
3	1.105	0.07567
3	1.239	0.1826
3	1.249	0.1566
3	0.9641	0.03441
3	1.384	0.2536
3	1.135	0.08188
3	1.077	0.07443
3	0.9161	0.01846
3	1.022	0.04488
3	1.303	0.1979
3	0.8983	0.01349
3	1.069	0.07138
3	1.18	0.1407
3	0.9598	0.03808
3	1.082	0.08043
3	0.9826	0.03371
3	1.15	0.1198
3	1.013	0.0483
3	1.313	0.1919
3	1.142	0.0795
3	1.223	0.1743
3	0.9992	0.06758
3	1.179	0.09968
3	1.242	0.159
3	1.265	0.2218
3	1.364	0.2215
3	1.164	0.117
3	1.086	0.09509
3	1.025	0.05676
3	1.333	0.2363
3	0.9519	0.04125
3	1.12	0.09014
3	1.216	0.1311
3	1.251	0.1385
3	1.48	0.3781
3	1.146	0.09345
3	1.386	0.2294
3	1.203	0.1608
3	1.025	0.05821
3	0.9846	0.0221
3	1.727	0.5127
3	1.159	0.146
3	0.8109	0.004593
3	1.145	0.08615
3	1.076	0.07367
3	1.064	0.05969
3	1.391	0.2498
3	0.943	0.02016
3	1.482	0.3817
3	1.169	0.1483
3	1.069	0.0729
3	0.9361	0.03167
3	0.754	0.0101
3	1.178	0.1248
3	1.294	0.1663
3	1.153	0.07589
3	0.9744	0.04663
3	1.016	0.07614
3	1.221	0.1531
3	1.287	0.1662
3	0.7871	0.01479
3	1.198	0.161
3	1.521	0.3757
3	1.032	0.06003
3	1.281	0.1676
3	1.206	0.1178
3	0.9326	0.0376
3	1.041	0.06494
3	0.9869	0.03544
3	0.9837	0.02907
3	1.154	0.1138
3	1.124	0.1059
3	1.08	0.08489
3	1.27	0.1823
3	0.9007	0.03444
3	1.179	0.1025
3	1.155	0.1005
3	1.043	0.09568
3	1.121	0.09701
3	1.203	0.1519
3	0.9919	0.06361
3	1.082	0.07683
3	0.829	0.00532
3	1.287	0.1723
3	1.243	0.1509
3	1.006	0.03874
3	1.275	0.1731
3	1.358	0.2196
3	1.49	0.369
3	1.25	0.1492
3	0.9764	0.0433
3	0.8717	0.006759
3	1.022	0.02108
3	1.388	0.2533
3	1.115	0.0782
3	0.9161	0.02542
3	1.027	0.06049
3	1.044	0.06117
3	1.481	0.3265
3	1.129	0.1167
3	0.874	0.005927
3	0.894	0.01363
3	0.9197	0.01994
3	0.8694	0.009852
3	1.122	0.106
3	0.8655	0.01115
3	1.251	0.1288
3	0.9141	0.02726
3	1.089	0.08592
3	0.9067	0.02537
3	1.348	0.2267
3	0.7968	0.009983
3	0.9921	0.01385
3	0.8853	0.01821
3	0.8804	0.01081
3	1.033	0.052
3	1.183	0.1547
3	1.362	0.2191
3	1.012	0.06505
3	0.9948	0.03971
3	1.06	0.05942
3	0.9109	0.01261
3	1.054	0.06808
3	0.9761	0.02812
3	1.073	0.07274
3	0.9145	0.02701
3	1.074	0.07335
3	0.9904	0.03219
3	1.033	0.05732
3	1.09	0.06896
3	1.062	0.05877
3	0.8459	0
3	1.268	0.1843
3	1.032	0.06338
3	1.193	0.1628
3	1.556	0.3707
3	1.144	0.0845
3	0.8716	0.01178
3	1.104	0.05822
3	1.136	0.0724
3	1.012	0.03563
3	1.113	0.09581
3	1.323	0.2203
3	0.9712	0.01751
3	1.702	0.531
3	1.366	0.2021
3	1.439	0.3702
3	1.048	0.06626
3	1.199	0.1381
3	1.066	0.07713
3	1.265	0.2065
3	0.9536	0.02984
3	1.39	0.2497
3	1.072	0.07563
3	0.9958	0.03023
3	1.138	0.09589
3	1.301	0.1597
3	1.182	0.1447
3	1.255	0.1492
3	1.198	0.1775
3	1.061	0.07849
3	1.087	0.1001
3	1.019	0.03887
3	1.238	0.1485
3	0.8323	0.002031
3	1.464	0.3703
3	1.079	0.07631
3	1.004	0.0371
3	1.351	0.2336
3	0.9396	0.02513
3	0.9423	0.03641
3	1.252	0.1647
3	1.154	0.07517
3	1.314	0.2291
3	1.03	0.03984
3	1.243	0.1393
3	1.158	0.1226
3	1.014	0.04158
3	1.04	0.07932
3	1.16	0.1589
3	1.278	0.1755
3	1.084	0.08698
3	1.044	0.09683
3	1.178	0.08605
3	1.178	0.09781
3	0.8248	0.008761
3	1.2	0.1534
3	1.213	0.1412
3	1.35	0.2966
3	1.371	0.1814
3	1.22	0.17
3	0.9123	0.02795
3	1.064	0.07125
3	1.212	0.1061
3	0.8396	0.01337
3	1.287	0.1578
3	1.427	0.2986
3	0.9758	0.0332
3	1.027	0.04404
3	1.215	0.09834
3	0.9405	0.04395
3	0.8278	0.01119
3	1.032	0.04976
3	0.942	0.03869
3	0.9494	0.03671
3	1.048	0.0596
3	1.161	0.1409
3	1.013	0.03816
3	1.311	0.1945
3	1.071	0.07591
3	1.056	0.05847
3	1.144	0.103
3	0.9735	0.04541
3	1.092	0.03949
3	1.257	0.1749
3	0.7048	0.005726
3	0.8107	0.02011
3	1.405	0.3117
3	1.2	0.153
3	1.179	0.1213
3	1.329	0.2495
3	1.168	0.1517
3	1.205	0.1428
3	1.292	0.1762
3	1.253	0.1651
3	1.161	0.1204
3	1.223	0.1866
3	0.9207	0.02807
3	0.9065	0.0277
3	1.097	0.07585
3	1.238	0.1537
3	1.133	0.08623
3	1.127	0.11
3	0.926	0.02323
3	0.9697	0.01377
3	1.048	0.05923
3	0.9947	0.04093
3	1.12	0.08545
3	1.148	0.1055
3	1.172	0.1394
3	1.026	0.08003
3	1.009	0.05183
