12	1.107	-0.0007989
12	1.226	-0.0003116
12	1.245	0.0003999
12	1.2	0.001784
12	1.011	0.0004556
12	1.084	-0.0003353
12	1.111	0.0001264
12	1.025	0.0005617
12	1.111	8.06e-05
12	1.277	0.0003756
12	0.9823	-0.0005738
12	1.29	-0.0005289
12	1.028	0.002
12	1.339	-0.0003357
12	0.9712	0.0004684
12	1.038	-0.000502
12	0.9716	0.001745
12	1.435	0.0001757
12	1.169	0.0002702
12	1.15	-0.00108
12	1.114	0.0008271
12	1.326	-0.0008275
12	1.402	-0.0004213
12	1.231	-0.0008611
12	1.105	-0.000171
12	1.086	-0.0008895
12	1.178	0.0004076
12	1.04	0.0005185
12	1.008	-0.001262
12	1.187	0.0007015
12	0.9965	9.969e-05
12	1.022	0.001685
12	1.302	0.0003287
12	1.016	-0.001673
12	1.241	0.0003159
12	1.222	-0.000104
12	1.014	-0.0008037
12	1.085	0.0004369
12	1.2	-0.0002612
12	1.239	0.0001996
12	0.9707	0.0001132
12	1.075	0.0008457
12	1	0.001452
12	1.032	-0.0009897
12	1.182	-0.001128
12	1.134	0.001007
12	1.118	0.0006067
12	1.093	-0.0006593
12	1.042	-0.0007279
12	1.238	0.0003053
12	1.109	-0.001042
12	1.198	-0.0002467
12	1.228	0.0007566
12	1.396	0.000348
12	0.9418	-0.001077
12	1.186	0.00128
12	1.066	0.0008739
12	1.136	-4.761e-05
12	1.075	-0.001069
12	1.039	-0.000918
12	1.132	-0.0001145
12	1.254	0.0001595
12	0.9713	-0.0006782
12	1.1	-0.0008233
12	1.208	0.00148
12	1.112	-0.0002609
12	1.08	0.0002364
12	1.189	0.0002753
12	0.9926	0.0004514
12	1.363	-0.001738
12	1.018	0.001071
12	1.064	0.0004146
12	1.235	0.0007883
12	1.071	-0.0005585
12	1.136	0.000944
12	1.174	-0.000656
12	1.071	-0.001154
12	1.266	0.0004033
12	1.004	-3.818e-05
12	1.093	0.00165
12	1.315	0.001762
12	1.063	-0.001276
12	1.091	0.0004752
12	1.142	-0.0001744
12	1.194	0.0001237
12	1.094	0.0002467
12	1.202	-0.0005614
12	1.073	0.0009801
12	1.265	0.0009885
12	1.22	0.0002247
12	1.319	0.001717
12	1.272	0.001637
12	1.095	0.0004831
12	0.981	0.0007416
12	1.205	-0.0001558
12	1.16	0.0004934
12	1.291	-0.000175
12	1.285	0.001508
12	1.269	0.002038
12	1.215	-0.000431
12	1.094	-0.001297
12	1.156	0.0002048
12	1.057	-0.0006397
12	1.14	-0.0002179
12	1.197	1.911e-05
12	1.122	-0.00117
12	1.126	0.0006725
12	1.415	-0.0004936
12	0.941	0.000269
12	1.106	-0.000418
12	1.076	0.0001922
12	1.223	0.001435
12	1.081	0.002463
12	1.051	0.0007234
12	1.113	-0.001286
12	1.127	0.001001
12	1.078	-0.0002248
12	1.101	0.001398
12	1.199	-0.000447
12	1.047	0.0008004
12	1.16	-0.0005928
12	1.281	-0.001674
12	1.179	0.001719
12	1.037	-0.000512
12	1.116	6.472e-05
12	1.207	0.0005319
12	1.121	-0.0006981
12	1.307	0.001729
12	1.28	-0.0007524
12	1.091	-9.948e-05
12	1.414	-0.001161
12	1.383	0.001241
12	1.092	-0.0003493
12	0.971	-9.617e-05
12	1.262	-0.0005702
12	1.067	0.000634
12	1.123	0.0009065
12	0.9386	-3.737e-05
12	1.094	0.0005893
12	1.023	0.003297
12	0.9024	0.001422
12	1.003	-2.944e-06
12	1.059	0.0009698
12	1.121	0.001017
12	0.9943	0.0009982
12	1.162	0.0005059
12	1.267	-1.463e-05
12	1.21	0.0004086
12	1.146	-0.001124
12	1.241	0.001221
12	1.099	-0.0001763
12	1.041	-0.0001191
12	1.237	0.001996
12	1.06	0.00019
12	1.064	6.627e-06
12	1.135	-0.000155
12	1.042	0.001121
12	1.251	0.001267
12	1.094	-0.0001946
12	1.185	0.000502
12	1.209	0.0006247
12	1.257	-0.0007876
12	0.99	0.0001369
12	1.087	2.95e-05
12	1.04	-0.001244
12	0.9699	-0.0002878
12	1.122	0.002497
12	1.035	-0.001176
12	0.9387	-0.0001647
12	1.33	-0.0002879
12	1.168	-4.562e-05
12	0.9463	-0.00165
12	1.057	-0.002249
12	1.16	0.0008428
12	1.108	-0.0006626
12	1.07	-0.0007558
12	1.165	0.0001108
12	1.003	0.001209
12	1.108	-0.0005946
12	1.229	-0.0007881
12	1.071	-0.001526
12	1.025	-0.00118
12	1.056	-0.001543
12	1.072	-0.0002989
12	1.042	0.0007489
12	1.014	-0.0001232
12	1.267	-0.0007264
12	1.09	0.001007
12	1.164	0.0004199
12	1.189	-0.001029
12	1.125	-0.001176
12	1.172	-0.0002917
12	1.183	-0.001134
12	1.264	0.0004309
12	1.183	-0.0009448
12	1.149	-1.129e-05
12	1.064	-0.002145
12	1.289	0.001618
12	1.066	0.000726
12	1.077	0.0005874
12	1.19	0.001022
12	1.169	0.001266
12	1.051	-0.0001347
12	1.041	-0.0003074
12	1.251	7.189e-05
12	1.155	-2.071e-05
12	1.231	0.0007943
12	0.9869	-0.0006473
12	1.318	0.0004815
12	1.079	-0.0008294
12	1.145	0.0008254
12	0.9617	-0.001467
12	1.282	0.000339
12	1.169	0.0002869
12	0.9696	-0.0006404
12	1.247	-0.0003571
12	1.137	-0.0002891
12	1.106	-0.0002466
12	1.202	0.0004431
12	0.8458	-0.0001175
12	1.132	0.002189
12	1.009	0.0001727
12	1.066	-0.0004305
12	0.8783	-0.00126
12	1.091	-0.0001351
12	0.9755	-0.000102
12	0.9883	-0.0003581
12	1.109	-0.0005299
12	0.9393	0.0002539
12	1.152	-0.001641
12	1.024	-0.002493
12	1.25	-0.0004983
12	1.229	-0.0005932
12	1.177	-0.0001344
12	1.104	0.0003891
12	1.116	-0.0005812
12	1.296	0.0005465
12	1.101	0.0003461
12	1.21	-0.001422
12	0.9885	0.001081
12	1.159	0.0001314
12	0.9339	-0.0008186
12	0.9983	0.0001636
12	0.9904	-0.0003108
12	1.01	0.0002465
12	0.9089	0.001016
12	1.118	0.000611
12	1.142	0.0007182
12	1.199	-9.009e-07
12	1.138	-3.533e-05
12	1.048	0.0007102
12	1.035	-8.259e-05
12	1.088	-0.0004958
12	1.061	-0.001216
12	1.088	-7.236e-05
12	1.053	0.0001131
12	1.053	-0.001748
12	1.138	0.0009999
12	1.162	0.0007218
12	1.076	0.000293
12	1.369	0.000466
12	1.076	0.001145
12	1.165	-0.00062
12	1.127	0.0008873
12	1.026	0.0002683
12	1.172	0.0009478
12	1.276	-0.0007496
12	1.107	-0.000507
12	1.196	-0.0005615
12	1.039	-0.000845
12	1.171	-0.0004938
12	1.104	-0.001057
12	1.323	6.069e-05
12	1.025	0.0009204
12	1.135	0.001612
12	1.185	2.209e-05
12	1.206	-0.001116
12	1.231	0.0008871
12	1.165	0.001123
12	1.054	0.0008865
12	0.8286	-0.0007375
12	1.057	-0.0001367
12	1.181	-0.001584
12	0.9711	-0.0002408
12	1.083	0.001733
12	1.303	-4.644e-05
12	1.096	0.0002723
12	1.223	-0.001733
12	1.297	-0.002824
12	0.9995	0.0004873
12	1.108	-0.0006219
12	1.018	-0.0008849
12	1.062	-0.0004593
12	1.097	0.0002992
12	1.03	-0.001732
12	1.059	-0.002494
12	1.225	-0.0005645
12	0.9465	0.0009565
12	1.184	0.0005451
12	1.085	-0.001086
12	1.082	-0.0009041
12	1.118	-0.0002626
12	1.073	0.001361
12	1.199	0.001709
12	1.046	0.001348
12	1.158	-0.0007308
12	1.157	-0.0007092
12	1.091	0.001049
12	1.205	-0.0005326
12	1.07	0.0006009
12	0.9661	-0.001015
12	1.191	0.0002203
12	1.331	-0.001148
12	1.082	0.0008679
12	1.126	-0.0006574
12	0.9123	0.0009206
12	0.9934	0.0006357
12	1.077	0.0001877
12	1.024	-2.479e-05
12	1.068	0.0006609
12	1.016	-0.0008687
12	1.18	-3.884e-05
12	1.286	-0.0003158
12	1.209	-0.0003431
12	1.129	-0.00155
12	1.24	-0.0002853
12	1.244	-0.00151
12	1.272	-0.002148
12	1.089	-0.001519
12	1.024	0.000122
12	1.01	0.002296
12	1.3	-0.000233
12	1.043	0.0008665
12	1.204	0.0008996
12	1.313	-0.0005454
12	1.201	-0.001378
12	1.208	0.0008968
12	1.115	7.781e-05
12	1.111	-0.0008976
12	1.136	-0.0004268
12	1.095	0.00175
12	1.292	0.001554
12	1.045	5.468e-05
12	1.072	-0.0004159
12	1.044	-0.001177
12	1.112	0.0002688
12	1.061	-0.001939
12	1.198	0.002025
12	1.128	0.001494
12	1.121	0.0007637
12	1.062	-0.0002532
12	0.9899	0.0001286
12	1.06	-0.001897
12	0.9939	0.0004727
12	1.312	-0.0004499
12	1.236	0.0001476
12	1.182	-0.0001739
12	0.987	2.99e-05
12	1.173	0.0005576
12	1.196	-0.000606
12	1.093	0.002271
12	0.9574	-0.001813
12	0.9762	-0.0005366
12	1.074	0.0008917
12	1.189	0.0002221
12	1.111	-0.0001304
12	1.117	0.001836
12	1.089	-0.001932
12	1.03	-0.0009311
12	1.032	-0.0006781
12	1.058	-0.000902
12	1.149	0.0001647
12	1.309	0.0008229
12	1.058	0.0012
12	1.056	1.419e-05
12	1.074	-0.0009258
12	1.048	0.001986
12	1.245	0.0004345
12	1.104	-0.0009969
12	1.123	-0.0006941
12	1.167	0.0004575
12	1.227	0.0009089
12	1.196	7.787e-05
12	1.36	0.0003333
12	1.16	0.0007514
12	1.002	0.0003754
12	1.19	-0.000786
12	1.226	6.299e-05
12	1.19	0.0004205
12	1.119	0.0001388
12	1.08	0.0005822
12	1.02	-4.218e-05
12	0.9696	0.001477
12	1	-0.0002702
12	1.04	0.0006442
12	1.181	-0.0002451
12	1.072	-0.0007983
12	1.066	-0.0009822
12	1.282	0.001523
12	1.139	-0.0003152
12	1.038	5.891e-05
12	1.131	-0.0001428
12	1.027	-0.0004166
12	0.9337	-0.001824
12	1.201	-0.001681
12	0.8923	-0.0004889
12	1.072	5.271e-05
12	0.9694	0.00128
12	1.355	-0.0001376
12	1.158	-0.0015
12	1.08	-0.001398
12	1.019	3.892e-05
12	1.078	0.0006808
12	1.119	0.0003442
12	1.157	0.0006118
12	1.304	-0.0007074
12	1.276	0.000585
12	1.05	0.001008
12	1.151	0.0005285
12	0.9883	3.788e-05
12	1.01	-0.001811
12	0.9864	-0.0004782
12	1.25	0.0009925
12	1.245	0.0005468
12	1.045	-0.0005051
12	1.088	0.0001544
12	0.9422	-0.0007266
12	1.149	0.001085
12	1.103	-0.0004209
12	1.394	-0.001586
12	1.12	0.0009673
12	1.155	-0.0003452
12	1.252	0.0007079
12	1.145	0.001537
12	1.093	0.000514
12	1.149	-0.000456
12	1.207	-0.001166
12	1.03	-0.001291
12	1.269	0.0007625
12	1.229	0.0005783
12	1.139	-0.0004966
12	1.062	-0.0008249
12	1.077	-0.001356
12	1.164	-0.0007663
12	0.9701	0.0004424
12	1.259	0.002115
12	1.102	0.002078
12	1.188	0.00021
12	1.116	-0.0004739
12	1.067	-0.001267
12	1.279	0.001976
12	1.087	5.059e-05
12	1.185	-0.001802
12	1.047	0.002331
12	1.213	-0.001074
12	1.103	0.0001888
12	1.333	0.002164
12	1.287	-3.137e-05
12	0.9704	0.00106
12	1.313	-0.0002329
12	1.016	-0.001432
12	1.188	0.0004613
12	1.24	0.000995
12	1.165	-0.0004056
12	1.064	-0.000534
12	1.232	0.001078
12	1.038	0.0002486
12	0.921	0.001352
12	0.9758	-0.0004746
12	1.039	-0.001615
12	1.134	0.0007795
12	1.155	-0.0008572
12	1.007	0.001018
12	1.132	0.0002458
12	1.28	0.00106
12	1.04	-0.0003528
12	1.223	0.0001488
12	1.17	-3.236e-05
12	0.9505	-6.776e-05
12	1.199	-0.0009137
12	1.079	0.0007667
12	1.134	-0.0007954
12	1.421	-0.0008631
12	1.344	0.001966
12	1.084	0.00106
12	1.134	0.0007104
12	1.247	0.001241
12	1.111	0.0008639
12	1.04	-0.0004212
12	1.13	4.149e-05
12	0.9162	-0.0009006
12	1.243	0.0004481
12	1.295	0.001155
12	1.229	0.001088
12	1.07	-0.000158
12	0.9851	0.000751
12	0.9459	-0.0004817
12	1.178	0.002867
12	1.134	0.0001746
12	1.009	0.001587
12	1.421	0.000141
12	1.058	-0.0004987
12	1.038	0.002218
12	1.259	0.0002607
12	1.175	0.001239
12	1.307	0.001763
12	1.052	0.001297
12	1.217	-0.001401
12	1.249	9.044e-05
12	1.093	-0.0009956
12	1.16	-0.0009762
12	1.096	0.002018
12	1.167	-0.0006254
12	1.107	-0.0007946
12	0.8831	0.0004418
12	1.14	0.0004613
12	0.9851	0.0002626
12	1.005	-7.21e-05
12	1.222	3.414e-05
12	1.156	0.0004531
12	1.35	0.000224
12	1.118	0.001238
12	1.148	-0.001615
12	1.014	0.001022
12	1.292	-0.0004588
12	1.1	-0.001071
12	1.378	0.00142
12	1.011	-0.0008126
12	0.9483	4.996e-05
12	1.318	-0.001893
12	0.9539	-0.001523
12	1.183	-6.211e-06
12	1.187	-0.001537
12	1.24	-0.001596
12	0.9764	0.0008302
12	1.235	0.0003023
12	1.187	0.0007878
12	1.219	-0.001298
12	1.113	-0.0002852
12	1.367	-0.0008898
12	1.129	0.00036
12	1.112	-0.001555
12	1.292	-0.001185
12	1.014	-5.082e-05
12	1.543	-0.0005829
12	1.226	-0.0004282
12	1.092	-3.268e-05
12	0.9162	0.0007909
12	1.232	0.001087
12	1.161	-0.0009628
12	1.146	0.000335
12	1.082	0.001177
12	1.101	0.0006586
12	1.056	-0.0002226
12	1.414	0.0003018
12	1.017	-0.000566
12	1.138	0.001364
12	1.284	0.0002278
12	1.1	-0.0009626
12	1.172	0.0001733
12	1.343	0.0004391
12	1.101	-0.0006091
12	1.041	-0.0003983
12	1.115	-0.001962
12	0.9271	-0.0006174
12	1.273	-0.0003077
12	1.062	7.482e-05
12	1.25	0.0001086
12	1.249	-3.721e-05
12	1.038	-0.0009381
12	1.092	0.001501
12	1.159	-0.001312
12	1.163	4.222e-06
12	1.257	0.001372
12	1.11	0.0002957
12	1.285	0.0004834
12	0.9889	-0.0002455
12	1.091	-0.001663
12	1.25	-0.0001177
12	1.047	-6.871e-05
12	0.9749	0.0002406
12	0.913	0.001077
12	0.9919	-0.0001554
12	1.171	0.0001883
12	1.097	-0.001397
12	1.056	1.417e-05
12	0.997	0.0001721
12	1.004	0.0001773
12	0.9183	0.001066
12	1.248	0.0006315
12	1.134	9.131e-05
12	1.208	1.65e-05
12	1.18	-0.00196
12	1.191	-0.00122
12	1.249	-0.001055
12	1.331	0.001533
12	1.256	-0.0008833
12	1.207	0.0009872
12	1.049	-0.0001903
12	0.9093	-0.0001282
12	1.135	0.000677
12	1.109	-0.000445
12	1.022	0.0008693
12	1.047	-0.0009327
12	1.12	-0.000289
12	1.14	-0.0004732
12	1.234	-0.0002552
12	0.9426	0.001067
12	1.249	-0.001064
12	1.129	0.001083
12	0.9687	0.0007129
12	1.327	-0.00036
12	1.14	-0.001238
12	1.302	0.0007479
12	0.9518	-0.001537
12	1.003	0.001639
12	1.096	-0.0004929
12	1.141	-0.0007
12	1.054	-0.0004743
12	1.055	0.0004271
12	0.9961	-0.0001456
12	1.16	0.0005834
12	1.243	0.0007271
12	1.119	-0.000772
12	1.282	-0.000149
12	0.9958	-0.00121
12	1.252	0.001197
12	1.077	-0.0006736
12	1.178	0.0009829
12	1.022	-0.00016
12	1.167	-0.0002367
12	1.144	-0.001516
12	1.126	0.002601
12	1.148	2.002e-05
12	1.17	0.001404
12	0.9341	-0.0006543
12	1.008	-3.224e-05
12	1.204	-0.001528
12	1.06	-0.002204
12	1.003	-0.0009109
12	1.063	-0.001393
12	1.081	0.0005588
12	1.054	-0.000935
12	0.99	0.0009032
12	1.206	-0.001312
12	1.207	-0.0005481
12	1.112	-0.001494
12	1.215	7.206e-05
12	1.264	-0.0006206
12	1.027	0.0007013
12	1.109	0.0007295
12	1.025	0.0001703
12	1.202	-0.001135
12	1.299	-0.0004115
12	1.099	-0.001395
12	1.07	0.0002921
12	1.17	-0.0007815
12	1.046	-0.001613
12	1.121	-0.0008749
12	1.4	0.001488
12	1.009	-0.001766
12	1.102	-0.0006533
12	1.064	0.001187
12	0.9392	-0.001215
12	1.189	0.001214
12	1.03	-0.00107
12	0.9822	0.0007555
12	1.086	0.0002441
12	1.075	-0.0007362
12	1.16	0.0002579
12	1.248	0.0004928
12	1.124	0.0008898
12	0.9011	-1.364e-05
12	1.205	-0.000417
12	1.25	-0.0005774
12	1.192	-7.794e-05
12	0.9996	-0.0017
12	1.007	0.0006019
12	0.9915	0.0002373
12	1.079	0.00128
12	1.157	-0.000534
12	1.088	0.0008328
12	1.207	0.002175
12	1.182	0.00076
12	1.14	-0.0008099
12	1.157	-0.0002662
12	1.156	-0.001918
12	1.124	0.0001785
12	1.306	-0.001679
12	1.195	-0.002436
12	1.175	-0.001887
12	1.12	0.0016
12	1.068	-0.001092
12	1.122	0.0009993
12	1.216	0.001135
12	1.007	-0.0005736
12	1.149	0.0001865
12	1.019	-0.0001257
12	1.219	1.369e-05
12	1.275	-0.001085
12	1.383	-0.0006176
12	0.991	-0.0005874
12	1.17	0.002202
12	1.219	-0.001152
12	1.228	-0.0007592
12	1.168	0.0003329
12	0.9964	-0.001444
12	1.07	-0.001417
12	0.9917	-0.0001731
12	1.156	-0.0004768
12	1.056	-0.001033
12	1.179	-0.001499
12	0.996	-5.197e-05
12	1.243	-7.649e-05
12	1.109	-0.0007285
12	1.003	0.0005659
12	1.139	6.005e-05
12	0.9826	0.0001986
12	1.153	-0.0006747
12	1.036	-0.0003832
12	1.099	0.001112
12	1.203	0.001184
12	1.223	0.0004183
12	1.307	0.0005142
12	1.422	0.001206
12	1.05	0.0006665
12	1.033	0.002638
12	1.122	0.001791
12	1.182	-0.0009131
12	1.206	-0.001528
12	1.083	0.001818
12	0.8869	-0.0007279
12	1.308	-0.000138
12	1.126	0.0004675
12	0.9379	0.0007291
12	1.056	-0.0006701
12	1.103	2.757e-05
12	1.305	-0.0004862
12	1.379	-0.0007996
12	1.232	0.001066
12	1.143	-0.0006315
12	1.26	-0.0003633
12	1.188	-0.000621
12	1.016	3.488e-05
12	0.9368	-0.0005988
12	1.053	0.00014
12	1.201	-0.0003598
12	1.247	0.0005135
12	1.272	5.126e-05
12	1.073	0.003412
12	1.186	8.916e-05
12	1.137	-0.0002048
12	1.372	-0.0002841
12	1.193	-0.001565
12	1.134	-0.001864
12	1.088	-8.096e-05
12	1.171	-3.014e-05
12	1.065	0.0002122
12	1.185	0.001598
12	1.281	0.001139
12	1.147	-0.0006876
12	1.153	-0.001787
12	1.032	0.0007934
12	1.124	-5.676e-05
12	1.151	-0.001336
12	1.044	0.0006797
12	1.104	-0.001406
12	1.06	-0.0001742
12	1.164	-0.0009912
12	1.027	0.0006867
12	0.894	0.001892
12	0.9959	0.001324
12	1.194	-0.0006296
12	1.181	-0.0004678
12	1.202	-0.0007868
12	1.019	-0.001228
12	1.006	-0.00139
12	1.106	-9.533e-05
12	1.191	0.001032
12	0.9275	0.0003417
12	1.04	0.001101
12	1.059	-0.00038
12	1.114	0.0001544
12	1.132	0.001526
12	1.062	0.001062
12	1.303	0.0007343
12	1.149	0.0009966
12	1.19	6.78e-05
12	1.262	-5.679e-05
12	1.237	-0.0004719
12	1.11	-0.0009068
12	1.035	-0.002469
12	0.964	-0.0003957
12	1.253	-0.0002644
12	1.379	-0.001014
12	1.043	0.0001108
12	1.223	-4.271e-05
12	1.165	0.0002861
12	1.085	-0.0001284
12	1.092	0.0004551
12	1.316	0.0006641
12	0.971	0.001685
12	1.197	-0.0006582
12	1.095	-0.001652
12	1.2	0.0006487
12	1.278	0.002058
12	1.213	0.0004717
12	0.9734	-0.0003125
12	1.071	-0.00119
12	1.103	-6.809e-05
12	1.08	0.000864
12	1.195	0.0006778
12	1.136	0.00011
12	1.108	-0.0008019
12	1.135	0.0005013
12	1.071	-0.0002788
12	1.02	-0.0006362
12	1.174	-0.0001225
12	1.063	0.001519
12	1.114	-0.0001015
12	1.025	0.001379
12	1.331	-5.243e-05
12	0.9457	-0.0008548
12	1.209	0.0006032
12	1.232	7.854e-05
12	1.09	0.0008537
12	1.065	-0.0003871
12	1.148	0.0002807
12	1.255	-0.001013
12	1.055	-0.000137
12	1.329	7.849e-05
12	1.023	0.002358
12	1.112	0.001731
12	1.09	0.000833
12	1.303	-0.001379
12	1.216	0.0002482
12	1.253	-0.0005197
12	1.18	-0.0006846
12	1.092	0.0005933
12	1.012	0.00119
12	1.109	-0.0001624
12	1.212	-0.0005793
12	1.094	0.0002608
12	1.216	-0.0001314
12	1.042	-0.0002666
12	1.253	-0.0003149
12	1.14	0.0002994
12	1.266	-1.979e-05
12	1.174	-0.0004163
12	1.269	-0.001393
12	1.263	0.001909
12	1.322	0.002528
12	1.396	-0.000295
12	1.23	-0.001336
12	1.121	0.001241
12	0.9784	0.000176
12	1.25	0.0003702
12	1.224	-7.151e-06
12	0.9901	-0.000128
12	1.154	-0.001078
12	1.185	-1.188e-05
12	0.9419	0.0001451
12	1.159	0.0004479
12	1.15	0.0004335
12	1.248	0.001053
12	1.274	-0.001027
12	1.117	0.0002898
12	1.127	0.0001624
12	1.2	-0.001738
12	1.219	0.0003304
12	1.046	-0.0006334
12	1.229	-0.0003105
12	1.27	-0.0004074
12	1.138	0.000419
12	1.206	4.408e-05
12	1.082	0.0004347
12	1.192	-0.0004599
12	1.261	0.0004306
12	1.043	8.991e-05
12	0.9701	0.0003405
12	1.075	0.0001283
12	1.071	0.001017
12	1.033	-0.0007064
12	1.186	-0.000243
12	1.105	-0.0005169
12	1.022	-0.001055
12	1.137	0.001278
12	1.102	-0.001246
12	0.995	0.0005088
12	1.096	0.0007833
12	1.101	0.0002357
12	1.117	-0.0003436
12	1.185	0.0006648
12	1.215	0.0005834
12	1.081	0.0003167
12	1.313	0.001531
12	1.342	-0.001153
12	1.205	-0.0002703
12	1.026	0.002141
12	1.041	-0.0008983
12	1.169	-0.001292
12	1.374	0.001158
12	1.122	-0.0004603
12	1.252	-0.001169
12	1.183	0.001727
12	1.201	0.0006176
12	1.127	-0.0006541
12	1.008	-0.0003454
12	1.067	-0.001979
12	1.167	-0.0006221
12	1.233	-0.0001824
12	1.237	-0.0007066
12	1.104	-0.0003154
12	0.9227	0.001969
12	1.262	-0.0007426
12	1.087	-0.0006624
12	1.063	0.0007851
12	0.9807	0.0006705
12	1.094	-0.0006569
12	1.06	0.0002982
12	1.171	5.593e-05
12	0.9649	0.001143
12	1.22	0.0005842
12	1.108	0.0003712
12	0.978	-0.0002343
12	1.129	-0.001534
12	0.8436	0.0001676
12	1.023	0.001091
12	1.145	-0.0006804
12	1.141	-0.0006825
12	1.149	-0.002128
12	1.166	-0.0003414
12	1.155	0.00117
12	1.102	0.0005286
12	1.115	0.0004351
12	1.243	-0.001003
12	0.9341	0.0008851
12	1.13	-0.000102
12	1.123	0.001718
12	1.059	-0.0007111
12	1.183	0.0006998
12	1.02	0.001078
12	1.139	-0.001166
12	1.133	-0.0005569
12	1.049	-0.000923
12	1.157	-2.174e-05
12	0.987	0.0006338
12	1.054	-0.0006163
12	1.462	-0.0004055
12	1.059	-0.001303
12	1.113	-0.0008021
12	1.088	4.201e-05
12	1.289	0.0008476
12	0.9984	0.001449
12	1.195	-0.001044
12	1.079	0.0004918
12	0.9904	0.0004282
12	0.9801	2.957e-05
12	1.036	-0.0002375
12	1.164	0.0001849
12	0.9922	0.002304
12	1.208	-0.0008918
12	0.9938	0.000354
12	1.109	0.0004164
12	1.241	-0.000545
12	1.037	0.001591
12	1.07	8.712e-05
12	1.066	-0.0005824
12	1.154	-0.001057
12	1.075	-0.001058
12	1.22	0.0002906
12	1.243	-0.0001516
12	1.177	-0.0003545
12	1.093	-0.000313
12	1.135	-0.001116
12	1.002	-0.0005406
12	1.067	-0.0008281
12	1.208	0.001128
12	1.126	0.0009461
12	1.02	0.0003439
12	1.176	-0.0005813
12	1.271	-0.001137
12	1.104	-0.0002162
12	1.083	-0.002274
12	1.3	0.0008091
12	1.195	7.079e-06
12	1.315	0.0002752
12	1.27	0.0001887
12	1.107	-1.791e-05
12	1.338	-0.001604
12	1.192	0.000269
12	1.366	0.001541
12	1.049	0.0003359
12	1.09	0.001162
12	1.069	0.0006853
12	0.969	0.001004
12	1.041	0.000645
12	1.105	0.0003766
12	1.175	0.0008213
12	1.154	-6.058e-05
12	0.9957	-0.000581
12	1.411	-0.001848
12	1.07	0.0006649
12	0.9885	-7.656e-05
12	1.043	-0.0009655
12	1.104	0.001203
12	1.132	0.0004412
12	1.221	0.0005613
12	1.054	-7.377e-05
12	1.063	0.0005521
12	1.188	0.0004253
12	1.182	-0.000599
12	1.191	0.0003924
12	1.189	0.0003595
12	1.223	-3.157e-05
12	1.221	0.0004161
12	1.27	0.0002932
12	1.273	0.000613
12	1.163	-0.0004093
12	1.102	0.001476
12	1.068	0.0003439
12	1.288	-0.0002645
12	1.11	-0.0009861
12	1.031	0.001511
12	0.8981	0.0003318
12	1.233	0.001815
12	1.105	-5.143e-05
12	1.133	0.0002015
12	1.221	0.001479
12	1.106	-0.0003311
12	1.173	-0.0004069
12	1.249	-0.001106
12	1.103	0.0003313
12	1.493	3.535e-05
12	1.005	-0.001741
12	1.096	0.0009506
12	1.058	0.00111
12	0.9403	-0.001173
12	1.009	0.0001853
12	1.154	0.0001964
12	0.9848	4.519e-05
12	1.141	0.0008819
12	1.199	-0.0001056
12	1.179	-0.0007741
12	1.16	0.0004308
12	1.182	-0.0007943
12	1.168	-0.0007088
12	1.317	-0.0009883
12	1.316	-0.001499
12	1.245	0.0002
12	1.13	-0.0005481
12	1.134	-0.0001259
12	1.251	-0.0002595
12	1.04	0.002244
12	1.171	-0.0007171
12	1.031	-0.0002396
12	1.303	-0.001291
12	1.27	0.0008136
12	1.301	-0.001203
12	1.164	0.001138
12	1.078	-0.0006093
12	1.025	-0.0003249
12	1.16	0.0008192
12	1.147	-0.0004065
12	1.245	0.000209
12	1.111	0.0005175
12	1.027	-0.0003716
12	1.028	-0.002004
12	1.205	0.0004548
12	1.04	-0.001224
12	1.018	-0.0003606
12	1.233	-0.001378
12	1.066	0.001352
12	0.9702	0.0007872
12	0.9803	0.0007096
12	1.215	-0.0006662
12	1.007	-0.0009889
12	1.198	0.0002602
12	1.184	-0.0003109
12	1.078	0.0005521
12	0.9303	-0.0005692
12	0.9785	0.001583
12	1.006	0.0006634
12	1.038	-0.0006707
12	1.111	0.000456
12	1.007	1.386e-05
12	1.173	-0.000905
12	1.402	6.391e-05
12	1.233	-0.0009712
12	1.001	0.001766
12	0.858	0.0001958
12	1.113	-6.493e-05
12	1.049	-0.0001321
12	1	-0.0006258
12	1.078	-0.0003969
12	1.316	-0.001169
12	1.19	-0.001261
12	1.047	0.0002568
12	1.12	-0.0004138
12	0.9082	0.0002042
12	0.9331	0.0008762
12	1.229	-0.0008096
12	1.142	0.001662
12	1.084	-0.0004874
12	1.063	0.0003064
12	1.168	0.0005174
12	1.366	0.0007286
12	1.182	-0.0003238
12	1.049	0.0008706
12	1.224	0.001256
12	1.037	-0.001437
12	1.186	-0.0005492
12	1.098	3.039e-05
12	1.239	0.0009007
12	1.183	-0.001967
12	0.9141	-0.0009595
12	0.929	0.000628
12	1.161	-0.000165
12	1.06	0.001338
12	1.171	-4.969e-05
12	1.253	-0.0001386
12	1.201	0.0002842
12	1.152	-0.001534
12	1.054	0.0005999
12	1.009	-0.001038
12	1.088	-0.0002213
12	1.159	-0.0007429
12	1.083	-0.0003382
12	1.063	0.0005781
12	0.9534	0.0005451
12	1.399	0.0002574
12	1.232	0.00166
12	0.9399	0.0003084
12	1.159	0.002601
12	1.305	-0.001017
12	1.111	0.0001741
12	1.061	0.0002703
12	1.397	-0.0003681
12	1.302	0.0007907
12	1.119	0.0004134
12	0.9756	-0.0007552
12	1.279	0.001811
12	1.042	-0.0009175
12	1.066	-0.0006966
12	1.233	0.0002263
12	1.069	0.0001011
12	1.028	-0.0003492
12	0.9753	-0.0004453
12	1.246	0.001038
12	1.09	0.000998
12	1.012	1.198e-05
12	1.161	0.001343
12	1.116	-0.0007968
12	1.137	-0.0005447
12	1.042	-0.0003708
12	1.112	-0.0001595
12	1.099	0.0007124
12	0.9545	0.001693
12	1.045	0.0003715
12	1.036	-0.0006422
12	1.261	0.0004866
12	0.9562	-0.0006702
12	1.125	0.0007704
12	1.084	-0.000428
12	1.223	-0.0007086
12	1.019	3.051e-07
12	1.091	0.0006094
12	1.166	0.0003881
12	1.181	-0.0007729
12	1.298	9.183e-06
12	1.067	0.0004086
12	1.148	0.0008611
12	1.093	-7.365e-05
12	1.322	-0.0006003
12	1.365	0.0005116
12	1.219	0.0002814
12	1.059	9.522e-05
12	1.173	-0.001192
12	1.171	-0.0001999
12	0.9916	-0.0001429
12	1.099	-0.000724
12	1.03	0.0001806
12	1.039	0.002005
12	0.9928	0.0004379
12	1.126	0.0002395
12	1.138	-0.0003143
12	1.085	-0.0002441
12	1.085	0.0008206
12	1.376	0.0006418
12	1.16	0.000162
12	1.111	-7.918e-05
12	1.176	-0.0005579
12	0.9129	-0.0007865
12	1.139	-0.0008592
12	1.037	-0.001001
12	1.217	0.000479
12	1.083	-0.000885
12	1.018	-0.0008352
12	1.307	0.0009198
12	1.264	0.0003242
12	0.9798	-0.001219
12	1.234	0.0002773
12	1.516	0.001365
12	1.091	-0.000321
12	1.196	-0.0008309
12	1.225	-0.0003741
12	1.283	1.261e-05
12	1.053	0.0006941
12	1.148	-0.001151
12	1.014	-0.001037
12	1.266	-0.00123
12	1.231	0.0003307
12	1.123	-0.001023
12	0.9269	-0.0005557
12	1.038	0.0007577
12	1.256	-0.0003021
12	0.9951	-0.0002556
12	1.087	-0.0006332
12	1.244	3.949e-05
12	1.116	-0.000541
12	1.036	-0.0007205
12	1.104	-3.063e-05
12	0.9111	-0.000366
12	1.242	0.0008527
12	1.265	0.0003985
12	1.239	-2.104e-05
12	1.118	-9.329e-05
12	1.078	-0.0006343
12	1.029	0.0007358
12	1.284	0.0006289
12	1.015	-0.0001831
12	1.171	-0.0003654
12	1.16	-2.471e-05
12	0.9889	0.0001978
12	1.019	-0.0006061
12	1.428	0.000437
12	1.004	0.0002208
12	1.086	0.0006888
12	1.053	-8.669e-05
12	1.244	8.62e-05
12	1.326	-0.0003148
12	0.8992	0.001478
12	1.152	-0.0009825
12	1.123	-0.0006257
12	1.131	0.00195
12	1.125	-0.0006089
12	1.082	-0.00103
12	1.064	0.000543
12	1.282	-0.0001872
12	1.205	0.0009779
12	1.184	0.0007445
12	1.539	-7.707e-05
12	1.072	-0.0004957
12	1.156	-0.0004581
12	1.189	0.0005345
12	1.175	-0.0008252
12	1.18	-0.0006643
12	1.155	-0.0002776
12	1.082	-0.001135
12	0.9399	0.001072
12	1.177	-0.0007522
12	1.245	0.0008543
12	1.042	-0.0005504
12	1.117	-0.0006657
12	1.027	0.000728
12	1.224	0.001338
12	1.197	0.0009186
12	1.254	-0.0006277
12	1.207	0.00102
12	1.535	0.001365
12	1.114	0.0007613
12	1.238	-0.0003461
12	1.186	0.0003436
12	0.8851	-0.0002207
12	1.316	-0.0007352
12	1.095	0.0001713
12	1.125	0.00058
12	1.317	0.00289
12	1.191	-0.0001053
12	1.181	0.001471
12	1.316	-0.0009571
12	1.007	-0.001075
12	1.169	0.001237
12	1.041	-6.5e-05
12	1.071	0.0004549
12	1.154	0.001549
12	0.9592	-0.001151
12	1.084	3.432e-05
12	1.12	-0.0003878
12	1.196	0.0004758
12	1.299	-7.25e-05
12	1.155	0.00213
12	1.353	-0.0001263
12	1.128	-0.0001162
12	1.129	0.0009737
12	1.095	-6.499e-05
12	1.223	-0.000531
12	1.086	-0.000324
12	0.9893	-0.0005382
12	1.027	-0.001151
12	1.158	0.0003606
12	1.083	0.0009593
12	1.182	-0.0003263
12	1.109	-0.001358
12	1.08	0.001912
12	1.142	-0.0009657
12	0.9954	-0.0009938
12	1.025	0.001667
12	1.254	-0.0006188
12	1.145	0.001237
12	1.024	0.001256
12	1.13	0.0003188
12	1.067	-0.001259
12	1.141	-0.0005386
12	1.41	0.0006526
12	1.075	-0.001319
12	0.9851	0.0001632
12	0.9784	0.0001211
12	1.27	0.0005027
12	1.237	0.0002966
12	1.082	-0.001962
12	1.081	0.001354
12	1.096	0.0005195
12	1.337	-0.0005851
12	1.156	0.001217
12	0.9953	-0.0006385
12	0.9453	-0.0002845
12	1.079	0.001293
12	1.211	0.0004739
12	1.093	-0.0008656
12	1.354	-6.672e-05
12	1.034	0.0004994
12	1.285	-0.0002784
12	1.048	-0.0003981
12	1.086	0.0004289
12	1.174	0.001177
12	1.294	-7.075e-05
12	1.271	-0.001141
12	1.116	8.11e-05
12	1.29	-0.001862
12	1.072	0.0002829
12	1.075	-0.0004498
12	1.238	0.0007671
12	1.078	0.0008878
12	1.162	0.0005965
12	1.299	0.003785
12	1.168	-0.0001474
12	1.149	0.0005597
12	1.131	-0.002045
12	1.174	-0.0001192
12	1.175	0.0003596
12	1.036	-0.0004307
12	1.125	0.001026
12	1.095	0.0004745
12	1.16	0.0002328
12	0.9874	-0.0006536
12	1.072	-0.0003875
12	1.253	-0.00194
12	1.017	-0.001512
12	1.085	-0.0003219
12	1.112	0.00088
12	1.064	-0.000933
12	0.935	-0.0006949
12	1.104	-0.001452
12	1.135	0.001165
12	1.036	-0.00114
12	1.169	-6.312e-06
12	1.247	0.0009875
12	1.214	2.635e-05
12	1.215	-0.0001954
12	1.118	0.001511
12	1.046	-0.0003037
12	1.154	0.0006013
12	1.123	0.0009333
12	1.076	0.0006752
12	1.154	-0.001903
12	1.176	-0.0005598
12	1.248	0.0003585
12	1.106	-0.000106
12	0.9842	0.0006192
12	0.9953	-0.001115
12	0.9319	-0.0006197
12	1.08	-0.001077
12	1.092	0.0008821
12	1.01	-0.00111
12	1.115	0.0003076
12	1.053	9.499e-05
12	0.9419	0.0004334
12	1.191	-0.0002031
12	1.142	0.0008667
12	1.502	0.0006638
12	1.217	0.001446
12	1.146	-0.0008762
12	1.167	0.0002385
12	1.173	0.000281
12	1.277	0.0006622
12	1.04	0.0005359
12	1.404	0.0005871
12	1.001	-0.0001049
12	1.091	-7.104e-05
12	1.296	-0.001316
12	1.098	-0.0005048
12	1.192	0.001097
12	1.076	0.00032
12	1.093	0.0002434
12	1.067	0.0002672
12	1.09	0.0005975
12	0.9972	-0.0008231
12	1.262	0.001162
12	1.108	0.0004414
12	1.166	0.00107
12	1.127	0.0009557
12	0.943	0.001066
12	1.297	0.0004192
12	1.049	-1.366e-05
12	1.203	0.0005406
12	0.9378	-0.0002101
12	1.039	0.0007258
12	1.326	-0.0006159
12	0.9996	0.0003325
12	1.017	0.0008453
12	1.157	0.0003875
12	1.474	0.001449
12	1.253	-0.002921
12	1.092	-0.0004802
12	0.9562	0.0004091
12	1.041	8.952e-05
12	1.019	0.0004996
12	1.192	2.95e-05
12	1.181	0.0007642
12	1.235	0.001437
12	1.054	-2.895e-05
12	0.9383	-0.00027
12	1.284	-0.001262
12	1.254	0.001671
12	1.215	0.001229
12	1.131	-3.958e-05
12	1.16	-0.0007187
12	1.46	-0.0007118
12	1.199	0.001293
12	1.14	-0.0004641
12	1.109	-0.0009602
12	1.079	-0.0003281
12	1.306	-0.000769
12	1.195	0.0006639
12	1.034	-0.001777
12	1.214	0.001668
12	1.162	0.0003664
12	1.28	-0.0008464
12	0.9775	-0.001497
12	1.059	4.202e-05
12	0.9692	-4.318e-06
12	1.132	0.0007971
12	1.124	0.001629
12	1.144	0.0004406
12	1.207	-0.0007113
12	1.044	0.001096
12	1.006	0.001145
12	1.207	-0.0001742
12	0.8639	0.001012
12	1.058	-0.001084
12	1.098	0.0005061
12	1.25	0.000162
12	1.175	0.0002095
12	0.9796	0.001077
12	0.9219	-0.0001244
12	1.149	0.001109
12	1.241	-0.0007095
12	1.32	-0.0001581
12	1.112	0.0004352
12	1.327	0.0009058
12	1.153	-0.0001275
12	1.102	-0.001836
12	1.161	-0.001112
12	0.9078	-0.001835
12	1.066	0.0007357
12	1.052	-0.0006103
12	0.9344	-0.001125
12	0.9998	-0.0006634
12	1.034	-0.001143
12	1.159	-0.0004869
12	1.102	-0.0009555
12	1.166	0.0009004
12	1.102	0.0003537
12	1.173	0.0001978
12	1.031	-0.001281
12	1.061	-0.001298
12	1.218	-0.0006386
12	1.295	0.001108
12	1.211	0.0004717
12	0.9702	4.261e-05
12	1.16	-0.0003065
12	0.9932	0.001936
12	0.9747	0.0008275
12	0.9725	0.00262
12	1.005	0.0004033
12	1.08	-0.001234
12	1.318	-0.001983
12	1.084	-1.598e-05
12	0.9695	0.002627
12	1.003	0.000755
12	1.063	0.001133
12	1.378	-0.0007213
12	1.109	0.0001081
12	1.156	-0.0008793
12	1.303	0.0006504
12	1.332	-0.0004
12	1.098	-0.000349
12	1.128	-0.0009352
12	1.071	-0.0006766
12	1.189	0.0008121
12	1.224	-0.0001066
12	1.011	-0.001026
12	1.181	-6.903e-05
12	1.13	0.0001398
12	1.107	-0.0003643
12	1.232	-0.0001487
12	1.04	0.0004514
12	1.057	-0.0006153
12	1.088	0.001107
12	1.06	0.0001879
12	0.9865	0.0007545
12	1.043	-0.0001394
12	0.9419	-0.0008122
12	1.181	-0.0009919
12	1.308	-0.0006641
12	1.121	-0.001476
12	1.107	-6.292e-05
12	1.059	-0.0009106
12	1.072	0.0005572
12	1.218	0.0001989
12	1.068	-0.001078
12	1.096	-0.001291
12	1.316	-0.0005287
12	1.047	0.001633
12	1.265	-0.001012
12	1.134	0.0004414
12	1.183	-0.0002422
12	1.238	-0.0003061
12	1.049	0.0008106
12	1.119	-0.0003494
12	1.048	0.001915
12	1.169	8.741e-05
12	1.004	0.001961
12	1.178	0.0007658
12	1.16	3.491e-05
12	1.057	0.0005484
12	1.088	-0.0005312
12	0.94	0.0005988
12	1.089	4.59e-06
12	0.8046	0.0001795
12	1.217	0.0001668
12	0.9224	0.000708
12	0.9675	0.002396
12	1.109	-0.0004526
12	1.109	0.0002725
12	1.035	-0.0005613
12	1.455	0.001423
12	1.022	-0.000681
12	0.9452	2.395e-06
12	1.134	-0.0009981
12	1.016	-0.000522
12	1.114	0.0003821
12	1.27	-3.027e-06
12	1.138	-0.00117
12	1.178	-0.0002449
12	1.17	-0.0001728
12	1.12	-0.001441
12	1.006	2.684e-05
12	1.285	0.003047
12	1.283	-0.001066
12	1.128	-0.0004488
12	1.056	-0.0007576
12	1.279	0.0003632
12	1.249	0.0008627
12	1.044	0.0003615
12	1.264	0.00149
12	1.086	-0.001211
12	0.9916	-0.001023
12	1.23	0.0006823
12	1.181	-0.0002676
12	1.124	0.0001743
12	1.005	0.0001833
12	0.9858	-0.0008763
12	1.204	-0.0009458
12	1.108	-2.586e-05
12	1.202	0.001497
12	1.213	-0.0003967
12	1.071	-0.0005613
12	1.092	-0.0006427
12	1.219	0.0003311
12	1.177	0.001318
12	1.113	-5.103e-05
12	1.121	0.0005181
12	1.167	0.0001118
12	1.246	0.0007331
12	1.328	-0.0002869
12	1.196	0.0004192
12	1.14	0.0005979
12	1.129	-0.001082
12	1.236	-0.001396
12	1.221	-0.0009655
12	1.212	0.001165
12	0.9705	-0.0005544
12	1.004	5.714e-05
12	1.144	-0.0001798
12	1.284	0.001007
12	1.024	-0.0008753
12	1.148	-0.002581
12	1.157	-0.001258
12	1.11	0.001871
12	1.067	0.0005434
12	1.095	0.0009447
12	1.286	0.0002732
12	0.9205	-0.00157
12	1.044	0.001356
12	1.155	0.0006526
12	1.168	0.0008206
12	1.064	-0.0007487
12	1.183	0.000519
12	1.103	-0.0003663
12	1.193	0.0008336
12	1.383	-0.000226
12	1.02	0.0002895
12	1.061	-0.00044
12	1.207	8.018e-05
12	1.008	0.001212
12	1.406	-0.000199
12	1.228	-0.0006255
12	1.067	0.001029
12	1.014	0.0003332
12	1.156	0.0005505
12	1.074	-0.0004532
12	1.411	0.0006192
12	1.265	0.0002599
12	0.9533	0.0002168
12	1.341	-0.001149
12	1.147	-0.001415
12	1.199	-0.0001023
12	1.202	-0.001606
12	1.177	0.001695
12	1.002	0.0005582
12	1.002	0.00066
12	1.015	0.001236
12	1.109	5.714e-05
12	1.145	0.0002014
12	1.284	0.0004325
12	1.065	0.0001215
12	1.127	0.001346
12	1.321	0.002223
12	1.039	0.000597
12	1.05	0.001122
12	1.233	0.001813
12	1.095	0.000321
12	1.015	-0.0008701
12	1.193	0.0003386
12	1.197	-0.0004073
12	1.161	0.0006649
12	1.157	0.001412
12	1.267	0.0008884
12	1.23	0.0006601
12	1.246	-0.000297
12	1.263	0.0001806
12	1.169	0.0006083
12	1.055	0.0005387
12	1.1	0.000267
12	1.06	0.001755
12	1.091	-0.0001556
12	1.275	0.0003933
12	1.087	0.0006712
12	1.233	-0.0007485
12	1.258	0.0008812
12	1.089	0.0009146
12	1.245	-0.0006874
12	1.193	-0.0002632
12	0.9767	-0.0008618
12	1.119	-0.0005864
12	1.086	0.000753
12	1.045	-0.001766
12	1.07	0.000218
12	1.034	-0.0001313
12	1.061	-0.0001346
12	1.101	0.0007303
12	1.215	-0.0001352
12	1.314	-0.001933
12	1.096	0.000416
12	1.285	-6.347e-05
12	0.9751	-3.613e-05
12	1.194	0.001119
12	1.139	0.0003864
12	1.111	-0.001636
12	1.028	-0.0002937
12	1.066	-0.0004196
12	1.15	0.0008972
12	1.128	-0.0004797
12	1.161	-0.001034
12	1.144	0.0004459
12	1.136	-0.0008596
12	1.371	-0.0002692
12	1.06	0.0009579
12	0.9202	-0.0002592
12	1.172	0.0003821
12	1.115	-0.0003739
12	1.079	-0.0001636
12	1.193	-0.001262
12	1.13	0.0006321
12	1.059	-0.0001346
12	1.068	-0.001544
12	1.049	-0.0008939
12	1.055	-0.0001842
12	1.128	-0.002038
12	0.9703	0.001632
12	1.263	-0.001213
12	1.091	0.001663
12	1.29	-0.001581
12	1.067	0.001285
12	1.186	-0.001177
12	1.053	-0.0004287
12	0.991	-0.001078
12	0.9861	-0.0001444
12	1.139	0.001306
12	1.05	0.0001067
12	1.129	-0.0003786
12	1.117	0.001627
12	1.123	1.133e-05
12	1.056	0.0003101
12	1.12	0.000251
12	1.098	-0.0009146
12	1.074	-0.0002948
12	1.155	0.0009463
12	0.8504	-0.0009545
12	1.112	-7.604e-05
12	1.065	0.001994
12	1.12	0.003066
12	1.314	-0.0001672
12	1.267	-0.0004019
12	1.117	-3.797e-05
12	1.003	0.001358
12	1.217	0.0004944
12	1.096	-0.0005794
12	1.076	-0.0003276
12	1.195	3.419e-05
12	0.9964	-0.0007925
12	1.197	-0.001539
12	0.8967	0.001152
12	1.212	-0.0007995
12	0.9584	-0.0002061
12	1.174	0.0005556
12	1.113	0.0004329
12	1.119	-0.0002271
12	1.323	-0.0006292
12	0.9632	-0.0005075
12	1.086	-0.0005776
12	1.142	0.0005151
12	1.198	0.001056
12	1.379	0.001095
12	1.02	7.443e-05
12	1.104	-0.0003278
12	1.051	0.0002387
12	1.222	-0.0002725
12	1.226	-0.0004922
12	1.125	0.001561
12	1.075	0.0003809
12	1.106	-0.0004507
12	1.006	-0.0007865
12	1.059	-0.0006375
12	1.012	0.0007992
12	0.9786	-0.0001981
12	1.011	-0.001134
12	1.18	0.0005612
12	0.9912	0.0004278
12	0.9977	-0.0007851
12	1.094	-0.0003444
12	1.413	0.002503
12	1.049	-0.001998
12	0.9694	7.562e-05
12	1.102	0.0005055
12	1.293	0.001235
12	1.128	0.0001164
12	0.9837	-0.0001869
12	0.9785	8.095e-05
12	1.208	4.441e-05
12	1.073	-0.0006851
12	1.262	7.718e-05
12	1.002	-0.001252
12	0.9745	0.0001708
12	1.11	-0.0007148
12	1.317	0.0006231
12	1.097	-0.0007374
12	1.247	0.000188
12	0.9001	-0.0007026
12	1.142	-0.0007134
12	1.021	-0.000454
12	1.114	0.0006898
12	1.187	-0.0005627
12	1.272	-0.0007961
12	0.9245	-4.242e-05
12	1.233	-0.0004055
12	1.018	0.0007007
12	1.183	0.002923
12	1.111	0.0002338
12	1.157	0.0003734
12	1.175	0.0003405
12	1.214	0.00189
12	1.095	0.0005282
12	1.12	0.0003945
12	1.105	-0.0003653
12	1.163	-0.0009103
12	1.022	-0.001206
12	1.07	-0.002112
12	0.9628	-0.001199
12	1.129	-0.000164
12	1.117	6.125e-05
12	1.267	-0.0008776
12	1.207	-0.0002558
12	1.152	-0.0009128
12	1.321	-0.0002548
12	1.201	-0.000236
12	1.223	4.154e-05
12	1.094	-9.274e-05
12	1.01	0.001671
12	1.077	-5.569e-05
12	0.9815	-0.001095
12	1.366	-0.0006053
12	1.193	-0.001057
12	1.051	0.001282
12	1.195	-0.001039
12	1.382	0.000372
12	1.142	-0.0006758
12	1.212	0.001102
12	0.9262	0.0009538
12	1.067	-0.000243
12	1.337	0.0001848
12	0.9716	-0.0006204
12	1.163	-6.536e-05
12	1.045	-0.0006429
12	1.206	0.0007424
12	1.086	-0.001053
12	1.049	0.0006499
12	0.9896	0.0007638
12	1.094	-0.0007583
12	1.063	-0.001038
12	1.152	0.0004406
12	1.177	-0.001196
12	1.117	0.0008822
12	1.421	-0.000102
12	1.185	0.00183
12	1.018	0.0001438
12	1.008	-0.0005826
12	1.204	0.0006536
12	1.124	0.0002196
12	1.149	0.0004407
12	1.098	-0.0003459
12	1.001	0.0003769
12	0.9243	0.000686
12	1.078	0.002458
12	1.3	0.001436
12	1.031	0.001189
12	0.8694	-1.339e-05
12	1.155	-0.001679
12	0.9674	-0.000483
12	1.063	-0.001185
12	1.327	0.0008026
12	1.169	0.0004057
12	1.184	-0.001012
12	1.167	0.000802
12	1.21	-0.0002146
12	0.9985	-4e-05
12	1.044	-0.000529
12	1.003	0.0003143
12	1.089	-0.001554
12	1.374	0.0003876
12	1.054	-0.001822
12	1.276	-4.642e-06
12	1.212	2.953e-05
12	1.242	-0.001214
12	1.226	0.001148
12	1.099	-0.0008453
12	1.064	0.0002868
12	1.252	0.001423
12	1.176	0.000933
12	1.295	-0.0007295
12	1.277	-0.001386
12	1.276	0.001315
12	0.9809	-0.001009
12	1.18	0.0005656
12	1.258	-0.001137
12	1.253	-0.0008325
12	1.132	0.0005093
12	0.9444	-0.0001698
12	1.172	7.941e-06
12	1.355	-0.0008437
12	1.188	-4.072e-05
12	1.113	0.0002614
12	1.022	0.0007529
12	1.124	-0.0006635
12	1.165	-0.000263
12	1.298	-0.00201
12	1.011	-0.0007482
12	1.029	-0.001134
12	1.147	0.0002861
12	1.34	-0.0007692
12	1.027	-0.0004575
12	1.196	-0.000304
12	1.138	0.0008542
12	1.221	0.0008918
12	1.137	0.001203
12	1.131	0.0004067
12	1.245	0.0006471
12	1.147	0.0006487
12	1.359	-0.0008278
12	1.024	-0.0004983
12	1.222	0.000835
12	1.209	-0.0008012
12	1.091	0.001654
12	0.9802	-0.0008405
12	1.035	0.0007878
12	0.8977	-0.0002891
12	1.13	0.0004666
12	0.9622	0.0006615
12	1.092	-0.001007
12	1.105	-0.0003573
12	1.326	-0.0009963
12	0.9683	0.0007235
12	1.138	-0.0002537
12	0.9874	0.000849
12	1.124	-0.0001286
12	1.118	-0.0002548
12	1.276	-0.0005626
12	1.115	-0.001495
12	1.232	0.0002633
12	1.042	0.0008681
12	1.11	-0.0001937
12	1.111	-0.0002991
12	1.289	-0.001889
12	1.111	-0.0001024
12	0.8744	-0.0007719
12	1.154	-0.001327
12	1.084	-2.001e-05
12	1.13	-0.0003779
12	1.461	5.702e-05
12	1.203	-0.0007068
12	1.019	0.002155
12	1.057	-0.001136
12	1.073	0.00187
12	1.065	8.841e-05
12	1.089	-0.0006314
12	1.234	0.001069
12	1.139	-0.001099
12	1.276	5.789e-05
12	1.175	-0.0002896
12	1.217	-5.613e-05
12	1.377	-0.0005876
12	1.229	0.0007021
12	1.097	0.001324
12	0.9634	-0.0001171
12	1.339	-0.001037
12	1.01	-0.0006759
12	1.163	4.186e-05
12	1.131	-0.0007749
12	1.133	0.0008976
12	1.318	-0.0002793
12	1.129	-0.0008299
12	1.21	-0.0009437
12	1.259	-0.0004485
12	1.228	-0.0004013
12	1.027	0.0006225
12	1.226	-0.0002282
12	1.218	-0.0007505
12	1.088	0.0001954
12	1.143	0.001209
12	1.264	0.0008887
12	1.256	-0.0007952
12	1.093	-0.0001051
12	1.093	-0.0001619
12	1.145	0.0001086
12	1.192	-0.0005878
12	1.267	0.0005216
12	1.073	-0.001555
12	1.069	-0.0006035
12	1.094	0.0002525
12	1.061	-0.001629
12	1.169	0.001864
12	1.123	0.001167
12	1.189	0.0009587
12	1.065	-0.0007847
12	1.286	0.001723
12	1.208	0.0007261
12	1.563	0.002133
12	1.213	-5.188e-05
12	1.128	-0.000224
12	0.9912	-0.0005728
12	1.376	-0.000253
12	1.072	-6.601e-05
12	1.387	-7.773e-05
12	0.9809	-0.0002929
12	0.9784	0.001149
12	1.19	0.0003504
12	1.35	-0.000783
12	1.137	0.0006089
