4	1.111	1e-05
4	1.199	0
4	1.17	0
4	1.122	1e-05
4	1.151	0
4	1.096	1e-05
4	1.12	1e-05
4	1.155	0.08001
4	1.233	0
4	1.158	0
4	0.9966	1e-05
4	1.074	1e-05
4	1.081	1e-05
4	1.133	0
4	1.069	1e-05
4	0.9811	1e-05
4	1.138	0
4	1.047	1e-05
4	1.049	1e-05
4	1.02	1e-05
4	1.069	1e-05
4	1.099	1e-05
4	1.048	1e-05
4	1.012	1e-05
4	0.971	1e-05
4	1.155	0
4	1.086	1e-05
4	1.063	1e-05
4	1.124	1e-05
4	1.178	0
4	1.113	1e-05
4	1.112	1e-05
4	1.029	1e-05
4	1.024	1e-05
4	1.045	1e-05
4	1.169	0
4	1.118	1e-05
4	1.08	1e-05
4	1.104	1e-05
4	1.018	1e-05
4	1.086	1e-05
4	1.164	0
4	1.136	0
4	1.124	1e-05
4	1.133	0
4	1.155	0
4	1.084	1e-05
4	1.129	0
4	1.127	1e-05
4	1.192	0.1313
4	1.111	1e-05
4	1.086	1e-05
4	1.063	1e-05
4	1.042	1e-05
4	1.067	1e-05
4	1.184	0
4	1.108	1e-05
4	1.001	1e-05
4	1.081	1e-05
4	1.222	0
4	1.159	0
4	1.208	0
4	1.072	1e-05
4	1.078	1e-05
4	1.089	1e-05
4	1.216	0
4	1.058	1e-05
4	1.225	0
4	1.206	0
4	1.011	1e-05
4	1.054	1e-05
4	1.077	1e-05
4	1.125	1e-05
4	1.164	0
4	1.158	0
4	1.055	1e-05
4	1.135	0
4	1.008	1e-05
4	1.069	1e-05
4	1.095	1e-05
4	1.102	1e-05
4	1.13	0
4	1.08	1e-05
4	1.073	1e-05
4	1.091	1e-05
4	1.059	1e-05
4	1.175	0
4	1.106	1e-05
4	1.112	1e-05
4	1.141	0
4	1.077	1e-05
4	1.128	1e-05
4	1.046	1e-05
4	1.064	1e-05
4	1.154	0
4	1.183	0
4	1.276	0
4	1.173	0
4	1.021	1e-05
4	1.108	1e-05
4	1.133	0
4	1.089	1e-05
4	1.124	1e-05
4	1.181	0
4	1.04	1e-05
4	1.153	0
4	1.158	0
4	1.152	0
4	1.101	1e-05
4	1.127	1e-05
4	1.1	1e-05
4	1.107	1e-05
4	1.17	0.04416
4	1.013	1e-05
4	1.075	1e-05
4	1.112	1e-05
4	1.158	0
4	1.075	1e-05
4	1.078	1e-05
4	1.138	0
4	1.189	0
4	1.091	1e-05
4	1.08	1e-05
4	1.202	0
4	1.106	1e-05
4	1.186	0
4	1.122	1e-05
4	1.054	1e-05
4	1.214	0
4	1.126	1e-05
4	1.058	1e-05
4	0.9921	1e-05
4	1.259	0
4	1.119	1e-05
4	1.137	0
4	1.006	1e-05
4	1.089	1e-05
4	1.118	1e-05
4	1.136	0
4	1.09	1e-05
4	1.128	0
4	1.242	0
4	1.161	0
4	1.25	0
4	1.046	1e-05
4	1.168	0
4	1.132	0
4	1.12	1e-05
4	1.135	0
4	1.059	1e-05
4	1.233	0
4	1.17	0
4	1.066	1e-05
4	1.045	1e-05
4	1.038	1e-05
4	1.139	0
4	1.076	1e-05
4	1.088	1e-05
4	1.158	0
4	1.15	0
4	1.104	1e-05
4	1.066	1e-05
4	1.174	0
4	1.121	1e-05
4	1.155	0
4	1.175	0
4	1.108	1e-05
4	1.134	0.03943
4	1.127	1e-05
4	1.043	1e-05
4	1.162	0
4	1.145	0
4	1.084	1e-05
4	1.087	1e-05
4	1.046	1e-05
4	1.032	1e-05
4	1.188	0
4	1.016	1e-05
4	1.161	0
4	1.163	0
4	1.206	0
4	1.159	0
4	1.037	1e-05
4	1.206	0
4	1.068	1e-05
4	1.157	0
4	1.136	0
4	1.077	1e-05
4	1.136	0
4	1.234	0
4	1.099	1e-05
4	1.113	1e-05
4	1.031	1e-05
4	1.099	1e-05
4	1.134	0.03948
4	1.188	0
4	1.239	0
4	1.165	0
4	1.148	0
4	1.058	1e-05
4	1.122	1e-05
4	1.049	1e-05
4	1.088	1e-05
4	1.068	1e-05
4	1.197	0
4	1.011	1e-05
4	1.17	0
4	1.105	1e-05
4	1.18	0
4	1.086	1e-05
4	1.091	1e-05
4	1.017	1e-05
4	0.9937	1e-05
4	1.172	0
4	1.01	1e-05
4	1.169	0
4	1.075	1e-05
4	1.145	0
4	1.163	0
4	1.086	1e-05
4	1.173	0
4	1.123	1e-05
4	1.226	0
4	1.116	1e-05
4	1.084	1e-05
4	1.216	0
4	1.24	0
4	1.128	1e-05
4	1.142	0
4	1.174	0.09548
4	1.131	0
4	1.09	1e-05
4	1.124	1e-05
4	1.018	1e-05
4	1.113	1e-05
4	1.128	0
4	1.181	0
4	1.082	1e-05
4	1.12	1e-05
4	1.143	0
4	1.138	0
4	1.112	1e-05
4	1.13	0
4	1.224	0
4	1.137	0
4	1.032	1e-05
4	1.215	0
4	1.013	1e-05
4	1.165	0
4	1.213	0
4	1.146	0
4	1.031	1e-05
4	1.077	1e-05
4	1.179	0
4	1.072	1e-05
4	1.15	0
4	1.134	0.09696
4	1.18	0
4	1.088	1e-05
4	1.14	0
4	1.101	1e-05
4	1.072	1e-05
4	1.184	0
4	1.158	0
4	1.063	1e-05
4	1.125	1e-05
4	1.211	0
4	1.069	1e-05
4	1.122	1e-05
4	1.147	0
4	1.141	0
4	1.106	1e-05
4	1.215	0
4	1.147	0
4	1.088	1e-05
4	1.114	1e-05
4	1.101	1e-05
4	1.217	0
4	1.242	0
4	1.124	1e-05
4	1.118	1e-05
4	1.105	1e-05
4	1.19	0
4	1.115	1e-05
4	1.167	0
4	1.107	1e-05
4	1.103	1e-05
4	1.237	0
4	1.073	1e-05
4	1.169	0
4	1.013	1e-05
4	1.138	0
4	1.157	0
4	1.002	1e-05
4	1.072	1e-05
4	1.066	1e-05
4	1.065	1e-05
4	1.07	1e-05
4	1.155	0
4	1.101	1e-05
4	1.138	0
4	1.145	0
4	1.007	1e-05
4	1.12	1e-05
4	1.265	0
4	1.141	0
4	1.054	1e-05
4	1.145	0
4	1.151	0
4	1.149	0
4	1.284	0
4	0.9877	1e-05
4	1.072	1e-05
4	1.091	1e-05
4	1.075	1e-05
4	1.127	1e-05
4	1.16	0
4	1.009	1e-05
4	1.125	1e-05
4	1.154	0.2176
4	1.01	1e-05
4	1.114	1e-05
4	1.167	0
4	1.07	1e-05
4	1.152	0
4	1.179	0
4	1.149	0.1268
4	1.184	0
4	1.14	0
4	1.072	1e-05
4	0.9345	1e-05
4	1.007	1e-05
4	1.155	0
4	1.063	1e-05
4	1.047	1e-05
4	1.058	1e-05
4	1.101	1e-05
4	1.132	0
4	1.081	1e-05
4	1.1	1e-05
4	0.9914	1e-05
4	1.207	0
4	1.188	0
4	1.178	0
4	1.075	1e-05
4	1.169	0
4	0.9988	1e-05
4	1.122	1e-05
4	1.078	1e-05
4	1.17	0
4	1.132	0
4	1.138	0
4	1.032	1e-05
4	1.093	1e-05
4	1.166	0
4	1.159	0
4	1.113	1e-05
4	0.9829	1e-05
4	1.093	1e-05
4	1.108	1e-05
4	1.151	0
4	1.132	0
4	1.093	1e-05
4	1.081	1e-05
4	1.061	1e-05
4	1.016	1e-05
4	1.018	1e-05
4	1.044	1e-05
4	1.107	1e-05
4	1.097	1e-05
4	1.087	1e-05
4	1.06	1e-05
4	1.135	0
4	1.145	0
4	1.134	0
4	1.015	1e-05
4	1.177	0
4	1.057	1e-05
4	1.164	0
4	1.007	1e-05
4	1.071	1e-05
4	1.19	0
4	1.107	1e-05
4	1.077	1e-05
4	1.128	1e-05
4	1.092	1e-05
4	1.155	0
4	1.108	1e-05
4	1.124	1e-05
4	1.244	0
4	1.11	1e-05
4	1.059	1e-05
4	1.179	0
4	1.174	0
4	1.064	1e-05
4	1.189	0
4	1.124	1e-05
4	1.052	1e-05
4	1.033	1e-05
4	1.145	0.03878
4	1.113	1e-05
4	1.107	1e-05
4	1.121	1e-05
4	1.068	1e-05
4	1.071	1e-05
4	1.177	0
4	1.062	1e-05
4	1.075	1e-05
4	1.074	1e-05
4	1.044	1e-05
4	1.155	0
4	1.078	1e-05
4	1.139	0
4	1.144	0.01984
4	1.136	0.156
4	1.058	1e-05
4	1.12	1e-05
4	1.089	1e-05
4	1.197	0
4	1.03	1e-05
4	1.17	0
4	1.228	0
4	1.171	0
4	1.076	1e-05
4	1.116	1e-05
4	1.123	1e-05
4	1.134	0
4	1.108	1e-05
4	1.002	1e-05
4	1.008	1e-05
4	1.098	1e-05
4	1.113	1e-05
4	1.163	0
4	1.069	1e-05
4	1.091	1e-05
4	1.048	1e-05
4	1.103	1e-05
4	1.102	1e-05
4	1.052	1e-05
4	1.175	0.2418
4	1.272	0
4	1.09	1e-05
4	1.028	1e-05
4	1.174	0
4	1.213	0
4	1.097	1e-05
4	1.046	1e-05
4	1.185	0
4	1.109	1e-05
4	1.172	0
4	1.105	1e-05
4	1.12	1e-05
4	1.046	1e-05
4	1.265	0
4	1.069	1e-05
4	1.139	0
4	1.166	0
4	1.098	1e-05
4	1.142	0
4	1.162	0
4	0.9973	1e-05
4	1.177	0
4	1.073	1e-05
4	1.134	0
4	1.146	0
4	1.024	1e-05
4	1.17	0
4	1.294	0
4	1.066	1e-05
4	1.102	1e-05
4	1.119	1e-05
4	1.21	0
4	1.072	1e-05
4	1.051	1e-05
4	1.187	0
4	1.181	0.043
4	1.137	0
4	1.205	0
4	1.026	1e-05
4	1.084	1e-05
4	1.217	0
4	1.05	1e-05
4	1.092	1e-05
4	0.9774	1e-05
4	0.9475	1e-05
4	1.071	1e-05
4	1.104	1e-05
4	1.078	1e-05
4	1.134	0
4	1.095	1e-05
4	1.09	1e-05
4	1.071	1e-05
4	1.149	0
4	1.128	1e-05
4	1.087	1e-05
4	1.053	1e-05
4	1.123	1e-05
4	1.124	1e-05
4	1.098	1e-05
4	1.234	0
4	1.006	1e-05
4	1.033	1e-05
4	1.222	0
4	1.083	1e-05
4	1.227	0
4	0.9683	1e-05
4	1.118	1e-05
4	1.099	1e-05
4	1.135	0
4	1.063	1e-05
4	1.084	1e-05
4	1.1	1e-05
4	1.191	0
4	1.106	1e-05
4	1	1e-05
4	0.982	1e-05
4	1.134	0
4	1.05	1e-05
4	1.085	1e-05
4	1.02	1e-05
4	1.151	0.007008
4	1.192	0
4	1.089	1e-05
4	1.128	1e-05
4	1.079	1e-05
4	1.17	0
4	1.147	0
4	1.043	1e-05
4	1.152	0
4	1.213	0
4	1.171	0
4	1.059	1e-05
4	1.132	0
4	1.089	1e-05
4	1.074	1e-05
4	1.025	1e-05
4	1.171	0
4	1.316	0
4	1.19	0
4	1.22	0
4	1.042	1e-05
4	1.172	0
4	0.9862	1e-05
4	1.162	0
4	1.163	0
4	1.136	0
4	1.146	0.2484
4	1.1	1e-05
4	1.038	1e-05
4	1.196	0
4	1.067	1e-05
4	1.03	1e-05
4	1.022	1e-05
4	1.074	1e-05
4	1.125	1e-05
4	1.217	0
4	1.001	1e-05
4	1.044	1e-05
4	1.055	1e-05
4	1.059	1e-05
4	1.225	0
4	1.131	0
4	1.188	0
4	1.034	1e-05
4	1.121	1e-05
4	1.197	0
4	1.212	0
4	1.15	0
4	1.138	0
4	1.098	1e-05
4	1.161	0
4	0.9961	1e-05
4	1.022	1e-05
4	1.142	0
4	1.17	0
4	1.162	0
4	1.081	1e-05
4	1.185	0
4	1.13	0
4	1.204	0
4	1.115	1e-05
4	1.028	1e-05
4	1.07	1e-05
4	1.138	0
4	1.114	1e-05
4	1.158	0
4	1.168	0
4	1.139	0
4	1.112	1e-05
4	1.149	0
4	1.078	1e-05
4	1.105	1e-05
4	1.197	0
4	1.159	0
4	1.066	1e-05
4	1.12	1e-05
4	1.174	0
4	1.137	0
4	1.047	1e-05
4	1.116	1e-05
4	1.37	0
4	1.019	1e-05
4	1.09	1e-05
4	1.094	1e-05
4	1.226	0
4	1.199	0
4	0.9984	1e-05
4	1.089	1e-05
4	1.157	0
4	1.105	1e-05
4	1.075	1e-05
4	1.166	0
4	1.13	0
4	1.114	1e-05
4	1.074	1e-05
4	1.053	1e-05
4	1.115	1e-05
4	1.071	1e-05
4	1.039	1e-05
4	1.118	1e-05
4	0.9921	1e-05
4	1.17	0
4	0.9815	1e-05
4	1.13	0
4	1.101	1e-05
4	1.046	1e-05
4	1.146	0
4	1.06	1e-05
4	1.084	1e-05
4	1.212	0
4	1.111	1e-05
4	1.119	1e-05
4	0.9879	1e-05
4	1.067	1e-05
4	1.284	0
4	1.097	1e-05
4	1.151	0
4	1.04	1e-05
4	1.061	1e-05
4	1.047	1e-05
4	0.9913	1e-05
4	1.136	0
4	1.142	0
4	1.002	1e-05
4	1.103	1e-05
4	1.171	0.04207
4	1.029	1e-05
4	1.088	1e-05
4	1.006	1e-05
4	1.139	0
4	1.101	1e-05
4	1.164	0
4	1.02	1e-05
4	1.018	1e-05
4	1.194	0
4	1.07	1e-05
4	1.06	1e-05
4	1.054	1e-05
4	1.15	0
4	0.9914	1e-05
4	1.052	1e-05
4	1.187	0
4	0.959	1e-05
4	1.109	1e-05
4	1.016	1e-05
4	1.039	1e-05
4	1.059	1e-05
4	1.065	1e-05
4	1.12	1e-05
4	1.161	0
4	1.038	1e-05
4	1.145	0
4	1.175	0
4	1.008	1e-05
4	1.06	1e-05
4	1.137	0
4	1.134	0
4	1.129	0
4	1.179	0
4	1.137	0
4	1.154	0
4	1.064	1e-05
4	1.047	1e-05
4	1.105	1e-05
4	1.065	1e-05
4	0.9864	1e-05
4	1.167	0
4	1.079	1e-05
4	1.178	0
4	1.081	1e-05
4	1.04	1e-05
4	1.148	0
4	1.118	1e-05
4	1.081	1e-05
4	1.183	0
4	1.2	0
4	1.144	0
4	1.056	1e-05
4	1.022	1e-05
4	1.088	1e-05
4	1.14	0
4	1.137	0.02176
4	1.156	0
4	1.076	1e-05
4	1.102	1e-05
4	1.028	1e-05
4	1.118	1e-05
4	1.143	0.1142
4	1.096	1e-05
4	1.166	0
4	1.119	1e-05
4	1.205	0
4	1.103	1e-05
4	1.1	1e-05
4	1.064	1e-05
4	1.079	1e-05
4	1.066	1e-05
4	1.05	1e-05
4	1.101	1e-05
4	1.101	1e-05
4	1.078	1e-05
4	1.129	0
4	1.126	1e-05
4	1.108	1e-05
4	1.136	0.02761
4	1.259	0
4	1.054	1e-05
4	1.113	1e-05
4	1.117	1e-05
4	1.068	1e-05
4	1.074	1e-05
4	1.131	0
4	1.067	1e-05
4	1.114	1e-05
4	1.217	0
4	1.255	0
4	1.117	1e-05
4	1.135	0
4	1.093	1e-05
4	1.154	0
4	1.128	0
4	1.107	1e-05
4	1.116	1e-05
4	1.053	1e-05
4	1.092	1e-05
4	1.106	1e-05
4	1.145	0
4	1.188	0
4	1.062	1e-05
4	1.213	0
4	1.101	1e-05
4	1.209	0
4	1.136	0
4	1.177	0
4	1.108	1e-05
4	1.088	1e-05
4	1.092	1e-05
4	1.169	0
4	1.004	1e-05
4	1.222	0
4	1.133	0.1486
4	1.128	0
4	1.129	0
4	1.171	0
4	1.12	1e-05
4	1.07	1e-05
4	1.081	1e-05
4	1.069	1e-05
4	1.127	1e-05
4	1.076	1e-05
4	1.082	1e-05
4	1.108	1e-05
4	1.167	0
4	1.115	1e-05
4	1.11	1e-05
4	1.161	0
4	1.103	1e-05
4	1.125	1e-05
4	1.142	0
4	1.203	0
4	1.114	1e-05
4	1.099	1e-05
4	1.182	0.1071
4	1.33	0
4	1.053	1e-05
4	1.14	0
4	1.134	0
4	1.121	1e-05
4	1.084	1e-05
4	1.125	1e-05
4	1.164	0
4	1.078	1e-05
4	1.011	1e-05
4	1.054	1e-05
4	1.061	1e-05
4	1.068	1e-05
4	1.087	1e-05
4	1.145	0
4	1.128	1e-05
4	1.223	0
4	1.131	0
4	1.079	1e-05
4	1.177	0
4	1.053	1e-05
4	1.087	1e-05
4	1.202	0
4	1.021	1e-05
4	1.081	1e-05
4	1.113	1e-05
4	1.193	0
4	1.079	1e-05
4	1.221	0
4	1.061	1e-05
4	1.102	1e-05
4	1.058	1e-05
4	1.078	1e-05
4	1.118	1e-05
4	1.063	1e-05
4	1.076	1e-05
4	1.101	1e-05
4	1.266	0
4	1.178	0
4	1.239	0
4	1.099	1e-05
4	1.178	0
4	1.047	1e-05
4	1.157	0
4	1.191	0
4	1.132	0
4	1.109	1e-05
4	1.084	1e-05
4	1.07	1e-05
4	1.114	1e-05
4	1.162	0
4	1.13	0
4	1.111	1e-05
4	1.068	1e-05
4	1.043	1e-05
4	1.17	0
4	1.117	1e-05
4	1.042	1e-05
4	1.129	0
4	1.194	0
4	1.115	1e-05
4	0.9995	1e-05
4	1.174	0
4	1.048	1e-05
4	0.9945	1e-05
4	1.118	1e-05
4	1.222	0
4	1.148	0
4	1.099	1e-05
4	1.037	1e-05
4	1.17	0
4	1.057	1e-05
4	1.081	1e-05
4	1.247	0
4	1.157	0
4	1.035	1e-05
4	1.139	0
4	1.105	1e-05
4	1.103	1e-05
4	1.048	1e-05
4	1.073	1e-05
4	1.052	1e-05
4	1.078	1e-05
4	1.064	1e-05
4	0.9845	1e-05
4	1.281	0
4	1.039	1e-05
4	1.027	1e-05
4	1.022	1e-05
4	1.13	0
4	1.145	0
4	1.159	0
4	1.164	0
4	1.088	1e-05
4	1.239	0
4	1.103	1e-05
4	1.084	1e-05
4	1.159	0
4	1.119	1e-05
4	1.137	0
4	1.108	1e-05
4	1.2	0
4	1.087	1e-05
4	1.176	0
4	1.173	0
4	1.028	1e-05
4	1.143	0
4	1.079	1e-05
4	1.114	1e-05
4	1.143	0
4	1.24	0
4	1.283	0
4	1.129	0
4	1.102	1e-05
4	1.002	1e-05
4	1.047	1e-05
4	1.138	0
4	1.077	1e-05
4	0.9891	1e-05
4	1.095	1e-05
4	1.139	0.1837
4	1.053	1e-05
4	1.039	1e-05
4	1.188	0
4	1.083	1e-05
4	1.235	0
4	1.088	1e-05
4	1.159	0
4	1.171	0.005207
4	1.043	1e-05
4	1.122	1e-05
4	1.062	1e-05
4	1.113	1e-05
4	1.207	0
4	1.135	0
4	1.153	0
4	1.123	1e-05
4	1.183	0
4	1.016	1e-05
4	1.139	0
4	1.151	0
4	1.108	1e-05
4	1.124	1e-05
4	1.136	0
4	1.164	0
4	1.13	0
4	1.029	1e-05
4	1.2	0.0003749
4	1.055	1e-05
4	1.279	0
4	1.153	0
4	0.9914	1e-05
4	1.163	0
4	1.099	1e-05
4	1.114	1e-05
4	1.111	1e-05
4	1.156	0
4	1.135	0
4	1.068	1e-05
4	1.089	1e-05
4	1.152	0
4	1.157	0
4	1.147	0
4	1.188	0
4	1.115	1e-05
4	1.146	0
4	1.047	1e-05
4	0.9819	1e-05
4	1.139	0.1746
4	1.125	1e-05
4	1.063	1e-05
4	1.191	0
4	1.086	1e-05
4	1.032	1e-05
4	1.124	1e-05
4	1.128	1e-05
4	1.151	0
4	1.084	1e-05
4	1.05	1e-05
4	1.005	1e-05
4	1.183	0
4	1.229	0
4	1.029	1e-05
4	1.147	0.07026
4	1.096	1e-05
4	1.162	0
4	1.136	0
4	1.041	1e-05
4	1.203	0
4	1.102	1e-05
4	1.115	1e-05
4	1.109	1e-05
4	1.058	1e-05
4	1.067	1e-05
4	1.005	1e-05
4	1.153	0
4	1.083	1e-05
4	1.039	1e-05
4	1.138	0
4	1.133	0
4	1.068	1e-05
4	1.23	0
4	1.042	1e-05
4	1.079	1e-05
4	1.065	1e-05
4	1.177	0
4	1.053	1e-05
4	1.161	0
4	1.125	1e-05
4	1.12	1e-05
4	1.082	1e-05
4	1.028	1e-05
4	1.117	1e-05
4	1.01	1e-05
4	1.131	0
4	1.079	1e-05
4	1.193	0
4	1.071	1e-05
4	1.034	1e-05
4	1.054	1e-05
4	1.108	1e-05
4	1.152	0
4	1.036	1e-05
4	1.068	1e-05
4	1.161	0
4	1.101	1e-05
4	1.101	1e-05
4	1.083	1e-05
4	1.181	0
4	1.146	0
4	1.208	0
4	1.052	1e-05
4	1.036	1e-05
4	1.198	0
4	1.133	0
4	1.079	1e-05
4	1.226	0
4	1.154	0
4	1.087	1e-05
4	1.047	1e-05
4	1.128	0
4	1.103	1e-05
4	1.061	1e-05
4	1.12	1e-05
4	1.171	0
4	1.155	0
4	1.172	0
4	1.161	0
4	1.09	1e-05
4	1.106	1e-05
4	1.15	0
4	1.166	0
4	1.078	1e-05
4	1.09	1e-05
4	1.138	0
4	1.128	0
4	1.182	0
4	1.111	1e-05
4	1.071	1e-05
4	1.111	1e-05
4	1.197	0
4	1.132	0
4	1.085	1e-05
4	1.157	0
4	1.043	1e-05
4	1.142	0
4	1.02	1e-05
4	1.059	1e-05
4	1.129	0
4	1.195	0
4	1.148	0
4	1.171	0
4	1.124	1e-05
4	1.087	1e-05
4	1.229	0
4	1.09	1e-05
4	1.157	0
4	1.033	1e-05
4	1.098	1e-05
4	1.007	1e-05
4	1.08	1e-05
4	1.18	0
4	1.19	0
4	1.038	1e-05
4	1.094	1e-05
4	1.191	0
4	1.122	1e-05
4	1.141	0
4	1.025	1e-05
4	1.139	0
4	1.147	0
4	1.162	0
4	1.198	0
4	1.086	1e-05
4	1.134	0
4	1.127	1e-05
4	1.138	0
4	1.004	1e-05
4	1.186	0
4	1.128	1e-05
4	1.064	1e-05
4	1.206	0
4	1.088	1e-05
4	1.107	1e-05
4	1.066	1e-05
4	1.11	1e-05
4	0.9842	1e-05
4	1.098	1e-05
4	1.191	0
4	1.075	1e-05
4	1.227	0
4	1.103	1e-05
4	1.144	0
4	1.096	1e-05
4	1.106	1e-05
4	1.215	0
4	1.187	0
4	1.173	0
4	1.147	0
4	1.086	1e-05
4	1.034	1e-05
4	1.088	1e-05
4	1.136	0
4	1.162	0
4	1.131	0
4	1.049	1e-05
4	1.169	0
4	1.217	0
4	1.045	1e-05
4	1.178	0
4	1.051	1e-05
4	1.161	0
4	1.066	1e-05
4	1.179	0
4	0.9784	1e-05
4	1.132	0
4	1.243	0
4	1.124	1e-05
4	1.138	0
4	1.074	1e-05
4	1.054	1e-05
4	1.088	1e-05
4	1.16	0
4	1.088	1e-05
4	1.094	1e-05
4	1.139	0
4	1.101	1e-05
4	1.17	0
4	1.054	1e-05
4	1.141	0
4	0.9868	1e-05
4	1.195	0
4	1.105	1e-05
4	1.131	0
4	1.134	0
4	1.118	1e-05
4	1.146	0.05943
4	1.1	1e-05
4	0.9357	1e-05
4	1.168	0
4	1.124	1e-05
4	1.101	1e-05
4	1.125	1e-05
4	1.126	1e-05
4	1.115	1e-05
4	1.084	1e-05
4	1.07	1e-05
4	1.032	1e-05
4	1.111	1e-05
4	1.068	1e-05
4	1.062	1e-05
4	1.176	0
4	1.12	1e-05
4	1.042	1e-05
4	1.164	0
4	1.022	1e-05
4	1.022	1e-05
4	1.225	0
4	1.114	1e-05
4	1.16	0
4	1.02	1e-05
4	1.068	1e-05
4	1.105	1e-05
4	1.212	0
4	1.108	1e-05
4	1.142	0
4	1.092	1e-05
4	1.185	0
4	1.258	0
4	1.005	1e-05
4	1.043	1e-05
4	1.107	1e-05
4	1.171	0
4	1.218	0
4	1.059	1e-05
4	1.062	1e-05
4	1.066	1e-05
4	1.169	0
4	1.095	1e-05
4	1.015	1e-05
4	1.189	0
4	1.117	1e-05
4	1.083	1e-05
4	1.185	0
4	1.128	0
4	1.15	0
4	1.034	1e-05
4	1.13	0
4	1.177	0
4	1.113	1e-05
4	1.156	0.002914
4	1.113	1e-05
4	1.138	0
4	1.126	1e-05
4	1.086	1e-05
4	1.234	0
4	1.173	0
4	1.098	1e-05
4	1.147	0
4	1.079	1e-05
4	1.047	1e-05
4	1.07	1e-05
4	1.18	0
4	1.063	1e-05
4	1.214	0
4	1.186	0
4	1.033	1e-05
4	1.07	1e-05
4	1.091	1e-05
4	1.076	1e-05
4	1.108	1e-05
4	1.118	1e-05
4	1.122	1e-05
4	1.268	0
4	1.09	1e-05
4	1.065	1e-05
4	1.117	1e-05
4	0.9805	1e-05
4	1.029	1e-05
4	1.026	1e-05
4	1.118	1e-05
4	1.137	0
4	1.091	1e-05
4	1.042	1e-05
4	1.047	1e-05
4	1.263	0
4	1.117	1e-05
4	1.232	0
4	1.121	1e-05
4	1.105	1e-05
4	1.143	0
4	1.018	1e-05
4	1.254	0
4	1.134	0.04877
4	1.138	0
4	1.123	1e-05
4	1.126	1e-05
4	1.15	0
4	1.065	1e-05
4	1.094	1e-05
4	1.06	1e-05
4	1.134	0
4	1.136	0
4	1.032	1e-05
4	1.102	1e-05
4	1.075	1e-05
4	0.9256	1e-05
4	1.103	1e-05
4	1.108	1e-05
4	1.055	1e-05
4	1.092	1e-05
4	1.156	0
4	1.13	0
4	1.065	1e-05
4	1.098	1e-05
4	1.19	0
4	1.204	0
4	1.113	1e-05
4	1.175	0
4	1.165	0
4	1.12	1e-05
4	1.186	0
4	1.08	1e-05
4	1.201	0
4	1.124	1e-05
4	1.096	1e-05
4	1.141	0
4	1.102	1e-05
4	1.129	0
4	1.095	1e-05
4	1.09	1e-05
4	1.106	1e-05
4	1.172	0
4	1.103	1e-05
4	1.105	1e-05
4	1.077	1e-05
4	1.121	1e-05
4	1.125	1e-05
4	1.165	0
4	1.053	1e-05
4	1.118	1e-05
4	1.185	0
4	1.106	1e-05
4	1.114	1e-05
4	1.064	1e-05
4	1.141	0
4	1.174	0.1079
4	1.089	1e-05
4	1.114	1e-05
4	1.185	0
4	1.04	1e-05
4	1.232	0
4	1.142	0
4	1.097	1e-05
4	1.162	0
4	1.153	0
4	1.125	1e-05
4	1.083	1e-05
4	1.131	0
4	1.116	1e-05
4	1.138	0
4	1.189	0
4	1.144	0
4	1.044	1e-05
4	1.125	1e-05
4	1.055	1e-05
4	1.155	0
4	1.175	0
4	1.205	0
4	1.135	0
4	1.28	0
4	1.047	1e-05
4	1.131	0
4	1.094	1e-05
4	1.157	0
4	1.155	0
4	1.205	0
4	1.028	1e-05
4	1.09	1e-05
4	1.003	1e-05
4	1.142	0
4	1.249	0
4	1.193	0
4	1.098	1e-05
4	1.032	1e-05
4	1.056	1e-05
4	1.177	0
4	1.132	0
4	1.127	1e-05
4	1.105	1e-05
4	1.103	1e-05
4	1.05	1e-05
4	1.085	1e-05
4	1.242	0
4	0.9867	1e-05
4	1.241	0
4	1.032	1e-05
4	1.106	1e-05
4	1.122	1e-05
4	1.025	1e-05
4	1.083	1e-05
4	1.144	0
4	1.114	1e-05
4	1.164	0.09177
4	1.092	1e-05
4	1.094	1e-05
4	1.219	0.02288
4	1.127	1e-05
4	1.148	0
4	1.141	0
4	1.153	0
4	1.198	0
4	1.134	0
4	1.129	0
4	1.104	1e-05
4	1.045	1e-05
4	1.085	1e-05
4	1.068	1e-05
4	1.125	1e-05
4	1.096	1e-05
4	1.166	0
4	1.111	1e-05
4	1.125	1e-05
4	1.011	1e-05
4	1.231	0
4	1.073	1e-05
4	1.082	1e-05
4	1.104	1e-05
4	1.057	1e-05
4	1.036	1e-05
4	1.212	0
4	1.041	1e-05
4	1.178	0.3813
4	1.162	0
4	1.02	1e-05
4	1.144	0
4	1.114	1e-05
4	1.169	0
4	1.109	1e-05
4	1.089	1e-05
4	1.112	1e-05
4	1.028	1e-05
4	1.136	0
4	1.163	0
4	1.184	0
4	1.154	0
4	1.153	0
4	1.18	0
4	1.147	0
4	1.078	1e-05
4	1.117	1e-05
4	1.089	1e-05
4	1.017	1e-05
4	1.145	0
4	1.186	0
4	1.032	1e-05
4	1.055	1e-05
4	1.054	1e-05
4	1.19	0
4	1.091	1e-05
4	1.055	1e-05
4	1.172	0
4	1.12	1e-05
4	1.127	1e-05
4	1.015	1e-05
4	1.036	1e-05
4	1.081	1e-05
4	1.017	1e-05
4	1.033	1e-05
4	1.082	1e-05
4	1.09	1e-05
4	1.111	1e-05
4	1.122	1e-05
4	1.03	1e-05
4	1.048	1e-05
4	1.148	0
4	1.042	1e-05
4	1.058	1e-05
4	1.004	1e-05
4	1.179	0
4	0.9766	1e-05
4	1.032	1e-05
4	1.05	1e-05
4	1.068	1e-05
4	1.054	1e-05
4	1.084	1e-05
4	1.106	1e-05
4	1.179	0
4	1.148	0
4	1.119	1e-05
4	1.078	1e-05
4	1.276	0
4	1.154	0
4	1.163	0
4	1.098	1e-05
4	1.082	1e-05
4	1.161	0
4	1.137	0
4	1.141	0
4	1.106	1e-05
4	1.036	1e-05
4	1.012	1e-05
4	1.162	0
4	1.241	0
4	1.143	0
4	1.149	0
4	1.138	0
4	1.114	1e-05
4	1.098	1e-05
4	1.121	1e-05
4	1.114	1e-05
4	1.138	0
4	1.145	0
4	1.065	1e-05
4	1.143	0
4	1.241	0
4	1.198	0
4	1.181	0
4	1.136	0
4	1.165	0
4	1.264	0
4	1.063	1e-05
4	1.199	0
4	1.029	1e-05
4	1.092	1e-05
4	1.013	1e-05
4	1.147	0
4	1.153	0
4	1.044	1e-05
4	1.238	0.2122
4	1.224	0
4	1.264	0
4	1.082	1e-05
4	1.138	0
4	1.265	0
4	1.091	1e-05
4	1.028	1e-05
4	1.069	1e-05
4	1.109	1e-05
4	1.173	0
4	1.047	1e-05
4	1.078	1e-05
4	1.083	1e-05
4	1.027	1e-05
4	1.101	1e-05
4	1.154	0
4	1.155	0
4	1.121	1e-05
4	1.157	0
4	1.001	1e-05
4	1.109	1e-05
4	1.033	1e-05
4	1.031	1e-05
4	1.089	1e-05
4	1.09	1e-05
4	1.009	1e-05
4	1.14	0
4	1.082	1e-05
4	1.107	1e-05
4	1.247	0
4	1.092	1e-05
4	1.066	1e-05
4	1.182	0
4	1.105	1e-05
4	1.075	1e-05
4	1.107	1e-05
4	1.086	1e-05
4	1.025	1e-05
4	1.019	1e-05
4	1.05	1e-05
4	1.205	0
4	1.105	1e-05
4	1.16	0
4	1.174	0
4	1.074	1e-05
4	1.055	1e-05
4	1.038	1e-05
4	1.188	0
4	1.082	1e-05
4	1.055	1e-05
4	1.086	1e-05
4	1.092	1e-05
4	1.131	0
4	1.031	1e-05
4	1.066	1e-05
4	1.121	1e-05
4	1.048	1e-05
4	1.268	0
4	0.9603	1e-05
4	1.041	1e-05
4	1.069	1e-05
4	1.159	0.1496
4	1.019	1e-05
4	1.095	1e-05
4	0.9885	1e-05
4	1.055	1e-05
4	1.115	1e-05
4	1.208	0
4	1.091	1e-05
4	1.117	1e-05
4	1.227	0
4	1.087	1e-05
4	1.065	1e-05
4	1.07	1e-05
4	1.15	0
4	1.106	1e-05
4	1.163	0
4	1.071	1e-05
4	1.103	1e-05
4	1.16	0
4	1.099	1e-05
4	1.12	1e-05
4	1.033	1e-05
4	1.108	1e-05
4	1.137	0
4	1.124	1e-05
4	1.166	0.02637
4	1.128	0.1188
4	1.035	1e-05
4	1.179	0
4	1.045	1e-05
4	1.066	1e-05
4	1.185	0
4	1.132	0
4	0.998	1e-05
4	1.107	1e-05
4	1.139	0
4	1.033	1e-05
4	1.193	0
4	1.012	1e-05
4	1.128	1e-05
4	1.124	1e-05
4	1.119	1e-05
4	1.039	1e-05
4	1.086	1e-05
4	1.113	1e-05
4	1.138	0
4	1.151	0
4	1.056	1e-05
4	0.9875	1e-05
4	1.164	0
4	1.191	0
4	1.035	1e-05
4	1.169	0
4	1.128	1e-05
4	1.085	1e-05
4	1.122	1e-05
4	1.078	1e-05
4	1.116	1e-05
4	1.16	0
4	1.05	1e-05
4	1.252	0
4	1.099	1e-05
4	1.044	1e-05
4	1.101	1e-05
4	1.094	1e-05
4	1.182	0
4	1.105	1e-05
4	1.075	1e-05
4	1.194	0
4	1.221	0
4	1.077	1e-05
4	1.06	1e-05
4	1.067	1e-05
4	1.167	0
4	1.21	0
4	1.031	1e-05
4	1.049	1e-05
4	1.01	1e-05
4	1.068	1e-05
4	1.134	0
4	1.148	0
4	1.168	0
4	1.146	0
4	1.026	1e-05
4	1.217	0
4	1.028	1e-05
4	1.069	1e-05
4	1.049	1e-05
4	1.151	0
4	1.039	1e-05
4	1.121	1e-05
4	1.145	0
4	1.055	1e-05
4	1.015	1e-05
4	1.107	1e-05
4	1.106	1e-05
4	1.154	0
4	1.097	1e-05
4	1.12	1e-05
4	1.068	1e-05
4	1.083	1e-05
4	1.179	0
4	1.134	0
4	1.193	0
4	1.259	0
4	1.226	0
4	1.041	1e-05
4	1.218	0
4	1.039	1e-05
4	0.9711	1e-05
4	0.9495	1e-05
4	1.143	0
4	1.135	0
4	1.156	0
4	1.03	1e-05
4	1.188	0
4	1.147	0
4	0.9814	1e-05
4	1.027	1e-05
4	1.11	1e-05
4	1.141	0
4	1.13	0
4	1.195	0
4	1.113	1e-05
4	1.059	1e-05
4	1.266	0
4	1.167	0
4	1.107	1e-05
4	1.062	1e-05
4	1.063	1e-05
4	1.123	1e-05
4	1.115	1e-05
4	1.119	1e-05
4	1.068	1e-05
4	1.054	1e-05
4	1.117	1e-05
4	1.126	1e-05
4	1.166	0
4	1.178	0
4	1.131	0
4	1.063	1e-05
4	1.072	1e-05
4	1.116	1e-05
4	1.028	1e-05
4	1.176	0
4	1.079	1e-05
4	0.9499	1e-05
4	1.091	1e-05
4	1.163	0
4	1.074	1e-05
4	1.103	1e-05
4	1.063	1e-05
4	1.107	1e-05
4	1.11	1e-05
4	1.053	1e-05
4	1.052	1e-05
4	1.128	1e-05
4	1.117	1e-05
4	1.192	0
4	1.099	1e-05
4	1.069	1e-05
4	1.213	0
4	1.085	1e-05
4	1.054	1e-05
4	1.121	1e-05
4	1.169	0
4	1.216	0
4	1.099	1e-05
4	1.039	1e-05
4	0.981	1e-05
4	1.199	0
4	1.086	1e-05
4	1.106	1e-05
4	1.181	0
4	1.169	0
4	1.166	0
4	1.063	1e-05
4	1.185	0
4	1.03	1e-05
4	1.223	0
4	1.162	0
4	1.082	1e-05
4	1.147	0
4	1.111	1e-05
4	1.118	1e-05
4	1.107	1e-05
4	1.077	1e-05
4	1.14	0.1063
4	1.104	1e-05
4	1.231	0
4	1.213	0
4	1.033	1e-05
4	1.192	0
4	1.085	1e-05
4	1.069	1e-05
4	1.281	0
4	1.007	1e-05
4	1.066	1e-05
4	1.182	0
4	1.077	1e-05
4	1.02	1e-05
4	1.085	1e-05
4	1.181	0
4	1.068	1e-05
4	1.091	1e-05
4	1.025	1e-05
4	1.096	1e-05
4	1.286	0
4	1.143	0
4	1.129	0
4	0.9964	1e-05
4	1.099	1e-05
4	1.19	0
4	0.9405	1e-05
4	0.9956	1e-05
4	1.06	1e-05
4	1.098	1e-05
4	1.257	0
4	1.141	0
4	1.134	0
4	1.13	0
4	1.083	1e-05
4	1.14	0
4	1.107	1e-05
4	1.169	0
4	1.169	0
4	1.006	1e-05
4	1.032	1e-05
4	1.08	1e-05
4	1.137	0
4	1.114	1e-05
4	1.143	0
4	1.132	0
4	1.243	0
4	1.068	1e-05
4	1.019	1e-05
4	1.206	0
4	1.281	0
4	1.128	0
4	1.114	1e-05
4	1.106	1e-05
4	1.184	0
4	1.022	1e-05
4	1.04	1e-05
4	1.047	1e-05
4	1.126	1e-05
4	1.015	1e-05
4	1.224	0
4	1.146	0
4	1.115	1e-05
4	1.061	1e-05
4	1.139	0
4	1.137	0
4	1.093	1e-05
4	0.9797	1e-05
4	1.204	0
4	1.204	0
4	1.124	1e-05
4	1.146	0.02687
4	1.141	0
4	1.058	1e-05
4	0.9958	1e-05
4	0.9986	1e-05
4	1.225	0
4	1.185	0
4	1.098	1e-05
4	1.065	1e-05
4	1.098	1e-05
4	1.044	1e-05
4	1.113	1e-05
4	1.2	0
4	1.109	1e-05
4	1.184	0
4	1.103	1e-05
4	1.09	1e-05
4	1.253	0
4	1.304	0
4	1.182	0
4	1.089	1e-05
4	1.2	0
4	1.041	1e-05
4	1.129	0
4	1.238	0
4	1.133	0
4	1.08	1e-05
4	1.053	1e-05
4	1.137	0
4	1.185	0
4	1.026	1e-05
4	1.199	0
4	0.9977	1e-05
4	0.9427	1e-05
4	1.077	1e-05
4	1.122	1e-05
4	1.082	1e-05
4	1.107	1e-05
4	1.195	0
4	1.194	0
4	1.144	0
4	1.019	1e-05
4	1.055	1e-05
4	1.075	1e-05
4	1.134	0
4	1.031	1e-05
4	1.155	0
4	1.196	0
4	0.9983	1e-05
4	1.132	0
4	1.11	1e-05
4	1.085	1e-05
4	1.07	1e-05
4	1.141	0.2603
4	1.132	0
4	1.144	0
4	1.115	1e-05
4	1.137	0
4	1.083	1e-05
4	1.07	1e-05
4	1.175	0
4	1.246	0
4	1.178	0
4	1.166	0
4	1.074	1e-05
4	1.233	0
4	1.216	0
4	1.114	1e-05
4	1.102	1e-05
4	1.055	1e-05
4	1.125	1e-05
4	1.144	0
4	1.155	0.0149
4	1.096	1e-05
4	1.149	0
4	1.15	0
4	1.122	1e-05
4	1.094	1e-05
4	1.136	0
4	1.187	0
4	1.168	0
4	1.107	1e-05
4	1.193	0
4	1.12	1e-05
4	1.206	0
4	1.149	0
4	1.047	1e-05
4	1.078	1e-05
4	1.12	1e-05
4	1.03	1e-05
4	1.139	0
4	1.206	0
4	1.079	1e-05
4	1.015	1e-05
4	1.111	1e-05
4	1.305	0
4	1.164	0
4	1.061	1e-05
4	1.153	0
4	1.081	1e-05
4	1.137	0
4	1.196	0
4	1.116	1e-05
4	1.096	1e-05
4	1.089	1e-05
4	1.109	1e-05
4	1.072	1e-05
4	1.027	1e-05
4	1.013	1e-05
4	1.139	0
4	1.223	0
4	1.216	0
4	1.215	0
4	1.174	0
4	1.153	0
4	1.182	0
4	1.189	0.1414
4	1.04	1e-05
4	1.144	0
4	1.093	1e-05
4	1.08	1e-05
4	1.126	1e-05
4	1.076	1e-05
4	1.258	0
4	1.106	1e-05
4	1.053	1e-05
4	1.236	0
4	1.047	1e-05
4	1.077	1e-05
4	1.074	1e-05
4	1.099	1e-05
4	1.237	0
4	1.199	0
4	0.9697	1e-05
4	1.21	0
4	1.249	0
4	1.049	1e-05
4	0.9996	1e-05
4	1.138	0
4	1.147	0
4	1.092	1e-05
4	1.112	1e-05
4	1.104	1e-05
4	1.1	1e-05
4	1.185	0
4	1.155	0
4	1.26	0
4	1.119	1e-05
4	1.127	1e-05
4	1.045	1e-05
4	1.094	1e-05
4	1.153	0
4	1.189	0
4	0.9997	1e-05
4	1.074	1e-05
4	1.106	1e-05
4	1.08	1e-05
4	1.168	0
4	1.074	1e-05
4	1.059	1e-05
4	1.166	0
4	1.197	0
4	1.157	0
4	1.094	1e-05
4	1.024	1e-05
4	1.035	1e-05
4	1.093	1e-05
4	1.203	0
4	1.098	1e-05
4	1.088	1e-05
4	0.984	1e-05
4	1.169	0
4	1.049	1e-05
4	1.129	0
4	1.029	1e-05
4	1.104	1e-05
4	1.222	0
4	1.145	0
4	1.04	1e-05
4	1.223	0
4	1.093	1e-05
4	1.133	0.2601
4	1.071	1e-05
4	1.107	1e-05
4	1.138	0
4	1.089	1e-05
4	1.098	1e-05
4	1.215	0
4	1.146	0.1608
4	1.057	1e-05
4	1.126	1e-05
4	1.172	0
4	1.104	1e-05
4	1.122	1e-05
4	1.109	1e-05
4	1.137	0.08301
4	1.266	0
4	1.091	1e-05
4	1.204	0
4	1.251	0
4	1.127	1e-05
4	1.112	1e-05
4	1.21	0
4	1.023	1e-05
4	1.16	0
4	1.084	1e-05
4	1.056	1e-05
4	1.144	0
