20	1.098	0.03777
20	1.229	0.03692
20	1.699	0.03798
20	0.6163	0.03953
20	1.857	0.03904
20	0.9906	0.03708
20	1.437	0.03946
20	0.8495	0.03594
20	1.364	0.0386
20	1.237	0.0384
20	1.672	0.0378
20	1.091	0.03815
20	0.9444	0.03869
20	0.8798	0.03776
20	0.9911	0.03897
20	1.01	0.03966
20	1.052	0.03642
20	1.009	0.03753
20	1.06	0.0395
20	1.071	0.03769
20	0.781	0.03598
20	0.7974	0.03649
20	0.8447	0.03992
20	1.048	0.03635
20	0.8505	0.03821
20	1.251	0.03826
20	0.951	0.0385
20	0.5876	0.03777
20	1.406	0.03871
20	0.78	0.03865
20	1.193	0.03789
20	0.647	0.03827
20	1.075	0.03596
20	1.147	0.03831
20	1.212	0.03979
20	1.798	0.03711
20	0.7659	0.03826
20	0.6612	0.03782
20	0.8236	0.03898
20	0.9854	0.03819
20	1.47	0.03884
20	1.152	0.03879
20	1.145	0.03701
20	0.5993	0.03718
20	1.049	0.03818
20	1.236	0.03752
20	1.091	0.03502
20	0.7812	0.03901
20	1.427	0.03945
20	1.112	0.03792
20	1.194	0.03796
20	1.085	0.03828
20	1.001	0.03926
20	1.025	0.03959
20	1.242	0.03796
20	1.234	0.04001
20	1.097	0.04031
20	1.263	0.03869
20	1.408	0.03863
20	1.186	0.03768
20	1.597	0.03815
20	1.032	0.0383
20	1.696	0.03737
20	0.9725	0.03847
20	1.05	0.03649
20	1.595	0.03701
20	0.806	0.03815
20	1.544	0.03932
20	1.494	0.03905
20	0.9845	0.0395
20	1.107	0.03862
20	0.7348	0.03801
20	0.916	0.03873
20	0.8611	0.03892
20	1.65	0.03738
20	1.298	0.03732
20	1.208	0.03788
20	0.9663	0.03667
20	1.029	0.04025
20	1.136	0.03876
20	1.518	0.03958
20	1.012	0.03841
20	0.8587	0.03694
20	1.435	0.03821
20	0.6704	0.03971
20	1.215	0.038
20	1.082	0.03697
20	1.287	0.03626
20	1.526	0.03961
20	1.07	0.03876
20	0.8979	0.03845
20	2.845	0.03785
20	0.8901	0.03715
20	1.357	0.03889
20	0.4385	0.03868
20	0.8043	0.03877
20	1.161	0.03752
20	1.2	0.03685
20	0.9328	0.03633
20	0.7526	0.03818
20	0.965	0.03762
20	1.087	0.03841
20	2.89	0.03802
20	0.9164	0.03583
20	1.315	0.03738
20	1.755	0.03506
20	1.559	0.03644
20	0.8926	0.03701
20	1.712	0.03926
20	1.037	0.03955
20	1.797	0.03732
20	0.952	0.03882
20	0.6454	0.04069
20	0.8018	0.03876
20	0.8802	0.04038
20	1.433	0.039
20	0.5909	0.03928
20	0.9244	0.03759
20	2.132	0.03918
20	1.012	0.04049
20	0.8306	0.03951
20	1.078	0.03917
20	1.237	0.03715
20	0.8599	0.03785
20	0.7697	0.03937
20	0.8091	0.03839
20	0.9887	0.03707
20	0.9682	0.03922
20	1.016	0.03594
20	1.246	0.03642
20	1.142	0.03661
20	2.384	0.03845
20	1.104	0.04021
20	1.872	0.03855
20	1.093	0.03899
20	1.781	0.03765
20	1.251	0.03619
20	0.9053	0.03732
20	0.8888	0.03811
20	0.9569	0.03655
20	0.7018	0.03724
20	1.169	0.03877
20	0.8261	0.03849
20	1.249	0.04001
20	2.151	0.03877
20	1.142	0.03895
20	1.053	0.03704
20	0.9847	0.03892
20	1.658	0.03792
20	1.096	0.03736
20	1.253	0.03731
20	0.8677	0.03927
20	0.7149	0.03846
20	1.011	0.03891
20	1.551	0.03742
20	1.326	0.03848
20	1.521	0.04034
20	1.248	0.03642
20	1.871	0.03922
20	1.013	0.03859
20	1.358	0.03846
20	1.114	0.03751
20	1.007	0.03707
20	1.134	0.03884
20	0.9228	0.0373
20	1.501	0.03788
20	0.8779	0.03778
20	0.9517	0.03758
20	1.392	0.0361
20	0.7509	0.03904
20	0.8562	0.03856
20	1.803	0.03823
20	1.306	0.03714
20	1.199	0.04014
20	0.8098	0.03743
20	0.581	0.04077
20	0.8369	0.03658
20	0.7144	0.03918
20	0.6728	0.03947
20	1.331	0.03661
20	0.9967	0.03939
20	1.292	0.03806
20	1.245	0.03697
20	1.187	0.03728
20	0.9056	0.03849
20	0.8566	0.03835
20	0.9676	0.0385
20	1.489	0.03716
20	0.6804	0.03807
20	1.039	0.03896
20	0.7102	0.03775
20	0.7005	0.03825
20	1.7	0.03854
20	0.9777	0.03822
20	1.071	0.04049
20	1.035	0.03955
20	1.305	0.0365
20	0.717	0.03861
20	0.9944	0.0389
20	0.8589	0.03861
20	0.7994	0.03814
20	1.072	0.03607
20	0.999	0.03742
20	1.262	0.03747
20	0.9748	0.03886
20	0.8753	0.03749
20	0.9825	0.03907
20	0.9428	0.03806
20	1.128	0.0379
20	1.33	0.03755
20	0.8622	0.03783
20	1.046	0.03962
20	1.144	0.03559
20	1.117	0.03619
20	1.77	0.03808
20	0.8151	0.03803
20	1.846	0.03845
20	1.365	0.0387
20	1.264	0.03673
20	1.113	0.03818
20	1.667	0.03773
20	0.7917	0.03822
20	0.6966	0.03854
20	0.9388	0.0378
20	0.9812	0.0386
20	1.439	0.0388
20	1.067	0.0383
20	1.003	0.03796
20	0.9235	0.03964
20	1.087	0.03638
20	0.9254	0.03733
20	0.7337	0.0389
20	0.9338	0.03756
20	0.956	0.03854
20	0.6638	0.03739
20	1.122	0.03786
20	1.646	0.03811
20	1.758	0.03939
20	1.045	0.04073
20	1.054	0.03535
20	1.053	0.04023
20	1.635	0.03708
20	1.154	0.03739
20	1.959	0.0374
20	0.9108	0.03953
20	1.531	0.03685
20	0.752	0.03706
20	0.8543	0.03856
20	1.085	0.03907
20	1.657	0.03699
20	1.057	0.03882
20	1.042	0.03976
20	1.028	0.0397
20	1.558	0.03665
20	0.7832	0.03811
20	0.8341	0.03893
20	1.1	0.03736
20	1.466	0.03983
20	0.7813	0.03961
20	1.202	0.03851
20	1.017	0.03846
20	0.8526	0.03847
20	1.566	0.03725
20	1.357	0.03909
20	0.7612	0.03933
20	0.9674	0.03906
20	1.231	0.03629
20	1.361	0.03875
20	1.173	0.03851
20	0.6793	0.03746
20	1.295	0.0375
20	0.9651	0.03867
20	0.9997	0.03749
20	1.597	0.03811
20	0.9929	0.03924
20	1.46	0.03978
20	0.7186	0.03937
20	1.219	0.03828
20	1.593	0.03865
20	0.8775	0.03828
20	1.246	0.03792
20	0.8432	0.03597
20	0.9969	0.03841
20	0.858	0.03926
20	1.1	0.04025
20	0.8574	0.0377
20	1.287	0.03734
20	0.5949	0.04003
20	0.819	0.03714
20	1.178	0.03801
20	1.182	0.03824
20	0.5965	0.03633
20	1.413	0.03664
20	1.747	0.03899
20	1.414	0.03763
20	1.354	0.03541
20	0.8985	0.03915
20	0.7705	0.03774
20	1.057	0.03889
20	0.6888	0.03671
20	1.253	0.03752
20	1.545	0.03788
20	0.946	0.03828
20	1.26	0.03708
20	1.797	0.03857
20	1.906	0.03787
20	0.9545	0.03716
20	1.914	0.03737
20	1.9	0.03742
20	1.058	0.03961
20	1.605	0.03631
20	1.366	0.03823
20	0.964	0.03828
20	0.8173	0.03811
20	0.8927	0.03759
20	0.9576	0.03951
20	0.798	0.03764
20	1.179	0.03731
20	1.195	0.03909
20	0.9017	0.03712
20	0.5809	0.03739
20	1.35	0.03869
20	0.7581	0.03715
20	1.127	0.04031
20	0.9581	0.03911
20	1.197	0.03811
20	1.084	0.03956
20	1.141	0.037
20	1.001	0.03986
20	0.6654	0.03793
20	0.6181	0.0364
20	1.126	0.03862
20	1.506	0.03856
20	1.358	0.03808
20	1.256	0.03785
20	1.283	0.03725
20	1.079	0.03887
20	1.319	0.03649
20	1.605	0.03777
20	1.317	0.03664
20	0.9308	0.03731
20	1.383	0.03591
20	0.9969	0.03828
20	0.7598	0.0377
20	1.422	0.03868
20	1.149	0.0385
20	0.926	0.03869
20	1.284	0.0399
20	1.329	0.03941
20	0.5058	0.03808
20	1.143	0.03741
20	1.381	0.03726
20	0.69	0.03736
20	1.477	0.03883
20	1.012	0.03839
20	1.363	0.03779
20	0.948	0.03678
20	1.505	0.03815
20	0.9426	0.03764
20	1.449	0.03903
20	1.159	0.03644
20	1.063	0.03892
20	1.043	0.03802
20	0.6074	0.03781
20	0.933	0.03837
20	1.132	0.03657
20	1.539	0.03992
20	0.9267	0.03626
20	0.8454	0.03582
20	1.079	0.03785
20	1.025	0.03794
20	0.9884	0.03863
20	1.146	0.03799
20	1.412	0.03799
20	0.9525	0.03843
20	1.014	0.03893
20	1.425	0.03714
20	1.022	0.03884
20	1.338	0.03907
20	1.477	0.04096
20	0.8045	0.04068
20	1.621	0.03774
20	0.9854	0.0368
20	1.137	0.03944
20	0.8642	0.03853
20	0.6708	0.03825
20	1.608	0.03783
20	1.097	0.03816
20	1.068	0.03791
20	1.507	0.03779
20	0.99	0.03649
20	0.7896	0.0396
20	1.095	0.03632
20	1.32	0.03895
20	0.9226	0.03716
20	0.8609	0.03765
20	0.9561	0.03653
20	1.05	0.03749
20	1.161	0.03869
20	0.8192	0.04001
20	0.932	0.03818
20	1.279	0.03943
20	1.045	0.03613
20	0.8602	0.03781
20	0.8978	0.03828
20	0.8154	0.03966
20	1.218	0.03696
20	1.403	0.03817
20	0.8771	0.03891
20	1.339	0.03844
20	0.87	0.03904
20	1.118	0.03831
20	1.041	0.03892
20	1.162	0.03579
20	1.414	0.03973
20	0.8801	0.03876
20	1.003	0.03999
20	1.1	0.03864
20	1.082	0.0381
20	1.244	0.03681
20	1.546	0.03851
20	0.9796	0.03791
20	1.502	0.03781
20	0.5426	0.0382
20	1.238	0.03923
20	0.5509	0.03859
20	0.9952	0.03854
20	0.7313	0.03839
20	1.271	0.03695
20	1.236	0.03816
20	1.102	0.0391
20	1.076	0.04004
20	0.8309	0.03562
20	0.8482	0.03823
20	1.554	0.03799
20	0.592	0.0379
20	0.9418	0.03702
20	0.8181	0.03611
20	0.8403	0.03941
20	1.176	0.03782
20	0.9708	0.03622
20	1.141	0.03795
20	1.318	0.03777
20	1.292	0.03778
20	1.179	0.03817
20	1.272	0.0383
20	1.119	0.03821
20	1.059	0.0395
20	0.984	0.03742
20	1.213	0.03669
20	0.734	0.03659
20	1.417	0.03958
20	1.18	0.03732
20	0.8039	0.03963
20	1.108	0.0392
20	0.7288	0.03603
20	0.9424	0.03816
20	0.8755	0.03927
20	1.359	0.03928
20	1.396	0.03747
20	1.197	0.03651
20	0.8245	0.03597
20	0.5485	0.0405
20	1.281	0.03744
20	0.97	0.03886
20	1.33	0.03672
20	0.7945	0.039
20	1.16	0.03631
20	0.8138	0.03891
20	1.125	0.03564
20	0.7962	0.03684
20	1.159	0.03723
20	1.61	0.03782
20	1.273	0.03883
20	1.297	0.03729
20	1.347	0.03809
20	0.9146	0.03899
20	0.8638	0.03913
20	1.016	0.0399
20	0.9569	0.03868
20	1.164	0.03862
20	1.553	0.03744
20	1.688	0.03801
20	0.7143	0.03797
20	0.9637	0.03901
20	1.477	0.03836
20	1.329	0.0382
20	1.096	0.03669
20	0.8981	0.03955
20	1.01	0.03763
20	0.8077	0.03758
20	0.9822	0.03889
20	0.6619	0.03831
20	1.176	0.03714
20	1.294	0.03728
20	1.418	0.03949
20	0.8766	0.0385
20	1.356	0.0401
20	1.056	0.03758
20	1.021	0.04001
20	0.8021	0.03652
20	1.369	0.04016
20	0.8957	0.03888
20	0.8587	0.03945
20	0.7861	0.03674
20	0.8227	0.03908
20	1.11	0.03858
20	1.227	0.03627
20	1.043	0.03473
20	1.209	0.03899
20	1.025	0.03977
20	0.7101	0.03767
20	0.6701	0.03932
20	0.9315	0.03846
20	1.123	0.03798
20	0.7928	0.03701
20	1.436	0.03887
20	1.514	0.03985
20	0.9788	0.0362
20	0.9463	0.03867
20	0.7646	0.03917
20	1.052	0.03694
20	0.8716	0.03908
20	0.7443	0.03805
20	1.002	0.03743
20	0.8799	0.03893
20	1.038	0.03902
20	1.298	0.03971
20	0.8692	0.03699
20	0.5931	0.04025
20	0.6591	0.03847
20	1.281	0.03748
20	0.7626	0.03571
20	0.8919	0.03816
20	2.416	0.03682
20	0.7821	0.03537
20	1.195	0.04022
20	0.9759	0.03687
20	1.03	0.03856
20	1.382	0.03715
20	1.267	0.03784
20	0.6533	0.03654
20	1.606	0.03834
20	1.681	0.03771
20	1.266	0.03949
20	1.188	0.03891
20	1.178	0.03803
20	1.522	0.0401
20	1.132	0.03866
20	0.4951	0.03776
20	1.915	0.03788
20	0.9506	0.03723
20	0.9379	0.03853
20	1.325	0.03547
20	0.7715	0.04007
20	1.705	0.03796
20	0.9717	0.0368
20	0.9727	0.03802
20	1.937	0.0378
20	1.196	0.03966
20	1.85	0.03528
20	1.132	0.03704
20	1.086	0.03655
20	0.8649	0.03784
20	0.8136	0.03922
20	1.157	0.03768
20	1.088	0.03827
20	1.876	0.03981
20	0.779	0.03781
20	1.239	0.03995
20	0.9418	0.03782
20	1.19	0.03692
20	0.8946	0.03823
20	1.016	0.04006
20	0.8807	0.03856
20	1.232	0.03892
20	1.563	0.03995
20	1.11	0.03731
20	1.119	0.03848
20	1.234	0.03943
20	0.6871	0.03858
20	1.006	0.03608
20	1.526	0.03732
20	1.271	0.03735
20	1.225	0.03703
20	0.9698	0.03815
20	1.032	0.03789
20	0.8886	0.03863
20	1.862	0.03868
20	1.224	0.03986
20	1.373	0.03777
20	1.128	0.03799
20	1.112	0.03782
20	0.9815	0.0391
20	1.016	0.04032
20	1.35	0.03726
20	1.166	0.03832
20	0.7834	0.0378
20	1.504	0.03676
20	1.167	0.03764
20	1.181	0.03744
20	1.075	0.03881
20	1.051	0.03652
20	0.9301	0.03741
20	1.238	0.03972
20	1.317	0.03713
20	0.8481	0.03948
20	0.9886	0.03764
20	0.6957	0.03841
20	1.023	0.03777
20	1.459	0.04034
20	0.6086	0.03924
20	0.9826	0.03843
20	0.7051	0.03991
20	0.564	0.03757
20	1.251	0.03777
20	1.752	0.03902
20	0.6464	0.03839
20	0.8021	0.03537
20	1.215	0.03942
20	0.8176	0.03714
20	0.8795	0.03782
20	2.145	0.03857
20	1.152	0.03689
20	0.9123	0.03869
20	1.193	0.03907
20	1.185	0.03801
20	0.9955	0.03622
20	0.8823	0.03755
20	1.211	0.03855
20	1.095	0.0375
20	1.067	0.03918
20	0.9761	0.03707
20	1.332	0.03772
20	1.096	0.03806
20	0.6901	0.03948
20	0.7345	0.03885
20	1.33	0.03711
20	1.067	0.03828
20	0.5296	0.03809
20	1.361	0.03898
20	0.7486	0.03528
20	1.042	0.0361
20	1.147	0.03797
20	0.8908	0.03666
20	1.025	0.03848
20	2.182	0.03806
20	0.8571	0.03751
20	1.231	0.03704
20	1.247	0.04058
20	0.9609	0.03991
20	1.382	0.03921
20	0.9534	0.03746
20	0.6784	0.03634
20	0.6579	0.03749
20	0.8875	0.03938
20	1.545	0.0374
20	1.107	0.03933
20	2.502	0.03615
20	1.096	0.03927
20	1.068	0.03779
20	1.058	0.03874
20	1.337	0.03858
20	0.7503	0.03741
20	1.038	0.03577
20	1.497	0.04015
20	0.9707	0.03925
20	1.403	0.03911
20	1.146	0.03828
20	1.162	0.0395
20	1.095	0.03946
20	1.059	0.03775
20	1.281	0.03701
20	1.13	0.03759
20	1.174	0.03838
20	1.26	0.03952
20	0.7657	0.03877
20	1.651	0.03813
20	0.7397	0.03795
20	0.736	0.03759
20	1.027	0.03851
20	0.8014	0.03889
20	0.7886	0.03711
20	1.271	0.03852
20	0.9843	0.03906
20	1.245	0.03753
20	0.9212	0.0372
20	0.7561	0.03859
20	0.9249	0.03735
20	0.9805	0.04068
20	1.395	0.03918
20	1.04	0.03713
20	1.013	0.03754
20	0.9114	0.03849
20	1.205	0.03837
20	0.8434	0.03823
20	1.222	0.03879
20	0.7507	0.03789
20	0.794	0.0376
20	1.101	0.03829
20	1.311	0.03723
20	0.6636	0.03857
20	1.445	0.03935
20	0.8613	0.03676
20	1.099	0.03883
20	1.577	0.038
20	1.339	0.03781
20	1.072	0.03671
20	0.8299	0.03732
20	1.33	0.0381
20	0.7317	0.03691
20	1.407	0.03807
20	0.8361	0.03729
20	1.355	0.03815
20	0.9265	0.03811
20	1.482	0.0394
20	0.8596	0.03876
20	0.936	0.03802
20	1.154	0.03601
20	0.9407	0.03962
20	1.151	0.03767
20	1.167	0.03863
20	1.484	0.0363
20	0.8293	0.03972
20	0.9665	0.03768
20	1.21	0.04035
20	1.213	0.03757
20	1.452	0.03701
20	1	0.03765
20	0.8077	0.03741
20	0.7862	0.03848
20	1.644	0.03792
20	1.003	0.03786
20	1.024	0.03709
20	0.7559	0.03921
20	1.367	0.03803
20	0.7991	0.03755
20	0.9435	0.03848
20	0.9163	0.03993
20	1.055	0.03852
20	1.243	0.03861
20	1.615	0.03842
20	1.083	0.03717
20	0.8244	0.03795
20	1.841	0.03719
20	0.7001	0.03789
20	1.126	0.03649
20	1.587	0.03789
20	1.49	0.03685
20	0.8475	0.03757
20	0.6976	0.03705
20	1.49	0.03859
20	1.395	0.03702
20	1.023	0.03971
20	0.7379	0.03992
20	1.07	0.03868
20	0.9667	0.03934
20	1.245	0.03903
20	0.8397	0.03634
20	1.242	0.03809
20	1.613	0.0393
20	0.8942	0.03805
20	1.064	0.03853
20	1.14	0.03837
20	0.8209	0.03602
20	0.7466	0.03558
20	1.073	0.03591
20	1.13	0.03912
20	1.168	0.03635
20	1.925	0.03909
20	0.8315	0.03662
20	1.368	0.0392
20	1.766	0.0384
20	0.8995	0.03924
20	0.9112	0.03958
20	1.189	0.0369
20	2.563	0.03682
20	0.8528	0.03834
20	0.9399	0.03561
20	0.7048	0.03771
20	0.648	0.03799
20	1.43	0.03813
20	0.8738	0.03798
20	2.023	0.04011
20	1.064	0.03904
20	0.8943	0.03965
20	1.301	0.03931
20	1.353	0.03847
20	0.8859	0.03806
20	1.003	0.03684
20	0.6373	0.03764
20	0.7885	0.03757
20	0.9395	0.03837
20	0.6156	0.03734
20	0.9721	0.0378
20	1.475	0.0394
20	1.125	0.04002
20	1.331	0.03864
20	1.266	0.03875
20	0.7589	0.0391
20	0.6908	0.03809
20	0.9577	0.03833
20	1.271	0.03872
20	0.8548	0.03738
20	0.981	0.03917
20	1.012	0.03775
20	0.7563	0.03839
20	1.264	0.03836
20	1.21	0.03802
20	1.183	0.03787
20	1.248	0.037
20	0.896	0.03803
20	1.019	0.03874
20	0.8816	0.03688
20	1.261	0.03706
20	0.657	0.03967
20	1.21	0.03685
20	0.5874	0.03757
20	1.488	0.03676
20	1.145	0.03783
20	0.9795	0.03803
20	0.9158	0.03778
20	1.078	0.03851
20	1.528	0.03786
20	0.7615	0.037
20	1.129	0.03805
20	1.198	0.03719
20	1.234	0.03763
20	1.117	0.03684
20	2.37	0.03787
20	1.779	0.03875
20	0.9323	0.03751
20	0.8191	0.03641
20	0.8304	0.04002
20	0.9458	0.03913
20	1.159	0.03751
20	1.311	0.04011
20	0.9413	0.03889
20	0.8434	0.03647
20	1.536	0.03893
20	1.207	0.03791
20	1.421	0.03907
20	1.651	0.03879
20	1.014	0.03793
20	1.151	0.03846
20	0.7817	0.03883
20	1.159	0.03805
20	1.312	0.04013
20	1.018	0.03639
20	0.9614	0.03676
20	0.6964	0.03794
20	1.934	0.03781
20	1.113	0.03875
20	0.882	0.0406
20	0.8973	0.04011
20	0.9046	0.03779
20	1.291	0.03819
20	0.8668	0.03855
20	1.283	0.03725
20	1.205	0.03973
20	1.291	0.03776
20	0.8545	0.03653
20	1.299	0.03804
20	1.402	0.03982
20	1.817	0.03552
20	0.9025	0.03719
20	1.512	0.03922
20	1.396	0.03771
20	0.6907	0.03878
20	0.9756	0.03748
20	1.458	0.03955
20	0.7186	0.03684
20	1.792	0.03971
20	0.677	0.03844
20	1.527	0.03802
20	0.8265	0.03803
20	1.158	0.03758
20	1.217	0.03824
20	0.78	0.03881
20	0.6647	0.03751
20	1.434	0.03792
20	1.601	0.03853
20	0.4992	0.03941
20	1.201	0.03795
20	1.116	0.03831
20	1.495	0.03773
20	1.676	0.03887
20	0.8609	0.03953
20	0.7616	0.03907
20	1.097	0.0383
20	1.462	0.03857
20	1.89	0.03712
20	1.111	0.03779
20	0.871	0.03728
20	1.253	0.038
20	0.867	0.03836
20	1.754	0.0376
20	0.8371	0.03715
20	1.027	0.03864
20	1.388	0.03881
20	1.289	0.03672
20	0.859	0.03824
20	0.7018	0.03965
20	0.9988	0.03777
20	0.5285	0.0373
20	0.7045	0.03732
20	0.5868	0.03931
20	1.126	0.03886
20	1.494	0.03713
20	0.603	0.03832
20	1.281	0.03775
20	0.8832	0.03903
20	1.182	0.03533
20	0.8033	0.03807
20	1.21	0.03854
20	1.651	0.03905
20	0.8333	0.03823
20	1.63	0.03644
20	1.166	0.03923
20	1.58	0.03836
20	1.172	0.0386
20	1.621	0.03608
20	0.9874	0.03867
20	1.36	0.03901
20	1.081	0.03862
20	1.522	0.0393
20	1.415	0.0392
20	1.183	0.03732
20	0.9669	0.0376
20	1.454	0.03743
20	1.64	0.03812
20	0.9855	0.03774
20	1.275	0.03751
20	1.092	0.03858
20	1.294	0.03875
20	1.708	0.03894
20	0.8436	0.03861
20	1.782	0.03716
20	1.983	0.03773
20	0.9305	0.03891
20	1.136	0.0347
20	1.193	0.03948
20	1.863	0.03908
20	0.8172	0.03658
20	0.9088	0.03726
20	1.363	0.03682
20	1.249	0.03714
20	0.9691	0.03678
20	0.8208	0.03931
20	0.6769	0.03623
20	0.8189	0.03948
20	0.844	0.03686
20	1.189	0.03704
20	1.255	0.03664
20	1.441	0.03821
20	1.033	0.03787
20	0.856	0.03976
20	0.8757	0.03847
20	1.04	0.03816
20	1.352	0.03966
20	0.7859	0.03795
20	1.17	0.03706
20	0.853	0.03923
20	0.8186	0.04006
20	0.7851	0.03841
20	1.248	0.03796
20	1.2	0.03726
20	1.338	0.03639
20	0.6863	0.03865
20	1.492	0.03858
20	1.059	0.03905
20	1.07	0.03593
20	0.9635	0.03682
20	0.998	0.03671
20	0.9159	0.03768
20	1.105	0.03858
20	1.074	0.0404
20	1.171	0.03721
20	0.7922	0.03702
20	0.942	0.03901
20	0.8666	0.0391
20	0.9303	0.03748
20	1.425	0.03736
20	0.8871	0.03969
20	1.587	0.03886
20	1.372	0.04069
20	1.233	0.03975
20	1.335	0.03917
20	1.583	0.03931
20	1.154	0.03727
20	0.7121	0.03876
20	0.8587	0.03834
20	0.9056	0.03919
20	0.8239	0.03862
20	1.138	0.03885
20	0.7813	0.03741
20	0.9188	0.03629
20	0.9511	0.03726
20	0.7256	0.03879
20	1.237	0.03586
20	0.9651	0.03759
20	1.256	0.03752
20	1.135	0.0391
20	1.115	0.03786
20	0.9035	0.03895
20	1.203	0.03674
20	1.4	0.03523
20	0.9004	0.03864
20	1.624	0.03854
20	0.6759	0.03835
20	1.099	0.03831
20	1.373	0.03833
20	0.6774	0.03872
20	1.35	0.0378
20	1.053	0.03649
20	1.385	0.03652
20	0.8191	0.03734
20	1.55	0.03896
20	1.246	0.03642
20	0.9949	0.03823
20	1.136	0.03827
20	0.8597	0.03948
20	1.482	0.03885
20	0.9789	0.03677
20	1.348	0.03838
20	0.7815	0.0381
20	1.534	0.03801
20	0.5249	0.03883
20	0.6702	0.03755
20	1.414	0.03778
20	0.8299	0.03978
20	1.128	0.03694
20	1.118	0.03824
20	0.6709	0.03967
20	1.049	0.03879
20	0.9727	0.03769
20	0.9584	0.03885
20	1.504	0.03786
20	1.497	0.03798
20	1.083	0.03838
20	0.6293	0.03869
20	1.757	0.03986
20	0.9354	0.03933
20	0.7911	0.03874
20	1.381	0.03603
20	0.6901	0.03849
20	0.9785	0.03912
20	1.129	0.03693
20	1.523	0.03652
20	1.596	0.03852
20	0.8397	0.03723
20	1.467	0.0371
20	0.8461	0.03888
20	1.19	0.03784
20	1.31	0.03858
20	1.355	0.03848
20	1.749	0.03764
20	1.301	0.03793
20	0.8742	0.03945
20	1.245	0.03816
20	1.201	0.0369
20	0.9874	0.03793
20	1.376	0.03928
20	0.8096	0.03679
20	1.028	0.03675
20	0.6337	0.03778
20	1.122	0.03759
20	0.7476	0.03822
20	0.5756	0.04017
20	1.332	0.03764
20	1.036	0.03904
20	1.245	0.03838
20	0.8003	0.04065
20	0.5258	0.03793
20	1.199	0.04002
20	1.109	0.0362
20	1.084	0.03885
20	0.6489	0.03814
20	1.182	0.03538
20	0.7015	0.03887
20	0.7738	0.03906
20	0.6772	0.0395
20	1.057	0.03831
20	1.006	0.03734
20	0.9327	0.03788
20	1.654	0.03859
20	0.7886	0.03654
20	1.521	0.03777
20	1.312	0.03745
20	1.591	0.03818
20	1.507	0.03727
20	1.526	0.03836
20	1.227	0.03804
20	1.499	0.03923
20	1.165	0.03824
20	1.216	0.03711
20	0.9055	0.03822
20	1.153	0.03899
20	1.282	0.03793
20	1.42	0.03804
20	0.9443	0.03896
20	1.043	0.03939
20	1.534	0.04032
20	0.6676	0.03765
20	1.014	0.03701
20	0.8409	0.03848
20	1.046	0.03871
20	0.8587	0.0382
20	1.711	0.03827
20	0.8598	0.03811
20	1.003	0.03804
20	1.175	0.0383
20	2.02	0.03778
20	1.076	0.03907
20	0.8009	0.03836
20	1.313	0.03826
20	1.16	0.03761
20	1.453	0.03984
20	1.51	0.03954
20	1.194	0.03858
20	0.722	0.03783
20	1.019	0.03801
20	1.008	0.03716
20	1.068	0.03833
20	1.224	0.03924
20	1.184	0.03763
20	1.419	0.03728
20	1.559	0.03689
20	0.9355	0.03839
20	1.563	0.03804
20	1.05	0.03732
20	1.091	0.03981
20	0.9963	0.0392
20	1.403	0.03927
20	0.8798	0.03694
20	1.61	0.03794
20	0.848	0.03825
20	1.318	0.03713
20	1.06	0.04018
20	0.6999	0.03667
20	0.7615	0.04062
20	1.187	0.0374
20	1.036	0.03958
20	0.8641	0.0369
20	1.131	0.03762
20	0.8455	0.0389
20	1.649	0.03842
20	0.987	0.03842
20	0.9703	0.03795
20	0.9611	0.03896
20	0.7243	0.03889
20	1.233	0.03986
20	1.226	0.03869
20	0.6452	0.03787
20	1.312	0.03693
20	1.65	0.038
20	0.8453	0.03886
20	0.9314	0.03915
20	1.484	0.03806
20	0.9425	0.03834
20	1.353	0.03993
20	0.8828	0.03771
20	1.005	0.03871
20	0.8787	0.03755
20	1.37	0.03676
20	1.197	0.03739
20	0.901	0.03777
20	1.156	0.03698
20	0.8508	0.03855
20	1.364	0.03736
20	0.8148	0.03879
20	1.463	0.03583
20	1.075	0.03946
20	0.7072	0.0383
20	1.117	0.03673
20	1.157	0.03763
20	1.159	0.03852
20	1.653	0.03755
20	0.7723	0.03604
20	1.287	0.03837
20	1.014	0.03802
20	0.7095	0.03951
20	0.9576	0.03954
20	1.169	0.03894
20	1.178	0.03823
20	1.513	0.04014
20	1.341	0.03883
20	0.9348	0.0391
20	0.7632	0.03738
20	1.131	0.03837
20	1.637	0.03626
20	1.283	0.03852
20	0.8391	0.03709
20	1.211	0.04042
20	0.8538	0.03655
20	1.033	0.03793
20	1.592	0.03803
20	1.745	0.03773
20	1.236	0.0379
20	1.046	0.03726
20	0.7933	0.03885
20	1.514	0.03886
20	1.632	0.03798
20	1.295	0.0393
20	0.9849	0.03906
20	1.356	0.03724
20	1.211	0.03902
20	0.757	0.03725
20	2.44	0.03709
20	1.17	0.03836
20	1.169	0.03649
20	1.647	0.03846
20	1.599	0.03935
20	1.363	0.03975
20	0.6562	0.03989
20	1.178	0.0379
20	0.8232	0.03821
20	1.544	0.03873
20	1.246	0.03886
20	1.995	0.03859
20	1.144	0.03691
20	1.354	0.03812
20	1.363	0.03646
20	0.9493	0.03905
20	0.8836	0.03643
20	0.8155	0.03827
20	0.506	0.03819
20	0.9394	0.03907
20	0.7205	0.03868
20	0.6492	0.03964
20	1.267	0.03757
20	1.001	0.0384
20	0.702	0.03917
20	0.64	0.03705
20	1.011	0.03842
20	1.139	0.0358
20	1.127	0.0383
20	0.8427	0.03833
20	1.402	0.03907
20	0.7272	0.03924
20	1.432	0.03846
20	1.401	0.03782
20	1.224	0.03718
20	1.096	0.03992
20	1.092	0.03837
20	0.6446	0.0385
20	1.114	0.03767
20	1.713	0.03849
20	0.9801	0.03876
20	1.71	0.03645
20	0.8909	0.03783
20	1.35	0.03799
20	0.9182	0.03672
20	0.9159	0.03878
20	0.584	0.03749
20	1.306	0.03833
20	1.045	0.03934
20	1.334	0.036
20	1.258	0.03915
20	0.9224	0.03864
20	1.012	0.03709
20	1.18	0.0391
20	1.174	0.03832
20	1.148	0.03684
20	0.8027	0.03886
20	0.5971	0.03935
20	1.643	0.03758
20	0.8884	0.03724
20	0.9836	0.03785
20	1.155	0.03654
20	0.8553	0.03926
20	1.085	0.03806
20	0.8976	0.03812
20	0.8741	0.03734
20	1.111	0.03764
20	1.465	0.03565
20	0.8536	0.03733
20	1.393	0.03998
20	1.279	0.03801
20	0.8837	0.03668
20	1.155	0.03818
20	1.307	0.03877
20	0.8379	0.0389
20	0.7448	0.03914
20	0.8717	0.03584
20	1.217	0.03894
20	1.037	0.03833
20	0.958	0.03873
20	0.9545	0.03883
20	0.6743	0.03848
20	1.272	0.03823
20	0.874	0.03986
20	0.7746	0.03875
20	0.7064	0.03719
20	1.156	0.03801
20	0.622	0.03909
20	1.539	0.03979
20	1.373	0.03807
20	1.286	0.03889
20	1.218	0.03791
20	0.9924	0.03856
20	1.093	0.03727
20	1.412	0.0389
20	0.9233	0.03892
20	0.9955	0.03666
20	0.7243	0.03738
20	1.173	0.0369
20	0.5673	0.03764
20	1.018	0.03691
20	1.34	0.03796
20	1.167	0.0378
20	0.9228	0.03801
20	1.143	0.03714
20	0.9221	0.03771
20	1.179	0.03825
20	1.718	0.0376
20	1.323	0.0387
20	0.9806	0.03813
20	1.522	0.03789
20	0.8932	0.03725
20	1.373	0.0354
20	1.161	0.03799
20	1.246	0.03642
20	1.267	0.03894
20	1.502	0.03761
20	0.986	0.03696
20	0.8648	0.03882
20	1.003	0.0379
20	1.045	0.03676
20	1.078	0.03807
20	1.088	0.03754
20	0.9665	0.03727
20	0.8084	0.03724
20	0.7422	0.03949
20	1.624	0.03526
20	0.7708	0.03927
20	0.9359	0.03988
20	2.126	0.03952
20	0.9353	0.03885
20	0.7921	0.03725
20	1.422	0.03755
20	0.8755	0.03821
20	0.704	0.03857
20	0.9323	0.0379
20	1.254	0.03759
20	1.009	0.0381
20	1.373	0.03733
20	0.736	0.03769
20	0.9747	0.03855
20	0.6825	0.03581
20	1.056	0.03819
20	0.6657	0.03917
20	0.8028	0.03846
20	0.8348	0.03699
20	1.21	0.03825
20	1.449	0.03939
20	1.77	0.03773
20	1.271	0.03625
20	1.289	0.03743
20	1.011	0.03825
20	0.7004	0.0383
20	0.8137	0.03883
20	1.041	0.03792
20	0.7014	0.03813
20	1.182	0.03643
20	1.361	0.03732
20	1.188	0.03693
20	0.8943	0.03922
20	1.275	0.03874
20	0.8588	0.0369
20	0.9996	0.03851
20	0.7863	0.03988
20	0.926	0.03878
20	0.8311	0.03661
20	2.172	0.03771
20	0.7786	0.03755
20	1.267	0.03786
20	1.207	0.03873
20	0.8687	0.03941
20	1.631	0.03793
20	0.6433	0.03804
20	0.8642	0.03831
20	0.8618	0.03988
20	1.114	0.03706
20	1.315	0.0356
20	1.356	0.0373
20	0.8865	0.03735
20	1.189	0.03653
20	0.7052	0.03792
20	1.002	0.03866
20	1.484	0.04029
20	1.512	0.03671
20	0.8871	0.03717
20	0.9273	0.0375
20	0.9115	0.03761
20	1.124	0.03892
20	2.028	0.03825
20	1.138	0.0383
20	1.213	0.03828
20	0.7834	0.03984
20	0.8115	0.03762
20	1.673	0.0367
20	0.7788	0.03758
20	1.277	0.03846
20	0.9418	0.03797
20	1.037	0.03619
20	1.642	0.03739
20	0.9627	0.0392
20	1.022	0.03756
20	1.677	0.03587
20	1.045	0.03593
20	1.865	0.03667
20	0.8631	0.03902
20	1.678	0.03721
20	1.293	0.03691
20	0.83	0.0387
20	1.488	0.03959
20	1.014	0.03795
20	0.9539	0.03928
20	0.6197	0.03869
20	0.8005	0.03733
20	1.182	0.03928
20	1.055	0.03811
20	0.8341	0.039
20	0.7697	0.04028
20	1.105	0.03703
20	1.386	0.03865
20	0.7501	0.03839
20	1.131	0.03792
20	0.8564	0.03813
20	0.7277	0.03909
20	2.159	0.03788
20	0.6087	0.03862
20	1.12	0.03701
20	0.8281	0.03839
20	0.9384	0.03852
20	0.9154	0.03656
20	0.899	0.03808
20	1.246	0.03896
20	1.39	0.03914
20	1.871	0.03939
20	0.637	0.03873
20	1.335	0.03886
20	1.924	0.03916
20	0.9701	0.03653
20	1.125	0.03705
20	1.255	0.03714
20	0.7645	0.03861
20	1.739	0.03724
20	1.423	0.03856
20	1.085	0.03944
20	0.8814	0.03802
20	1.744	0.03753
20	1.245	0.03965
20	0.9971	0.03746
20	1.255	0.03732
20	0.6531	0.035
20	0.7235	0.0372
20	1.003	0.03831
20	1.649	0.03709
20	1.251	0.03868
20	0.8087	0.03691
20	1.068	0.03834
20	1.241	0.03711
20	1.023	0.03921
20	1.175	0.03686
20	1.065	0.03827
20	2.559	0.03693
20	0.9181	0.03864
20	1.209	0.03831
20	0.8249	0.04043
20	0.638	0.03879
20	1.404	0.03809
20	1.067	0.03846
20	0.8852	0.03791
20	1.164	0.03907
20	1.23	0.03753
20	0.7846	0.03997
20	1.38	0.03705
20	0.7164	0.03924
20	1.841	0.03663
20	1.613	0.03981
20	1.15	0.03471
20	0.881	0.03955
20	0.6354	0.03648
20	0.9862	0.03761
20	0.8606	0.03735
20	0.8741	0.03541
20	1.72	0.03796
20	0.9734	0.03782
20	0.7351	0.03814
20	1.6	0.04023
20	1.415	0.03919
20	2.303	0.03767
20	0.7342	0.03912
20	0.8123	0.04032
20	0.8157	0.03876
20	1.165	0.03835
20	0.9201	0.03892
20	0.9707	0.03814
20	1.153	0.03946
20	1.027	0.03765
20	0.8435	0.03711
20	1.32	0.03914
20	0.8115	0.0393
20	1.567	0.03859
20	1.263	0.03832
20	0.9184	0.0402
20	0.9988	0.03812
20	1.076	0.03917
20	0.7901	0.03728
20	0.9554	0.03885
20	1.548	0.03817
20	1.152	0.03563
20	1.319	0.03831
20	1.099	0.03767
20	0.5093	0.03857
20	1.641	0.03906
20	1.17	0.03893
20	1.588	0.03869
20	1.135	0.0378
20	1.635	0.03832
20	1.732	0.0389
20	1.436	0.0366
20	0.8648	0.03813
20	0.9241	0.03819
20	1.192	0.03788
20	0.6235	0.03692
20	0.7578	0.038
20	0.9667	0.03915
20	1.473	0.04073
20	0.9585	0.0373
20	0.8275	0.03559
20	0.7803	0.03809
20	1.193	0.03888
20	1.452	0.03932
20	0.8397	0.03881
20	0.9408	0.03849
20	1.005	0.03939
20	0.9622	0.03791
20	1.082	0.03939
20	1.306	0.03766
20	0.5912	0.03914
20	1.018	0.03767
20	1.081	0.03935
20	0.9365	0.03693
20	1.003	0.037
20	1.26	0.03679
20	1.528	0.04058
20	1.391	0.03779
20	1.096	0.03836
20	1.356	0.03697
20	1.178	0.03867
20	0.8544	0.03792
20	1.067	0.03917
20	0.8229	0.03899
20	1.03	0.03793
20	0.9296	0.03864
20	1.412	0.03847
20	1.219	0.03965
20	0.9263	0.03912
20	0.8428	0.0402
20	1.127	0.03849
20	1.466	0.04032
20	0.9798	0.03744
20	1.655	0.03797
20	0.9771	0.03855
20	1.225	0.03921
20	0.9995	0.03789
20	1.259	0.03831
20	1.234	0.03696
20	1.893	0.04043
20	1.05	0.0387
20	0.8109	0.03809
20	0.9533	0.0385
20	1.446	0.03953
20	1.278	0.0383
20	1.335	0.0389
20	1.431	0.0384
20	0.9659	0.03731
20	1.276	0.03789
20	0.9193	0.03675
20	1.68	0.03857
20	1.069	0.03785
20	0.6717	0.03893
20	1.132	0.03759
20	0.9312	0.03736
20	1.361	0.03913
20	0.937	0.03899
20	0.776	0.0385
20	0.5722	0.03922
20	1.203	0.03876
20	1.459	0.03864
20	1.354	0.03873
20	1.175	0.03855
20	1.177	0.03898
20	0.9628	0.03709
20	0.7134	0.03681
20	1.382	0.03822
20	0.653	0.0397
20	0.8976	0.03881
20	1.04	0.03825
20	1.066	0.03793
20	1.288	0.03876
20	0.6974	0.03687
20	1.664	0.03946
20	0.6852	0.03913
20	1.538	0.03968
20	1.313	0.03595
20	0.8639	0.03882
20	1.379	0.03815
20	1.099	0.03933
20	1.008	0.0393
20	1.203	0.03709
20	0.6458	0.03766
20	0.9536	0.03929
20	0.6896	0.03845
20	1.194	0.038
20	0.7128	0.0366
20	1.067	0.03711
20	0.8827	0.03976
20	1.181	0.03888
20	1.447	0.037
20	0.952	0.03856
20	1.313	0.03725
20	0.771	0.03785
20	1.41	0.03909
20	1.369	0.03957
20	0.7716	0.03823
20	1.294	0.03828
20	1.486	0.03999
20	0.8561	0.0401
20	1.682	0.03924
20	1.007	0.03902
20	1.457	0.03718
20	0.6152	0.03697
20	0.9223	0.03876
20	1.356	0.03923
20	1.644	0.03781
20	0.7892	0.03801
20	2.377	0.03564
20	1.45	0.03633
20	1.035	0.03901
20	1.031	0.03846
20	1.381	0.0355
20	0.9543	0.03893
20	0.8212	0.0381
20	0.9539	0.03931
20	1.166	0.03892
20	1.273	0.03795
20	0.6048	0.03736
20	0.8226	0.03697
20	1.233	0.03858
20	0.8259	0.03669
20	0.8171	0.03902
20	1.2	0.03782
20	0.9954	0.03984
20	0.8255	0.03699
20	1.148	0.03926
20	0.9457	0.03772
20	0.7851	0.03645
20	0.9487	0.0386
20	0.8361	0.03767
20	1.449	0.03881
20	1.765	0.0385
20	1.092	0.03952
20	1.013	0.03656
20	0.9111	0.03838
20	0.9772	0.0378
20	0.9024	0.03809
20	0.9727	0.03832
20	0.7726	0.03781
20	0.8205	0.03816
20	0.823	0.03884
20	1.063	0.03825
20	1.129	0.03889
20	1.427	0.03515
20	0.9346	0.03992
20	0.8476	0.03778
20	1.481	0.03835
20	0.9676	0.03729
20	1.567	0.03807
20	1.069	0.03771
20	0.9536	0.03842
20	0.5789	0.03899
20	1.689	0.03696
20	0.9527	0.03626
20	1.112	0.03901
20	1.011	0.03828
20	0.7789	0.03774
20	0.6826	0.03904
20	1.003	0.039
20	1.004	0.03708
20	0.8999	0.03852
20	0.9548	0.03907
20	0.8556	0.03856
20	0.742	0.03933
20	1.6	0.03889
20	0.8081	0.03595
20	1.549	0.03928
20	0.9921	0.03646
20	1.392	0.04008
20	1.043	0.03909
20	0.8538	0.03667
20	1.853	0.03917
20	0.6647	0.03902
20	1.613	0.0395
20	1.32	0.03898
20	1.159	0.03859
20	1.641	0.03855
20	1.259	0.03802
20	0.8178	0.03926
20	0.9817	0.03908
20	1.541	0.03795
20	1.324	0.03776
20	1.278	0.03816
20	0.891	0.03632
20	1.164	0.04012
20	0.8851	0.03825
20	1.518	0.03893
20	1.501	0.04031
20	1.899	0.03864
20	0.6609	0.03758
20	1.161	0.03959
20	0.9005	0.03811
20	0.9094	0.03871
20	1.385	0.03655
20	0.6061	0.03702
20	1.11	0.03756
20	0.7284	0.03846
20	1.106	0.03626
20	1.39	0.03772
20	0.9824	0.03896
20	0.9659	0.03802
20	1.361	0.03791
20	0.9474	0.03598
20	0.9655	0.03712
20	1.046	0.03749
20	0.7983	0.03737
20	1.264	0.04031
20	1.036	0.03934
20	1.175	0.03749
20	0.6861	0.03836
20	1.47	0.03966
20	0.7305	0.03884
20	1.567	0.03974
20	1.049	0.03848
20	1.467	0.03612
20	1.536	0.03665
20	0.9683	0.03772
20	0.9006	0.03829
20	0.9817	0.03947
20	0.8641	0.03943
20	0.8301	0.03969
20	0.9201	0.04068
20	0.8935	0.03782
20	1.324	0.03811
20	0.7504	0.03887
20	1.845	0.03665
20	1.114	0.04024
20	1.601	0.03839
20	1.132	0.03887
20	0.9937	0.03921
20	0.8757	0.03915
20	1.296	0.03736
20	0.9586	0.03747
20	1.25	0.03971
20	0.8876	0.03809
20	1.57	0.03793
20	0.8017	0.03823
20	0.9861	0.03591
20	1.437	0.03875
20	1.373	0.03935
20	1.868	0.03868
20	1.099	0.03864
20	1.886	0.03945
20	1.218	0.03813
20	1.057	0.03586
20	1.277	0.039
20	1.461	0.03584
20	0.7214	0.03656
20	1.381	0.0376
20	2.121	0.03716
20	1.233	0.03693
20	1.205	0.03703
20	1.446	0.0374
20	0.8058	0.03665
20	1.515	0.03759
20	0.734	0.03683
20	1.169	0.03731
20	0.9102	0.03781
20	0.8063	0.03744
20	1.322	0.03952
20	1.133	0.03904
20	0.9212	0.03755
20	1.031	0.03755
20	0.8313	0.03855
20	1.882	0.03895
20	1.089	0.03977
20	1.41	0.03506
20	0.7284	0.03863
20	1.047	0.03808
20	1.236	0.03899
20	0.7705	0.03886
20	1.16	0.03814
20	1.056	0.03818
20	1.258	0.03874
20	0.826	0.03792
20	1.312	0.03725
20	1.471	0.03872
20	0.9809	0.03845
20	1.268	0.03744
20	1.367	0.03574
20	1.075	0.03768
20	0.9777	0.03744
20	0.7594	0.03903
20	1.168	0.03781
20	1.412	0.03773
20	1.2	0.03832
20	1.678	0.03804
20	1.439	0.038
20	0.9888	0.03794
20	0.8548	0.03841
20	1.358	0.03712
20	0.7193	0.03702
20	0.8424	0.03918
20	1.362	0.03961
20	1.197	0.03843
20	1.195	0.03797
20	0.6819	0.03959
20	1.078	0.03679
20	0.9844	0.03914
20	0.6852	0.03572
20	0.8517	0.03962
20	0.9394	0.0378
20	1.029	0.03833
20	0.789	0.03758
20	0.9206	0.03804
20	1.369	0.03523
20	1.239	0.03758
20	1.259	0.03666
20	1.151	0.03884
20	0.9487	0.04017
20	1.656	0.03711
20	1.176	0.03821
20	1.105	0.03813
20	0.8069	0.03802
20	1.323	0.03846
20	1.129	0.03919
20	0.9825	0.03872
20	0.8638	0.038
20	0.9955	0.038
20	1.068	0.03704
20	1.503	0.03913
20	1.037	0.03886
20	1.356	0.03704
20	1.89	0.03828
20	0.8086	0.03975
20	1.207	0.0365
20	0.6609	0.03766
20	1.43	0.03982
20	1.396	0.03963
20	0.9131	0.03762
20	1.389	0.03773
20	1.601	0.03852
20	0.9399	0.03805
20	1.869	0.03857
20	0.7048	0.0364
20	1.464	0.03814
20	1.338	0.03664
20	1.408	0.03984
20	1.166	0.03742
20	1.007	0.03902
20	0.9203	0.03951
20	1.131	0.03877
20	1.002	0.03936
20	1.249	0.03773
20	1.28	0.03791
20	0.9451	0.03869
20	1.083	0.03888
20	1.056	0.03745
20	0.7749	0.03881
20	0.6355	0.03814
20	1.133	0.03815
20	1.283	0.04021
20	0.5719	0.04016
20	0.7881	0.03882
20	1.057	0.03855
20	1.275	0.03813
20	1.531	0.03841
20	1.052	0.0365
20	1.55	0.03762
20	0.9222	0.03701
20	1.504	0.03832
20	1.046	0.03707
20	1.08	0.03723
20	0.9998	0.03643
20	0.9596	0.0381
20	1.038	0.03832
20	1.194	0.03744
20	1.291	0.039
20	1.059	0.03651
20	0.7795	0.03901
20	1.262	0.03932
20	0.9905	0.0379
20	1.619	0.03904
20	0.8857	0.03793
20	1.444	0.03829
20	0.7764	0.0366
20	1.57	0.03839
20	1.017	0.03849
20	1.443	0.03977
20	1.467	0.03881
20	1.097	0.0384
20	1.694	0.03755
20	0.6777	0.03906
20	1.041	0.03922
20	0.9793	0.03773
20	0.7672	0.03824
20	1.035	0.03743
20	0.9043	0.03856
20	1.124	0.03564
20	1.099	0.03937
20	1.429	0.03754
20	0.8457	0.03828
20	0.981	0.03923
20	1.933	0.03686
20	0.8666	0.03911
20	1.376	0.03574
20	0.9041	0.03815
20	1.183	0.03756
20	1.227	0.03609
20	1.401	0.03591
20	1.094	0.03879
20	1.403	0.03883
20	1.262	0.03774
20	0.7811	0.03863
20	1.237	0.03963
20	0.8052	0.03847
20	1.14	0.03821
20	1.267	0.03719
20	1.563	0.03821
20	0.9996	0.03912
20	1.395	0.03868
20	1.025	0.03865
20	1.112	0.03871
20	1.123	0.03664
20	1.799	0.03963
20	0.9445	0.03712
20	1.247	0.03923
20	1.051	0.03577
20	1.493	0.03809
20	1.204	0.03725
20	1.283	0.03872
20	1.512	0.03954
20	0.9773	0.03726
20	0.8152	0.03645
20	0.944	0.03909
20	1.394	0.03998
20	1.084	0.03811
20	1.034	0.0381
20	0.8626	0.03778
20	1.083	0.03819
20	1.6	0.03921
20	1.445	0.03671
20	1.195	0.0367
20	1.116	0.03864
20	1.156	0.03902
20	1.542	0.03808
20	0.5001	0.0355
20	1.518	0.03927
20	1.781	0.03582
20	1.429	0.03704
20	0.711	0.03803
20	1.25	0.03713
20	1.008	0.03613
20	1.005	0.03858
20	0.6142	0.03832
20	1.286	0.03781
20	1.425	0.03868
20	1.124	0.03691
20	1.046	0.03775
20	0.9455	0.04023
20	0.8441	0.03774
20	1.208	0.03749
20	1.139	0.03481
20	1.147	0.03489
20	0.8763	0.03978
20	1.288	0.03767
20	2.183	0.03654
20	0.96	0.03824
20	1.3	0.03825
20	0.7417	0.03867
20	1.173	0.03854
20	1.719	0.0376
20	0.906	0.04005
20	1.164	0.03788
20	1.732	0.03772
20	0.9074	0.03936
20	0.8897	0.03749
