6	1.678	0.4969
6	0.7681	0.001646
6	0.8765	0.006776
6	1.099	0.07467
6	1.648	0.4955
6	1.405	0.2609
6	1.201	0.113
6	1.201	0.1168
6	1.596	0.447
6	1.068	0.05494
6	1.362	0.2079
6	1.178	0.1002
6	0.9063	0.01311
6	1.012	0.03555
6	0.7629	0.001373
6	0.7745	0.002892
6	0.8775	0.008775
6	0.8233	0.004369
6	1.066	0.05337
6	1.114	0.07691
6	0.8956	0.01151
6	1.341	0.1992
6	1.801	0.6314
6	1.065	0.05384
6	1.066	0.05384
6	1.781	0.5967
6	0.9066	0.01169
6	1.099	0.06435
6	1.124	0.0779
6	1.271	0.1479
6	1.434	0.2739
6	1.808	0.6337
6	1.163	0.08366
6	1.109	0.0842
6	1.52	0.3592
6	1.113	0.07385
6	1.304	0.1769
6	0.6185	0
6	1.232	0.1334
6	0.6972	0.0009965
6	1.365	0.2121
6	0.9047	0.01302
6	0.9899	0.02935
6	1.017	0.03912
6	1.403	0.2695
6	0.9846	0.02762
6	0.945	0.01944
6	0.9743	0.02381
6	0.9875	0.02823
6	1.164	0.08957
6	0.7477	0.0009744
6	0.9494	0.01764
6	0.9283	0.01595
6	1.746	0.5781
6	0.814	0.00466
6	0.9016	0.01206
6	1.106	0.07703
6	0.9584	0.01641
6	1.144	0.08782
6	1.825	0.6512
6	1.11	0.07607
6	0.7856	0.002077
6	1.388	0.2575
6	1.047	0.04892
6	0.9929	0.02533
6	1.346	0.1903
6	0.9384	0.01568
6	0.8623	0.007687
6	0.8185	0.005068
6	1.079	0.05862
6	0.9582	0.01579
6	1.058	0.05102
6	0.9469	0.01664
6	0.9079	0.01176
6	0.9112	0.01144
6	1.385	0.2454
6	0.5234	0.0002097
6	0.861	0.007772
6	1.137	0.07783
6	1.001	0.03193
6	1.207	0.1219
6	0.9552	0.01999
6	1.305	0.1762
6	1.168	0.09176
6	1.4	0.2473
6	0.7176	0.001075
6	0.8074	0.002389
6	1.339	0.1987
6	1.272	0.1501
6	1.174	0.09214
6	0.9548	0.01619
6	0.9958	0.02493
6	1.051	0.04967
6	0.9474	0.01608
6	1.066	0.05153
6	1.46	0.3111
6	1.192	0.1145
6	0.9561	0.01569
6	1.054	0.04954
6	1.951	0.7703
6	1.034	0.03706
6	0.9527	0.01929
6	0.7107	0.0007132
6	1.394	0.2383
6	0.8884	0.007874
6	0.8145	0.002901
6	1.614	0.4486
6	1.238	0.1271
6	1.34	0.1985
6	0.9386	0.01795
6	1.199	0.118
6	0.9803	0.02482
6	0.7207	0.000455
6	0.8128	0.004622
6	1.386	0.2472
6	1.375	0.2195
6	0.718	0.001167
6	0.9225	0.01365
6	1.203	0.1205
6	0.7194	0.001028
6	1.124	0.08
6	0.6921	0
6	0.9162	0.01268
6	1.446	0.2826
6	1.218	0.1277
6	1.6	0.4398
6	1.121	0.08144
6	1.403	0.2509
6	1.319	0.1876
6	0.7887	0.001581
6	0.9318	0.01471
6	0.738	0.002083
6	1.395	0.2361
6	1.108	0.07609
6	1.128	0.06824
6	1.143	0.07567
6	1.067	0.05361
6	1.043	0.04613
6	0.8947	0.01147
6	0.9265	0.01359
6	1.297	0.1739
6	0.9648	0.02028
6	1.271	0.1531
6	0.8798	0.009939
6	0.8448	0.006309
6	1.096	0.0635
6	1.363	0.2189
6	0.884	0.009276
6	1.061	0.05268
6	1.057	0.05116
6	1.082	0.05743
6	1.389	0.2376
6	1.617	0.4567
6	0.9749	0.02275
6	1.593	0.426
6	1.179	0.1008
6	1.124	0.0723
6	0.8558	0.006896
6	1.135	0.08529
6	1.015	0.03747
6	0.8065	0.00402
6	1.791	0.6056
6	0.9892	0.03066
6	1.013	0.03496
6	1.928	0.7365
6	0.7299	0.001339
6	1.104	0.07047
6	1.163	0.08509
6	0.9259	0.01677
6	1.265	0.1449
6	0.8884	0.00975
6	0.9749	0.02263
6	0.7175	0.0006038
6	1.031	0.04155
6	1.245	0.1299
6	0.932	0.017
6	1.527	0.3596
6	0.8669	0.007785
6	1.093	0.06509
6	1.234	0.123
6	0.8205	0.004929
6	1.1	0.07272
6	1.011	0.03573
6	1.239	0.132
6	0.992	0.03243
6	1.589	0.4212
6	1.092	0.06185
6	1.684	0.5091
6	1.189	0.1059
6	1.07	0.05431
6	0.905	0.01076
6	1.05	0.04771
6	1.039	0.04289
6	0.8696	0.008014
6	0.9601	0.01994
6	1.502	0.3534
6	0.9262	0.01427
6	0.7419	0.001405
6	1.394	0.2258
6	1.367	0.223
6	1.858	0.6959
6	1.425	0.2825
6	1.32	0.1812
6	1.578	0.4197
6	1.184	0.099
6	1.141	0.0849
6	1.211	0.123
6	0.7215	0.0008078
6	0.8848	0.01166
6	1.133	0.08092
6	1.114	0.07377
6	1.518	0.3528
6	0.9942	0.02927
6	0.8123	0.003768
6	0.9552	0.01692
6	0.881	0.008016
6	0.9525	0.01702
6	1.014	0.03748
6	1.202	0.1194
6	0.8535	0.006767
6	1.686	0.5116
6	1.292	0.1717
6	0.97	0.01951
6	2.255	1.084
6	1.125	0.07815
6	1.229	0.1374
6	1.084	0.06025
6	1.115	0.07562
6	1.357	0.2217
6	1.124	0.07641
6	1.736	0.5757
6	1.201	0.1168
6	1.064	0.05303
6	0.7297	0.001481
6	1.246	0.1299
6	1.231	0.1385
6	1.297	0.1738
6	0.922	0.01258
6	1.212	0.1252
6	1.026	0.04049
6	1.019	0.0378
6	0.6734	0
6	0.8938	0.01025
6	0.968	0.01768
6	0.7548	0.001599
6	0.9289	0.01494
6	1.698	0.5193
6	1.241	0.1329
6	0.9539	0.01838
6	1.264	0.1434
6	1.151	0.08414
6	1.559	0.3948
6	1.394	0.2496
6	1.349	0.2048
6	1.169	0.09799
6	1.288	0.1681
6	1.002	0.03101
6	1.039	0.04354
6	1.524	0.3631
6	1.063	0.05259
6	0.6926	0.0003939
6	1.303	0.181
6	1.07	0.05287
6	0.8477	0.006358
6	1.247	0.1365
6	1.388	0.2461
6	1.344	0.2022
6	1.228	0.1416
6	1.314	0.1913
6	1.267	0.1486
6	0.8173	0.004444
6	0.7686	0.002485
6	0.895	0.01005
6	0.9849	0.02663
6	0.9345	0.01868
6	0.8187	0.003685
6	1.17	0.09193
6	0.6073	0.0002774
6	1.243	0.1321
6	1.483	0.3213
6	1.318	0.1934
6	0.743	0.001676
6	1.043	0.0473
6	0.8097	0.003834
6	1.112	0.07759
6	1.103	0.06991
6	2.066	0.8907
6	1.187	0.1074
6	0.9468	0.01615
6	1.33	0.1911
6	0.9595	0.01777
6	1.191	0.1059
6	1.188	0.1118
6	0.9329	0.01561
6	1.515	0.3571
6	1.149	0.09209
6	1.157	0.07609
6	1.198	0.1135
6	1.263	0.1487
6	1.029	0.0423
6	1.029	0.03792
6	1.062	0.05288
6	1.187	0.1046
6	0.7844	0.002447
6	0.9969	0.03337
6	0.8156	0.004562
6	1.341	0.192
6	0.9787	0.0226
6	1.477	0.3244
6	1.127	0.08068
6	1.167	0.09794
6	0.7652	0.002232
6	1.686	0.5101
6	1.642	0.4827
6	1.543	0.3843
6	0.7221	0.0008063
6	1.202	0.1171
6	1.053	0.05002
6	1.193	0.1112
6	0.9903	0.02584
6	0.981	0.02678
6	1.118	0.06961
6	1.105	0.06464
6	1.004	0.02964
6	1.284	0.1662
6	1.348	0.1948
6	0.9901	0.03235
6	1.046	0.0475
6	1.125	0.08131
6	1.186	0.1037
6	0.7926	0.002444
6	0.996	0.03079
6	0.7896	0.002315
6	1.187	0.1067
6	0.5274	0.0005716
6	1.297	0.1759
6	0.9158	0.01367
6	0.8415	0.005507
6	1.184	0.1067
6	0.9499	0.01456
6	0.971	0.01907
6	1.203	0.1145
6	1.021	0.03804
6	1.168	0.09251
6	1	0.0304
6	0.7316	0.001129
6	1.104	0.06914
6	0.8783	0.009773
6	0.7293	0.001134
6	1.271	0.1514
6	0.8975	0.01256
6	1.161	0.09799
6	0.9186	0.01235
6	1.389	0.2324
6	1.039	0.04381
6	0.9221	0.01347
6	1.166	0.08882
6	1.032	0.04211
6	1.163	0.08814
6	1.579	0.4118
6	1.082	0.05614
6	0.8895	0.00773
6	1.088	0.06407
6	0.9583	0.01981
6	1.097	0.06499
6	0.9656	0.01934
6	0.5792	0
6	0.8456	0.005823
6	1.809	0.6148
6	1.004	0.03343
6	1.563	0.3976
6	1.133	0.08194
6	1.22	0.1289
6	1.039	0.04569
6	1.264	0.1424
6	0.8846	0.01064
6	1.372	0.216
6	0.9961	0.02845
6	0.7094	0.0006472
6	1.139	0.08606
6	1.042	0.04595
6	1.191	0.1063
6	1.085	0.06022
6	0.8321	0.005735
6	1.241	0.1391
6	1.234	0.1221
6	0.8414	0.005967
6	1.25	0.1323
6	1.182	0.09911
6	0.9495	0.01618
6	1.08	0.0566
6	0.596	0.0002755
6	1.533	0.3796
6	1.627	0.4666
6	0.9481	0.0169
6	0.9838	0.0266
6	1.062	0.05308
6	1.479	0.3268
6	1.059	0.05217
6	1.2	0.1171
6	0.9759	0.02344
6	1.117	0.07696
6	0.9732	0.01854
6	1.659	0.4917
6	1.652	0.4869
6	1.133	0.07092
6	0.9767	0.02422
6	1.446	0.2663
6	0.7264	0.0009234
6	1.124	0.07693
6	1.974	0.782
6	1.212	0.1249
6	1.107	0.07198
6	0.9409	0.01673
6	0.9759	0.02267
6	1.379	0.2323
6	2.094	0.917
6	0.7879	0.00278
6	0.8311	0.005266
6	1.08	0.05621
6	1.341	0.2233
6	0.861	0.007944
6	1.44	0.2724
6	1.06	0.05241
6	1.986	0.8075
6	1.269	0.1537
6	1.216	0.128
6	1.29	0.1808
6	0.7043	0.0007448
6	1.279	0.1684
6	1.187	0.1089
6	1.035	0.0417
6	0.9188	0.01235
6	1.319	0.1961
6	1.474	0.3238
6	0.9694	0.02227
6	1.353	0.2087
6	1.386	0.2514
6	1.156	0.09652
6	0.9524	0.01597
6	1.075	0.05703
6	0.9955	0.02673
6	1.331	0.1904
6	1.123	0.07243
6	0.9228	0.01458
6	0.8206	0.005041
6	1.017	0.03439
6	1.406	0.2544
6	1.194	0.1124
6	1.383	0.2397
6	1.215	0.1281
6	0.863	0.007523
6	1.165	0.09235
6	0.8748	0.007906
6	1.168	0.09442
6	0.8559	0.006873
6	1.377	0.2156
6	1.13	0.08147
6	1.119	0.07261
6	1.118	0.08475
6	1.497	0.3384
6	1.016	0.03961
6	1.05	0.04958
6	1.02	0.0376
6	1.253	0.1378
6	1.136	0.07643
6	1.191	0.1035
6	1.001	0.02979
6	1.033	0.03989
6	0.7399	0.001287
6	1.305	0.1964
6	1.129	0.07912
6	0.9753	0.02436
6	1.158	0.1013
6	1.004	0.03139
6	1.024	0.04
6	0.9271	0.01468
6	1.517	0.3498
6	1.473	0.3311
6	0.9932	0.02687
6	1.566	0.4009
6	1.022	0.03518
6	0.9909	0.03488
6	1.306	0.1847
6	1.121	0.06563
6	1.14	0.08821
6	1.184	0.1007
6	1.185	0.106
6	0.9483	0.01469
6	0.8188	0.00492
6	1.283	0.1745
6	0.7443	0.001819
6	1.32	0.192
6	1.49	0.3344
6	0.7667	0.001568
6	0.9544	0.02187
6	1.409	0.2506
6	1.105	0.06799
6	1.357	0.202
6	0.8512	0.006872
6	1.69	0.5151
6	1.209	0.1215
6	1.453	0.2947
6	1.055	0.05012
6	1.113	0.0781
6	1.21	0.1247
6	0.8109	0.004068
6	1.325	0.1962
6	1.078	0.05439
6	0.8902	0.01204
6	1.199	0.1156
6	1.469	0.3079
6	0.9102	0.01217
6	1.125	0.08661
6	0.849	0.006436
6	1.212	0.1252
6	0.9565	0.01449
6	0.9545	0.01247
6	0.7882	0.00281
6	1.029	0.03909
6	0.9449	0.01758
6	1.738	0.5519
6	1.258	0.1448
6	1.142	0.08729
6	1.752	0.5932
6	1.526	0.358
6	1.066	0.05392
6	1.447	0.284
6	0.852	0.007068
6	1.414	0.2667
6	1.12	0.07508
6	0.7438	0.001867
6	0.7817	0.002609
6	1.032	0.04348
6	1.586	0.4181
6	1.376	0.2271
6	1.175	0.09963
6	0.8469	0.007003
6	0.7619	0.002422
6	1.022	0.03837
6	1.069	0.05498
6	1.309	0.1879
6	0.9052	0.01224
6	1.411	0.2547
6	1.269	0.1492
6	0.9604	0.01921
6	1.102	0.06471
6	0.6312	0.0002417
6	1.017	0.03639
6	1.047	0.04748
6	1.117	0.06754
6	0.9158	0.01261
6	1.432	0.286
6	1.191	0.1011
6	1.059	0.0519
6	0.7747	0.001754
6	1.113	0.0715
6	1.19	0.1084
6	1.107	0.07251
6	1.396	0.2536
6	0.8261	0.003868
6	0.912	0.0143
6	1.44	0.2838
6	2.061	0.8579
6	1.347	0.2168
6	0.8419	0.005957
6	1.095	0.06488
6	0.6907	0.0002443
6	1.045	0.04815
6	1.313	0.1911
6	0.8038	0.002316
6	1.303	0.194
6	0.9429	0.01711
6	1.274	0.164
6	1.314	0.1859
6	1.251	0.1368
6	0.9342	0.01577
6	1.735	0.5542
6	1.182	0.1055
6	1.029	0.0399
6	1.071	0.05626
6	1.101	0.07081
6	1.021	0.04054
6	1.471	0.3166
6	1.734	0.5665
6	0.8304	0.005469
6	0.7781	0.001588
6	0.9457	0.01812
6	0.96	0.02059
6	0.8403	0.00572
6	1.37	0.2201
6	0.8961	0.009577
6	1.159	0.105
6	0.9012	0.0104
6	1.184	0.1015
6	0.9667	0.01559
6	1.431	0.2729
6	1.075	0.05314
6	1.046	0.0469
6	1.523	0.3603
6	1.374	0.2211
6	1.211	0.1259
6	0.8913	0.00906
6	1.085	0.06101
6	0.9881	0.02907
6	1.079	0.05713
6	0.9037	0.01147
6	0.7883	0.003203
6	0.9255	0.01392
6	1.137	0.0805
6	1.278	0.1662
6	1.627	0.4688
6	1.703	0.5363
6	0.8489	0.007218
6	0.8256	0.004354
6	1.208	0.1223
6	1.191	0.1013
6	1.134	0.07294
6	1.317	0.1942
6	0.8447	0.005778
6	1.308	0.1892
6	1.307	0.192
6	0.9384	0.01662
6	1.716	0.548
6	1.096	0.06612
6	1.714	0.5465
6	1.249	0.1283
6	1.466	0.3141
6	1.136	0.0892
6	1.36	0.2071
6	1.222	0.1302
6	1.362	0.2096
6	1.172	0.09358
6	1.359	0.2231
6	1.3	0.1833
6	0.8754	0.008324
6	0.7879	0.001883
6	0.9859	0.02752
6	0.9235	0.01362
6	0.946	0.01708
6	1.734	0.5688
6	0.949	0.01855
6	0.7799	0.002171
6	1.209	0.1247
6	1.094	0.0632
6	0.9147	0.01338
6	0.8962	0.01012
6	1.508	0.3468
6	0.8967	0.01306
6	1.858	0.6677
6	1.075	0.05705
6	1.342	0.199
6	1.1	0.06933
6	1.164	0.09319
6	1.253	0.1433
6	1.011	0.03514
6	1.303	0.1846
6	1.108	0.07593
6	0.7303	0.00137
6	1.29	0.175
6	0.783	0.001745
6	1.173	0.09275
6	0.94	0.01558
6	0.9739	0.02474
6	1.301	0.1897
6	1.243	0.1376
6	1.158	0.0953
6	1.232	0.1409
6	1.03	0.03865
6	0.9454	0.01804
6	1.185	0.1058
6	1.02	0.03865
6	0.99	0.02885
6	1.161	0.09443
6	1.048	0.04862
6	1.25	0.1302
6	1.131	0.0837
6	1.528	0.3728
6	1.018	0.03765
6	0.7552	0.001285
6	1.186	0.1015
6	0.8191	0.003387
6	0.9963	0.03027
6	0.9969	0.02688
6	1.24	0.1303
6	0.8214	0.004654
6	0.657	0.0004739
6	1.549	0.374
6	0.9989	0.03317
6	1.16	0.09265
6	1.047	0.0471
6	0.922	0.01229
6	1.263	0.1505
6	1.041	0.04531
6	0.9316	0.01627
6	1.004	0.03085
6	1.372	0.2237
6	0.8581	0.006987
6	0.9022	0.01362
6	1.004	0.02951
6	1.042	0.04642
6	1.153	0.09174
6	1.044	0.04651
6	1.168	0.09249
6	1.318	0.1994
6	1.475	0.3261
6	1.16	0.09057
6	1.002	0.03119
6	0.8913	0.00857
6	0.9146	0.01427
6	0.9452	0.01769
6	0.9426	0.01495
6	1.205	0.1196
6	1.443	0.2893
6	1.422	0.2586
6	1.537	0.3807
6	1.159	0.08758
6	0.598	2.235e-05
6	0.9067	0.01093
6	1.136	0.07561
6	1.044	0.04752
6	0.9279	0.01548
6	0.9998	0.03113
6	0.8731	0.008596
6	1.27	0.1519
6	0.7862	0.00196
6	0.9819	0.02451
6	0.8182	0.003819
6	1.242	0.1349
6	0.8394	0.005276
6	1.082	0.05649
6	1.867	0.6707
6	0.9031	0.009161
6	1.432	0.2683
6	1.063	0.0527
6	0.8736	0.007984
6	1.538	0.3777
6	0.8412	0.005444
6	1.18	0.09816
6	1.484	0.3192
6	1.215	0.1276
6	1.259	0.1444
6	1.114	0.0787
6	1.343	0.1969
6	0.989	0.02699
6	1.552	0.3782
6	0.7563	0.00209
6	1.363	0.2159
6	1.187	0.1033
6	1.413	0.2608
6	1.089	0.0611
6	1.028	0.03946
6	1.211	0.1233
6	1.022	0.03756
6	1.607	0.4476
6	0.8621	0.007056
6	1.226	0.1327
6	1.359	0.21
6	0.7093	0.001378
6	0.754	0.002317
6	1.436	0.2786
6	0.8918	0.01015
6	1.052	0.05018
6	1.004	0.02981
6	1.2	0.1162
6	1.33	0.19
6	1.079	0.05364
6	1.292	0.1706
6	1.199	0.1157
6	1.052	0.0487
6	1.449	0.2891
6	1.351	0.209
6	0.7434	0.001341
6	1.695	0.5214
6	1.374	0.2289
6	0.9136	0.01134
6	1.148	0.09049
6	1.01	0.0336
6	1.026	0.03874
6	1.509	0.3425
6	0.9988	0.03089
6	0.9514	0.01761
6	0.5306	0.000856
6	1.153	0.09747
6	0.9318	0.0142
6	1.22	0.1316
6	1.551	0.4001
6	0.9112	0.01369
6	0.7218	0.0007005
6	1.121	0.08431
6	0.9674	0.01885
6	1.112	0.08008
6	1.31	0.1878
6	0.533	0.000832
6	1.711	0.5329
6	1.49	0.3224
6	1.257	0.1457
6	0.985	0.02657
6	1.045	0.04853
6	0.9669	0.01929
6	1.059	0.05085
6	1.087	0.06253
6	0.9453	0.01815
6	1.177	0.09945
6	1.159	0.08869
6	1.005	0.03247
6	1.122	0.07726
6	1.056	0.05097
6	1.319	0.1949
6	1.032	0.04276
6	1.036	0.04524
6	1.243	0.1336
6	1.505	0.3466
6	0.9412	0.01483
6	1.387	0.252
6	1.417	0.2811
6	0.8843	0.01266
6	2.179	0.9933
6	1.469	0.3245
6	1.763	0.5874
6	1.015	0.0355
6	0.9581	0.01577
6	1.044	0.04663
6	0.8729	0.008284
6	1.345	0.217
6	1.278	0.1644
6	0.8028	0.00396
6	1.015	0.03765
6	1.142	0.09365
6	1.366	0.2135
6	1.098	0.0628
6	0.8184	0.003629
6	0.9768	0.02138
6	1.391	0.2419
6	0.8922	0.01009
6	0.6516	0
6	0.9598	0.01915
6	0.8286	0.005382
6	1.11	0.07304
6	0.5722	4.603e-05
6	0.836	0.005509
6	1.122	0.07449
6	1.579	0.4208
6	1.163	0.08927
6	1.344	0.1936
6	0.8025	0.003225
6	0.6941	0.0009176
6	0.8779	0.00963
6	0.9983	0.03454
6	1.469	0.3118
6	1.441	0.2702
6	1.061	0.05166
6	1.162	0.09143
6	1.286	0.1678
6	0.9465	0.01812
6	0.8083	0.00486
6	1.522	0.3576
6	1.332	0.1901
6	1.096	0.06151
6	0.9188	0.01317
6	0.7394	0.0007409
6	0.8862	0.008966
6	1.29	0.1752
6	0.9777	0.02705
6	1.191	0.1096
6	1.36	0.2023
6	0.6766	0.0001305
6	1.1	0.07397
6	0.8411	0.005868
6	0.7711	0.001837
6	0.7719	0.002556
6	1.073	0.05399
6	1.234	0.1335
6	1.355	0.2009
6	1.189	0.1021
6	0.7925	0.002238
6	0.9966	0.02818
6	1.159	0.09093
6	1.638	0.4653
6	0.7666	0.001712
6	1.394	0.2534
6	1.202	0.1154
6	0.8691	0.00832
6	1.312	0.1878
6	1.281	0.1694
6	0.8274	0.003847
6	0.9524	0.02165
6	1.017	0.03639
6	1.852	0.6876
6	0.8183	0.003908
6	0.9752	0.01725
6	1.186	0.1031
6	1.196	0.1108
6	1.197	0.1157
6	1.497	0.336
6	0.8571	0.00708
6	1.221	0.1324
6	1.274	0.1574
6	1.277	0.172
6	1.056	0.05056
6	1.216	0.1284
6	1.07	0.05108
6	1.28	0.1674
6	1.212	0.1248
6	0.8383	0.005704
6	0.8384	0.00536
6	1.543	0.387
6	0.9649	0.01816
6	1.043	0.04649
6	1.898	0.7235
6	0.584	7.704e-05
6	0.9229	0.01385
6	1.003	0.0332
6	0.8845	0.008917
6	1.185	0.1002
6	1.424	0.2573
6	1.327	0.2003
6	1.28	0.1671
6	1.246	0.1372
6	1.325	0.1825
6	0.9612	0.02023
6	1.357	0.2006
6	0.7108	4.908e-05
6	0.9097	0.01328
6	2.091	0.8991
6	0.8668	0.00792
6	0.7049	0.0003006
6	1.215	0.1257
6	1.251	0.1474
6	0.9254	0.01456
6	0.9859	0.0254
6	1.088	0.06142
6	1.34	0.193
6	0.5625	0.0003213
6	1.378	0.2422
6	1.292	0.1718
6	1.002	0.03035
6	0.8427	0.005783
6	1.03	0.03939
6	1.106	0.07154
6	0.9377	0.01717
6	0.9074	0.01267
6	1.287	0.1735
6	0.7891	0.002728
6	1.305	0.1901
6	0.8279	0.004957
6	0.9479	0.01572
6	1.021	0.03828
6	1.059	0.05257
6	1.116	0.07243
6	0.7116	0.00179
6	1.093	0.06291
6	0.7563	0.00178
6	1.214	0.1256
6	1.528	0.3688
6	1.167	0.0925
6	1.493	0.3344
6	1.127	0.07701
6	1.189	0.1077
6	0.7176	0.001243
6	1.256	0.1436
6	0.8617	0.007721
6	0.9342	0.01542
6	0.9837	0.02861
6	0.9738	0.02311
6	0.9815	0.02621
6	0.8672	0.007726
6	1.151	0.09267
6	1.037	0.04351
6	0.7144	0.0004463
6	0.9026	0.0124
6	1.485	0.3207
6	1.1	0.06289
6	1.109	0.08846
6	1.692	0.523
6	1.093	0.06438
6	0.9715	0.02193
6	0.8915	0.01106
6	1.398	0.2618
6	0.9282	0.01398
6	1.609	0.465
6	1.201	0.1153
6	1.17	0.08827
6	1.395	0.2581
6	1.406	0.2373
6	1.022	0.03607
6	0.908	0.01338
6	0.905	0.01325
6	1.771	0.5924
6	1.358	0.2054
6	1.043	0.04624
6	0.8139	0.002233
6	1.091	0.05992
6	1.162	0.08695
6	1.088	0.06416
6	1.259	0.1409
6	1.275	0.1667
6	0.9062	0.01354
6	0.815	0.00362
6	1.326	0.1784
6	1.244	0.1321
6	1.568	0.4059
6	1.497	0.3286
6	0.8778	0.009476
6	1.356	0.2127
6	0.8003	0.003404
6	0.986	0.02642
6	1.315	0.2015
6	0.9585	0.01547
6	1.423	0.2712
6	1.073	0.05439
6	0.8795	0.008989
6	1.13	0.07789
6	1.386	0.2421
6	0.9843	0.02907
6	1.04	0.04607
6	1.386	0.2525
6	1.278	0.1682
6	0.9935	0.03155
6	1.414	0.2509
6	1.396	0.2694
6	1.418	0.2602
6	1.281	0.1649
6	0.771	0
6	0.6479	0
6	0.8392	0.005195
6	0.8194	0.004817
6	1.729	0.5568
6	0.8383	0.005902
6	1.053	0.04897
6	1.259	0.1463
6	0.717	0.0005514
6	1.134	0.08724
6	1.236	0.123
6	1.474	0.3145
6	1.395	0.2597
6	0.6608	0
6	1.122	0.08936
6	1.333	0.1931
6	1.036	0.04207
6	1.107	0.0736
6	1.138	0.08177
6	0.9767	0.02201
6	1.118	0.06572
6	1.28	0.1705
6	1.047	0.04779
6	0.8768	0.00834
6	1.156	0.09342
6	1.086	0.05935
6	0.9104	0.01388
6	0.9862	0.02614
6	0.8796	0.007989
6	1.298	0.1709
6	0.9372	0.01527
6	1.343	0.2052
6	1.109	0.0771
6	0.8845	0.009612
6	0.8591	0.00713
6	1.2	0.1141
6	0.9484	0.01923
6	1.332	0.1886
6	0.6699	0
6	0.735	0.001084
6	1.077	0.05636
6	0.8359	0.005824
6	1.057	0.05109
6	0.9425	0.01783
6	1.12	0.07881
6	1.267	0.1519
6	1.564	0.3961
6	1.232	0.1406
6	1.284	0.1718
6	1.176	0.09541
6	1.028	0.03668
6	0.9861	0.03021
6	1.188	0.1066
6	0.8059	0.003477
6	0.8533	0.00683
6	0.9331	0.01607
6	0.7382	0.001505
6	1.427	0.2576
6	0.7691	0.001938
6	0.9735	0.02315
6	1.014	0.03499
6	0.881	0.009946
6	1.198	0.115
6	1.036	0.04176
6	0.8724	0.008393
6	1.207	0.122
6	1.224	0.1356
6	1.005	0.0329
6	1.106	0.06264
6	0.9195	0.01186
6	0.9218	0.01363
6	0.9561	0.01928
6	1.006	0.03728
6	1.722	0.5537
6	1.167	0.09147
6	1.425	0.2778
6	1.124	0.0762
6	1.04	0.04488
6	0.918	0.0121
6	0.7567	0.002001
6	0.8727	0.008526
6	1.165	0.0884
6	1.105	0.07263
6	0.8299	0.005138
6	0.6263	0
6	1.43	0.2769
6	1.236	0.1353
6	1.178	0.1048
6	1.107	0.07234
6	0.9967	0.03352
6	0.8675	0.007797
6	0.6733	0
6	1.207	0.1228
6	1.568	0.4107
6	1.205	0.122
6	1.17	0.09526
6	1.159	0.09714
6	1.205	0.1198
6	0.8898	0.01035
6	1.143	0.08532
6	1.306	0.1813
6	0.8494	0.00638
6	0.8282	0.004794
6	1.368	0.2176
6	1.211	0.1215
6	0.93	0.01468
6	0.7907	0.002934
6	0.974	0.01988
6	0.8463	0.006531
6	0.9283	0.01457
6	1.155	0.09266
6	0.7695	0.001891
6	1.325	0.1873
6	1.267	0.1477
6	1.248	0.1316
6	0.9485	0.01927
6	1.061	0.05186
6	1.048	0.04901
6	1.287	0.1745
6	0.901	0.01116
6	0.9654	0.01947
6	1.496	0.3375
6	1.024	0.03613
6	1.216	0.1271
6	0.6772	0.0002628
6	0.8229	0.004374
6	0.953	0.01471
6	1.155	0.08457
6	1.192	0.1086
6	1.671	0.5165
6	1.037	0.04065
6	0.8512	0.006608
6	0.7768	0.0008559
6	1.062	0.05239
6	1.369	0.2221
6	0.9323	0.01431
6	1.054	0.04969
6	0.6479	0
6	1.078	0.05697
6	1.299	0.1914
6	0.8645	0.008103
6	0.799	0.003432
6	1.09	0.06333
6	1.007	0.03528
6	1.106	0.07691
6	1.451	0.2875
6	1.2	0.1177
6	0.9139	0.01164
6	0.7855	0.003083
6	1.43	0.285
6	1.204	0.122
6	1.058	0.05232
6	0.7476	0.001549
6	1.059	0.05154
6	1.359	0.221
6	1.416	0.2623
6	1.758	0.6057
6	1.326	0.1931
6	1.281	0.1672
6	1.118	0.08584
6	1.267	0.1479
6	1.613	0.4552
6	1.278	0.1636
6	1.067	0.05394
6	0.9981	0.03319
6	1.076	0.05659
6	1.703	0.5295
6	0.9317	0.01525
6	1.406	0.265
6	1.436	0.285
6	0.6963	0.0006133
6	1.152	0.097
6	1.136	0.08138
6	1.188	0.1086
6	0.9732	0.02437
6	1.466	0.3164
6	1.779	0.5945
6	1.165	0.09353
6	1.139	0.08829
6	1.249	0.1312
6	1.239	0.1334
6	0.8927	0.009668
6	1.045	0.04645
6	1.313	0.1795
6	1.636	0.4688
6	1.149	0.08239
6	1.023	0.03759
6	1.158	0.09252
6	0.886	0.01143
6	1.532	0.3891
6	1.013	0.03374
6	1.22	0.1305
6	1.246	0.1388
6	0.7648	0.00135
6	0.8003	0.003057
6	1.301	0.1778
6	1.213	0.1255
6	1.254	0.139
6	1.399	0.2461
6	0.8612	0.007739
6	1.064	0.05344
6	1.526	0.3477
6	1.34	0.1833
6	1.56	0.4058
6	0.9593	0.01971
6	1.748	0.5724
6	1.138	0.08396
6	1.283	0.1693
6	1.035	0.04161
6	0.786	0.001651
6	0.9456	0.0189
6	1.014	0.03507
6	0.9807	0.02669
6	1.451	0.2921
6	0.9244	0.01359
6	1.311	0.1915
6	0.7966	0.002168
6	0.6652	7.992e-05
6	0.9784	0.02146
6	0.7809	0.002819
6	1.243	0.1329
6	1.159	0.08701
6	0.9936	0.02594
6	0.8933	0.01002
6	1.38	0.2402
6	0.9278	0.01411
6	1.277	0.1616
6	0.8553	0.007627
6	1.296	0.1808
6	1.127	0.07446
6	1.41	0.261
6	1.67	0.5246
6	0.8858	0.009886
6	0.9791	0.02541
6	1.12	0.08505
6	1.327	0.198
6	0.9317	0.01665
6	1.272	0.1483
6	1.118	0.0803
6	1.369	0.2118
6	0.6913	0.001004
6	1.155	0.0933
6	1.009	0.03474
6	1.318	0.1972
6	1.177	0.1011
6	0.7591	0.001734
6	1.261	0.1469
6	1.118	0.09051
6	1.233	0.1328
6	1.773	0.5936
6	1.198	0.1135
6	1.231	0.1388
6	1.226	0.1362
6	0.9911	0.02937
6	0.9318	0.0147
6	1.056	0.05139
6	1.209	0.1244
6	1.189	0.09874
6	0.6317	0.000392
6	1.761	0.5896
6	0.9408	0.01798
6	0.8	0.00304
6	0.8137	0.003744
6	1.343	0.1881
6	1.197	0.1131
6	1.077	0.0601
6	1.11	0.07543
6	1.139	0.08416
6	1.34	0.1867
6	0.6188	0
6	1.392	0.259
6	0.809	0.00406
6	1.141	0.08176
6	0.9379	0.01561
6	1.235	0.1287
6	1.451	0.2854
6	0.8096	0.004075
6	1.47	0.3074
6	0.901	0.01183
6	1.018	0.03429
6	1.254	0.1385
6	1.204	0.1185
6	1.077	0.05372
6	0.9429	0.01697
6	1.354	0.2075
6	0.7575	0.001564
6	1.156	0.09742
6	1.071	0.04754
6	1.435	0.2633
6	1.018	0.03729
6	1.181	0.1011
6	1.022	0.03592
6	1.33	0.201
6	1.303	0.1907
6	1.012	0.03653
6	1.602	0.4415
6	1.151	0.08905
6	0.9774	0.02313
6	1.121	0.0728
6	0.9485	0.01621
6	1.446	0.2911
6	1.137	0.09118
6	0.9321	0.01612
6	1.181	0.09711
6	0.9743	0.02332
6	0.8857	0.01093
6	0.9729	0.02358
6	1.256	0.1467
6	1.401	0.2582
6	1.089	0.05881
6	1.306	0.186
6	1.09	0.05953
6	0.9957	0.02939
6	0.7933	0.002982
6	1.335	0.1978
6	1.098	0.06269
6	1.099	0.06808
6	0.8425	0.005704
6	1.114	0.0822
6	1.054	0.05002
6	0.9913	0.02682
6	1.113	0.07241
6	1.111	0.07571
6	1.155	0.09445
6	0.7875	0.001378
6	0.8469	0.006728
6	1.294	0.1694
6	0.7976	0.002191
6	1.73	0.5514
6	1.378	0.2341
6	1.227	0.1354
6	1.156	0.09363
6	1.457	0.2911
6	1.081	0.05632
6	1.43	0.266
6	0.8782	0.009905
6	0.8613	0.007665
6	1.185	0.1042
6	1.389	0.2305
6	1.02	0.03826
6	1.105	0.06569
6	1.294	0.1747
6	0.8416	0.005298
6	1.007	0.03645
6	0.759	0.001804
6	0.9427	0.01782
6	1.071	0.05227
6	0.9424	0.01705
6	0.9101	0.01443
6	0.8175	0.003359
6	1.077	0.05423
6	1.194	0.1108
6	1.063	0.05277
6	1.173	0.09653
6	1.025	0.04049
6	1.2	0.1156
6	0.7855	0.002476
6	1.308	0.1857
6	0.9683	0.02068
6	1.31	0.192
6	0.9425	0.01691
6	1.233	0.1308
6	0.8632	0.008047
6	1.417	0.2614
6	1.4	0.256
6	1.404	0.2488
6	1.21	0.1251
6	0.8498	0.006611
6	1.297	0.175
6	1.455	0.2787
6	1.275	0.1625
6	0.759	0.002265
6	1.049	0.04786
6	1.196	0.1141
6	1.04	0.04632
6	1.1	0.06895
6	1.496	0.3328
6	1.575	0.4069
6	1.06	0.05246
6	0.8712	0.00795
6	1.515	0.3666
6	1.912	0.7295
6	0.9765	0.01595
6	0.7809	0.003065
6	1.233	0.122
6	1.055	0.0508
6	1.605	0.4485
6	1.381	0.2276
6	0.8454	0.005768
6	1.206	0.121
6	0.8453	0.006763
6	1.571	0.4118
6	1.387	0.2361
6	0.9889	0.02653
6	1.18	0.1005
6	0.9451	0.01843
6	1.059	0.0516
6	1.234	0.1298
6	0.9375	0.01777
6	1.211	0.1266
6	0.9201	0.01184
6	0.9392	0.01432
6	1.081	0.06061
6	0.9036	0.0101
6	0.9652	0.02232
6	1.096	0.06411
6	0.8544	0.006839
6	0.9977	0.03129
6	0.8709	0.008268
6	1.139	0.08648
6	1.105	0.06362
6	1.266	0.1436
6	1.046	0.04779
6	1.057	0.05244
6	1.433	0.2873
6	1.546	0.3788
6	0.5931	0.0002054
6	1.467	0.3097
6	0.6692	0.0002786
6	0.9112	0.01402
6	1.061	0.05233
6	1.014	0.03691
6	0.9221	0.01344
6	1.094	0.05902
6	0.9416	0.01608
6	1.261	0.146
6	1.107	0.08598
6	0.9585	0.01932
6	1.392	0.2297
6	1.007	0.03264
6	1.274	0.1578
6	1.315	0.1886
6	1.242	0.1364
6	1.215	0.1277
6	1.162	0.08657
6	0.9785	0.02339
6	1.06	0.05172
6	1.098	0.0639
6	0.8405	0.00614
6	1.082	0.05541
6	1.418	0.268
6	0.7579	0.002137
6	1.387	0.2376
6	0.6797	0
6	1.231	0.1392
6	1.385	0.2412
6	1.167	0.09013
6	1.155	0.09596
6	1.493	0.3347
6	1.515	0.342
6	0.7978	0.002515
6	1.068	0.05531
6	1.405	0.2485
6	0.9315	0.01837
6	0.8711	0.008474
6	1.226	0.1367
6	1.19	0.1079
6	1.335	0.2012
6	0.9135	0.01139
6	1.088	0.06026
6	0.7855	0.002871
6	1.319	0.195
6	0.8709	0.00868
6	0.7854	0.002169
6	0.9156	0.01372
6	1.451	0.2892
6	1.252	0.1312
6	1.303	0.1827
6	1.082	0.0561
6	1.281	0.1669
6	1.581	0.4238
6	1.368	0.2153
6	1.24	0.1345
6	0.8844	0.01272
6	1.365	0.2108
6	1.031	0.03841
6	2.025	0.8359
6	1.137	0.08802
6	1.222	0.1312
6	1.34	0.2012
6	1.246	0.1348
6	1.041	0.04636
6	1.618	0.4463
6	1.344	0.2083
6	0.8433	0.006261
6	0.8685	0.008398
6	0.9997	0.03081
6	1.322	0.1912
6	1.25	0.1357
6	1.475	0.3166
6	0.9822	0.02696
6	1.446	0.2979
6	0.9637	0.01914
6	1.179	0.09111
6	1.04	0.04437
6	1.093	0.06156
6	0.7949	0.00326
6	1.032	0.03924
6	0.9789	0.02301
6	1.906	0.7237
6	1.32	0.1913
6	1.363	0.2322
6	1.03	0.03923
6	1.031	0.03923
6	0.9718	0.0153
6	1.173	0.09855
6	0.9216	0.01597
6	0.7385	0.001317
6	1.069	0.05496
6	0.804	0.002648
6	0.7567	0.001659
6	1.071	0.05003
6	0.7961	0.003845
6	0.5981	7.072e-05
6	1.268	0.146
6	1.332	0.2025
6	0.8021	0.004269
6	1.022	0.03888
6	0.6923	0.0004627
6	0.9678	0.01802
6	0.8468	0.005937
6	1.407	0.2573
6	0.9393	0.01667
6	1.169	0.09269
6	0.7781	0.002185
6	0.9153	0.01207
6	1.226	0.1378
6	1.011	0.03778
6	1.416	0.2638
6	1.299	0.1825
6	0.7739	0.002268
6	0.8973	0.01093
6	1.369	0.2256
6	0.7155	0.001051
6	1.074	0.05295
6	0.7011	0.0007346
6	1.231	0.1412
6	0.832	0.005167
6	1.982	0.7881
6	0.935	0.01633
6	1.028	0.04128
6	0.7988	0.002864
6	1.438	0.2892
6	1.508	0.3521
6	0.7689	0.001934
6	1.219	0.1293
6	1.133	0.08309
6	1.432	0.2928
6	1.223	0.1318
6	1.336	0.1895
6	1.197	0.115
6	1.289	0.1746
6	0.7807	0.001581
6	1.349	0.1978
6	1.04	0.04567
6	1.029	0.03923
6	0.9561	0.01982
6	0.8906	0.009178
6	0.7377	0.001656
6	1.212	0.1244
6	1.086	0.05891
6	1.209	0.1211
6	1.2	0.1165
6	1.051	0.04883
6	0.9612	0.02239
6	1.512	0.3524
6	1.192	0.1079
6	1.455	0.3062
6	1.129	0.08119
6	1.275	0.1614
6	0.9377	0.01408
6	0.8268	0.004887
6	1.211	0.1244
6	0.9953	0.03235
6	1.45	0.2788
6	1.183	0.1025
6	1.323	0.1755
6	1.381	0.2396
6	0.866	0.007522
6	0.768	0.001319
6	1.139	0.0829
6	1.1	0.05859
6	0.8074	0.002842
6	1.369	0.2177
6	1.35	0.2128
6	1.008	0.03391
6	1.192	0.1115
6	1.105	0.07249
6	1.065	0.05351
6	1.06	0.052
6	1.923	0.7355
6	0.5845	5.322e-05
6	1.025	0.03698
6	0.8852	0.01018
6	1.336	0.1904
6	0.764	0.001358
6	1.539	0.3812
6	1.248	0.1437
6	1.115	0.06908
6	1.03	0.0367
6	0.9499	0.01734
6	1.348	0.1978
6	1.183	0.1002
6	1.17	0.09367
6	1.38	0.2348
6	1.033	0.04221
6	0.9055	0.0102
6	1.434	0.2776
6	1.159	0.08955
6	1.025	0.03873
6	1.169	0.09435
6	1.613	0.4587
6	0.7005	0.0005366
6	0.8038	0.002903
6	0.857	0.007274
6	1.381	0.2386
6	1.218	0.1277
6	1.079	0.05673
6	0.8674	0.007884
6	1.055	0.05049
6	0.9865	0.02846
6	0.9593	0.02104
6	0.8529	0.006858
6	0.7775	0.001792
6	0.691	0.0003565
6	1.601	0.4292
6	1.161	0.0868
6	1.202	0.1175
6	1.631	0.4645
6	1.429	0.2843
6	1.368	0.2147
6	0.8285	0.004588
6	0.7943	0.002746
6	1.471	0.3262
6	0.9672	0.0192
6	1.048	0.04827
6	0.9351	0.01535
6	1.072	0.05327
6	1.444	0.2872
6	1.204	0.1205
6	1.58	0.4311
6	1.138	0.08371
6	1.713	0.5452
6	1.164	0.08939
6	1.118	0.07228
6	1.246	0.1366
6	1.194	0.1124
6	0.9083	0.01202
6	0.9838	0.02871
6	1.138	0.09049
6	0.8772	0.008568
6	1.193	0.1112
6	1.565	0.4036
6	0.9921	0.02723
6	0.7057	0.0007215
6	1.187	0.1007
6	1.252	0.1411
6	1.152	0.09882
6	1.447	0.3002
6	0.8981	0.008783
6	0.8146	0.004658
6	1.12	0.08149
6	1.043	0.04664
6	0.58	0
6	1.057	0.05103
6	1.032	0.04156
6	0.9845	0.0254
6	1.029	0.03891
6	1.156	0.09338
6	0.8432	0.006309
6	1.082	0.05892
6	1.023	0.03871
6	1.052	0.04873
6	1.008	0.03728
6	1.41	0.2489
6	0.8864	0.00934
6	0.6655	0.0001718
6	1.557	0.3874
6	1.308	0.1796
6	1.235	0.1269
6	1.182	0.1012
6	0.8389	0.005743
6	1.138	0.09487
6	1.113	0.07955
6	1.102	0.06558
6	1.006	0.03393
6	1.15	0.08992
6	1.083	0.06018
6	0.7918	0.002284
6	1.577	0.4253
6	1.285	0.163
6	1.174	0.09623
6	1.023	0.03928
6	1.28	0.1688
6	0.9107	0.0113
6	1.127	0.07194
6	0.8969	0.01172
6	1.914	0.7256
6	1.567	0.4099
6	1.178	0.1002
6	1.312	0.1889
6	1.585	0.4366
6	1.141	0.08854
6	1.047	0.04876
6	0.887	0.008989
6	1.044	0.0474
6	1.106	0.06866
6	0.8893	0.008498
6	1.027	0.04011
6	1.372	0.2128
6	0.794	0.003063
6	0.901	0.01173
6	1.12	0.07759
6	1.322	0.19
6	1.041	0.04602
6	1.108	0.07134
6	0.9037	0.01086
6	1.543	0.3848
6	1.16	0.09898
6	1.433	0.2725
6	0.9254	0.01535
6	1.072	0.05923
6	1.139	0.08628
6	1.138	0.08906
6	1.503	0.3458
6	1.362	0.2063
6	1.225	0.1359
6	1.435	0.2804
6	1.343	0.1967
6	1.22	0.1283
6	0.9816	0.0189
6	1.212	0.1236
6	1.364	0.2153
6	0.8857	0.00939
6	1.449	0.3132
6	1.298	0.1796
6	0.9399	0.0178
6	1.153	0.08825
6	1.021	0.0396
6	1.434	0.2824
6	1.114	0.0782
6	1.839	0.6549
6	1.078	0.05665
6	0.9431	0.01603
6	0.883	0.0119
6	1.36	0.2166
6	0.8976	0.01072
6	0.9662	0.02002
6	0.8653	0.00796
6	1.293	0.1809
6	1.17	0.09364
6	1.123	0.08952
6	1.117	0.07216
6	1.092	0.06214
6	0.9802	0.02754
6	1.463	0.3153
6	0.9998	0.02789
6	0.8887	0.01096
6	1.143	0.09042
6	1.3	0.1739
6	1.323	0.1748
6	1.268	0.1572
6	1.61	0.4477
6	1.396	0.2464
6	1.103	0.0658
6	0.9434	0.01725
6	1.217	0.1308
6	0.7888	0.002128
6	1.167	0.08862
6	1.288	0.1733
6	1.036	0.04674
6	1.494	0.3322
6	1.178	0.0984
6	1.413	0.2657
6	1.299	0.1838
6	1.002	0.02991
6	1.326	0.1928
6	1.167	0.09111
6	0.9457	0.01709
6	1.246	0.1307
6	0.9723	0.0189
6	1.148	0.09053
6	1.012	0.03332
6	1.093	0.06343
6	1.128	0.07524
6	1.428	0.2567
6	1.233	0.1424
6	1.399	0.2617
6	0.7544	0.001482
6	1.044	0.04673
6	1.034	0.04101
6	1.196	0.1115
6	1.042	0.04561
6	0.9407	0.01585
6	1.061	0.05161
6	0.9252	0.01564
6	1.303	0.18
6	1.352	0.2009
6	1.753	0.588
6	1.162	0.09206
6	0.9221	0.01482
6	1.47	0.2955
6	1.085	0.0574
6	1.227	0.1367
6	1.028	0.03629
6	1.239	0.1302
6	0.959	0.01963
6	0.8749	0.00991
6	0.7772	0.002837
6	1.052	0.0487
6	0.8812	0.01012
6	1.55	0.3969
6	1.332	0.1828
6	1.04	0.04592
6	0.9467	0.01824
6	1.025	0.03995
6	1.368	0.228
6	0.7332	0.0006749
6	1.388	0.2487
6	0.8609	0.007395
6	1.161	0.09546
6	0.8666	0.007734
6	0.9242	0.0141
6	1.312	0.1864
6	1.424	0.2802
6	0.7178	0.000696
6	1.191	0.107
6	1.022	0.03682
6	1.089	0.06134
6	0.9968	0.0307
6	0.8008	0.002613
6	1.317	0.1869
6	0.8784	0.008061
6	0.6055	0
6	1.209	0.1244
6	1.023	0.03957
6	1.089	0.06059
6	1.388	0.2625
6	1.267	0.1535
6	0.8293	0.005306
6	1.435	0.2875
6	1.077	0.05983
6	1.061	0.05259
6	1.403	0.2526
6	1.101	0.07142
6	1.143	0.08429
6	0.886	0.007419
6	1.002	0.03454
6	1.027	0.04027
6	1.223	0.1322
6	0.6786	0.0005233
6	0.9612	0.01647
6	1.031	0.03967
6	1.693	0.5368
6	1.194	0.1056
6	0.7206	0.001911
6	1.135	0.07913
6	0.7209	0.001233
6	0.9199	0.01318
6	0.9384	0.01632
6	0.8898	0.009059
6	1.188	0.1088
6	1.263	0.1416
6	0.8295	0.004872
6	0.9079	0.0105
6	1.329	0.1915
6	1.347	0.207
6	1.333	0.195
6	1.123	0.08239
6	1.085	0.05491
6	1.126	0.07795
6	1.154	0.09463
6	0.9891	0.03302
6	1.088	0.05862
6	1.051	0.04939
6	1.76	0.5908
6	0.9054	0.01273
6	0.9565	0.01568
6	0.9697	0.01974
6	0.5837	0.0001993
6	1.172	0.09823
6	1.103	0.07462
6	1.125	0.07687
6	0.8398	0.005721
6	1.302	0.1903
6	0.9522	0.01819
6	1.202	0.1156
6	1.205	0.1209
6	0.6257	0
6	1.001	0.03442
6	1.151	0.09044
6	0.8468	0.006065
6	1.492	0.3225
6	1.06	0.05112
6	0.9305	0.01375
6	1.11	0.06939
6	1.033	0.04067
6	1.064	0.05349
6	1.281	0.1764
6	1.459	0.3039
6	1.172	0.09526
6	1.642	0.4818
6	0.9634	0.01692
6	1.373	0.2282
6	1.218	0.1326
6	1.642	0.4739
6	1.623	0.4536
6	1.006	0.02953
6	1.005	0.03207
6	1.163	0.08542
6	1.345	0.1953
6	1.276	0.1678
6	1.227	0.1354
6	0.6298	0
6	1.219	0.1313
6	1.321	0.1883
6	0.7161	0.0003486
6	1.202	0.1171
6	1.32	0.1928
6	1.129	0.0771
6	1.103	0.06705
6	1.09	0.06537
6	0.975	0.01856
6	0.9114	0.01392
6	0.684	0.0004006
6	0.757	0.001765
6	0.8766	0.007666
6	1.372	0.2245
6	0.8663	0.008471
6	1.169	0.08924
6	1.09	0.05964
6	1.475	0.3221
6	1.059	0.052
6	1.2	0.1163
6	1.116	0.0806
6	1.103	0.06828
6	1.076	0.05472
6	1.071	0.0535
6	0.7905	0.003526
6	1.112	0.06569
6	1.043	0.04616
6	1.181	0.09857
6	1.002	0.03309
6	1.537	0.371
6	1.029	0.03985
6	0.8541	0.006883
6	1.174	0.09787
6	1.658	0.4966
6	0.7859	0.002564
6	1.18	0.1006
6	1.127	0.07959
6	1.455	0.2928
6	1.238	0.1256
6	1.315	0.1893
6	0.9297	0.0156
6	1.626	0.4677
6	1.041	0.04601
6	1.295	0.1715
6	0.94	0.01826
6	1.262	0.149
6	1.081	0.05982
6	0.9778	0.02196
6	1.103	0.06623
6	0.8859	0.007843
6	1.241	0.1302
6	1.101	0.06516
6	0.7849	0.003082
6	1.012	0.0382
6	1.824	0.6469
6	1.175	0.09593
6	1.004	0.03252
6	1.008	0.03525
6	1.348	0.1942
6	0.878	0.008597
6	0.9405	0.01618
6	1.2	0.1172
6	1.251	0.129
