18	0.9933	0.03783
18	1.096	0.03749
18	1.639	0.03736
18	0.6723	0.03879
18	1.466	0.03871
18	1.069	0.03809
18	1.44	0.03905
18	0.8741	0.03732
18	1.439	0.03818
18	1.387	0.03904
18	1.707	0.03739
18	1.015	0.03896
18	0.9154	0.03894
18	0.857	0.03745
18	1.016	0.03806
18	1.082	0.03976
18	1.168	0.03875
18	1.026	0.03905
18	1.015	0.03988
18	1.008	0.03778
18	0.8062	0.038
18	0.9053	0.03807
18	0.8639	0.0408
18	1.062	0.03679
18	0.9962	0.03842
18	1.333	0.03763
18	1.059	0.03662
18	0.6084	0.03848
18	1.397	0.03896
18	0.8981	0.03841
18	1.149	0.03875
18	0.6819	0.03827
18	1.146	0.03676
18	1.203	0.03941
18	1.144	0.04072
18	1.923	0.03777
18	0.8175	0.03658
18	0.6719	0.03888
18	0.8554	0.03892
18	1.019	0.0386
18	1.411	0.03927
18	1.076	0.03904
18	1.118	0.03881
18	0.6746	0.03707
18	1.143	0.03874
18	1.178	0.03796
18	1.163	0.03549
18	0.7361	0.03978
18	1.464	0.03892
18	1.164	0.03879
18	1.252	0.03906
18	1.175	0.0381
18	0.979	0.03696
18	0.8685	0.03897
18	1.096	0.03827
18	1.277	0.03988
18	1.144	0.04087
18	1.232	0.03913
18	1.288	0.03847
18	1.057	0.03824
18	1.822	0.03699
18	1.063	0.0378
18	1.631	0.03842
18	0.968	0.04045
18	1.028	0.03643
18	1.583	0.03774
18	0.8101	0.03768
18	1.276	0.03983
18	1.435	0.03822
18	0.9456	0.03995
18	1.278	0.03644
18	0.8897	0.03821
18	0.9952	0.03809
18	0.8632	0.0389
18	1.485	0.03792
18	1.125	0.03879
18	1.243	0.03851
18	1.024	0.03719
18	0.9109	0.03887
18	1.118	0.03886
18	1.301	0.03619
18	0.927	0.03784
18	0.8286	0.03825
18	1.542	0.0377
18	0.7651	0.04007
18	1.166	0.03847
18	1.038	0.03921
18	1.272	0.03819
18	1.412	0.0394
18	0.9202	0.03751
18	0.9263	0.03884
18	2.604	0.03711
18	0.9079	0.03857
18	1.472	0.03912
18	0.534	0.03905
18	0.8185	0.03977
18	1.042	0.03771
18	1.179	0.03806
18	1.03	0.03799
18	0.8104	0.03817
18	1.091	0.03893
18	0.9778	0.03806
18	2.551	0.03797
18	1.008	0.03943
18	1.347	0.03728
18	1.686	0.03687
18	1.588	0.03756
18	1.054	0.03676
18	1.667	0.03884
18	0.9039	0.03895
18	1.631	0.03813
18	0.9748	0.03676
18	0.6716	0.03972
18	0.8791	0.03893
18	0.8859	0.03975
18	1.291	0.0373
18	0.549	0.03785
18	1.049	0.03837
18	2.011	0.03823
18	1.108	0.03983
18	0.9538	0.03797
18	1.066	0.03838
18	1.195	0.03813
18	0.8772	0.03672
18	0.7036	0.03967
18	0.8161	0.03872
18	1.035	0.03519
18	0.9795	0.03772
18	1.173	0.03773
18	1.21	0.03738
18	1.051	0.03756
18	2.159	0.03682
18	1.043	0.03914
18	1.912	0.03887
18	1.233	0.03914
18	1.521	0.03763
18	1.294	0.03559
18	1.034	0.03676
18	1.184	0.03738
18	0.9645	0.03783
18	0.7594	0.03632
18	1.298	0.03916
18	0.8176	0.03812
18	1.062	0.03989
18	1.964	0.03879
18	1.272	0.03844
18	1.132	0.03691
18	1.177	0.03702
18	1.556	0.03823
18	1.32	0.03832
18	1.085	0.03665
18	0.7924	0.03928
18	0.8421	0.03743
18	1.054	0.03863
18	1.528	0.03646
18	1.242	0.03779
18	1.458	0.03989
18	1.339	0.03587
18	1.9	0.03794
18	0.9942	0.03803
18	1.177	0.03926
18	1.276	0.0365
18	0.9882	0.03852
18	1.185	0.03987
18	0.8827	0.03815
18	1.339	0.03822
18	0.7747	0.03809
18	1.09	0.03874
18	1.314	0.03862
18	0.759	0.03771
18	0.8701	0.03787
18	1.894	0.03877
18	1.079	0.03785
18	1.427	0.0393
18	0.7698	0.03849
18	0.6639	0.03975
18	0.9789	0.03683
18	0.8307	0.03883
18	0.6641	0.03952
18	1.248	0.03731
18	0.949	0.03945
18	1.248	0.03779
18	1.12	0.03759
18	1.01	0.03779
18	1.057	0.03867
18	0.8582	0.03906
18	0.949	0.03923
18	1.651	0.03647
18	0.7676	0.03814
18	1.05	0.03866
18	0.796	0.03781
18	0.7494	0.03912
18	1.582	0.03773
18	1.005	0.03916
18	1.137	0.04062
18	1.18	0.03771
18	1.184	0.03849
18	0.7127	0.03588
18	0.981	0.03814
18	0.9331	0.03972
18	0.8299	0.03801
18	1.29	0.03636
18	1.179	0.0367
18	1.194	0.03696
18	0.925	0.03909
18	1.039	0.03746
18	1.213	0.03876
18	0.8692	0.03921
18	1.086	0.03786
18	1.267	0.03792
18	0.9755	0.03907
18	1.101	0.03892
18	1.136	0.0361
18	1.081	0.03793
18	1.732	0.03773
18	0.7889	0.03865
18	1.758	0.03945
18	1.308	0.03803
18	1.289	0.03661
18	1.182	0.03821
18	1.495	0.03875
18	0.8816	0.03697
18	0.733	0.03881
18	0.9741	0.03839
18	1.118	0.03774
18	1.454	0.0383
18	1.091	0.03988
18	0.9417	0.03754
18	1.139	0.03928
18	1.11	0.0371
18	0.918	0.03847
18	0.9794	0.03931
18	0.9683	0.03889
18	1.11	0.03574
18	0.708	0.03664
18	1.078	0.03769
18	1.643	0.03793
18	1.554	0.03881
18	1.192	0.03797
18	0.9355	0.03561
18	1.029	0.03927
18	1.634	0.03863
18	1.102	0.03972
18	1.647	0.03927
18	0.8571	0.03999
18	1.667	0.03732
18	0.9038	0.03645
18	0.7758	0.03838
18	1.059	0.03944
18	1.517	0.03766
18	0.8666	0.03717
18	0.9335	0.03888
18	1.055	0.03965
18	1.592	0.0364
18	0.8551	0.03802
18	0.8721	0.03906
18	1.102	0.03786
18	1.338	0.03799
18	0.7382	0.03982
18	1.368	0.03847
18	1.012	0.03771
18	0.8146	0.03764
18	1.43	0.0366
18	1.464	0.03914
18	0.8441	0.03922
18	0.9924	0.03913
18	1.295	0.03774
18	1.281	0.03929
18	1.239	0.03777
18	0.755	0.03962
18	1.127	0.03882
18	0.9704	0.03882
18	1.119	0.03761
18	1.522	0.03952
18	1.084	0.0382
18	1.62	0.03916
18	0.8779	0.03937
18	1.091	0.03825
18	1.501	0.03912
18	0.8461	0.0379
18	1.224	0.03866
18	0.9668	0.0368
18	0.9316	0.03822
18	0.8427	0.03856
18	1.049	0.0395
18	0.9264	0.03636
18	1.326	0.03853
18	0.6465	0.03974
18	0.8937	0.03737
18	1.111	0.03951
18	1.132	0.03885
18	0.6072	0.03469
18	1.343	0.03672
18	1.647	0.03958
18	1.434	0.03649
18	1.25	0.03573
18	0.9784	0.03983
18	0.8603	0.03724
18	1.061	0.0397
18	0.7735	0.03668
18	1.298	0.03703
18	1.498	0.038
18	0.9766	0.03865
18	1.324	0.03675
18	1.712	0.03894
18	1.754	0.03865
18	0.9977	0.03647
18	1.893	0.03691
18	1.714	0.03723
18	1.059	0.03968
18	1.585	0.03881
18	1.339	0.03688
18	0.8946	0.03913
18	0.9249	0.03786
18	0.831	0.03803
18	1.036	0.03936
18	0.9439	0.03812
18	1.278	0.03813
18	1.109	0.03972
18	1.081	0.03649
18	0.6294	0.03806
18	1.447	0.03808
18	0.8506	0.03867
18	1.143	0.03918
18	0.9504	0.03898
18	1.013	0.03845
18	1.1	0.03841
18	1.084	0.03732
18	0.9436	0.03853
18	0.6433	0.03887
18	0.6481	0.03699
18	1.183	0.03904
18	1.386	0.03865
18	1.367	0.0367
18	1.287	0.03741
18	1.141	0.03839
18	1.118	0.03888
18	1.499	0.03556
18	1.359	0.03763
18	1.32	0.03671
18	1.058	0.03849
18	1.253	0.03769
18	1.04	0.03732
18	0.8221	0.03771
18	1.233	0.03909
18	1.229	0.03874
18	0.8848	0.03854
18	1.188	0.03886
18	1.155	0.03948
18	0.5008	0.03715
18	1.104	0.03798
18	1.286	0.0381
18	0.7541	0.03806
18	1.253	0.03891
18	1.173	0.03821
18	1.187	0.03847
18	0.9221	0.03924
18	1.582	0.03838
18	0.7931	0.03875
18	1.48	0.03829
18	1.184	0.0375
18	1.016	0.03707
18	1.016	0.03768
18	0.6197	0.03844
18	1.007	0.03818
18	1.181	0.03785
18	1.65	0.04026
18	1.013	0.03525
18	0.8051	0.03595
18	1.007	0.03764
18	0.9399	0.03793
18	0.8781	0.03815
18	1.337	0.03845
18	1.494	0.03799
18	0.9342	0.03867
18	1.218	0.03938
18	1.101	0.03675
18	1.07	0.03785
18	1.086	0.03878
18	1.501	0.04032
18	0.8739	0.04031
18	1.857	0.0386
18	1.067	0.0369
18	1.19	0.0389
18	0.9129	0.03835
18	0.688	0.03753
18	1.662	0.03806
18	1.258	0.03957
18	1.206	0.03884
18	1.428	0.0368
18	1.082	0.03893
18	0.8607	0.03885
18	1.117	0.0397
18	1.254	0.03839
18	0.919	0.03872
18	0.8436	0.03682
18	1.054	0.03833
18	1.111	0.03694
18	1.203	0.03844
18	0.8174	0.04033
18	0.9794	0.03801
18	1.285	0.03827
18	1.011	0.03757
18	0.9896	0.03756
18	1.076	0.03821
18	0.8024	0.03844
18	1.147	0.03599
18	1.414	0.03899
18	0.9529	0.03842
18	1.266	0.03851
18	0.9672	0.03967
18	1.184	0.03919
18	1.064	0.03981
18	1.389	0.03681
18	1.309	0.03894
18	1.037	0.03732
18	1.057	0.04067
18	1.043	0.03805
18	0.9746	0.03844
18	1.303	0.03836
18	1.59	0.03842
18	0.9695	0.03627
18	1.442	0.03726
18	0.5362	0.03879
18	1.131	0.0388
18	0.6119	0.03849
18	0.8822	0.03689
18	0.8154	0.03811
18	1.321	0.0389
18	1.237	0.04
18	1.006	0.03911
18	1.113	0.03897
18	0.8223	0.03684
18	0.9389	0.03742
18	1.625	0.03929
18	0.6071	0.03919
18	0.8893	0.03848
18	0.802	0.03576
18	0.8653	0.0391
18	1.208	0.03823
18	0.9936	0.03907
18	1.166	0.03852
18	1.209	0.03758
18	1.385	0.03846
18	1.211	0.0375
18	1.202	0.03889
18	1.235	0.0378
18	1.161	0.04031
18	1.098	0.03911
18	1.373	0.03648
18	0.7845	0.03746
18	1.502	0.03895
18	1.162	0.03805
18	0.7963	0.03927
18	1.242	0.03973
18	0.6778	0.0377
18	0.9638	0.03831
18	1.093	0.03884
18	1.362	0.03802
18	1.317	0.03973
18	1.299	0.03817
18	0.8362	0.03743
18	0.5894	0.03984
18	1.52	0.03943
18	0.961	0.03863
18	1.288	0.03732
18	0.7152	0.0387
18	1.278	0.03833
18	0.9869	0.03911
18	1.257	0.03713
18	0.7605	0.03579
18	1.22	0.03747
18	1.368	0.03768
18	1.265	0.0384
18	1.168	0.03958
18	1.522	0.03759
18	1.061	0.03936
18	0.8034	0.03844
18	1.042	0.03902
18	0.916	0.03837
18	1.107	0.03838
18	1.589	0.03769
18	1.672	0.03757
18	0.74	0.03777
18	0.9174	0.03963
18	1.839	0.03865
18	1.32	0.03832
18	1.176	0.03685
18	0.877	0.03731
18	1.014	0.03751
18	0.8187	0.03724
18	0.9574	0.03845
18	0.6702	0.0387
18	1.016	0.03716
18	1.27	0.03713
18	1.266	0.03939
18	0.8437	0.03833
18	1.29	0.03912
18	1.017	0.03785
18	0.938	0.03936
18	0.8947	0.0388
18	1.215	0.03807
18	0.9743	0.03715
18	0.8705	0.0387
18	0.9855	0.0367
18	0.824	0.03903
18	1.166	0.03871
18	1.201	0.03794
18	0.9683	0.03587
18	1.29	0.0386
18	1.024	0.03804
18	0.8045	0.03732
18	0.7203	0.03971
18	0.8692	0.03787
18	1.103	0.03934
18	0.8146	0.03755
18	1.369	0.03958
18	1.369	0.03911
18	1.059	0.03591
18	1.118	0.03818
18	0.7895	0.03842
18	1.093	0.03737
18	0.8712	0.03915
18	0.7218	0.03758
18	0.9712	0.03723
18	0.9316	0.03888
18	1.012	0.0397
18	1.432	0.0391
18	0.8458	0.03937
18	0.6111	0.04005
18	0.6832	0.03844
18	1.208	0.0373
18	0.7398	0.03517
18	1.031	0.03889
18	2.204	0.03811
18	0.7569	0.03671
18	1.112	0.03941
18	0.9889	0.03831
18	1.054	0.03885
18	1.287	0.03802
18	1.187	0.03826
18	0.802	0.03773
18	1.548	0.03841
18	1.881	0.03707
18	1.238	0.03997
18	1.077	0.03851
18	1.093	0.03644
18	1.517	0.03915
18	1.178	0.03934
18	0.5298	0.04011
18	1.882	0.03706
18	1.104	0.03705
18	0.9667	0.03939
18	1.121	0.03702
18	0.7207	0.03918
18	1.894	0.03964
18	1.052	0.03639
18	0.9222	0.03847
18	1.922	0.03759
18	1.233	0.03883
18	1.679	0.03692
18	1.349	0.03659
18	0.9732	0.03851
18	0.7637	0.03876
18	0.9882	0.03857
18	1.133	0.03886
18	1.072	0.03835
18	1.87	0.03834
18	0.7949	0.03671
18	1.224	0.03765
18	0.9835	0.03779
18	1.064	0.0377
18	1.007	0.03832
18	0.9672	0.03957
18	0.8105	0.03795
18	1.111	0.03848
18	1.425	0.03899
18	1.119	0.0377
18	0.9466	0.03915
18	1.276	0.0397
18	0.6748	0.03739
18	1.11	0.03732
18	1.504	0.03768
18	1.27	0.03721
18	1.249	0.03785
18	0.8967	0.03809
18	1.035	0.03838
18	1.051	0.03796
18	2.024	0.03721
18	1.09	0.04007
18	1.129	0.03943
18	1.112	0.03792
18	0.9538	0.03866
18	0.9948	0.03777
18	1.008	0.04026
18	1.323	0.04022
18	1.133	0.03805
18	0.7836	0.037
18	1.66	0.03867
18	1.167	0.03924
18	1.224	0.03865
18	1.047	0.03764
18	0.844	0.03609
18	0.8801	0.03869
18	1.151	0.03891
18	1.39	0.0375
18	0.9305	0.03764
18	1.026	0.03687
18	0.7225	0.03874
18	1.024	0.03703
18	1.442	0.04041
18	0.861	0.03905
18	0.9585	0.03835
18	0.6419	0.0388
18	0.552	0.03626
18	1.465	0.03782
18	1.724	0.03808
18	0.6554	0.03778
18	0.9325	0.03576
18	1.492	0.03876
18	0.817	0.03833
18	0.7791	0.03839
18	1.983	0.03839
18	1.098	0.03761
18	0.9127	0.03834
18	1.212	0.03939
18	1.308	0.0374
18	1.055	0.03729
18	0.9257	0.03737
18	1.166	0.03852
18	0.9998	0.03832
18	1.086	0.03908
18	0.9605	0.0361
18	1.392	0.03868
18	1.269	0.03511
18	0.7742	0.03931
18	0.7019	0.03889
18	1.232	0.03774
18	1.084	0.03851
18	0.629	0.03792
18	1.423	0.03982
18	0.9112	0.03564
18	1.133	0.03562
18	1.212	0.03809
18	0.9536	0.03748
18	0.9346	0.03733
18	1.828	0.03767
18	0.823	0.0391
18	1.121	0.03836
18	1.206	0.04082
18	0.8901	0.03999
18	1.377	0.03776
18	1.077	0.03787
18	0.9183	0.03712
18	0.8518	0.03752
18	0.8582	0.03852
18	1.463	0.03776
18	1.082	0.03855
18	2.426	0.03759
18	1.426	0.03888
18	1.17	0.03841
18	0.9836	0.039
18	1.334	0.03883
18	0.8208	0.03781
18	0.9538	0.0381
18	1.326	0.03993
18	0.9437	0.03737
18	1.669	0.03952
18	1.062	0.03808
18	1.038	0.03942
18	1.141	0.04038
18	1.154	0.03791
18	1.294	0.03946
18	1.01	0.03812
18	1.079	0.03889
18	1.412	0.03872
18	0.8036	0.03928
18	1.422	0.03682
18	0.793	0.03951
18	0.7997	0.03936
18	1.082	0.04015
18	0.8094	0.03961
18	1.119	0.0381
18	1.272	0.03589
18	0.9328	0.03868
18	1.25	0.03797
18	0.9951	0.03595
18	0.7132	0.03974
18	0.9107	0.0368
18	1.057	0.04027
18	1.537	0.03811
18	1.04	0.03792
18	1.041	0.03758
18	1.004	0.03837
18	1.264	0.03917
18	0.9734	0.03859
18	1.331	0.03774
18	0.8226	0.03825
18	1.174	0.03775
18	1.205	0.03814
18	1.281	0.03832
18	0.7456	0.03823
18	1.531	0.03931
18	0.8362	0.03718
18	1.251	0.03862
18	1.37	0.03811
18	1.324	0.03618
18	1.146	0.0388
18	0.9942	0.03679
18	1.403	0.03947
18	0.7869	0.03696
18	1.26	0.03728
18	0.7327	0.03973
18	1.19	0.03954
18	1.013	0.03764
18	1.242	0.03843
18	0.9914	0.03943
18	0.883	0.0378
18	1.198	0.03648
18	0.8632	0.03886
18	1.312	0.03896
18	1.248	0.03703
18	1.825	0.03715
18	0.8962	0.03882
18	1.064	0.03653
18	1.234	0.0393
18	1.171	0.03876
18	1.409	0.038
18	1.082	0.03741
18	0.8263	0.03884
18	0.8397	0.03813
18	1.47	0.03768
18	1.038	0.03766
18	1.133	0.0384
18	0.7868	0.03782
18	1.264	0.03776
18	0.7549	0.03847
18	0.9874	0.0373
18	0.9201	0.0382
18	1.02	0.03815
18	1.273	0.0399
18	1.487	0.03817
18	0.9937	0.03758
18	0.9782	0.03597
18	1.761	0.03833
18	0.6732	0.03621
18	1.104	0.03617
18	1.738	0.03803
18	1.471	0.03556
18	0.9129	0.03825
18	0.6822	0.03816
18	1.396	0.03834
18	1.383	0.03708
18	1.002	0.03839
18	0.7437	0.03902
18	1.058	0.03781
18	0.9437	0.03715
18	1.097	0.04009
18	0.7845	0.03864
18	1.043	0.03853
18	1.589	0.03976
18	0.9171	0.03678
18	1.123	0.03893
18	1.195	0.03909
18	0.7845	0.03646
18	0.6041	0.03588
18	1.188	0.03643
18	1.008	0.03971
18	0.9493	0.03744
18	1.703	0.03921
18	1.043	0.03784
18	1.292	0.03849
18	1.514	0.03746
18	0.8831	0.04069
18	0.9366	0.03824
18	1.118	0.03816
18	1.928	0.03683
18	0.8104	0.03906
18	1.063	0.03624
18	0.8175	0.03863
18	0.6823	0.03664
18	1.436	0.03697
18	0.986	0.03703
18	2.076	0.03906
18	1.012	0.03944
18	0.8657	0.03977
18	1.275	0.04048
18	1.406	0.03816
18	0.7674	0.03882
18	1.081	0.03569
18	0.6671	0.03848
18	0.8587	0.03751
18	1.008	0.03662
18	0.6639	0.03704
18	1.098	0.03825
18	1.637	0.03877
18	1.135	0.03941
18	1.202	0.03979
18	1.114	0.03852
18	0.7644	0.03991
18	0.8629	0.03878
18	0.9312	0.0392
18	1.241	0.03946
18	0.9053	0.03918
18	0.9187	0.038
18	1.1	0.03705
18	0.8884	0.03824
18	1.292	0.03889
18	1.124	0.03831
18	1.324	0.0376
18	1.164	0.03854
18	0.8061	0.03827
18	1.074	0.03847
18	0.8211	0.03773
18	1.227	0.03829
18	0.7537	0.03958
18	1.149	0.0371
18	0.6256	0.03686
18	1.607	0.03813
18	1.06	0.0381
18	1.067	0.03761
18	0.8806	0.03718
18	1.126	0.03805
18	1.607	0.03935
18	0.7396	0.03663
18	1.061	0.03825
18	1.284	0.0371
18	1.212	0.03812
18	1.059	0.03806
18	2.392	0.03644
18	1.904	0.03916
18	1.099	0.03734
18	0.8301	0.03781
18	0.8674	0.03983
18	0.9079	0.03967
18	1.053	0.03951
18	1.412	0.03961
18	1.003	0.03807
18	0.8246	0.03663
18	1.575	0.03749
18	1.233	0.03773
18	1.307	0.03847
18	1.879	0.03851
18	1.056	0.03684
18	1.026	0.03718
18	0.7324	0.03968
18	1.31	0.03817
18	1.372	0.03967
18	0.9898	0.03803
18	0.953	0.03636
18	0.7085	0.0389
18	1.731	0.03916
18	1.067	0.03808
18	0.7964	0.03906
18	0.9672	0.03829
18	1.011	0.03847
18	1.334	0.03847
18	1.036	0.03794
18	1.582	0.03769
18	1.347	0.03855
18	1.221	0.03729
18	0.8484	0.03505
18	1.17	0.03847
18	1.368	0.03885
18	1.896	0.03632
18	0.9282	0.03824
18	1.387	0.03824
18	1.419	0.03765
18	0.7081	0.03804
18	0.9847	0.03844
18	1.302	0.03996
18	0.7179	0.03755
18	1.888	0.0397
18	0.6796	0.03856
18	1.655	0.03499
18	0.8001	0.0377
18	1.085	0.0383
18	1.179	0.03796
18	0.8428	0.03878
18	0.7619	0.03788
18	1.25	0.03769
18	1.374	0.03897
18	0.5053	0.04034
18	1.325	0.03744
18	1.025	0.03805
18	1.556	0.03824
18	1.353	0.03841
18	0.9782	0.04004
18	0.7039	0.03907
18	1.037	0.03808
18	1.391	0.03823
18	1.532	0.0373
18	1.04	0.03725
18	0.9101	0.03648
18	1.194	0.03885
18	1.034	0.03924
18	1.968	0.03702
18	0.7088	0.03828
18	1.156	0.03707
18	1.493	0.03868
18	1.213	0.03875
18	1.076	0.03847
18	0.8717	0.03977
18	0.9122	0.03754
18	0.6356	0.03951
18	0.8698	0.03841
18	0.6293	0.03942
18	1.047	0.03582
18	1.549	0.0383
18	0.609	0.0384
18	1.006	0.03868
18	0.8113	0.03903
18	1.106	0.03539
18	0.8455	0.03656
18	1.192	0.03909
18	1.444	0.0375
18	0.8382	0.03745
18	1.619	0.03682
18	1.258	0.03949
18	1.624	0.03992
18	1.262	0.03887
18	1.492	0.0367
18	1.074	0.03847
18	1.401	0.03878
18	1.151	0.03961
18	1.757	0.03938
18	1.214	0.03865
18	1.279	0.03875
18	0.9031	0.03849
18	1.409	0.03803
18	1.462	0.03911
18	1.045	0.03771
18	1.155	0.03648
18	1.113	0.03811
18	1.498	0.03844
18	1.558	0.03788
18	0.8624	0.03817
18	1.92	0.03572
18	2.099	0.03863
18	1.105	0.03924
18	0.9485	0.03577
18	1.074	0.03978
18	1.827	0.0383
18	0.9424	0.03746
18	0.8495	0.0377
18	1.344	0.03679
18	1.279	0.037
18	0.9418	0.03864
18	0.8795	0.03998
18	0.6612	0.03731
18	0.9591	0.03915
18	0.7273	0.03778
18	1.18	0.03742
18	1.217	0.03665
18	1.314	0.03682
18	1.101	0.03854
18	1.008	0.03832
18	0.8513	0.03945
18	1.064	0.03737
18	1.306	0.03889
18	0.8541	0.03885
18	1.027	0.03805
18	1.14	0.03995
18	0.7294	0.03965
18	0.9618	0.03842
18	1.203	0.03952
18	1.234	0.03796
18	1.249	0.03668
18	0.7179	0.03809
18	1.511	0.03835
18	1.119	0.03789
18	1.109	0.03686
18	0.8884	0.03759
18	0.8867	0.03818
18	0.9519	0.03652
18	1.202	0.03885
18	0.9915	0.03862
18	1.267	0.03889
18	0.865	0.03744
18	0.8699	0.03971
18	0.9937	0.03835
18	0.955	0.03667
18	1.151	0.03779
18	0.955	0.03724
18	1.617	0.03866
18	1.376	0.03986
18	1.08	0.03932
18	1.39	0.03974
18	1.559	0.03902
18	1.212	0.03748
18	0.683	0.03887
18	0.8502	0.03906
18	0.8553	0.03936
18	0.8393	0.03816
18	1.125	0.03737
18	0.8361	0.0384
18	0.9645	0.03547
18	0.8686	0.03741
18	0.9123	0.03851
18	1.156	0.03716
18	0.8575	0.03857
18	1.125	0.03794
18	1.117	0.0386
18	1.13	0.0386
18	0.9169	0.03923
18	1.227	0.03799
18	1.36	0.03491
18	0.826	0.03851
18	1.587	0.03862
18	0.6259	0.03884
18	1.046	0.0367
18	1.369	0.03858
18	0.6559	0.0392
18	1.177	0.03633
18	1.004	0.03828
18	1.203	0.03771
18	0.8718	0.03861
18	1.325	0.03887
18	1.13	0.03512
18	1.136	0.03935
18	1.147	0.03814
18	0.9491	0.03824
18	1.541	0.0386
18	0.9936	0.03519
18	1.407	0.03827
18	0.8108	0.03781
18	1.399	0.03815
18	0.527	0.0381
18	0.7556	0.03836
18	1.376	0.03653
18	0.9025	0.03869
18	1.018	0.03928
18	1.423	0.03796
18	0.6554	0.03877
18	1.009	0.03859
18	0.954	0.03973
18	0.8867	0.03956
18	1.503	0.03678
18	1.535	0.03748
18	1.027	0.03801
18	0.5882	0.03761
18	1.95	0.03939
18	0.8717	0.03945
18	0.7875	0.03895
18	1.32	0.03619
18	0.6048	0.0383
18	1.052	0.039
18	1.261	0.03674
18	1.461	0.0389
18	1.841	0.0376
18	0.8645	0.0384
18	1.503	0.03786
18	0.8791	0.03734
18	1.141	0.03934
18	1.224	0.03881
18	1.247	0.03896
18	1.659	0.03873
18	1.19	0.03839
18	1.024	0.0389
18	1.143	0.03769
18	1.123	0.03704
18	1.062	0.03714
18	1.281	0.03941
18	1.059	0.03621
18	1.044	0.03636
18	0.637	0.03861
18	1.104	0.03854
18	0.7802	0.03708
18	0.5703	0.03865
18	1.299	0.03896
18	0.9531	0.03935
18	1.122	0.03799
18	1.031	0.03963
18	0.6052	0.03835
18	1.012	0.03916
18	1.154	0.03556
18	1.161	0.03965
18	0.7025	0.0388
18	1.096	0.03487
18	0.6871	0.03817
18	0.8275	0.03835
18	0.6826	0.03976
18	1.119	0.03932
18	1.12	0.03706
18	1.004	0.03542
18	1.707	0.04
18	0.9574	0.03767
18	1.582	0.03891
18	1.176	0.03762
18	1.693	0.03962
18	1.471	0.03781
18	1.618	0.03833
18	1.392	0.03981
18	1.355	0.03787
18	1.168	0.03915
18	1.325	0.03908
18	1	0.0378
18	1.253	0.03886
18	1.164	0.03854
18	1.465	0.03827
18	0.9516	0.03849
18	1.072	0.03925
18	1.376	0.03889
18	0.7286	0.03747
18	1.029	0.03509
18	0.8741	0.0385
18	0.9891	0.03709
18	0.8692	0.0371
18	1.559	0.03824
18	0.8262	0.03898
18	0.9989	0.03812
18	1.08	0.03766
18	1.978	0.03909
18	1.022	0.03819
18	0.8163	0.03851
18	1.328	0.0391
18	1.324	0.03891
18	1.298	0.03888
18	1.218	0.03989
18	1.078	0.03763
18	0.7643	0.03876
18	1.144	0.03704
18	1.039	0.03689
18	1.092	0.03927
18	1.248	0.03874
18	1.105	0.03684
18	1.436	0.03898
18	1.495	0.03751
18	0.8917	0.03755
18	1.538	0.03929
18	1.09	0.03849
18	1.173	0.03968
18	1.071	0.03945
18	1.194	0.03823
18	0.8128	0.03894
18	1.461	0.03828
18	0.83	0.0379
18	1.179	0.03793
18	1.048	0.03564
18	0.8023	0.03605
18	0.766	0.03942
18	1.004	0.03871
18	1.07	0.03914
18	0.9944	0.03824
18	1.134	0.03822
18	0.8775	0.0389
18	1.573	0.0387
18	1.057	0.03941
18	0.9897	0.03875
18	0.9608	0.03784
18	0.8004	0.03759
18	1.212	0.04015
18	1.176	0.03824
18	0.6754	0.03746
18	1.234	0.0363
18	1.741	0.03833
18	0.8282	0.03711
18	0.9323	0.03915
18	1.487	0.03763
18	1.003	0.03795
18	1.354	0.03896
18	0.8684	0.03979
18	1.086	0.03856
18	1.003	0.03742
18	1.332	0.03822
18	1.224	0.03795
18	1.001	0.0379
18	1.176	0.03723
18	0.8135	0.03858
18	1.296	0.03793
18	0.8624	0.03853
18	1.493	0.0365
18	1.013	0.03992
18	0.791	0.03725
18	1.304	0.0367
18	1.172	0.03888
18	1.135	0.03986
18	1.651	0.03812
18	0.7821	0.03664
18	1.242	0.03847
18	0.835	0.03721
18	0.7337	0.03861
18	0.9445	0.03895
18	1.285	0.03959
18	1.147	0.03767
18	1.552	0.03973
18	1.297	0.03805
18	0.9066	0.03946
18	1.033	0.03869
18	1.115	0.0387
18	1.633	0.03696
18	1.258	0.03687
18	0.7663	0.03925
18	1.076	0.03917
18	0.8248	0.03811
18	1.057	0.03759
18	1.432	0.03869
18	1.511	0.03716
18	1.357	0.03639
18	1.193	0.03657
18	0.8103	0.03907
18	1.4	0.03664
18	1.583	0.03892
18	1.17	0.03885
18	1.092	0.03851
18	1.394	0.03904
18	1.28	0.03954
18	0.8203	0.03634
18	2.077	0.03846
18	1.179	0.03762
18	1.029	0.03567
18	1.463	0.03906
18	1.562	0.03853
18	1.289	0.03952
18	0.6252	0.04017
18	1.199	0.03881
18	0.7341	0.03894
18	1.306	0.03699
18	1.24	0.03751
18	1.714	0.03883
18	1.131	0.03748
18	1.377	0.03576
18	1.525	0.03705
18	0.8497	0.03914
18	0.8232	0.03653
18	0.844	0.03928
18	0.6185	0.03932
18	0.8646	0.03648
18	0.8086	0.03719
18	0.6156	0.03923
18	1.237	0.03739
18	1.088	0.03951
18	0.8085	0.03856
18	0.7142	0.03766
18	1.014	0.03794
18	1.18	0.03818
18	1.07	0.03849
18	0.822	0.03764
18	1.379	0.03831
18	0.6874	0.03887
18	1.342	0.03841
18	1.205	0.03791
18	1.199	0.03688
18	1.055	0.03924
18	1.105	0.03859
18	0.6674	0.0368
18	1.086	0.03741
18	1.61	0.03887
18	0.9832	0.03881
18	1.632	0.03531
18	0.9453	0.03807
18	1.31	0.03685
18	0.8691	0.03813
18	0.895	0.03971
18	0.7422	0.03727
18	1.339	0.03713
18	1.057	0.03762
18	1.287	0.03569
18	1.233	0.03883
18	0.8476	0.03781
18	0.8814	0.03782
18	1.198	0.03825
18	1.191	0.03766
18	1.176	0.03834
18	0.8532	0.03898
18	0.6386	0.03859
18	1.608	0.03673
18	1.003	0.03753
18	0.8926	0.0375
18	1.187	0.03872
18	0.7528	0.04025
18	1.144	0.03802
18	0.8531	0.03715
18	1.042	0.03824
18	1.052	0.03864
18	1.592	0.03832
18	0.8645	0.03818
18	1.222	0.03894
18	1.337	0.03749
18	0.8617	0.03635
18	1.109	0.03889
18	1.192	0.03838
18	0.7571	0.03552
18	0.766	0.0387
18	0.9821	0.03797
18	1.345	0.03882
18	1.066	0.03888
18	0.8578	0.03832
18	0.869	0.0387
18	0.6518	0.03899
18	1.213	0.0396
18	0.8925	0.03895
18	0.7118	0.03722
18	0.9668	0.03813
18	1.224	0.03648
18	0.616	0.04027
18	1.899	0.03918
18	1.49	0.03686
18	1.24	0.03912
18	1.268	0.03915
18	1.003	0.03682
18	1.049	0.03867
18	1.376	0.03865
18	0.9639	0.03856
18	1.103	0.03696
18	0.6361	0.03669
18	0.998	0.03719
18	0.5856	0.0385
18	0.9086	0.03745
18	1.395	0.03836
18	1.233	0.03958
18	0.9835	0.03755
18	1.178	0.037
18	0.9542	0.0379
18	1.097	0.03799
18	1.528	0.03816
18	1.453	0.0376
18	0.9466	0.03784
18	1.495	0.03891
18	1.01	0.0382
18	1.41	0.03862
18	1.068	0.0378
18	1.187	0.03768
18	1.209	0.03808
18	1.494	0.03828
18	1.021	0.03789
18	0.9303	0.03802
18	0.9785	0.03801
18	0.9342	0.03608
18	1.128	0.03796
18	1.081	0.03796
18	0.9899	0.03741
18	0.851	0.03889
18	0.834	0.03966
18	1.426	0.03486
18	0.8063	0.03873
18	0.9281	0.03944
18	1.966	0.04036
18	0.8198	0.04015
18	0.9275	0.03573
18	1.44	0.03721
18	0.9463	0.03905
18	0.74	0.03753
18	0.9303	0.03796
18	1.267	0.0383
18	0.9709	0.03705
18	1.459	0.0374
18	0.7597	0.03806
18	0.9775	0.03913
18	0.6581	0.03441
18	1.054	0.03798
18	0.6506	0.03903
18	0.762	0.03908
18	0.9117	0.03817
18	1.045	0.03806
18	1.381	0.03888
18	1.495	0.03618
18	1.264	0.0358
18	1.222	0.03722
18	0.9948	0.03883
18	0.6927	0.03915
18	0.7074	0.03919
18	0.9883	0.03721
18	0.7205	0.03688
18	0.998	0.03671
18	1.42	0.03875
18	1.104	0.03831
18	0.8349	0.03892
18	1.328	0.03855
18	0.71	0.03751
18	1.175	0.03908
18	0.8314	0.0379
18	1.001	0.03802
18	0.906	0.03544
18	1.911	0.03889
18	0.809	0.03727
18	1.188	0.03702
18	1.347	0.03801
18	0.8575	0.03974
18	1.6	0.03913
18	0.6757	0.03939
18	0.9242	0.03867
18	0.8389	0.03988
18	1.051	0.03921
18	1.372	0.03497
18	1.438	0.03664
18	0.9294	0.03853
18	1.101	0.03826
18	0.6709	0.03778
18	1.174	0.0383
18	1.599	0.03965
18	1.406	0.03682
18	0.8064	0.03874
18	0.8371	0.03721
18	0.904	0.03817
18	1.061	0.03995
18	2.193	0.03923
18	1.147	0.0374
18	1.219	0.03866
18	0.8824	0.04014
18	0.8963	0.03755
18	1.411	0.0384
18	0.7998	0.0372
18	1.365	0.03896
18	0.8904	0.03904
18	0.9705	0.03842
18	1.44	0.03721
18	1.07	0.03908
18	0.9917	0.03822
18	1.427	0.03596
18	0.8978	0.03651
18	1.736	0.03545
18	0.7254	0.03861
18	1.368	0.03845
18	1.202	0.03794
18	1.008	0.03949
18	1.398	0.04
18	1.093	0.03963
18	0.901	0.03928
18	0.6399	0.03725
18	0.8666	0.03819
18	1.058	0.03933
18	1.049	0.03798
18	0.8144	0.0397
18	0.8967	0.03951
18	1.089	0.03698
18	1.242	0.03898
18	0.7933	0.03709
18	1.144	0.03891
18	0.9627	0.03816
18	0.7857	0.03963
18	2.134	0.03812
18	0.6356	0.03875
18	1.158	0.03746
18	0.9063	0.03824
18	0.89	0.03769
18	0.9047	0.03665
18	0.9022	0.03809
18	1.162	0.03822
18	1.376	0.03848
18	1.645	0.03829
18	0.6169	0.03931
18	1.197	0.03742
18	1.918	0.03768
18	1.022	0.03625
18	0.8976	0.03781
18	1.165	0.03948
18	0.8155	0.03986
18	1.979	0.03675
18	1.421	0.03887
18	1.133	0.03824
18	0.9095	0.03848
18	1.451	0.0382
18	1.179	0.03881
18	0.9231	0.03877
18	1.52	0.03651
18	0.7851	0.03776
18	0.7644	0.03851
18	0.9286	0.03815
18	1.632	0.03723
18	1.42	0.03716
18	0.7789	0.03605
18	1.022	0.03906
18	1.073	0.03928
18	1.075	0.03654
18	1.02	0.03835
18	1.119	0.03806
18	2.075	0.03655
18	1.067	0.03881
18	1.094	0.03978
18	0.6985	0.04062
18	0.7703	0.03953
18	1.432	0.03905
18	1.118	0.03696
18	0.8399	0.04058
18	1.096	0.03817
18	1.085	0.03748
18	0.773	0.03971
18	1.532	0.03739
18	0.8173	0.03848
18	1.839	0.03674
18	1.628	0.03864
18	1.122	0.03612
18	0.9109	0.0386
18	0.6441	0.03542
18	1.05	0.03685
18	0.7745	0.03604
18	0.9852	0.03526
18	1.676	0.03855
18	0.924	0.03878
18	0.8174	0.03919
18	1.508	0.03879
18	1.533	0.03795
18	2.287	0.03846
18	0.7798	0.03921
18	0.856	0.0398
18	0.8734	0.03931
18	1.332	0.03813
18	0.9412	0.03985
18	1.019	0.0387
18	1.099	0.0395
18	0.9842	0.03716
18	0.8161	0.03894
18	1.322	0.03925
18	0.8559	0.03816
18	1.713	0.0386
18	1.108	0.03737
18	0.8385	0.04021
18	1.167	0.03691
18	0.9962	0.03877
18	0.7449	0.03839
18	0.8858	0.03931
18	1.375	0.03787
18	1.105	0.03575
18	1.278	0.03848
18	1.062	0.03765
18	0.6078	0.0382
18	1.431	0.03867
18	1.336	0.03793
18	1.551	0.03894
18	1.215	0.03779
18	1.669	0.03849
18	1.532	0.03814
18	1.29	0.03805
18	0.8523	0.03734
18	0.7983	0.03648
18	1.122	0.03799
18	0.7441	0.0385
18	0.9291	0.03801
18	1.077	0.03947
18	1.641	0.03958
18	1.047	0.03923
18	0.8356	0.03654
18	1.017	0.03865
18	1.245	0.03723
18	1.277	0.04035
18	0.9222	0.0387
18	0.8464	0.03848
18	1	0.03927
18	1.009	0.03847
18	0.9847	0.03929
18	1.337	0.03851
18	0.7099	0.03926
18	1.151	0.03745
18	0.9959	0.03897
18	0.9695	0.03743
18	1.082	0.03598
18	1.335	0.03778
18	1.47	0.03944
18	1.396	0.03854
18	1.089	0.03828
18	1.488	0.03787
18	1.173	0.03976
18	0.866	0.03633
18	1.196	0.03821
18	0.7644	0.0387
18	1.038	0.03832
18	0.9263	0.03887
18	1.401	0.03823
18	1.119	0.04085
18	0.8451	0.03912
18	0.8039	0.03903
18	1.064	0.03886
18	1.706	0.04025
18	0.8823	0.03746
18	1.649	0.03951
18	1.014	0.03786
18	1.254	0.0384
18	0.8531	0.03811
18	1.413	0.03786
18	1.034	0.03863
18	1.939	0.04038
18	1.013	0.03814
18	0.7316	0.03936
18	1.018	0.03845
18	1.265	0.03826
18	1.167	0.03848
18	1.362	0.0383
18	1.316	0.03808
18	1.045	0.03825
18	1.144	0.03656
18	0.9052	0.03674
18	1.767	0.03732
18	1.143	0.03775
18	0.7004	0.03863
18	1.075	0.0378
18	0.9399	0.03676
18	1.486	0.03979
18	0.7563	0.03873
18	0.7903	0.03626
18	0.6272	0.03915
18	1.111	0.03798
18	1.348	0.03915
18	1.234	0.03878
18	1.075	0.0404
18	1.358	0.03802
18	1.271	0.03872
18	0.7383	0.03629
18	1.272	0.03913
18	0.6788	0.04059
18	0.8507	0.03776
18	0.9811	0.03889
18	1.279	0.03755
18	1.166	0.0396
18	0.7386	0.03707
18	1.489	0.04014
18	0.694	0.0396
18	1.575	0.03931
18	1.252	0.03709
18	0.8568	0.03772
18	1.308	0.03891
18	1.137	0.03921
18	0.9658	0.03888
18	1.336	0.03871
18	0.5979	0.03748
18	1.004	0.03819
18	0.7446	0.03796
18	1.231	0.03834
18	0.7114	0.03708
18	0.9709	0.03784
18	0.872	0.0391
18	1.204	0.04049
18	1.376	0.03676
18	0.9476	0.03927
18	1.321	0.03505
18	1.011	0.03703
18	1.602	0.03868
18	1.471	0.04069
18	0.6898	0.03788
18	1.161	0.03831
18	1.451	0.03933
18	0.8706	0.03993
18	1.765	0.03894
18	1.082	0.03845
18	1.364	0.03723
18	0.6778	0.03872
18	0.9121	0.03833
18	1.4	0.03969
18	1.521	0.03865
18	0.9541	0.03678
18	2.581	0.03593
18	1.46	0.0366
18	0.9683	0.03824
18	0.9916	0.038
18	1.478	0.03581
18	0.8176	0.03959
18	0.8301	0.03832
18	1.006	0.03938
18	1.123	0.03829
18	1.219	0.03832
18	0.5462	0.03704
18	0.9132	0.03591
18	1.264	0.03899
18	0.8309	0.03894
18	0.7696	0.03836
18	1.241	0.03851
18	1.03	0.03871
18	0.7246	0.0369
18	1.037	0.03893
18	1.14	0.03645
18	0.8461	0.03773
18	1.062	0.03755
18	0.9481	0.0383
18	1.372	0.03932
18	1.672	0.03849
18	1.072	0.03882
18	0.9844	0.03884
18	0.8791	0.04073
18	0.9774	0.03842
18	1.034	0.03689
18	0.9148	0.03887
18	0.7256	0.03749
18	0.798	0.03873
18	0.8699	0.03723
18	1.02	0.03858
18	1.065	0.03914
18	1.546	0.03569
18	1.032	0.03882
18	0.9396	0.03718
18	1.312	0.03831
18	0.9288	0.03823
18	1.444	0.03856
18	1.179	0.03717
18	0.8724	0.03897
18	0.6327	0.03739
18	1.778	0.03783
18	0.9456	0.03645
18	0.8939	0.03749
18	1.147	0.03937
18	0.7484	0.037
18	0.681	0.03942
18	1	0.03941
18	1.019	0.03789
18	0.8947	0.03827
18	1.077	0.03835
18	0.8573	0.03831
18	0.7939	0.0392
18	1.495	0.03835
18	0.8245	0.03795
18	1.482	0.03823
18	1.105	0.03612
18	1.286	0.0395
18	0.8869	0.0396
18	0.8329	0.0371
18	1.615	0.03965
18	0.7087	0.03916
18	1.687	0.03948
18	1.458	0.03845
18	0.9996	0.03859
18	1.568	0.03791
18	1.367	0.03903
18	0.8686	0.03892
18	0.9835	0.0385
18	1.565	0.03882
18	1.294	0.03773
18	1.227	0.03832
18	0.8819	0.03836
18	1.018	0.03899
18	0.8723	0.0401
18	1.467	0.03828
18	1.46	0.03989
18	1.562	0.03766
18	0.6966	0.03752
18	1.288	0.03864
18	0.9988	0.03743
18	0.8677	0.03829
18	1.389	0.03728
18	0.6204	0.03671
18	1.02	0.03817
18	0.6967	0.03753
18	1.221	0.0364
18	1.352	0.03776
18	1.031	0.03631
18	1.097	0.03778
18	1.198	0.03736
18	0.9202	0.03921
18	1.051	0.03833
18	1.113	0.03621
18	0.8922	0.03766
18	1.145	0.0408
18	1.081	0.03993
18	1.085	0.03713
18	0.693	0.03862
18	1.239	0.03948
18	0.8615	0.03968
18	1.577	0.03879
18	0.992	0.03712
18	1.226	0.03874
18	1.55	0.03658
18	0.8981	0.03823
18	0.8443	0.03792
18	0.958	0.0392
18	0.914	0.03889
18	0.7678	0.03854
18	1.007	0.03987
18	0.9398	0.03906
18	1.154	0.03801
18	0.7627	0.03988
18	1.574	0.03707
18	1.061	0.03999
18	1.45	0.03948
18	1.086	0.03943
18	0.9419	0.03884
18	0.8941	0.03808
18	1.275	0.03655
18	1.059	0.03606
18	1.163	0.03947
18	0.9329	0.03867
18	1.623	0.03913
18	0.742	0.03855
18	1.085	0.03879
18	1.372	0.0391
18	1.246	0.03889
18	1.58	0.03838
18	1.019	0.03827
18	1.712	0.03858
18	1.154	0.03835
18	1.027	0.0363
18	1.198	0.03874
18	1.587	0.0363
18	0.8494	0.03813
18	1.352	0.03736
18	1.859	0.03764
18	1.172	0.03697
18	1.084	0.03785
18	1.283	0.03829
18	0.7825	0.03817
18	1.305	0.03652
18	0.821	0.03841
18	1.382	0.03729
18	1.152	0.03742
18	0.8879	0.03603
18	1.323	0.03931
18	0.9812	0.03904
18	1.052	0.03763
18	0.9553	0.03853
18	0.8319	0.03807
18	1.908	0.03823
18	1.286	0.03933
18	1.599	0.03619
18	0.7801	0.03914
18	1.089	0.03795
18	1.146	0.03751
18	0.7585	0.03706
18	1.205	0.03983
18	0.9336	0.03739
18	1.093	0.0388
18	0.7675	0.03739
18	1.498	0.03754
18	1.575	0.03965
18	1.096	0.0393
18	1.141	0.03736
18	1.368	0.03571
18	0.9208	0.0381
18	0.9613	0.03731
18	0.7988	0.03818
18	0.9518	0.03787
18	1.438	0.03751
18	1.428	0.03735
18	1.805	0.03822
18	1.277	0.03628
18	1.084	0.0379
18	0.7406	0.03871
18	1.339	0.03723
18	0.7448	0.03841
18	0.8632	0.04029
18	1.401	0.03992
18	0.9811	0.03779
18	1.304	0.03869
18	0.6912	0.04079
18	1.122	0.03719
18	0.8853	0.04015
18	0.7106	0.03823
18	0.7147	0.0394
18	0.8385	0.03737
18	1.161	0.03899
18	0.8746	0.03805
18	1.015	0.03848
18	1.231	0.03562
18	1.172	0.03743
18	1.283	0.03764
18	1.129	0.03872
18	0.9695	0.03971
18	1.671	0.03672
18	1.209	0.03723
18	0.9677	0.03957
18	0.7995	0.03723
18	1.372	0.03812
18	1.302	0.03801
18	0.984	0.03883
18	0.868	0.03724
18	1.147	0.03795
18	1.109	0.03649
18	1.656	0.03886
18	0.8341	0.03926
18	1.292	0.03533
18	1.655	0.03824
18	0.7939	0.03836
18	1.183	0.03703
18	0.6487	0.03783
18	1.447	0.03975
18	1.288	0.03924
18	0.9492	0.03832
18	1.225	0.03719
18	1.435	0.03799
18	0.9985	0.03841
18	1.665	0.03652
18	0.7954	0.03772
18	1.393	0.03751
18	1.411	0.03827
18	1.33	0.03864
18	1.262	0.03777
18	1.051	0.03798
18	0.9529	0.03954
18	1.055	0.0386
18	0.8827	0.04061
18	1.241	0.03827
18	1.117	0.03839
18	0.8406	0.03952
18	1.049	0.03856
18	0.9478	0.03691
18	0.847	0.03939
18	0.6347	0.03749
18	1.153	0.03786
18	1.209	0.03931
18	0.6169	0.03951
18	0.8004	0.03847
18	1.152	0.03758
18	1.266	0.03874
18	1.581	0.03774
18	0.9287	0.03732
18	1.382	0.03857
18	0.9276	0.03757
18	1.238	0.03943
18	1.002	0.03834
18	1.175	0.03771
18	1.022	0.03574
18	0.9198	0.03662
18	1.155	0.03682
18	1.163	0.03661
18	1.43	0.04017
18	1.113	0.03865
18	0.8909	0.03864
18	1.013	0.03787
18	1.074	0.03729
18	1.544	0.03777
18	0.7827	0.03838
18	1.407	0.03825
18	0.8159	0.03731
18	1.492	0.03895
18	0.9914	0.03899
18	1.432	0.03924
18	1.47	0.03896
18	1.34	0.03743
18	1.696	0.03844
18	0.6567	0.03897
18	1.036	0.04021
18	0.8987	0.03858
18	0.7994	0.03638
18	0.9347	0.0362
18	0.7877	0.0385
18	1.154	0.03595
18	1.067	0.0392
18	1.262	0.037
18	0.8184	0.03841
18	0.8973	0.03988
18	1.66	0.03849
18	0.8288	0.03969
18	1.284	0.03717
18	0.8285	0.03862
18	1.167	0.03918
18	1.17	0.03651
18	1.338	0.03651
18	1.038	0.03862
18	1.457	0.03837
18	1.36	0.03641
18	0.7072	0.03773
18	1.314	0.04052
18	0.7906	0.03712
18	1.134	0.03873
18	1.429	0.0354
18	1.504	0.03958
18	1.067	0.03892
18	1.5	0.03854
18	1.035	0.03869
18	1.141	0.03892
18	1.209	0.03691
18	1.74	0.03956
18	1.04	0.03669
18	1.343	0.03931
18	1.016	0.03668
18	1.477	0.03812
18	1.342	0.03701
18	1.287	0.03792
18	1.614	0.03908
18	0.9913	0.03737
18	0.8317	0.0363
18	0.855	0.03861
18	1.564	0.03983
18	1.211	0.03792
18	1.069	0.03955
18	0.8661	0.03897
18	1.052	0.03885
18	1.463	0.03875
18	1.438	0.03875
18	1.4	0.03868
18	1.083	0.03866
18	1.188	0.03911
18	1.462	0.03908
18	0.5726	0.03462
18	1.388	0.03883
18	1.73	0.03622
18	1.34	0.03694
18	0.7464	0.03811
18	1.379	0.03745
18	0.9357	0.03718
18	1.155	0.03626
18	0.6387	0.03775
18	1.288	0.03815
18	1.35	0.03659
18	1.11	0.03646
18	0.9687	0.03933
18	1.047	0.04037
18	0.9418	0.03771
18	1.147	0.03785
18	1.113	0.03464
18	1.238	0.03612
18	0.9736	0.04021
18	1.294	0.03834
18	2.018	0.03732
18	0.9724	0.03808
18	1.297	0.0387
18	0.7119	0.03746
18	1.226	0.03863
18	1.784	0.03771
18	0.8909	0.04022
18	1.27	0.03845
18	1.522	0.03612
18	0.9062	0.03912
18	0.922	0.03753
