32	1.042	0.03764
32	1.219	0.03713
32	1.929	0.03838
32	0.5373	0.03621
32	1.421	0.03718
32	1.012	0.03845
32	1.912	0.0375
32	1.076	0.03756
32	1.313	0.0393
32	0.9088	0.03828
32	1.658	0.03722
32	0.6756	0.03786
32	0.7587	0.03782
32	0.7903	0.03742
32	1.076	0.03785
32	1.132	0.0376
32	2.015	0.03782
32	0.914	0.03799
32	1.226	0.03641
32	1.091	0.03722
32	0.8969	0.03799
32	0.5366	0.03888
32	0.6664	0.0385
32	1.07	0.03769
32	0.7095	0.04014
32	1.229	0.03741
32	0.8788	0.03867
32	1.091	0.03963
32	1.1	0.03944
32	0.5659	0.03611
32	1.28	0.03664
32	0.8281	0.03749
32	0.8893	0.03836
32	1.308	0.03714
32	1.091	0.03852
32	2.156	0.03805
32	0.9136	0.03691
32	0.8574	0.03777
32	0.9982	0.03823
32	1.087	0.03744
32	1.614	0.03691
32	1.802	0.03841
32	1.036	0.03893
32	0.6253	0.03698
32	0.7639	0.03837
32	1.126	0.03789
32	1.301	0.03748
32	0.7696	0.03746
32	1.435	0.03783
32	0.9943	0.03873
32	1.798	0.03772
32	1.256	0.03693
32	1.148	0.03857
32	1.008	0.03674
32	1.138	0.03641
32	1.207	0.03684
32	0.8919	0.03827
32	1.407	0.03804
32	1.233	0.03675
32	1.404	0.03683
32	2.175	0.03785
32	1.408	0.03931
32	1.908	0.03815
32	0.9864	0.0384
32	1.288	0.03749
32	2.18	0.03822
32	0.7858	0.03857
32	1.577	0.03627
32	1.402	0.03953
32	1.112	0.03869
32	1.528	0.03766
32	0.5685	0.03859
32	0.8833	0.03815
32	0.7014	0.03861
32	1.122	0.03871
32	1.408	0.03712
32	1.457	0.03719
32	0.8939	0.03806
32	0.8296	0.03801
32	0.9618	0.03805
32	1.308	0.03672
32	1.187	0.03667
32	0.7483	0.03921
32	1.29	0.03604
32	0.5446	0.03672
32	1.297	0.03736
32	1.252	0.0397
32	1.133	0.03786
32	1.112	0.03719
32	1.474	0.03691
32	0.7101	0.03862
32	2.389	0.03915
32	1.178	0.03681
32	0.9806	0.03822
32	0.3525	0.03834
32	0.7694	0.03708
32	1.48	0.03978
32	1.231	0.03766
32	0.766	0.03764
32	0.6885	0.03768
32	0.7985	0.03812
32	1.163	0.0367
32	2.243	0.03613
32	1.012	0.03878
32	1.895	0.03797
32	1.407	0.03866
32	1.374	0.03727
32	0.745	0.03946
32	1.94	0.0377
32	1.413	0.03776
32	1.453	0.03666
32	0.7483	0.0402
32	0.501	0.03757
32	0.6299	0.03881
32	0.9289	0.03898
32	1.34	0.03909
32	0.5871	0.03768
32	0.9353	0.03935
32	1.975	0.03793
32	1.252	0.03789
32	0.9981	0.03799
32	1.563	0.03738
32	1.539	0.03675
32	0.6029	0.03944
32	0.8218	0.03702
32	0.7772	0.03744
32	1.01	0.03855
32	0.753	0.03884
32	1.064	0.0399
32	1.619	0.03799
32	0.7922	0.03867
32	2.545	0.03745
32	0.979	0.03677
32	1.889	0.03829
32	0.7317	0.03842
32	1.852	0.03849
32	0.8608	0.03753
32	0.9866	0.03844
32	0.9423	0.03645
32	0.8217	0.038
32	0.6286	0.03863
32	0.9091	0.03856
32	1.335	0.03669
32	1.561	0.03834
32	3.459	0.03714
32	1.416	0.03663
32	1.272	0.03689
32	0.8693	0.03794
32	1.735	0.03836
32	1.575	0.03708
32	1.9	0.0378
32	0.6923	0.03815
32	0.7608	0.03681
32	0.932	0.03747
32	2.176	0.03754
32	1.374	0.03794
32	1.165	0.03728
32	1.172	0.03816
32	1.647	0.03721
32	0.8342	0.03715
32	1.257	0.03855
32	1.493	0.03836
32	0.7544	0.03858
32	1.207	0.0375
32	1.406	0.03835
32	1.342	0.03711
32	0.5038	0.03629
32	1.297	0.03884
32	1.423	0.03964
32	0.8837	0.03779
32	0.9639	0.03809
32	2.415	0.03852
32	1.076	0.03687
32	1.066	0.03887
32	0.706	0.03808
32	0.5787	0.03764
32	1.074	0.03845
32	0.8762	0.03781
32	0.7968	0.03788
32	1.43	0.03801
32	1.109	0.0383
32	1.583	0.03743
32	1.112	0.03735
32	1.155	0.03738
32	0.8855	0.03736
32	0.7651	0.03834
32	0.9827	0.03851
32	2.102	0.04013
32	0.9441	0.03821
32	1.252	0.03624
32	0.7355	0.03848
32	0.6967	0.03807
32	2.284	0.03882
32	0.7885	0.03765
32	0.9149	0.03802
32	1.102	0.03839
32	1.171	0.03706
32	0.7151	0.03821
32	0.5998	0.03858
32	0.7672	0.0375
32	0.7216	0.03757
32	0.8891	0.03731
32	0.6412	0.0393
32	1.817	0.03642
32	1.189	0.03988
32	0.6663	0.03798
32	0.9331	0.03755
32	1.209	0.03953
32	1.413	0.04054
32	1.414	0.03742
32	0.8471	0.03897
32	1.069	0.03739
32	1.109	0.03712
32	1.001	0.03962
32	1.408	0.03797
32	0.6292	0.039
32	2.062	0.03887
32	1.218	0.03814
32	1.257	0.03598
32	0.9378	0.0375
32	2.104	0.03876
32	0.9129	0.03833
32	0.9723	0.03834
32	1.293	0.03724
32	0.6725	0.03782
32	1.708	0.03895
32	1.189	0.03645
32	0.7312	0.03604
32	0.9473	0.03727
32	0.9019	0.0366
32	0.4661	0.04024
32	0.6628	0.04013
32	1.51	0.03728
32	1.058	0.03813
32	0.6991	0.03657
32	1.323	0.03712
32	1.361	0.03714
32	1.707	0.03923
32	0.8771	0.03927
32	1.45	0.03622
32	1.092	0.03651
32	2.122	0.03699
32	1.178	0.0375
32	2.161	0.03661
32	0.7712	0.03813
32	1.41	0.03889
32	0.837	0.03839
32	1.117	0.03794
32	0.9347	0.03797
32	1.976	0.04002
32	1.573	0.03699
32	1.013	0.03793
32	1.171	0.0362
32	1.882	0.03685
32	0.534	0.03861
32	0.9018	0.0379
32	0.7963	0.03548
32	1.12	0.03614
32	0.5957	0.0377
32	0.937	0.0378
32	0.8106	0.03977
32	0.9995	0.0374
32	1.972	0.0369
32	1.683	0.03659
32	0.7085	0.04001
32	0.6895	0.03673
32	0.7468	0.03804
32	1.476	0.03738
32	1.298	0.03773
32	0.9351	0.03772
32	1.623	0.03735
32	0.7891	0.03839
32	0.8015	0.03664
32	1.807	0.03794
32	0.8625	0.03688
32	1.2	0.03713
32	0.6669	0.0359
32	1.1	0.03722
32	1.78	0.03752
32	0.7919	0.03682
32	1.545	0.0385
32	0.6636	0.03797
32	0.88	0.03675
32	0.8402	0.03702
32	1.029	0.03732
32	1.171	0.03807
32	1.568	0.03718
32	0.5962	0.03887
32	1.173	0.04042
32	1.29	0.03706
32	1.434	0.03727
32	0.5122	0.03701
32	1.504	0.03625
32	1.892	0.03583
32	1.299	0.03909
32	1.227	0.03844
32	1.146	0.03747
32	1.1	0.03832
32	0.8193	0.03664
32	0.5507	0.03836
32	1.265	0.0397
32	2.325	0.03746
32	1.227	0.03845
32	1.363	0.0374
32	1.966	0.03731
32	1.183	0.03653
32	1.1	0.03815
32	2.456	0.03699
32	2.141	0.03639
32	0.7588	0.03925
32	2.335	0.03642
32	1.563	0.03864
32	1.083	0.03687
32	1.237	0.03664
32	0.9116	0.03752
32	0.8511	0.03758
32	0.9952	0.03805
32	1.185	0.03815
32	0.6344	0.03987
32	1.19	0.03773
32	0.6319	0.03908
32	1.457	0.03671
32	0.822	0.03795
32	0.9038	0.03568
32	0.7407	0.03836
32	1.363	0.03805
32	0.9177	0.03823
32	1.653	0.03701
32	0.5939	0.03774
32	0.9631	0.03704
32	0.4154	0.03646
32	1.187	0.03841
32	1.106	0.03897
32	1.524	0.03757
32	1.125	0.03731
32	1.205	0.03967
32	0.9232	0.03855
32	1.59	0.03883
32	1.689	0.03756
32	1.256	0.03826
32	0.6485	0.03936
32	1.443	0.03753
32	1.109	0.03802
32	0.8316	0.0393
32	1.427	0.03828
32	1.352	0.03776
32	1.088	0.03629
32	1.389	0.03613
32	1.552	0.03694
32	0.2574	0.03823
32	1.375	0.03722
32	1.374	0.03854
32	0.5312	0.03842
32	1.273	0.03962
32	0.8115	0.04044
32	1.005	0.03641
32	0.6043	0.03747
32	1.909	0.03748
32	1.416	0.038
32	1.586	0.03951
32	1.329	0.0379
32	0.9652	0.03718
32	1.209	0.03704
32	0.6321	0.03751
32	0.8039	0.03591
32	1.109	0.03885
32	1.413	0.03695
32	0.825	0.03741
32	0.6821	0.03708
32	1.065	0.03617
32	0.7749	0.03917
32	0.7859	0.03886
32	0.9947	0.03807
32	1.436	0.0364
32	1.063	0.03894
32	1.264	0.03951
32	1.525	0.03873
32	0.6965	0.03696
32	1.673	0.03805
32	1.432	0.03759
32	0.8883	0.03784
32	1.744	0.03733
32	1.135	0.03963
32	1.265	0.03774
32	0.7192	0.03894
32	0.4228	0.04085
32	0.9691	0.03955
32	1.051	0.03767
32	0.9461	0.03868
32	2.516	0.03861
32	0.8165	0.03826
32	0.899	0.03878
32	1.322	0.03882
32	1.157	0.03912
32	0.9527	0.03667
32	0.789	0.03846
32	0.9404	0.03727
32	0.9044	0.03794
32	1.089	0.0368
32	0.8075	0.03764
32	1.237	0.03732
32	1.312	0.03684
32	1.072	0.04042
32	1.066	0.03867
32	0.6999	0.03795
32	0.48	0.03695
32	0.9429	0.03851
32	1.627	0.03907
32	0.6256	0.03812
32	0.9684	0.03732
32	1.308	0.04012
32	1.191	0.0383
32	0.8493	0.0366
32	0.81	0.03758
32	1.465	0.03773
32	1.017	0.03615
32	1.187	0.03558
32	0.9353	0.03714
32	0.7339	0.03602
32	1.003	0.03849
32	1.528	0.0374
32	0.987	0.03802
32	1.641	0.03687
32	0.3616	0.0394
32	1.265	0.03882
32	0.6243	0.03766
32	1.175	0.03995
32	0.5974	0.03842
32	1.148	0.03738
32	1.252	0.03759
32	1.706	0.03622
32	0.8608	0.03849
32	0.7058	0.03787
32	1.009	0.03719
32	1.231	0.03783
32	0.7776	0.03911
32	0.9273	0.03781
32	0.7685	0.04033
32	0.733	0.03736
32	1.608	0.03751
32	1.201	0.03914
32	0.9623	0.03817
32	0.858	0.03716
32	1.684	0.03834
32	1.198	0.03622
32	0.7906	0.03675
32	1.099	0.03721
32	1.065	0.03694
32	0.6922	0.03872
32	1.309	0.03809
32	0.6756	0.03865
32	1.446	0.03867
32	0.7377	0.03697
32	0.6069	0.03615
32	1.062	0.03891
32	0.693	0.03856
32	0.8006	0.03899
32	0.7017	0.03646
32	1.037	0.03765
32	1.292	0.03787
32	1.348	0.03807
32	0.9333	0.03861
32	0.6631	0.0376
32	1.329	0.03953
32	1.343	0.03829
32	1.422	0.03919
32	1.027	0.03882
32	1.423	0.03783
32	0.979	0.03757
32	1.35	0.03706
32	0.719	0.04032
32	0.93	0.03851
32	2.217	0.03737
32	1.415	0.03942
32	1.053	0.0378
32	1.017	0.03681
32	0.6849	0.03721
32	0.8192	0.03874
32	0.799	0.03937
32	1	0.03756
32	1.176	0.03751
32	1.621	0.03757
32	1.816	0.03813
32	0.7622	0.03751
32	0.7965	0.03629
32	1.99	0.0379
32	1.119	0.03823
32	0.883	0.03886
32	0.6868	0.03928
32	0.8393	0.03755
32	0.5452	0.03843
32	1.215	0.03762
32	0.7028	0.03811
32	1.661	0.0377
32	1.174	0.03646
32	1.262	0.03786
32	0.7906	0.03924
32	0.7926	0.03808
32	1.215	0.03876
32	1.113	0.03644
32	0.9074	0.04032
32	1.648	0.03688
32	1.337	0.03786
32	0.8815	0.03731
32	0.5225	0.03814
32	0.6205	0.03952
32	0.8732	0.03747
32	1.334	0.03806
32	1.344	0.03857
32	1.582	0.03811
32	1.505	0.03682
32	0.5446	0.03723
32	0.6342	0.03651
32	1.209	0.03788
32	1.157	0.03801
32	0.672	0.03805
32	1.719	0.03697
32	1.479	0.0381
32	0.8561	0.03805
32	1.532	0.03736
32	1.067	0.03608
32	0.8108	0.0387
32	0.7162	0.03816
32	0.7303	0.03771
32	0.7517	0.03939
32	1.01	0.03749
32	0.8274	0.03838
32	1.6	0.03785
32	0.5452	0.03849
32	0.5109	0.03939
32	0.637	0.03874
32	1.298	0.03765
32	0.5779	0.03775
32	1.151	0.03955
32	2.525	0.03847
32	0.7886	0.03768
32	0.9435	0.03693
32	0.7479	0.03984
32	1.12	0.03926
32	1.484	0.03952
32	1.405	0.03925
32	0.599	0.03752
32	2.269	0.03902
32	1.696	0.03765
32	1.632	0.03743
32	0.6287	0.03618
32	1.207	0.03929
32	2.145	0.03788
32	0.8531	0.03802
32	0.4797	0.03847
32	3.021	0.03647
32	0.8347	0.038
32	1.007	0.03881
32	1.466	0.03734
32	0.7775	0.03919
32	2.308	0.03739
32	0.8114	0.03606
32	0.751	0.03778
32	1.791	0.03721
32	1.294	0.03721
32	2.269	0.03878
32	1.007	0.03941
32	1.479	0.03758
32	0.8739	0.03796
32	0.7929	0.03934
32	1.352	0.03753
32	1.035	0.03847
32	1.961	0.03665
32	0.7102	0.0356
32	1.105	0.03737
32	1.048	0.03742
32	1.061	0.03683
32	0.8087	0.03876
32	0.8938	0.03839
32	0.9235	0.03908
32	1.016	0.0384
32	1.567	0.03817
32	0.9237	0.03743
32	0.9546	0.03679
32	1.5	0.03716
32	0.6879	0.03768
32	0.8671	0.03854
32	1.942	0.03849
32	0.97	0.03837
32	1.104	0.03754
32	0.8012	0.03791
32	0.7587	0.03831
32	1.077	0.04059
32	1.679	0.03785
32	1.029	0.03757
32	1.185	0.04004
32	1.2	0.0399
32	1.135	0.03758
32	0.738	0.0375
32	0.9016	0.03654
32	0.9967	0.03702
32	1.414	0.0382
32	0.7403	0.03752
32	1.4	0.03819
32	1.365	0.03674
32	1.408	0.0383
32	1.15	0.03767
32	0.8963	0.0366
32	0.7202	0.03714
32	1.387	0.0384
32	1.372	0.03737
32	0.6993	0.03821
32	0.7273	0.0396
32	0.4874	0.03728
32	1.4	0.03708
32	1.497	0.0374
32	0.5113	0.03548
32	0.9988	0.03825
32	0.5309	0.03768
32	0.687	0.03746
32	1.385	0.03641
32	1.577	0.03945
32	0.8058	0.03773
32	0.7025	0.03837
32	1.476	0.03679
32	1.082	0.03719
32	0.8833	0.03888
32	2.283	0.03765
32	1.249	0.03664
32	0.8149	0.03751
32	1.825	0.03773
32	1.459	0.03685
32	1.066	0.03813
32	0.8679	0.03746
32	0.9921	0.03695
32	1.013	0.03758
32	1.118	0.03812
32	1.073	0.03783
32	1.1	0.03636
32	0.8937	0.03834
32	0.6203	0.03881
32	0.6548	0.04004
32	0.8873	0.03733
32	1.033	0.03819
32	0.604	0.03867
32	1.396	0.0409
32	0.6108	0.03826
32	0.7432	0.03782
32	1.162	0.03551
32	1.087	0.03986
32	1.084	0.03942
32	2.879	0.03903
32	1.195	0.03887
32	1.231	0.037
32	0.9589	0.03643
32	0.6781	0.03591
32	1.105	0.03893
32	0.7397	0.03788
32	0.7222	0.03781
32	0.6712	0.03721
32	0.7288	0.03899
32	1.602	0.04082
32	0.9059	0.03924
32	1.946	0.0401
32	1.193	0.03706
32	1.631	0.03726
32	0.7723	0.03958
32	1.796	0.03837
32	0.6752	0.0378
32	0.677	0.03608
32	1.428	0.03788
32	0.8253	0.037
32	1.387	0.0359
32	0.9415	0.03804
32	0.8389	0.03938
32	1.315	0.03623
32	1.069	0.03775
32	1.137	0.03823
32	0.889	0.03918
32	1.474	0.03931
32	1.173	0.0362
32	0.6183	0.03859
32	1.772	0.03785
32	0.8248	0.03834
32	1.001	0.03815
32	0.8759	0.03768
32	0.5645	0.03943
32	0.8345	0.03697
32	1.367	0.03663
32	0.7705	0.03889
32	1.349	0.03954
32	0.7135	0.03952
32	0.7388	0.03758
32	0.9445	0.03722
32	0.9806	0.03909
32	1.424	0.03822
32	1.399	0.03685
32	0.9417	0.03799
32	1.264	0.03693
32	1.411	0.0388
32	1.413	0.0386
32	1.399	0.03747
32	0.6717	0.03757
32	0.8084	0.03653
32	1.233	0.0391
32	1.573	0.03747
32	0.5574	0.03731
32	0.969	0.03643
32	0.9947	0.03779
32	0.9805	0.03821
32	1.863	0.03762
32	1.008	0.03741
32	1.213	0.03908
32	1.216	0.03667
32	1.24	0.03579
32	0.8441	0.03657
32	1.239	0.03652
32	0.5914	0.03894
32	1.7	0.03803
32	0.9298	0.03706
32	2.203	0.03784
32	0.7935	0.0387
32	0.797	0.03748
32	0.901	0.03897
32	0.7025	0.03721
32	1.406	0.0376
32	1.316	0.03646
32	1.8	0.03912
32	0.946	0.03779
32	1.059	0.03896
32	1.481	0.03747
32	0.9447	0.03834
32	1.383	0.03671
32	0.9742	0.03742
32	0.6252	0.03847
32	0.6936	0.03655
32	1.337	0.03775
32	1.341	0.03907
32	1.268	0.03804
32	0.638	0.03694
32	1.092	0.03944
32	0.843	0.03852
32	0.7418	0.03822
32	0.8519	0.03801
32	1.022	0.04049
32	1.039	0.03613
32	1.988	0.03676
32	1.623	0.03865
32	1.03	0.03631
32	2.757	0.03831
32	0.8195	0.0381
32	0.8706	0.03917
32	1.728	0.03859
32	1.461	0.03855
32	0.9983	0.03818
32	0.7683	0.03698
32	1.54	0.03631
32	1.551	0.03557
32	0.8517	0.03808
32	0.7007	0.03832
32	0.7742	0.03886
32	1.825	0.03829
32	1.242	0.03751
32	0.7614	0.03878
32	1.751	0.03803
32	1.329	0.03703
32	0.6473	0.03833
32	0.9403	0.03785
32	1.017	0.03794
32	0.8021	0.04052
32	0.7212	0.0377
32	1.204	0.03769
32	2.215	0.03615
32	1.203	0.0385
32	1.419	0.03713
32	0.8463	0.03819
32	0.9908	0.03797
32	2.625	0.03761
32	1.121	0.03752
32	1.074	0.03668
32	1.081	0.04028
32	2.816	0.03746
32	0.8679	0.03784
32	0.9928	0.03748
32	0.4542	0.03735
32	0.4818	0.03744
32	1.442	0.03629
32	0.9385	0.03668
32	1.797	0.03936
32	1.55	0.03715
32	0.9577	0.04035
32	1.331	0.03853
32	1.544	0.03728
32	0.9146	0.03935
32	0.9617	0.03717
32	0.5412	0.03783
32	0.5229	0.03684
32	0.9689	0.0367
32	0.6846	0.0393
32	1.051	0.03659
32	0.9979	0.03618
32	1.261	0.03713
32	1.262	0.03673
32	1.194	0.03674
32	0.8325	0.03602
32	0.9861	0.03764
32	0.9509	0.03623
32	1.276	0.03825
32	1.132	0.03761
32	0.8972	0.03697
32	0.9655	0.03737
32	0.5816	0.03583
32	1.039	0.03778
32	1.059	0.03754
32	1.73	0.03733
32	2.016	0.03895
32	0.9425	0.03674
32	0.9245	0.03877
32	0.579	0.03834
32	1.377	0.03782
32	0.5556	0.0369
32	1.37	0.03896
32	0.5192	0.03715
32	1.064	0.03881
32	1.069	0.03854
32	1.289	0.03793
32	0.7747	0.03773
32	1.203	0.0379
32	1.226	0.03756
32	0.5925	0.03785
32	0.9413	0.03816
32	0.9705	0.03867
32	1.213	0.03769
32	0.9337	0.0396
32	3.921	0.03832
32	1.851	0.03768
32	0.6423	0.03738
32	0.7144	0.03876
32	0.7403	0.03763
32	0.8905	0.03791
32	1.559	0.03727
32	1.217	0.03693
32	0.9108	0.04011
32	0.718	0.03903
32	1.74	0.03693
32	1.335	0.03709
32	1.098	0.03715
32	1.699	0.03816
32	1.073	0.03749
32	0.9212	0.03719
32	0.8327	0.03832
32	2.019	0.03868
32	1.42	0.03713
32	1.166	0.03722
32	0.6186	0.03804
32	0.5616	0.03802
32	2.444	0.03757
32	0.7725	0.04034
32	0.5345	0.03828
32	1.036	0.03824
32	0.6776	0.03723
32	0.8449	0.03895
32	0.9296	0.0375
32	1.061	0.03939
32	2.281	0.03767
32	1.179	0.03792
32	0.8324	0.03905
32	1.703	0.03695
32	1.32	0.03727
32	1.664	0.0384
32	0.8738	0.03788
32	1.827	0.03884
32	1.796	0.03597
32	0.9856	0.03665
32	0.9553	0.03789
32	1.618	0.03932
32	1.037	0.0373
32	1.405	0.03759
32	0.8589	0.03655
32	1.652	0.0377
32	0.8271	0.03761
32	1.529	0.03741
32	0.9174	0.03753
32	1.14	0.03648
32	0.6091	0.039
32	1.716	0.03783
32	1.257	0.03706
32	0.435	0.03636
32	1.114	0.0358
32	1.183	0.03838
32	1.515	0.03874
32	1.654	0.03747
32	0.932	0.03608
32	0.6818	0.03818
32	1.274	0.03715
32	1.424	0.03833
32	1.627	0.03989
32	1.004	0.03831
32	1.036	0.03667
32	1.266	0.03972
32	0.7125	0.03819
32	1.504	0.04026
32	0.662	0.03966
32	1.278	0.03847
32	1.462	0.0387
32	1.543	0.03801
32	1.43	0.03644
32	0.7553	0.03809
32	0.9991	0.03795
32	0.4737	0.03858
32	0.6679	0.03955
32	0.4772	0.03717
32	0.8786	0.03921
32	1.344	0.03766
32	0.6586	0.0384
32	0.9497	0.03754
32	1.016	0.03866
32	0.8286	0.03657
32	0.8419	0.03694
32	1.112	0.03816
32	1.452	0.03631
32	0.6968	0.03714
32	1.444	0.0396
32	0.8373	0.03754
32	2.091	0.03877
32	1.215	0.03739
32	2.642	0.03944
32	0.7133	0.0361
32	1.687	0.03603
32	0.7168	0.0378
32	2.252	0.0378
32	1.738	0.03954
32	1.31	0.03988
32	0.888	0.03836
32	1.582	0.03742
32	1.6	0.03956
32	1.014	0.03927
32	1.423	0.03961
32	1.226	0.03955
32	1.432	0.03808
32	1.912	0.03759
32	0.6756	0.03735
32	1.38	0.03864
32	1.905	0.03929
32	1.091	0.03695
32	1.454	0.0397
32	1.198	0.03835
32	2.62	0.03784
32	0.8606	0.03923
32	0.8754	0.03812
32	1.554	0.03739
32	1.508	0.03803
32	0.8958	0.0378
32	0.8753	0.03633
32	0.3775	0.0385
32	0.8732	0.0395
32	0.6256	0.03695
32	0.8861	0.03665
32	1.211	0.0371
32	1.336	0.03589
32	1.266	0.03762
32	0.7593	0.03673
32	0.7527	0.03778
32	0.8481	0.03736
32	1.581	0.03992
32	1.075	0.03754
32	1.113	0.0375
32	0.9226	0.03817
32	0.9781	0.03707
32	0.7285	0.0384
32	1.532	0.03768
32	1.259	0.03718
32	1.826	0.03828
32	0.3601	0.03678
32	1.577	0.03787
32	0.861	0.03936
32	0.8342	0.0371
32	1.168	0.03836
32	0.9978	0.03894
32	0.974	0.03709
32	0.9769	0.03781
32	1.618	0.03883
32	1.663	0.0378
32	0.5424	0.03811
32	1.117	0.03889
32	0.7363	0.0378
32	1.004	0.03831
32	1.481	0.03596
32	0.5804	0.03953
32	1.102	0.03697
32	1.384	0.03831
32	0.9813	0.03713
32	2.002	0.03865
32	1.956	0.03849
32	1.207	0.03775
32	1.034	0.03718
32	1.008	0.03787
32	0.7081	0.03712
32	0.8317	0.03824
32	0.7054	0.03881
32	0.8052	0.03843
32	0.9416	0.03797
32	0.9948	0.03723
32	0.8458	0.03651
32	1.506	0.03733
32	0.5418	0.03677
32	1.194	0.03916
32	1.116	0.03929
32	0.9512	0.03749
32	1.155	0.03738
32	0.9908	0.03768
32	1.45	0.03623
32	0.9795	0.03779
32	1.304	0.03952
32	0.7913	0.03589
32	0.8973	0.03895
32	2.822	0.03536
32	0.4979	0.03817
32	1.662	0.03747
32	1.125	0.03807
32	1.369	0.03663
32	0.8475	0.03707
32	1.311	0.03793
32	0.8229	0.0382
32	0.7088	0.0372
32	0.812	0.03843
32	0.6341	0.03651
32	1.519	0.0382
32	0.7542	0.03643
32	1.331	0.03993
32	0.8509	0.0375
32	1.414	0.03715
32	0.489	0.03694
32	0.5778	0.03841
32	1.973	0.03804
32	0.9284	0.03574
32	0.7015	0.03972
32	1.407	0.03784
32	0.5509	0.03913
32	1.317	0.03666
32	1.061	0.03861
32	0.7018	0.03723
32	1.21	0.039
32	2.101	0.03759
32	1.425	0.03758
32	0.7859	0.03786
32	1.875	0.03568
32	0.9205	0.03701
32	0.9656	0.03604
32	1.285	0.0385
32	0.8962	0.03748
32	1.098	0.04012
32	1.339	0.03988
32	1.78	0.03823
32	2.011	0.03895
32	0.607	0.0364
32	1.976	0.03737
32	0.5992	0.03926
32	1.441	0.03811
32	1.051	0.03797
32	1.837	0.03659
32	1.435	0.03748
32	1.737	0.03747
32	0.6108	0.03738
32	0.7873	0.03789
32	1.492	0.03818
32	1.004	0.03686
32	1.893	0.03825
32	0.6314	0.03792
32	1.016	0.03723
32	0.5965	0.03855
32	1.326	0.03912
32	0.7219	0.03715
32	0.5727	0.03658
32	1.478	0.03883
32	0.9304	0.03656
32	1.301	0.03697
32	0.9734	0.03912
32	0.3681	0.03818
32	0.8978	0.0365
32	1.087	0.03762
32	1.251	0.03871
32	0.6143	0.03742
32	1.44	0.03865
32	0.7905	0.0373
32	1.467	0.03702
32	0.5649	0.03881
32	0.9254	0.03801
32	0.6692	0.03859
32	1.019	0.03923
32	2.092	0.03996
32	0.9924	0.03688
32	1.062	0.0388
32	1.533	0.03601
32	1.803	0.03957
32	1.649	0.03698
32	1.14	0.03795
32	1.089	0.03784
32	0.8537	0.03893
32	0.8882	0.03707
32	0.8017	0.03949
32	0.7924	0.03575
32	1.726	0.03649
32	0.7629	0.03798
32	1.357	0.03722
32	0.926	0.03666
32	1.244	0.03741
32	1.271	0.03748
32	0.8948	0.03801
32	1.25	0.03891
32	0.7285	0.03869
32	0.986	0.03804
32	0.8746	0.03836
32	2.012	0.03767
32	0.9134	0.03722
32	1.308	0.03642
32	1.172	0.03704
32	2.325	0.03934
32	0.9811	0.03861
32	1.173	0.03808
32	1.237	0.03979
32	1.316	0.03898
32	1.414	0.03703
32	1.846	0.03655
32	1.013	0.03829
32	1.149	0.03813
32	0.9533	0.03919
32	0.9756	0.03773
32	0.8264	0.03794
32	1.223	0.03787
32	1.114	0.03773
32	1.457	0.03846
32	1.505	0.03778
32	0.8548	0.03814
32	1.043	0.03782
32	1.151	0.04032
32	1.499	0.03763
32	0.8455	0.04009
32	1.23	0.04067
32	0.7412	0.03717
32	1.331	0.03915
32	0.7612	0.0373
32	1.375	0.03712
32	1.079	0.03766
32	0.7598	0.038
32	0.8427	0.03873
32	0.7881	0.03627
32	0.7937	0.03799
32	0.6339	0.03733
32	1.148	0.03715
32	0.588	0.03906
32	1.447	0.03769
32	1.232	0.03825
32	0.9336	0.04064
32	0.8169	0.03886
32	0.8815	0.03647
32	1.468	0.03723
32	0.8402	0.03841
32	0.4928	0.03673
32	1.257	0.03838
32	1.399	0.03925
32	0.5916	0.03819
32	0.8502	0.03839
32	1.865	0.03898
32	0.709	0.03714
32	1.919	0.03693
32	0.7699	0.03892
32	1.033	0.03698
32	0.871	0.03787
32	1.659	0.03831
32	1.004	0.03759
32	0.7122	0.03917
32	1.247	0.0397
32	1.05	0.03634
32	1.616	0.03747
32	0.8165	0.03852
32	1.121	0.03812
32	1.328	0.03745
32	0.5746	0.03718
32	0.7267	0.03889
32	1.126	0.0372
32	1.25	0.03813
32	1.599	0.03689
32	0.992	0.03798
32	0.9086	0.03574
32	1.303	0.03817
32	1.268	0.03905
32	1.197	0.03755
32	1.374	0.03948
32	1.688	0.03851
32	1.273	0.03846
32	1.288	0.0383
32	0.8317	0.03957
32	0.7514	0.03748
32	1.058	0.03852
32	2.345	0.03733
32	1.187	0.03603
32	0.8853	0.03854
32	0.9343	0.03834
32	0.9525	0.0376
32	1.014	0.03722
32	1.698	0.03749
32	1.513	0.03742
32	1.675	0.03714
32	1.059	0.03883
32	0.8008	0.0385
32	1.816	0.03817
32	1.298	0.0383
32	1.385	0.03736
32	1.047	0.03841
32	0.9923	0.0373
32	0.686	0.04014
32	0.4636	0.03729
32	1.787	0.03799
32	1.733	0.03921
32	1.13	0.03992
32	1.235	0.03637
32	1.439	0.03901
32	1.504	0.03789
32	0.7631	0.03971
32	1.283	0.03776
32	0.6007	0.03709
32	1.538	0.04042
32	1.265	0.03649
32	1.447	0.03942
32	0.7781	0.0394
32	1.247	0.03701
32	1.445	0.03778
32	0.6977	0.03698
32	0.8855	0.03686
32	1.056	0.03855
32	0.5109	0.03925
32	1.035	0.03832
32	0.536	0.03722
32	0.5937	0.03891
32	1.185	0.0386
32	1.021	0.03737
32	0.5867	0.03737
32	0.8988	0.03958
32	0.7891	0.03811
32	0.9588	0.03944
32	1.043	0.03809
32	1.082	0.03855
32	1.705	0.03768
32	1.252	0.03676
32	1.392	0.0372
32	2.04	0.03901
32	1.118	0.03724
32	1.311	0.03843
32	1.01	0.03663
32	0.6634	0.03657
32	1.033	0.03768
32	1.754	0.03815
32	1.114	0.03803
32	1.898	0.04059
32	0.889	0.04087
32	1.434	0.03886
32	0.694	0.03926
32	1.193	0.03664
32	0.5467	0.03598
32	1.567	0.0365
32	0.7587	0.03759
32	1.789	0.03758
32	1.611	0.03826
32	0.7057	0.03787
32	0.7139	0.03821
32	0.8416	0.0393
32	0.9893	0.03758
32	1.225	0.03758
32	0.7197	0.03828
32	0.6336	0.03778
32	2.374	0.03659
32	0.8557	0.03807
32	0.866	0.03827
32	0.8818	0.03817
32	1.512	0.03972
32	1.057	0.03883
32	0.7592	0.03823
32	0.8937	0.03769
32	1.017	0.03823
32	1.176	0.03734
32	0.8946	0.03841
32	1.049	0.03696
32	1.235	0.03783
32	0.986	0.03726
32	1.216	0.0368
32	1.043	0.0378
32	0.9088	0.03815
32	0.8015	0.03695
32	1.034	0.03998
32	1.205	0.03828
32	1.162	0.03681
32	0.8857	0.03886
32	0.7181	0.04011
32	0.6295	0.03895
32	1.615	0.03724
32	1.073	0.03713
32	0.637	0.03638
32	0.4715	0.03677
32	1.505	0.03698
32	0.7981	0.03834
32	1.462	0.03616
32	1.374	0.03858
32	1.738	0.03906
32	1.148	0.03769
32	0.7806	0.03757
32	0.8923	0.03664
32	1.292	0.03829
32	0.9624	0.04001
32	0.8125	0.03642
32	0.5498	0.03691
32	1.107	0.03805
32	0.5268	0.03858
32	0.926	0.03613
32	1.464	0.03794
32	1.052	0.03834
32	1.326	0.03789
32	1.373	0.03695
32	0.7274	0.03849
32	1.329	0.03937
32	1.629	0.03723
32	1.585	0.03841
32	1.437	0.03921
32	1.122	0.0388
32	0.8341	0.03827
32	1.888	0.03665
32	1.703	0.03764
32	2.244	0.03912
32	1.087	0.03749
32	1.352	0.03795
32	0.7324	0.03888
32	0.8814	0.03823
32	1.11	0.03873
32	0.8506	0.03718
32	1.195	0.03563
32	0.7175	0.03844
32	0.8073	0.03998
32	0.6641	0.03707
32	0.8111	0.03672
32	1.305	0.03692
32	0.9773	0.03763
32	1.207	0.03717
32	1.681	0.03702
32	0.9231	0.03714
32	0.7526	0.03897
32	1.383	0.03858
32	0.8669	0.03735
32	0.5456	0.03679
32	1.02	0.038
32	1.207	0.03856
32	1.13	0.03894
32	1.196	0.03631
32	0.6985	0.03991
32	1.041	0.03802
32	0.7313	0.03738
32	1.037	0.03866
32	0.5591	0.03905
32	0.8219	0.03878
32	0.8339	0.03792
32	1.271	0.03875
32	1.206	0.03862
32	1.425	0.03846
32	1.488	0.03818
32	1.258	0.03696
32	1.078	0.03838
32	0.7685	0.03699
32	0.8355	0.03803
32	1.188	0.03743
32	0.4693	0.03731
32	1.343	0.03725
32	1.437	0.03871
32	0.9705	0.03882
32	0.8446	0.0381
32	0.9232	0.03908
32	0.5771	0.04011
32	1.656	0.03676
32	1.008	0.03782
32	0.7382	0.0375
32	0.8353	0.03904
32	1.971	0.0386
32	0.7749	0.03986
32	1.4	0.036
32	1.861	0.03646
32	0.9419	0.03734
32	2.223	0.03878
32	0.7308	0.03823
32	0.9136	0.03848
32	0.9854	0.03678
32	0.8326	0.03827
32	1.806	0.03872
32	1.213	0.03755
32	0.54	0.03747
32	1.212	0.03813
32	0.5916	0.03685
32	1.314	0.03723
32	1.725	0.03744
32	1.921	0.03794
32	1.206	0.03655
32	0.6955	0.03625
32	0.7052	0.03798
32	1.254	0.0381
32	2.687	0.03937
32	1.098	0.03656
32	1.118	0.03887
32	0.7037	0.03849
32	0.8054	0.03778
32	1.64	0.03874
32	0.7063	0.03718
32	1.167	0.03621
32	0.9861	0.0396
32	0.8421	0.03781
32	1.955	0.03745
32	0.6914	0.03643
32	1.277	0.03979
32	1.642	0.03626
32	1.278	0.03752
32	2.019	0.03807
32	0.6783	0.03843
32	1.31	0.03783
32	1.017	0.03832
32	0.838	0.03788
32	1.859	0.03666
32	0.7156	0.03846
32	0.9377	0.03878
32	0.5279	0.03615
32	0.939	0.03784
32	0.9834	0.03788
32	1.235	0.03773
32	0.8092	0.03829
32	0.644	0.0369
32	1.22	0.03854
32	1.423	0.03715
32	0.7516	0.04001
32	0.972	0.03727
32	0.4731	0.03728
32	0.771	0.03856
32	2.237	0.03658
32	0.6685	0.03896
32	1.128	0.0377
32	0.5493	0.03846
32	0.8412	0.03947
32	0.747	0.03967
32	1.173	0.0385
32	1.248	0.03657
32	1.345	0.03848
32	1.885	0.03934
32	0.6327	0.03659
32	1.351	0.03775
32	2.093	0.03891
32	0.8498	0.03701
32	1.857	0.03687
32	1.237	0.0391
32	0.6946	0.03797
32	1.644	0.03828
32	1.519	0.03745
32	1.05	0.03787
32	1.252	0.03781
32	2.047	0.03897
32	1.502	0.03781
32	1.118	0.03859
32	0.837	0.0381
32	0.4935	0.03823
32	0.4661	0.03649
32	1.073	0.0384
32	1.617	0.03682
32	1.312	0.03662
32	0.7892	0.03624
32	0.7828	0.04084
32	2.241	0.03706
32	0.6509	0.03787
32	1.107	0.03875
32	0.9091	0.03945
32	2.685	0.03869
32	1.238	0.03725
32	0.715	0.03619
32	0.7716	0.03747
32	0.4292	0.03755
32	1.323	0.03767
32	1.047	0.03846
32	0.6847	0.03772
32	1.298	0.03843
32	1.276	0.03857
32	0.644	0.03674
32	1.399	0.03683
32	0.473	0.03581
32	1.313	0.03849
32	1.12	0.03698
32	0.6877	0.03844
32	0.68	0.03854
32	0.7358	0.03786
32	0.7626	0.03927
32	0.713	0.03872
32	0.5841	0.03641
32	1.042	0.03734
32	0.6624	0.03669
32	0.9087	0.03829
32	1.445	0.03812
32	1.294	0.03994
32	2.828	0.03747
32	0.5754	0.03619
32	0.7762	0.03783
32	0.5839	0.03786
32	0.9549	0.03688
32	0.7884	0.03928
32	1.033	0.03935
32	0.6666	0.03753
32	0.9862	0.03867
32	0.6731	0.03934
32	1.094	0.03984
32	0.6672	0.03681
32	1.215	0.03644
32	1.718	0.03765
32	0.7885	0.03596
32	0.7865	0.04015
32	0.8664	0.03717
32	0.585	0.0379
32	1.357	0.03648
32	1.278	0.03682
32	1.084	0.03677
32	1.15	0.03862
32	1.363	0.03604
32	0.5412	0.03735
32	1.435	0.03927
32	1.216	0.03908
32	1.186	0.03707
32	1.314	0.03738
32	1.761	0.03593
32	2.247	0.03832
32	1.318	0.03879
32	0.6357	0.03816
32	1.037	0.03953
32	1.079	0.03813
32	0.5977	0.03671
32	0.925	0.03811
32	1.011	0.0382
32	1.294	0.0372
32	1.243	0.03858
32	1.107	0.03678
32	0.7735	0.03855
32	1.518	0.03798
32	1.38	0.03813
32	0.8861	0.03711
32	1.21	0.03722
32	0.9738	0.03677
32	1.061	0.03775
32	1.034	0.03713
32	1.137	0.03834
32	0.4281	0.03655
32	1.232	0.03718
32	0.6716	0.0368
32	0.7977	0.03798
32	0.986	0.03571
32	1.182	0.04017
32	1.253	0.03737
32	1.386	0.03619
32	1.221	0.03758
32	1.907	0.03713
32	0.6435	0.03859
32	1.161	0.03793
32	1.454	0.03588
32	0.9748	0.03884
32	1.191	0.03615
32	0.7047	0.03626
32	1.267	0.03856
32	1.105	0.03959
32	0.8511	0.03924
32	0.616	0.03773
32	0.962	0.03673
32	1.281	0.03794
32	1.23	0.03775
32	1.291	0.0377
32	0.6742	0.03739
32	1.151	0.03745
32	0.8459	0.03637
32	1.239	0.03734
32	1.13	0.0385
32	1.466	0.03941
32	0.9934	0.03791
32	0.8186	0.03908
32	1.562	0.03881
32	1.186	0.03703
32	1.172	0.03789
32	1.687	0.03754
32	1.873	0.03883
32	1.133	0.03773
32	1.109	0.03939
32	0.7376	0.03883
32	1.635	0.03748
32	0.9922	0.04008
32	0.7449	0.03781
32	1.093	0.03783
32	0.9298	0.03745
32	2.037	0.03606
32	0.7679	0.03734
32	0.8494	0.03741
32	0.5863	0.03709
32	1.04	0.03763
32	1.811	0.037
32	1.467	0.0368
32	1.203	0.03948
32	1.359	0.03703
32	0.7532	0.03947
32	0.5169	0.0382
32	1.22	0.03655
32	0.5605	0.03742
32	1.394	0.03706
32	1.023	0.03617
32	1.102	0.03913
32	1.212	0.03721
32	0.8147	0.03837
32	1.601	0.04087
32	0.6277	0.03651
32	0.8885	0.03828
32	1.475	0.03835
32	0.7797	0.03721
32	1.571	0.038
32	0.8527	0.0374
32	0.5636	0.03924
32	1.28	0.0397
32	0.6562	0.03748
32	1.188	0.03649
32	0.7171	0.03766
32	1.384	0.03676
32	0.6466	0.03638
32	1.098	0.0389
32	0.7599	0.04008
32	2.087	0.03932
32	1.051	0.03933
32	1.023	0.03794
32	1.456	0.03831
32	0.899	0.03631
32	1.525	0.03684
32	1.071	0.03788
32	0.8434	0.03744
32	1.223	0.03887
32	1.658	0.03666
32	1.081	0.0378
32	1.548	0.03873
32	0.7529	0.03818
32	1.071	0.03792
32	0.6244	0.03643
32	0.6875	0.03746
32	1.508	0.03828
32	3.049	0.03717
32	0.7137	0.0396
32	3.538	0.03662
32	2.074	0.03806
32	0.7119	0.03858
32	1.014	0.0366
32	1.122	0.03859
32	0.9292	0.03686
32	0.7543	0.03831
32	0.4744	0.03767
32	0.9765	0.038
32	0.9496	0.03709
32	0.3895	0.03704
32	0.8099	0.038
32	0.8434	0.04044
32	0.8996	0.03839
32	0.7488	0.03828
32	1.368	0.03724
32	1.188	0.03734
32	0.622	0.03889
32	0.9707	0.03828
32	0.951	0.03814
32	1.003	0.03698
32	0.833	0.03713
32	0.9694	0.03799
32	1.119	0.03827
32	1.304	0.03695
32	0.9132	0.03721
32	1.11	0.03865
32	0.9728	0.0379
32	1.084	0.03818
32	0.9311	0.03954
32	1.005	0.03769
32	1.045	0.03869
32	0.6488	0.03782
32	0.6446	0.04069
32	1.404	0.03864
32	0.8495	0.03852
32	1.011	0.03838
32	1.133	0.03788
32	0.9609	0.03888
32	1.001	0.03855
32	1.018	0.03744
32	1.501	0.03885
32	1.249	0.03723
32	0.6396	0.03642
32	0.624	0.03804
32	1.695	0.03811
32	1.027	0.03868
32	0.8215	0.03906
32	1.144	0.03732
32	0.5997	0.03735
32	0.7861	0.03925
32	0.7377	0.03777
32	1.209	0.03888
32	1.001	0.03662
32	0.7715	0.03918
32	0.9028	0.03663
32	0.6455	0.03703
32	2.773	0.03839
32	0.6045	0.03796
32	1.245	0.03707
32	1.073	0.03866
32	1.187	0.03652
32	1.245	0.03831
32	0.9893	0.038
32	2.305	0.03727
32	0.606	0.03858
32	1.999	0.03833
32	1.219	0.03854
32	0.7721	0.0386
32	2.001	0.03731
32	1.905	0.03872
32	0.9756	0.03643
32	0.7487	0.03859
32	1.014	0.03791
32	1.115	0.03651
32	1.555	0.03924
32	0.8517	0.03786
32	1.017	0.03759
32	0.826	0.03701
32	1.294	0.03665
32	1.625	0.03746
32	2.101	0.03868
32	0.97	0.03799
32	0.8477	0.03812
32	1.355	0.03873
32	0.7462	0.03857
32	1.541	0.03792
32	0.6896	0.03796
32	1.602	0.03698
32	1.356	0.03952
32	1.386	0.03673
32	1.228	0.03641
32	1.029	0.0375
32	1.201	0.03851
32	1.127	0.03724
32	0.5169	0.03865
32	0.5281	0.03752
32	1.027	0.03681
32	0.8361	0.03611
32	1.22	0.03766
32	1.161	0.0368
32	1.333	0.0357
32	0.6319	0.03878
32	0.7985	0.03808
32	0.6307	0.03839
32	1.687	0.03607
32	1.31	0.03736
32	1.542	0.0382
32	1.69	0.03655
32	1.575	0.03705
32	1.582	0.03899
32	1.103	0.03658
32	0.9012	0.03827
32	0.8487	0.03618
32	1.003	0.03826
32	0.9746	0.0369
32	1.402	0.03731
32	0.5674	0.03731
32	1.688	0.0377
32	0.7175	0.03816
32	1.463	0.03642
32	0.8639	0.03692
32	1.067	0.04026
32	0.7484	0.03767
32	1.209	0.03762
32	1.036	0.03697
32	1.257	0.03949
32	0.9183	0.0383
32	1.983	0.03701
32	0.6674	0.03651
32	1.116	0.03874
32	1.552	0.03853
32	1.346	0.03845
32	2.172	0.03822
32	0.819	0.03758
32	1.788	0.03633
32	1.143	0.03807
32	1.149	0.03974
32	1.983	0.03756
32	1.38	0.03883
32	0.7559	0.03759
32	1.469	0.03952
32	1.692	0.03817
32	1.232	0.03768
32	0.9299	0.03723
32	1.294	0.03724
32	0.8614	0.03748
32	1.093	0.03794
32	0.5667	0.03779
32	1.054	0.03661
32	0.7622	0.03728
32	1.013	0.03862
32	0.9606	0.0357
32	0.8887	0.0381
32	1.199	0.03606
32	1.156	0.03746
32	0.6605	0.03965
32	1.622	0.0369
32	1.127	0.03686
32	1.384	0.03897
32	0.5547	0.03804
32	1.319	0.03822
32	0.9161	0.03702
32	0.7895	0.04018
32	1.37	0.03786
32	1.189	0.03734
32	1.156	0.03678
32	0.9775	0.03758
32	0.8225	0.03706
32	1.713	0.03656
32	1.004	0.0379
32	1.334	0.03772
32	1.102	0.03684
32	0.9907	0.038
32	1.158	0.03675
32	0.6691	0.03603
32	1.253	0.0375
32	1.102	0.03756
32	1.849	0.03597
32	1.505	0.03872
32	1.181	0.03593
32	0.902	0.03636
32	1.035	0.03915
32	1.486	0.03687
32	0.7049	0.03832
32	0.8873	0.03705
32	1.108	0.03784
32	1.257	0.03906
32	1.644	0.03714
32	1.32	0.03802
32	0.8757	0.03936
32	0.9224	0.03802
32	0.7235	0.03739
32	0.7632	0.039
32	0.8416	0.03752
32	1.016	0.03799
32	0.7478	0.03782
32	1.215	0.0395
32	1.584	0.03866
32	1.407	0.03884
32	1.038	0.03788
32	0.8514	0.03663
32	0.8936	0.0377
32	1.949	0.0369
32	1.187	0.03738
32	1.431	0.03648
32	0.7753	0.03728
32	1.327	0.03791
32	0.9615	0.03825
32	0.5937	0.03882
32	0.6161	0.03674
32	0.9683	0.03809
32	1.511	0.03687
32	1.625	0.03862
32	1.086	0.04062
32	1.498	0.0378
32	2.343	0.03785
32	0.9115	0.03783
32	1.099	0.03803
32	0.653	0.03822
32	1.777	0.0369
32	1.457	0.03699
32	0.5203	0.03692
32	0.9838	0.03729
32	1.756	0.03764
32	0.7715	0.03759
32	2.08	0.03696
32	0.8512	0.03735
32	1.82	0.03656
32	1.661	0.03869
32	1.477	0.03758
32	1.163	0.03779
32	0.8765	0.03642
32	0.9048	0.03772
32	1.407	0.03839
32	0.7014	0.037
32	1.289	0.03802
32	1.196	0.03683
32	0.7537	0.03771
32	1.634	0.0358
32	0.9389	0.03859
32	0.7435	0.03907
32	0.5282	0.03911
32	1.046	0.03598
32	1.005	0.038
32	0.6451	0.03815
32	0.9386	0.04008
32	1.147	0.04032
32	0.8368	0.03923
32	1.223	0.03703
32	1.159	0.03822
32	2.132	0.03877
32	1.071	0.03706
32	1.425	0.03794
32	1.218	0.03724
32	1.021	0.03816
32	1.043	0.03857
32	0.6802	0.03771
32	1.25	0.0385
32	1.179	0.03657
32	0.9997	0.03681
32	0.8958	0.03677
32	0.7977	0.03741
32	1.305	0.03754
32	0.5702	0.03803
32	1.341	0.03563
32	0.722	0.03783
32	1.141	0.037
32	1.051	0.03867
32	1.578	0.03856
32	0.9663	0.03788
32	1.071	0.03769
32	1.677	0.03751
32	1.422	0.03664
32	2.144	0.03795
32	0.7271	0.03842
32	1.077	0.04105
32	0.9111	0.03552
32	0.8455	0.03978
32	1.583	0.03747
32	1.102	0.03812
32	1.182	0.03685
32	0.5744	0.03799
32	1.423	0.0389
32	1.078	0.03741
32	1.267	0.03625
32	2.068	0.03814
32	0.8086	0.03702
32	1.593	0.03659
32	0.7804	0.04028
32	0.7464	0.03904
32	0.9509	0.03882
32	1.198	0.0376
32	0.8569	0.03787
32	1.248	0.03691
32	1.265	0.03824
32	0.9743	0.03778
32	1.058	0.03591
32	1.037	0.0379
32	1.287	0.03795
32	1.291	0.03831
32	2.618	0.03751
32	1.134	0.03729
32	1.12	0.03786
32	1.015	0.03668
32	0.9098	0.03661
32	1.787	0.03889
32	1.698	0.03565
32	0.8993	0.03775
32	2.035	0.03766
32	0.9429	0.03647
32	1.506	0.03753
32	1.813	0.03715
32	2.233	0.0366
32	1.845	0.03728
32	1.063	0.03709
32	0.9303	0.03747
32	0.9043	0.038
32	1.951	0.03644
32	1.278	0.03769
32	1.215	0.03646
32	0.8126	0.03647
32	1.09	0.03618
32	1.669	0.03654
32	1.285	0.03802
32	0.8713	0.03754
32	1.183	0.0399
32	0.9995	0.03758
32	2.387	0.03863
32	0.4801	0.0363
32	1.849	0.03819
32	1.787	0.03987
32	1.601	0.03787
32	0.5725	0.03563
32	1.183	0.03818
32	0.8687	0.03728
32	1.278	0.03757
32	0.7133	0.03881
32	1.522	0.03914
32	1.199	0.03649
32	1.456	0.03738
32	1.003	0.03871
32	0.9146	0.03743
32	0.8371	0.03912
32	1.544	0.03953
32	0.8118	0.0372
32	1.198	0.03839
32	0.942	0.03918
32	1.163	0.03672
32	1.502	0.03769
32	0.6827	0.03875
32	1.422	0.03726
32	0.7436	0.03701
32	1.099	0.03789
32	2.054	0.03626
32	0.8345	0.03801
32	1.084	0.03828
32	1.714	0.03826
32	1.235	0.03644
32	0.7469	0.03802
