19	0.9726	0.03797
19	1.131	0.0387
19	1.737	0.03918
19	0.6716	0.03688
19	1.749	0.03831
19	1.028	0.03864
19	1.475	0.03701
19	0.8845	0.03904
19	1.424	0.03839
19	1.371	0.03723
19	1.679	0.03871
19	1.072	0.03886
19	0.8824	0.038
19	0.8591	0.03893
19	1.001	0.03746
19	1.025	0.03666
19	1.115	0.03842
19	1.032	0.03879
19	1.024	0.03685
19	1.052	0.03823
19	0.7019	0.0392
19	0.8247	0.03829
19	0.8103	0.03653
19	1.049	0.03946
19	1.025	0.03793
19	1.219	0.03894
19	1.097	0.03901
19	0.6498	0.03845
19	1.563	0.03735
19	0.7605	0.03803
19	1.195	0.03738
19	0.6617	0.03716
19	1.085	0.03944
19	1.208	0.03783
19	1.198	0.03663
19	1.782	0.03978
19	0.8162	0.0392
19	0.5865	0.03713
19	0.7705	0.03752
19	1.013	0.03888
19	1.568	0.03777
19	1.225	0.03696
19	1.126	0.03835
19	0.6499	0.03852
19	1.145	0.03842
19	1.131	0.03851
19	1.157	0.0403
19	0.7433	0.03703
19	1.409	0.03665
19	1.03	0.03874
19	1.23	0.03813
19	1.117	0.03892
19	0.9947	0.03923
19	0.8886	0.03678
19	1.217	0.0379
19	1.292	0.03621
19	1.118	0.03573
19	1.287	0.03742
19	1.288	0.03763
19	1.092	0.03832
19	1.521	0.0393
19	1.06	0.03808
19	1.738	0.03853
19	1.014	0.03715
19	1.032	0.03947
19	1.535	0.0388
19	0.8175	0.03888
19	1.454	0.03632
19	1.48	0.03792
19	0.982	0.03635
19	1.13	0.03927
19	0.8094	0.03799
19	0.8769	0.03822
19	0.8395	0.03677
19	1.566	0.03828
19	1.206	0.03833
19	1.299	0.03767
19	1.02	0.03914
19	1.04	0.036
19	1.151	0.0376
19	1.308	0.03931
19	0.9641	0.03839
19	0.8595	0.03862
19	1.448	0.03772
19	0.7067	0.03624
19	1.275	0.03799
19	1.036	0.03837
19	1.212	0.03845
19	1.578	0.03626
19	0.9879	0.03838
19	0.8776	0.03799
19	2.875	0.03886
19	0.9516	0.03825
19	1.459	0.03762
19	0.4789	0.03823
19	0.8029	0.03751
19	1.169	0.03853
19	1.175	0.03878
19	0.916	0.03843
19	0.8035	0.03856
19	1.078	0.03953
19	1.028	0.03812
19	2.653	0.03828
19	0.9494	0.03847
19	1.322	0.03845
19	1.807	0.03971
19	1.569	0.03854
19	0.9432	0.03896
19	1.677	0.03766
19	0.9091	0.03702
19	1.663	0.0383
19	0.9813	0.03884
19	0.6481	0.03502
19	0.8185	0.03712
19	0.882	0.03558
19	1.445	0.03879
19	0.5598	0.03759
19	0.9828	0.0386
19	2.21	0.03709
19	1.159	0.0356
19	0.9098	0.03747
19	1.026	0.03722
19	1.235	0.03816
19	0.8331	0.03896
19	0.7325	0.03655
19	0.873	0.03749
19	0.9691	0.04042
19	0.9899	0.03753
19	1.142	0.03935
19	1.206	0.03866
19	1.08	0.03893
19	2.267	0.0391
19	1.071	0.0358
19	1.785	0.03788
19	1.145	0.03726
19	1.68	0.03866
19	1.167	0.03988
19	0.9404	0.03886
19	1.063	0.03892
19	1.013	0.03839
19	0.7993	0.03921
19	1.217	0.03757
19	0.7613	0.03878
19	1.064	0.03594
19	1.922	0.03809
19	1.211	0.0381
19	1.145	0.03961
19	0.9736	0.03863
19	1.544	0.03841
19	1.222	0.03749
19	1.12	0.03914
19	0.802	0.03684
19	0.7139	0.03799
19	1.023	0.03721
19	1.56	0.03943
19	1.217	0.03849
19	1.463	0.03667
19	1.249	0.03989
19	1.806	0.03782
19	1.013	0.03796
19	1.189	0.03837
19	1.198	0.0394
19	1.004	0.03875
19	1.107	0.03725
19	0.9035	0.03891
19	1.267	0.03834
19	0.8573	0.03838
19	0.9786	0.03772
19	1.349	0.03932
19	0.7626	0.03862
19	0.8548	0.03793
19	1.879	0.03717
19	1.182	0.03884
19	1.266	0.03591
19	0.7802	0.03809
19	0.666	0.03491
19	0.9305	0.03878
19	0.8216	0.03769
19	0.6651	0.03627
19	1.256	0.03868
19	0.9621	0.03636
19	1.259	0.03831
19	1.075	0.03892
19	1.139	0.03851
19	0.8857	0.03787
19	0.887	0.03832
19	0.9535	0.03748
19	1.538	0.03899
19	0.7692	0.03835
19	1.085	0.03701
19	0.8306	0.03883
19	0.699	0.03726
19	1.688	0.03792
19	1.046	0.0375
19	1.143	0.03645
19	1.075	0.03781
19	1.221	0.03873
19	0.6808	0.0402
19	1.058	0.03845
19	0.8973	0.03694
19	0.854	0.03875
19	1.295	0.03979
19	1.043	0.03923
19	1.223	0.03892
19	0.9371	0.03701
19	0.9847	0.0385
19	1.169	0.0368
19	0.9001	0.03852
19	1.016	0.03999
19	1.31	0.03817
19	0.9708	0.03739
19	1.096	0.03699
19	1.117	0.0396
19	1.123	0.03854
19	1.815	0.03817
19	0.8398	0.03837
19	1.825	0.03781
19	1.29	0.03768
19	1.253	0.03921
19	1.145	0.03846
19	1.69	0.03768
19	0.7319	0.03931
19	0.7153	0.03733
19	0.9481	0.03863
19	1.078	0.03808
19	1.446	0.03819
19	1.076	0.03742
19	0.9447	0.03825
19	1.002	0.03643
19	1.075	0.03944
19	1.027	0.03845
19	0.822	0.0373
19	0.9625	0.0383
19	0.9814	0.03968
19	0.6922	0.03911
19	1.065	0.03827
19	1.698	0.03833
19	1.686	0.03714
19	1.076	0.03817
19	0.9724	0.04019
19	1.118	0.03679
19	1.703	0.03836
19	1.133	0.03766
19	1.857	0.03893
19	0.88	0.03679
19	1.668	0.03908
19	0.7351	0.03938
19	0.8783	0.03766
19	1.083	0.03759
19	1.611	0.03945
19	0.9258	0.03977
19	0.9837	0.03684
19	1.052	0.03643
19	1.5	0.03921
19	0.8075	0.03873
19	0.8451	0.03815
19	1.123	0.03902
19	1.39	0.03731
19	0.7635	0.03664
19	1.314	0.03766
19	1.013	0.03763
19	0.791	0.03892
19	1.578	0.03919
19	1.358	0.03674
19	0.84	0.03786
19	0.9819	0.03818
19	1.277	0.03876
19	1.316	0.03747
19	1.199	0.03803
19	0.7238	0.03777
19	1.274	0.03798
19	0.9359	0.03809
19	1.205	0.03877
19	1.601	0.03694
19	1.002	0.03796
19	1.611	0.0366
19	0.7966	0.0378
19	1.136	0.03802
19	1.55	0.03819
19	0.8792	0.03814
19	1.198	0.03785
19	0.9102	0.0397
19	0.9734	0.03855
19	0.7655	0.03847
19	1.116	0.03603
19	0.8531	0.03921
19	1.189	0.03812
19	0.6431	0.03598
19	0.8529	0.03914
19	1.138	0.03824
19	1.127	0.03776
19	0.5783	0.04034
19	1.513	0.03912
19	1.715	0.03668
19	1.437	0.03935
19	1.245	0.03964
19	0.9104	0.03651
19	0.802	0.03817
19	1	0.03729
19	0.77	0.0393
19	1.279	0.03933
19	1.588	0.03819
19	0.9263	0.03848
19	1.251	0.03946
19	1.842	0.03826
19	1.958	0.03833
19	0.9993	0.04007
19	1.684	0.03905
19	1.909	0.03862
19	1.08	0.03621
19	1.457	0.03916
19	1.366	0.03883
19	0.9014	0.03745
19	0.8996	0.03823
19	0.8463	0.03875
19	1.027	0.03628
19	0.9407	0.03788
19	1.212	0.03794
19	1.2	0.03677
19	1.005	0.03907
19	0.6885	0.03952
19	1.241	0.03764
19	0.7821	0.03835
19	1.21	0.03534
19	1.017	0.03701
19	1.167	0.03715
19	1.082	0.03745
19	1.123	0.03887
19	0.9261	0.03718
19	0.6374	0.0376
19	0.6058	0.04001
19	1.198	0.03678
19	1.4	0.03776
19	1.426	0.03944
19	1.283	0.03879
19	1.193	0.03911
19	1.117	0.03714
19	1.386	0.03984
19	1.564	0.03839
19	1.345	0.03908
19	0.9482	0.03967
19	1.296	0.03899
19	1.05	0.0391
19	0.7425	0.03868
19	1.324	0.03815
19	1.188	0.03748
19	0.8741	0.0379
19	1.272	0.0366
19	1.178	0.03708
19	0.5353	0.03844
19	1.135	0.03786
19	1.366	0.03766
19	0.7304	0.03851
19	1.296	0.03877
19	1.127	0.03767
19	1.244	0.03813
19	0.9834	0.03906
19	1.599	0.0387
19	0.8914	0.03801
19	1.475	0.03758
19	1.192	0.03807
19	1.03	0.03937
19	0.9955	0.03849
19	0.5613	0.03844
19	0.9387	0.03745
19	1.113	0.03914
19	1.593	0.03699
19	0.9466	0.04023
19	0.8293	0.03986
19	1.101	0.03845
19	1.035	0.03874
19	0.9396	0.03857
19	1.244	0.03847
19	1.4	0.03851
19	0.9837	0.0373
19	1.052	0.03812
19	1.266	0.03917
19	1.052	0.03822
19	1.191	0.03747
19	1.399	0.03557
19	0.794	0.03578
19	1.856	0.03808
19	1.018	0.03896
19	1.16	0.03671
19	0.9286	0.03841
19	0.6867	0.03853
19	1.641	0.03943
19	1.142	0.03778
19	1.11	0.03722
19	1.506	0.03877
19	1.073	0.03835
19	0.8192	0.03716
19	1.175	0.03922
19	1.286	0.03755
19	0.9584	0.03925
19	0.8595	0.03898
19	0.9525	0.03951
19	1.041	0.03967
19	1.169	0.03761
19	0.7871	0.03667
19	0.9014	0.03764
19	1.2	0.03703
19	1.03	0.03927
19	0.91	0.03848
19	0.8715	0.03812
19	0.8456	0.03708
19	1.185	0.03976
19	1.419	0.03777
19	0.9865	0.03731
19	1.33	0.03825
19	0.8901	0.03759
19	1.12	0.03773
19	1.085	0.03703
19	1.223	0.03896
19	1.321	0.03644
19	0.8502	0.03821
19	1.097	0.03625
19	1.093	0.03831
19	1.002	0.03787
19	1.246	0.03818
19	1.5	0.03801
19	0.9407	0.03928
19	1.42	0.03825
19	0.5296	0.03856
19	1.159	0.03724
19	0.6066	0.03727
19	0.9567	0.03866
19	0.8098	0.03813
19	1.252	0.03899
19	1.156	0.0381
19	1.009	0.03742
19	1.174	0.0368
19	0.8514	0.03911
19	0.9694	0.03861
19	1.639	0.03804
19	0.5954	0.03767
19	0.9589	0.03806
19	0.7948	0.0397
19	0.8388	0.03767
19	1.313	0.03779
19	1.011	0.03933
19	1.216	0.03776
19	1.252	0.03802
19	1.347	0.03778
19	1.241	0.03798
19	1.286	0.03851
19	1.119	0.03926
19	1.106	0.0366
19	1.041	0.03806
19	1.327	0.03923
19	0.7656	0.03856
19	1.337	0.037
19	1.212	0.03773
19	0.7731	0.03743
19	1.074	0.03682
19	0.7157	0.03884
19	0.9682	0.03799
19	0.9124	0.03766
19	1.354	0.03758
19	1.418	0.03802
19	1.226	0.03826
19	0.8516	0.03898
19	0.5916	0.03573
19	1.435	0.03787
19	0.9953	0.0375
19	1.291	0.03914
19	0.7296	0.03749
19	1.211	0.03878
19	0.8194	0.03662
19	1.207	0.03818
19	0.7832	0.03952
19	1.244	0.03829
19	1.407	0.03798
19	1.205	0.03733
19	1.115	0.03859
19	1.453	0.0385
19	0.9687	0.03712
19	0.8881	0.03745
19	1.032	0.03674
19	0.9147	0.03778
19	1.219	0.03748
19	1.603	0.03795
19	1.665	0.0387
19	0.6606	0.03832
19	0.9805	0.0364
19	1.705	0.038
19	1.355	0.03848
19	1.126	0.03928
19	0.8053	0.0382
19	1.035	0.03875
19	0.7746	0.04004
19	0.9449	0.03784
19	0.64	0.03764
19	1.054	0.03918
19	1.242	0.03902
19	1.41	0.03714
19	0.8878	0.03845
19	1.314	0.03595
19	1.042	0.03835
19	0.9445	0.03641
19	0.8158	0.03803
19	1.327	0.03882
19	0.9127	0.0384
19	0.9253	0.03742
19	0.8975	0.0397
19	0.8371	0.03697
19	1.063	0.03801
19	1.182	0.03917
19	1.028	0.03994
19	1.264	0.0382
19	1.078	0.03646
19	0.7487	0.03853
19	0.7031	0.03729
19	0.9068	0.03857
19	1.109	0.03743
19	0.8469	0.03923
19	1.387	0.03722
19	1.495	0.03681
19	1.02	0.03987
19	1.026	0.03785
19	0.7395	0.03749
19	1.062	0.03925
19	0.9017	0.03709
19	0.7959	0.03896
19	1.029	0.03909
19	0.9183	0.03646
19	1.1	0.03666
19	1.373	0.0366
19	0.8157	0.03872
19	0.6068	0.03542
19	0.7681	0.03761
19	1.205	0.03861
19	0.7808	0.03997
19	0.9798	0.03858
19	2.392	0.03796
19	0.7227	0.03962
19	1.297	0.03724
19	0.9503	0.03862
19	1.034	0.03868
19	1.399	0.03819
19	1.241	0.03825
19	0.7392	0.03931
19	1.656	0.03788
19	1.747	0.03857
19	1.266	0.03674
19	1.078	0.03799
19	1.074	0.03867
19	1.433	0.03608
19	1.107	0.03691
19	0.5289	0.03757
19	1.8	0.03864
19	0.9509	0.03906
19	0.9377	0.03819
19	1.269	0.03931
19	0.7918	0.03596
19	1.741	0.03856
19	0.9986	0.03911
19	0.9903	0.03752
19	1.898	0.03876
19	1.275	0.03631
19	1.777	0.03975
19	1.144	0.03933
19	1.006	0.03887
19	0.8039	0.03751
19	0.8172	0.03839
19	1.158	0.03738
19	1.041	0.03791
19	1.89	0.03707
19	0.7518	0.03927
19	1.192	0.03803
19	0.9415	0.0392
19	1.088	0.03843
19	0.9046	0.03798
19	1.064	0.03605
19	0.8735	0.0385
19	1.142	0.03769
19	1.455	0.03653
19	1.102	0.03945
19	1.035	0.03847
19	1.267	0.03674
19	0.701	0.0379
19	0.9968	0.03854
19	1.478	0.03859
19	1.273	0.03848
19	1.235	0.0384
19	0.9215	0.03853
19	1.162	0.03852
19	0.8802	0.03768
19	1.997	0.03865
19	1.152	0.03632
19	1.244	0.03804
19	1.052	0.03778
19	1.048	0.03828
19	1.026	0.03839
19	0.983	0.03541
19	1.256	0.03879
19	1.162	0.03724
19	0.727	0.0394
19	1.503	0.03882
19	1.163	0.03792
19	1.202	0.03845
19	1.106	0.03826
19	1	0.03979
19	0.8761	0.03935
19	1.235	0.03807
19	1.343	0.03883
19	0.9222	0.03852
19	1.025	0.03906
19	0.6924	0.03832
19	1.039	0.03901
19	1.434	0.03599
19	0.6966	0.03776
19	1.008	0.03782
19	0.6739	0.03567
19	0.5436	0.03931
19	1.34	0.03895
19	1.681	0.03883
19	0.6906	0.03829
19	0.8908	0.03996
19	1.323	0.03633
19	0.7488	0.03827
19	0.8654	0.03806
19	2.055	0.03793
19	1.131	0.03865
19	0.9188	0.03776
19	1.3	0.03719
19	1.207	0.0386
19	1.075	0.03924
19	0.9214	0.03891
19	1.105	0.03735
19	1.046	0.03857
19	1.134	0.0369
19	0.8851	0.03978
19	1.395	0.03856
19	1.325	0.04
19	0.7396	0.03652
19	0.7681	0.03749
19	1.283	0.03851
19	1.074	0.03752
19	0.5468	0.03758
19	1.439	0.03678
19	0.8212	0.0402
19	1.081	0.03997
19	1.17	0.03799
19	0.9137	0.03986
19	0.9474	0.03869
19	1.944	0.03793
19	0.8219	0.03766
19	1.17	0.0387
19	1.253	0.03595
19	0.9282	0.03576
19	1.501	0.03762
19	1.037	0.03828
19	0.7828	0.03918
19	0.7449	0.03847
19	0.8725	0.03803
19	1.584	0.03822
19	1.102	0.03732
19	2.382	0.03912
19	1.259	0.03754
19	1.153	0.03846
19	1.032	0.03764
19	1.277	0.03753
19	0.7604	0.03888
19	0.9864	0.03853
19	1.457	0.03682
19	0.9352	0.03811
19	1.502	0.0371
19	1.083	0.03742
19	1.126	0.03677
19	1.106	0.03606
19	1.114	0.03911
19	1.434	0.03926
19	1.087	0.03848
19	1.136	0.03721
19	1.342	0.0364
19	0.7322	0.0374
19	1.492	0.03884
19	0.7532	0.03735
19	0.7292	0.03766
19	1.034	0.03738
19	0.816	0.03728
19	0.8847	0.03835
19	1.264	0.03965
19	1.055	0.03802
19	1.197	0.03789
19	0.94	0.03989
19	0.735	0.03775
19	0.9414	0.03919
19	0.9175	0.03519
19	1.531	0.03686
19	0.9588	0.03879
19	1.081	0.03878
19	0.942	0.03758
19	1.221	0.03722
19	0.8837	0.03887
19	1.387	0.03838
19	0.7593	0.03849
19	0.9239	0.03823
19	1.19	0.03786
19	1.315	0.03892
19	0.6764	0.03734
19	1.598	0.03784
19	0.8661	0.03888
19	1.175	0.03794
19	1.492	0.03797
19	1.33	0.03981
19	1.005	0.0381
19	0.9569	0.03901
19	1.332	0.03785
19	0.777	0.03923
19	1.31	0.03909
19	0.8462	0.03818
19	1.25	0.03862
19	0.9671	0.03846
19	1.385	0.0371
19	0.9232	0.03641
19	0.8996	0.0382
19	1.169	0.03962
19	0.8888	0.03647
19	1.156	0.03788
19	1.235	0.03922
19	1.626	0.0393
19	0.8281	0.03724
19	0.9973	0.03926
19	1.221	0.03561
19	1.161	0.03775
19	1.442	0.03828
19	1.02	0.03847
19	0.8521	0.03862
19	0.8431	0.03842
19	1.581	0.03866
19	1.061	0.03877
19	1.049	0.03809
19	0.7772	0.0373
19	1.344	0.03848
19	0.7795	0.03819
19	0.8989	0.03876
19	0.8833	0.03788
19	1.087	0.03716
19	1.187	0.03767
19	1.568	0.03798
19	1.072	0.03921
19	0.9304	0.03984
19	1.649	0.0382
19	0.6782	0.0385
19	1.123	0.03931
19	1.612	0.03767
19	1.503	0.03971
19	0.9138	0.038
19	0.7285	0.03804
19	1.483	0.03728
19	1.379	0.03948
19	1.057	0.03696
19	0.6752	0.03625
19	1.076	0.03863
19	1.039	0.0391
19	1.222	0.03666
19	0.7718	0.03947
19	1.055	0.0374
19	1.612	0.03674
19	0.8874	0.03875
19	1.143	0.03719
19	1.137	0.03766
19	0.7274	0.0396
19	0.6105	0.03975
19	1.182	0.03961
19	1.018	0.03689
19	1.035	0.03884
19	1.772	0.03728
19	0.9047	0.03928
19	1.303	0.03755
19	1.691	0.03887
19	0.8536	0.03733
19	0.9173	0.03626
19	1.129	0.03919
19	2.264	0.04011
19	0.8193	0.03738
19	1.027	0.03964
19	0.6925	0.03874
19	0.6584	0.03838
19	1.592	0.03933
19	0.9748	0.0392
19	2.107	0.03565
19	1.077	0.03695
19	0.8839	0.03763
19	1.306	0.03639
19	1.373	0.03714
19	0.7891	0.03817
19	0.9626	0.03978
19	0.6428	0.03856
19	0.8018	0.03851
19	1.086	0.03939
19	0.6505	0.0382
19	1.024	0.0386
19	1.597	0.03777
19	1.128	0.03602
19	1.327	0.03761
19	1.267	0.03695
19	0.7808	0.03735
19	0.7677	0.03773
19	0.9804	0.03826
19	1.212	0.03819
19	0.9259	0.03768
19	0.9397	0.03727
19	1.042	0.03888
19	0.7526	0.03769
19	1.244	0.03782
19	1.089	0.03879
19	1.206	0.03819
19	1.227	0.03815
19	0.8173	0.03828
19	1.015	0.03816
19	0.8803	0.03861
19	1.206	0.03843
19	0.6766	0.03713
19	1.233	0.03903
19	0.5914	0.03831
19	1.497	0.03909
19	1.113	0.03896
19	1.025	0.0383
19	0.8933	0.03922
19	1.165	0.03773
19	1.574	0.03766
19	0.8053	0.03906
19	1.037	0.03766
19	1.246	0.0392
19	1.212	0.0385
19	1.051	0.03897
19	2.521	0.03946
19	2.043	0.0385
19	0.9361	0.03879
19	0.8789	0.03879
19	0.8877	0.03621
19	0.968	0.0365
19	1.052	0.0386
19	1.361	0.03606
19	1.043	0.03869
19	0.8384	0.03955
19	1.588	0.03935
19	1.174	0.03853
19	1.354	0.03728
19	1.805	0.0378
19	1.011	0.03903
19	1.025	0.03871
19	0.7297	0.0376
19	1.268	0.03776
19	1.314	0.03592
19	0.8865	0.03874
19	0.8677	0.03958
19	0.7136	0.03791
19	1.893	0.03821
19	1.064	0.03776
19	0.8691	0.03555
19	0.8904	0.03781
19	0.9217	0.03849
19	1.268	0.03848
19	0.9994	0.0384
19	1.431	0.03895
19	1.298	0.03731
19	1.282	0.03823
19	0.934	0.04048
19	1.21	0.03809
19	1.424	0.03676
19	1.881	0.03973
19	0.8476	0.03844
19	1.468	0.03737
19	1.402	0.03762
19	0.7814	0.03772
19	1.02	0.03803
19	1.342	0.03652
19	0.7063	0.03884
19	1.789	0.0365
19	0.6417	0.03789
19	1.444	0.0403
19	0.806	0.03756
19	1.091	0.03846
19	1.112	0.03796
19	0.8805	0.0381
19	0.7007	0.03872
19	1.332	0.03863
19	1.563	0.03752
19	0.505	0.03721
19	1.281	0.03842
19	1.045	0.03768
19	1.421	0.03846
19	1.434	0.03776
19	0.9612	0.03653
19	0.7209	0.03735
19	1.077	0.03802
19	1.468	0.03828
19	1.624	0.0387
19	1.097	0.04003
19	0.9769	0.03883
19	1.254	0.03837
19	0.9596	0.03728
19	1.781	0.03919
19	0.7337	0.03894
19	1.117	0.03942
19	1.55	0.03745
19	1.285	0.03942
19	0.989	0.03769
19	0.807	0.036
19	0.9034	0.03762
19	0.5691	0.03823
19	0.7892	0.03822
19	0.6195	0.03691
19	1.093	0.04003
19	1.487	0.03851
19	0.5824	0.03773
19	1.116	0.03862
19	0.8294	0.03717
19	1.144	0.03993
19	0.8044	0.03906
19	1.191	0.03719
19	1.476	0.0376
19	0.8409	0.03925
19	1.591	0.03882
19	1.211	0.03671
19	1.627	0.03776
19	1.234	0.0381
19	1.552	0.03911
19	0.9942	0.0379
19	1.28	0.03695
19	1.172	0.03669
19	1.657	0.03692
19	1.287	0.03731
19	1.163	0.03839
19	0.845	0.03844
19	1.535	0.0382
19	1.518	0.03824
19	1.008	0.03782
19	1.174	0.03935
19	1.071	0.03765
19	1.433	0.03846
19	1.665	0.03856
19	0.9118	0.03823
19	1.781	0.03993
19	2.023	0.03849
19	0.9927	0.03806
19	1.027	0.04018
19	1.07	0.03656
19	1.707	0.03744
19	0.9116	0.03902
19	0.8216	0.0387
19	1.45	0.0391
19	1.314	0.0391
19	0.946	0.03859
19	0.7953	0.03657
19	0.6478	0.03883
19	0.8621	0.03838
19	0.843	0.03877
19	1.187	0.03907
19	1.163	0.03991
19	1.457	0.03881
19	1.047	0.03845
19	0.9173	0.03762
19	0.8301	0.03791
19	1.072	0.0383
19	1.357	0.03612
19	0.8478	0.03843
19	1.104	0.03858
19	0.9857	0.03688
19	0.7985	0.03648
19	0.8386	0.03696
19	1.213	0.03788
19	1.139	0.03794
19	1.277	0.03911
19	0.7259	0.03854
19	1.518	0.03853
19	1.175	0.03795
19	1.058	0.03938
19	0.9396	0.03891
19	0.8855	0.0381
19	0.9974	0.03922
19	1.083	0.03813
19	0.9903	0.03701
19	1.096	0.03911
19	0.8571	0.03846
19	0.9769	0.03703
19	0.9283	0.0372
19	0.9389	0.03952
19	1.269	0.03847
19	0.9785	0.03872
19	1.643	0.03704
19	1.509	0.03516
19	1.182	0.0363
19	1.432	0.037
19	1.552	0.03684
19	1.18	0.03839
19	0.6885	0.03787
19	0.8421	0.03739
19	0.8528	0.03754
19	0.8004	0.03871
19	1.115	0.03814
19	0.8178	0.03816
19	0.8805	0.04006
19	0.9089	0.03858
19	0.8951	0.03695
19	1.269	0.0392
19	0.9434	0.03769
19	1.322	0.03803
19	1.115	0.03681
19	1.169	0.03782
19	0.9005	0.03772
19	1.172	0.0384
19	1.466	0.04058
19	0.8759	0.03712
19	1.628	0.03751
19	0.7142	0.03722
19	1.108	0.03968
19	1.3	0.03763
19	0.6783	0.03688
19	1.278	0.03972
19	0.9989	0.0385
19	1.282	0.03931
19	0.825	0.03853
19	1.399	0.03747
19	1.14	0.03997
19	1.029	0.03768
19	1.235	0.03812
19	0.8564	0.03703
19	1.534	0.03812
19	1.003	0.04038
19	1.334	0.03762
19	0.7863	0.03833
19	1.478	0.03878
19	0.5216	0.03866
19	0.711	0.03909
19	1.452	0.03935
19	0.926	0.03665
19	1.028	0.03803
19	1.213	0.03859
19	0.6791	0.03666
19	1.012	0.0373
19	0.9757	0.03735
19	0.9909	0.03747
19	1.533	0.03897
19	1.519	0.03866
19	1.065	0.03817
19	0.6433	0.03903
19	2.09	0.03586
19	0.8546	0.03717
19	0.7992	0.03735
19	1.412	0.03894
19	0.669	0.03809
19	1.064	0.03729
19	1.236	0.03924
19	1.403	0.0384
19	1.622	0.03854
19	0.8864	0.03801
19	1.453	0.03839
19	0.8671	0.03903
19	1.257	0.03838
19	1.215	0.03745
19	1.261	0.03811
19	1.702	0.03781
19	1.156	0.03826
19	0.8249	0.03634
19	1.171	0.03779
19	1.13	0.03851
19	1.021	0.03846
19	1.401	0.0371
19	0.9164	0.03963
19	0.9919	0.03969
19	0.6484	0.03839
19	1.121	0.03778
19	0.7015	0.03827
19	0.5581	0.03587
19	1.287	0.03794
19	1.016	0.03722
19	1.128	0.03744
19	1.01	0.03578
19	0.5525	0.03858
19	1.101	0.03593
19	1.241	0.03981
19	1.086	0.03728
19	0.7227	0.03739
19	1.103	0.04052
19	0.7003	0.03892
19	0.8122	0.03743
19	0.6899	0.03623
19	1.121	0.03746
19	1.044	0.03898
19	0.9026	0.04029
19	1.707	0.03817
19	0.8381	0.0386
19	1.543	0.03902
19	1.183	0.03879
19	1.747	0.0369
19	1.504	0.03836
19	1.578	0.0397
19	1.319	0.03712
19	1.505	0.03865
19	1.043	0.03765
19	1.316	0.03837
19	0.9809	0.0381
19	1.166	0.03733
19	1.21	0.03859
19	1.515	0.03829
19	0.9243	0.03679
19	1.098	0.03685
19	1.457	0.03641
19	0.6832	0.03886
19	1.085	0.04057
19	0.9043	0.0387
19	0.9942	0.0386
19	0.8677	0.03853
19	1.691	0.03816
19	0.7833	0.03867
19	1.122	0.03831
19	1.157	0.03824
19	1.995	0.03746
19	1.068	0.03771
19	0.7769	0.03764
19	1.402	0.03753
19	1.267	0.0384
19	1.285	0.03673
19	1.41	0.037
19	1.123	0.03796
19	0.7921	0.03757
19	1.146	0.03862
19	1.059	0.03901
19	1.1	0.03809
19	1.286	0.03708
19	1.101	0.03957
19	1.376	0.03888
19	1.486	0.03807
19	0.9086	0.0381
19	1.602	0.03842
19	1.019	0.03854
19	1.028	0.03736
19	0.9773	0.03772
19	1.361	0.03794
19	0.8409	0.03835
19	1.565	0.03765
19	0.8504	0.03799
19	1.31	0.03776
19	1.073	0.03983
19	0.7646	0.03982
19	0.7785	0.0354
19	1.106	0.03848
19	1.065	0.03724
19	0.9809	0.03857
19	1.166	0.03795
19	0.8278	0.03781
19	1.732	0.03851
19	1.035	0.03745
19	1.007	0.03824
19	0.8874	0.03734
19	0.7296	0.03818
19	1.136	0.03617
19	1.187	0.03832
19	0.6442	0.03835
19	1.302	0.03935
19	1.712	0.03748
19	0.8291	0.03845
19	0.9518	0.03674
19	1.522	0.03824
19	0.9643	0.03865
19	1.355	0.03711
19	0.904	0.03823
19	1.072	0.03799
19	0.9305	0.03865
19	1.417	0.03822
19	1.262	0.03841
19	0.8961	0.03878
19	1.121	0.03894
19	0.7896	0.0379
19	1.465	0.03844
19	0.8156	0.03812
19	1.341	0.03951
19	1.168	0.03727
19	0.7177	0.03829
19	1.119	0.03904
19	1.217	0.03876
19	1.231	0.03813
19	1.589	0.0382
19	0.7336	0.03974
19	1.168	0.03724
19	0.9353	0.03878
19	0.7304	0.03733
19	0.9345	0.03625
19	1.227	0.03693
19	1.107	0.03828
19	1.604	0.03589
19	1.292	0.03825
19	0.938	0.03681
19	0.944	0.03799
19	1.117	0.0371
19	1.719	0.0394
19	1.233	0.03916
19	0.8008	0.03854
19	1.097	0.03601
19	0.8273	0.03912
19	1.149	0.03852
19	1.37	0.03786
19	1.567	0.03867
19	1.286	0.03963
19	1.127	0.03963
19	0.7681	0.03769
19	1.493	0.0395
19	1.657	0.03752
19	1.247	0.03725
19	1.05	0.03787
19	1.395	0.03892
19	1.218	0.03782
19	0.8066	0.03932
19	2.164	0.03831
19	1.159	0.03869
19	1.044	0.03992
19	1.478	0.0374
19	1.515	0.03865
19	1.326	0.0364
19	0.6487	0.03577
19	1.197	0.03827
19	0.779	0.03772
19	1.492	0.03834
19	1.163	0.03821
19	1.928	0.037
19	1.094	0.0391
19	1.325	0.03986
19	1.335	0.03861
19	0.9393	0.03766
19	0.8126	0.03926
19	0.8098	0.03764
19	0.5852	0.03813
19	0.9657	0.03925
19	0.7965	0.03834
19	0.6518	0.03632
19	1.263	0.03868
19	0.9795	0.03709
19	0.72	0.03724
19	0.7148	0.0388
19	1.091	0.03714
19	1.306	0.03912
19	1.126	0.03779
19	0.8133	0.03826
19	1.375	0.03714
19	0.7279	0.03804
19	1.501	0.03812
19	1.308	0.03812
19	1.195	0.03888
19	1.097	0.0366
19	1.091	0.03741
19	0.6279	0.03898
19	1.076	0.03823
19	1.673	0.03802
19	0.9672	0.03764
19	1.722	0.04012
19	0.9153	0.0387
19	1.391	0.03893
19	0.8713	0.0386
19	0.9933	0.03754
19	0.6226	0.03888
19	1.426	0.03872
19	1.106	0.03678
19	1.351	0.03973
19	1.139	0.03892
19	0.8905	0.03809
19	0.9218	0.03895
19	1.131	0.03759
19	1.181	0.0386
19	1.16	0.03881
19	0.8088	0.03709
19	0.6517	0.03693
19	1.718	0.0391
19	0.9489	0.039
19	0.9268	0.03883
19	1.141	0.03864
19	0.806	0.03668
19	1.138	0.03836
19	0.8872	0.0394
19	0.9572	0.03821
19	1.035	0.03744
19	1.608	0.04017
19	0.8692	0.03834
19	1.221	0.03828
19	1.246	0.03885
19	0.8627	0.03919
19	1.049	0.03764
19	1.278	0.0379
19	0.7853	0.03995
19	0.788	0.0364
19	0.9376	0.03904
19	1.254	0.03708
19	1.08	0.03738
19	0.9922	0.03788
19	0.8429	0.03731
19	0.6649	0.03823
19	1.242	0.03791
19	0.8442	0.03637
19	0.7403	0.03885
19	0.8471	0.03785
19	1.183	0.03927
19	0.6532	0.03649
19	1.774	0.03689
19	1.434	0.03915
19	1.224	0.03771
19	1.257	0.03836
19	0.9673	0.03894
19	1.158	0.0396
19	1.467	0.03694
19	0.9616	0.03752
19	1.029	0.03879
19	0.684	0.03925
19	1.095	0.03901
19	0.5873	0.03854
19	0.9781	0.0387
19	1.485	0.03791
19	1.165	0.038
19	0.9627	0.0383
19	1.252	0.03923
19	0.9495	0.03825
19	1.135	0.03831
19	1.642	0.03888
19	1.398	0.03763
19	1.007	0.03829
19	1.641	0.03851
19	0.9379	0.03787
19	1.374	0.03848
19	1.151	0.0381
19	1.253	0.03926
19	1.258	0.03798
19	1.673	0.03782
19	1.009	0.03884
19	0.9261	0.03834
19	1.028	0.03831
19	0.9919	0.03998
19	1.105	0.03839
19	1.076	0.03833
19	0.9893	0.03968
19	0.8554	0.03854
19	0.8415	0.03708
19	1.478	0.0406
19	0.7466	0.0364
19	0.8525	0.03571
19	2.06	0.03671
19	0.8641	0.03726
19	0.8125	0.03967
19	1.376	0.03853
19	0.8861	0.0375
19	0.673	0.03783
19	0.9102	0.03828
19	1.197	0.03947
19	0.9634	0.03887
19	1.483	0.0382
19	0.7584	0.03856
19	1.038	0.03787
19	0.7019	0.04066
19	1.1	0.03772
19	0.6916	0.03697
19	0.7681	0.03725
19	0.9231	0.03812
19	1.113	0.03864
19	1.422	0.03681
19	1.615	0.03955
19	1.311	0.03968
19	1.262	0.03908
19	1.01	0.03789
19	0.7171	0.03702
19	0.7453	0.03735
19	0.9285	0.03846
19	0.7733	0.03895
19	1.058	0.0389
19	1.407	0.03853
19	1.123	0.03919
19	0.9317	0.03732
19	1.311	0.03762
19	0.7453	0.03876
19	1.041	0.03804
19	0.8493	0.03747
19	0.9287	0.03698
19	0.8756	0.04
19	2.059	0.03868
19	0.8386	0.03874
19	1.236	0.03889
19	1.27	0.0373
19	0.8617	0.03684
19	1.598	0.03761
19	0.6379	0.03685
19	0.8259	0.03784
19	0.8939	0.03696
19	1.092	0.03904
19	1.247	0.04043
19	1.284	0.03925
19	0.929	0.03822
19	1.146	0.03809
19	0.6947	0.03821
19	1.139	0.03832
19	1.479	0.03646
19	1.461	0.03908
19	0.8998	0.03811
19	0.9002	0.03859
19	0.9513	0.03844
19	1.033	0.03746
19	2.012	0.03746
19	1.13	0.03781
19	1.246	0.03843
19	0.8469	0.03647
19	0.8703	0.03836
19	1.574	0.03844
19	0.7611	0.03916
19	1.309	0.03738
19	0.9332	0.03834
19	0.9901	0.03904
19	1.481	0.03867
19	1.056	0.03654
19	0.9593	0.03889
19	1.696	0.0401
19	0.9521	0.03884
19	1.761	0.04
19	0.7788	0.03743
19	1.385	0.03797
19	1.213	0.03928
19	0.9392	0.03729
19	1.471	0.03696
19	1.121	0.03811
19	0.8987	0.03767
19	0.589	0.03865
19	0.7699	0.03814
19	1.155	0.0373
19	1.036	0.03795
19	0.878	0.03663
19	0.8602	0.03578
19	1.076	0.03927
19	1.36	0.03714
19	0.809	0.03908
19	1.084	0.03807
19	0.9679	0.03843
19	0.8617	0.037
19	2.168	0.03832
19	0.6132	0.03754
19	1.165	0.03875
19	0.8926	0.03777
19	0.9034	0.03801
19	0.9492	0.03936
19	0.9365	0.03812
19	1.152	0.0376
19	1.441	0.03717
19	1.68	0.03775
19	0.5924	0.03811
19	1.2	0.03802
19	2.023	0.03728
19	0.9916	0.03954
19	0.9946	0.03829
19	1.281	0.03915
19	0.7765	0.03771
19	1.819	0.03921
19	1.483	0.03751
19	1.092	0.03814
19	0.8925	0.03755
19	1.545	0.03857
19	1.257	0.03641
19	1.018	0.03832
19	1.46	0.0386
19	0.742	0.03946
19	0.7395	0.03806
19	0.9289	0.0376
19	1.639	0.03892
19	1.393	0.03814
19	0.7745	0.03986
19	1.069	0.03792
19	1.206	0.03811
19	1.042	0.03916
19	1.18	0.03841
19	1.064	0.03864
19	2.283	0.0389
19	0.9451	0.03748
19	1.234	0.03699
19	0.748	0.03563
19	0.725	0.03742
19	1.421	0.03834
19	1.161	0.03841
19	0.9438	0.0383
19	1.132	0.0371
19	1.163	0.03846
19	0.8365	0.03607
19	1.566	0.0388
19	0.712	0.03702
19	2.038	0.03965
19	1.65	0.03742
19	1.115	0.0398
19	0.9024	0.03724
19	0.6161	0.0396
19	0.9776	0.03849
19	0.8556	0.03972
19	0.8904	0.04027
19	1.621	0.03875
19	0.9523	0.03829
19	0.7904	0.0374
19	1.472	0.03541
19	1.583	0.03774
19	2.098	0.03744
19	0.7259	0.03712
19	0.8025	0.03655
19	0.7898	0.03749
19	1.291	0.03875
19	0.9343	0.03697
19	0.9974	0.03841
19	1.099	0.03699
19	1.002	0.03875
19	0.7891	0.0384
19	1.312	0.03673
19	0.8555	0.03756
19	1.635	0.0374
19	1.162	0.03852
19	0.8839	0.03618
19	1.113	0.03943
19	1.032	0.03725
19	0.7348	0.03772
19	0.8538	0.03759
19	1.504	0.03769
19	1.134	0.03984
19	1.38	0.03714
19	1.048	0.03847
19	0.5338	0.03724
19	1.535	0.03697
19	1.25	0.03854
19	1.669	0.03792
19	1.108	0.03827
19	1.667	0.03808
19	1.661	0.03748
19	1.347	0.03892
19	0.8312	0.03834
19	0.8415	0.03908
19	1.193	0.03842
19	0.6425	0.03843
19	0.9051	0.03822
19	0.9603	0.0373
19	1.529	0.03569
19	1.063	0.0383
19	0.8045	0.03922
19	0.9598	0.03803
19	1.265	0.03843
19	1.277	0.03763
19	0.9281	0.03746
19	0.865	0.03782
19	1.04	0.03725
19	0.9962	0.03774
19	0.9917	0.0365
19	1.316	0.03717
19	0.6682	0.03658
19	1.092	0.0385
19	1.076	0.03711
19	0.9034	0.03863
19	1.004	0.03959
19	1.38	0.03874
19	1.399	0.03588
19	1.495	0.03823
19	1.026	0.03821
19	1.41	0.03895
19	1.112	0.03738
19	0.8782	0.0392
19	1.072	0.03728
19	0.8237	0.03741
19	1.02	0.03758
19	0.9114	0.03768
19	1.434	0.03761
19	1.257	0.03646
19	0.9333	0.03707
19	0.7931	0.03729
19	1.058	0.03842
19	1.573	0.03633
19	0.9655	0.03883
19	1.618	0.03726
19	1.035	0.03796
19	1.34	0.03766
19	0.9504	0.03813
19	1.215	0.03763
19	1.245	0.0388
19	1.787	0.03525
19	1.078	0.03823
19	0.754	0.03849
19	0.9129	0.03805
19	1.293	0.0381
19	1.138	0.03758
19	1.283	0.03814
19	1.338	0.03766
19	0.9995	0.03844
19	1.18	0.03902
19	0.8496	0.03953
19	1.751	0.03833
19	1.173	0.03788
19	0.663	0.03781
19	1.19	0.03864
19	0.8987	0.03925
19	1.362	0.03711
19	0.8251	0.0374
19	0.7944	0.03972
19	0.5899	0.03664
19	1.178	0.03803
19	1.371	0.03702
19	1.263	0.0375
19	1.147	0.0373
19	1.309	0.03716
19	1.188	0.03841
19	0.6649	0.03955
19	1.328	0.03716
19	0.6011	0.03639
19	0.8305	0.03868
19	0.9708	0.03699
19	1.141	0.0383
19	1.215	0.03739
19	0.6939	0.03842
19	1.487	0.03635
19	0.7087	0.03664
19	1.565	0.03692
19	1.367	0.03887
19	0.8868	0.0388
19	1.286	0.03775
19	1.183	0.03684
19	1.007	0.03688
19	1.318	0.03847
19	0.5953	0.03812
19	1.001	0.03862
19	0.7113	0.03819
19	1.253	0.03833
19	0.6804	0.03924
19	1.009	0.03831
19	0.8953	0.03759
19	1.22	0.03711
19	1.425	0.03886
19	0.986	0.03766
19	1.324	0.04051
19	0.9307	0.03895
19	1.465	0.03739
19	1.565	0.03619
19	0.7141	0.03862
19	1.293	0.03775
19	1.442	0.03645
19	0.9001	0.03566
19	1.694	0.03843
19	1.138	0.03674
19	1.418	0.03882
19	0.6528	0.0378
19	0.8555	0.03819
19	1.35	0.03705
19	1.531	0.03756
19	0.866	0.03923
19	2.539	0.04022
19	1.309	0.03905
19	0.951	0.03779
19	1.021	0.03768
19	1.39	0.03952
19	0.8545	0.03674
19	0.8074	0.03824
19	0.9904	0.03687
19	1.167	0.03811
19	1.234	0.03763
19	0.5685	0.03908
19	0.8926	0.03963
19	1.208	0.03747
19	0.8444	0.03861
19	0.8591	0.03722
19	1.304	0.03801
19	1.061	0.03813
19	0.77	0.03909
19	1.083	0.03644
19	1.092	0.0391
19	0.7775	0.03927
19	1.016	0.03878
19	0.8889	0.03807
19	1.408	0.03819
19	1.839	0.03822
19	1.082	0.03662
19	0.9909	0.03866
19	0.9219	0.03795
19	0.888	0.03815
19	1.006	0.03897
19	0.9454	0.03843
19	0.7336	0.03915
19	0.8109	0.03818
19	0.7824	0.03857
19	1.04	0.03777
19	1.165	0.03641
19	1.445	0.0397
19	0.8594	0.03636
19	0.8419	0.03888
19	1.369	0.0376
19	0.9885	0.03833
19	1.377	0.03821
19	1.203	0.03865
19	0.9524	0.03785
19	0.6077	0.03788
19	1.873	0.03844
19	1.075	0.03976
19	0.9714	0.039
19	1.043	0.03763
19	0.7448	0.03848
19	0.7101	0.03699
19	1.058	0.03727
19	0.8864	0.03851
19	0.9479	0.03761
19	1.039	0.03761
19	0.9206	0.03758
19	0.7469	0.03787
19	1.571	0.03672
19	0.7987	0.03936
19	1.55	0.03706
19	1.089	0.03977
19	1.322	0.03822
19	0.9733	0.03645
19	0.8922	0.03941
19	1.712	0.03725
19	0.6907	0.03732
19	1.604	0.03656
19	1.404	0.03736
19	1.091	0.03778
19	1.573	0.03756
19	1.257	0.03832
19	0.7507	0.03708
19	1.051	0.03712
19	1.546	0.03776
19	1.252	0.03816
19	1.259	0.03847
19	0.8584	0.03883
19	1.07	0.03587
19	0.843	0.0373
19	1.454	0.03794
19	1.402	0.03679
19	1.801	0.03855
19	0.7271	0.0386
19	1.145	0.03635
19	0.9533	0.03866
19	0.8541	0.03847
19	1.422	0.03943
19	0.6086	0.03924
19	1.111	0.03821
19	0.6845	0.03867
19	1.09	0.03999
19	1.334	0.0387
19	0.9685	0.03946
19	0.9901	0.03852
19	1.256	0.03888
19	0.8517	0.03921
19	0.9263	0.03807
19	1.195	0.03931
19	0.8215	0.03827
19	1.209	0.0355
19	1.104	0.03699
19	1.2	0.03868
19	0.7017	0.03826
19	1.3	0.03692
19	0.7702	0.03708
19	1.477	0.03682
19	1.056	0.03796
19	1.382	0.03868
19	1.416	0.03888
19	0.8853	0.03903
19	0.9108	0.03844
19	0.9624	0.03642
19	0.9303	0.03705
19	0.746	0.03822
19	0.919	0.03501
19	0.8944	0.03747
19	1.222	0.03948
19	0.7501	0.03717
19	1.644	0.0392
19	1.01	0.03571
19	1.468	0.03807
19	1.037	0.03724
19	0.9446	0.03857
19	0.8596	0.03833
19	1.253	0.03993
19	0.9705	0.03955
19	1.18	0.03617
19	0.8737	0.03752
19	1.403	0.03899
19	0.7913	0.03813
19	1.026	0.03941
19	1.468	0.03703
19	1.349	0.0374
19	1.831	0.03718
19	0.9629	0.03803
19	1.89	0.0369
19	1.192	0.03773
19	1.076	0.03941
19	1.244	0.03707
19	1.462	0.03947
19	0.7407	0.03881
19	1.351	0.03984
19	2.046	0.03876
19	1.265	0.03932
19	1.111	0.03861
19	1.468	0.03819
19	0.8088	0.03925
19	1.336	0.03947
19	0.7399	0.03833
19	1.192	0.03848
19	1.105	0.03893
19	0.8598	0.03972
19	1.376	0.03671
19	1.011	0.0366
19	0.9751	0.03842
19	1.019	0.0386
19	1.013	0.03819
19	1.809	0.03842
19	1.158	0.03625
19	1.5	0.03923
19	0.8197	0.03729
19	0.9952	0.03799
19	1.16	0.03772
19	0.7757	0.03887
19	1.239	0.03667
19	1.02	0.03787
19	1.139	0.03687
19	0.8697	0.03923
19	1.427	0.03887
19	1.601	0.03771
19	1.075	0.03805
19	1.207	0.03849
19	1.403	0.03955
19	1.021	0.03846
19	1.036	0.0384
19	0.7716	0.03808
19	1.049	0.03906
19	1.396	0.0391
19	1.306	0.03853
19	1.747	0.03808
19	1.303	0.03943
19	1.143	0.03894
19	0.7635	0.03775
19	1.31	0.03874
19	0.7428	0.03857
19	0.8377	0.03666
19	1.387	0.03783
19	1.117	0.03812
19	1.203	0.03846
19	0.7772	0.03736
19	1.094	0.03897
19	1.023	0.03713
19	0.697	0.03927
19	0.7673	0.03714
19	0.8793	0.03825
19	1.132	0.03796
19	0.7882	0.03938
19	0.9437	0.0378
19	1.302	0.04006
19	1.179	0.03799
19	1.246	0.0392
19	1.225	0.0374
19	0.9304	0.03546
19	1.708	0.03996
19	1.235	0.0384
19	1.029	0.03782
19	0.7412	0.0394
19	1.405	0.03721
19	1.311	0.03733
19	0.9915	0.0372
19	0.8717	0.03866
19	1.069	0.03809
19	1.1	0.0395
19	1.462	0.03632
19	0.9512	0.03707
19	1.379	0.0399
19	1.797	0.03827
19	0.8233	0.03624
19	1.151	0.03979
19	0.5946	0.03789
19	1.506	0.03619
19	1.255	0.03638
19	0.884	0.03784
19	1.212	0.03879
19	1.555	0.0378
19	0.9924	0.03768
19	1.761	0.03898
19	0.7081	0.03982
19	1.475	0.0381
19	1.302	0.03823
19	1.295	0.03742
19	1.155	0.0382
19	1.025	0.03804
19	0.8464	0.03633
19	1.069	0.03799
19	0.9336	0.03738
19	1.206	0.03847
19	1.271	0.03855
19	0.8556	0.03696
19	1.107	0.03729
19	0.9907	0.03898
19	0.778	0.03721
19	0.6044	0.03848
19	1.199	0.03896
19	1.31	0.03658
19	0.5927	0.03644
19	0.7734	0.03749
19	1.055	0.03851
19	1.288	0.03777
19	1.577	0.03809
19	0.9285	0.03899
19	1.482	0.039
19	0.9103	0.03923
19	1.404	0.03782
19	1.083	0.0385
19	1.186	0.03767
19	0.9889	0.03983
19	0.8943	0.03989
19	1.076	0.0391
19	1.23	0.03916
19	1.363	0.0367
19	1.128	0.03782
19	0.8441	0.03706
19	1.156	0.03778
19	1.022	0.03963
19	1.614	0.03815
19	0.799	0.03771
19	1.36	0.0381
19	0.8179	0.03847
19	1.474	0.03823
19	1.037	0.03715
19	1.465	0.0371
19	1.488	0.03778
19	1.23	0.03822
19	1.66	0.03849
19	0.7036	0.03698
19	1.045	0.03666
19	0.9828	0.03842
19	0.6851	0.03947
19	0.9992	0.03969
19	0.8141	0.03699
19	1.15	0.0396
19	1.103	0.03636
19	1.426	0.03875
19	0.8724	0.03783
19	1	0.0372
19	1.836	0.03868
19	0.8254	0.03681
19	1.264	0.03945
19	0.8902	0.03856
19	1.123	0.03807
19	1.203	0.03964
19	1.384	0.03948
19	0.9681	0.03701
19	1.343	0.03742
19	1.229	0.03967
19	0.7604	0.03811
19	1.331	0.03604
19	0.7787	0.03892
19	1.232	0.03742
19	1.389	0.03965
19	1.64	0.038
19	1.059	0.03751
19	1.463	0.03787
19	0.9821	0.03718
19	1.104	0.03731
19	1.181	0.03941
19	1.898	0.03621
19	0.9845	0.03924
19	1.251	0.03702
19	1.058	0.03863
19	1.428	0.03841
19	1.316	0.03828
19	1.332	0.03769
19	1.63	0.03724
19	0.9326	0.03879
19	0.7821	0.03941
19	0.8303	0.03717
19	1.498	0.03622
19	1.154	0.03812
19	1.056	0.03838
19	0.8198	0.03835
19	1.075	0.03842
19	1.46	0.03716
19	1.451	0.03896
19	1.286	0.03865
19	1.115	0.03792
19	1.138	0.03694
19	1.534	0.0381
19	0.5419	0.04039
19	1.405	0.03719
19	1.95	0.03983
19	1.439	0.03922
19	0.7383	0.03795
19	1.312	0.03887
19	0.999	0.03949
19	1.032	0.03958
19	0.6635	0.03792
19	1.262	0.03801
19	1.337	0.03881
19	1.075	0.03888
19	0.9715	0.0382
19	1.073	0.03539
19	0.9211	0.03827
19	1.21	0.03879
19	1.076	0.04043
19	1.277	0.03965
19	0.9405	0.03615
19	1.194	0.0388
19	2.026	0.03847
19	1.019	0.03789
19	1.363	0.03687
19	0.7116	0.03846
19	1.288	0.0386
19	1.837	0.03856
19	0.8545	0.03642
19	1.201	0.03818
19	1.607	0.04007
19	0.925	0.03737
19	0.9269	0.0384
