9	1.436	0.03763
9	0.9169	0.03776
9	0.7831	0.03818
9	1.309	0.03787
9	1.184	0.03873
9	1.184	0.03723
9	1.435	0.03893
9	0.8686	0.03775
9	1.214	0.03797
9	1.03	0.038
9	1.416	0.03752
9	1.17	0.03815
9	0.8507	0.03756
9	0.7224	0.03852
9	0.8036	0.03848
9	0.7624	0.0368
9	1.309	0.03869
9	1.042	0.03767
9	1.105	0.03837
9	1.33	0.03745
9	0.9754	0.03824
9	1.264	0.03846
9	0.5449	0.03803
9	1.105	0.03833
9	1.331	0.03765
9	0.6141	0.03848
9	1.272	0.03839
9	1.63	0.03863
9	1.301	0.0382
9	0.5644	0.03829
9	1.443	0.03762
9	0.9929	0.03864
9	0.8915	0.03735
9	0.8238	0.03867
9	1.08	0.03789
9	1.2	0.03805
9	0.855	0.03828
9	1.893	0.03778
9	0.9238	0.03807
9	1.495	0.03845
9	1.419	0.03787
9	0.9761	0.03781
9	1.069	0.03813
9	0.6581	0.03858
9	1.052	0.03834
9	1.183	0.03748
9	0.7388	0.03833
9	0.8278	0.03838
9	0.9332	0.03782
9	1.145	0.03783
9	1.349	0.03784
9	0.9822	0.03794
9	1.289	0.03795
9	0.9131	0.03869
9	0.9831	0.0381
9	0.746	0.0376
9	0.7547	0.0379
9	1.237	0.03841
9	0.9476	0.03782
9	0.6425	0.03801
9	1.131	0.03841
9	1.263	0.03791
9	1.311	0.038
9	1.162	0.03895
9	0.677	0.03821
9	0.7208	0.0376
9	0.605	0.03817
9	1.282	0.03837
9	1.516	0.03894
9	1.361	0.03761
9	0.8486	0.03792
9	0.7023	0.0387
9	1.144	0.03857
9	0.6511	0.03832
9	1.232	0.03902
9	1.215	0.03882
9	0.7317	0.03878
9	1.167	0.03838
9	1.277	0.0378
9	0.8653	0.03856
9	0.6586	0.03876
9	1.506	0.03818
9	1.172	0.03611
9	1.304	0.0381
9	1.165	0.03799
9	1.377	0.03809
9	1.79	0.03891
9	1.188	0.03848
9	1.382	0.03796
9	0.7542	0.03757
9	1.207	0.03843
9	0.9973	0.03845
9	1.268	0.03776
9	1.705	0.03792
9	1.295	0.03808
9	0.8509	0.03811
9	0.9361	0.03831
9	1.009	0.03703
9	0.7586	0.03804
9	0.8562	0.03786
9	1.523	0.03817
9	0.8717	0.0374
9	1.395	0.03791
9	1.333	0.03782
9	1.325	0.03827
9	1.124	0.03765
9	1.009	0.03845
9	1.091	0.03783
9	1.41	0.03879
9	1.215	0.03839
9	1.269	0.03845
9	1.076	0.03811
9	1.017	0.03778
9	1.575	0.03724
9	0.9785	0.03789
9	0.8157	0.0379
9	1.196	0.03915
9	1.228	0.03859
9	1.036	0.03781
9	0.8431	0.03794
9	1.457	0.03727
9	0.8865	0.0381
9	1.052	0.03807
9	0.8737	0.03853
9	1.117	0.03868
9	1.685	0.03766
9	1.16	0.03799
9	1.618	0.03835
9	1.204	0.03736
9	1.598	0.03695
9	1.035	0.03777
9	2.303	0.03829
9	1.578	0.03801
9	0.7891	0.03879
9	1.095	0.03825
9	1.013	0.03748
9	1.125	0.03774
9	0.9894	0.03767
9	1.007	0.03737
9	0.9708	0.03798
9	1.547	0.03875
9	1.308	0.03786
9	1.577	0.03846
9	1.267	0.03848
9	0.8367	0.03841
9	1.13	0.03839
9	1.297	0.03804
9	1.425	0.03832
9	1.571	0.03805
9	1.349	0.03862
9	1.009	0.03902
9	1.347	0.03825
9	1.517	0.03829
9	1.515	0.03849
9	1.344	0.03758
9	1.426	0.03853
9	1.363	0.03853
9	1.22	0.03759
9	1.44	0.03797
9	1.198	0.03827
9	0.9269	0.03796
9	1.298	0.03785
9	1.394	0.03833
9	0.7706	0.03853
9	1.209	0.0382
9	1.012	0.03814
9	0.8516	0.03789
9	1.037	0.03859
9	1.258	0.03888
9	1.109	0.03818
9	1.69	0.03865
9	1.3	0.03823
9	1.492	0.0382
9	0.7865	0.03874
9	0.8405	0.03805
9	1.401	0.0379
9	1.225	0.03848
9	1.054	0.03805
9	1.378	0.03869
9	0.9684	0.03763
9	0.7918	0.03754
9	0.7887	0.03809
9	0.753	0.0384
9	1.148	0.03886
9	0.7009	0.03882
9	0.7179	0.03807
9	0.8682	0.03782
9	0.9506	0.03851
9	1.193	0.03716
9	0.7428	0.03833
9	1.298	0.0384
9	1.017	0.03801
9	0.9743	0.03817
9	1.066	0.03711
9	0.896	0.03765
9	1.1	0.03745
9	1.117	0.03809
9	1.582	0.03849
9	0.9587	0.03892
9	0.8646	0.03866
9	0.8632	0.03751
9	1.165	0.03748
9	1.469	0.03806
9	0.7861	0.03823
9	1.025	0.03894
9	1.119	0.03885
9	1.285	0.03871
9	1.096	0.03784
9	0.7284	0.03744
9	1.362	0.03864
9	0.6272	0.03758
9	1.293	0.03829
9	1.74	0.03801
9	0.7556	0.03821
9	1.845	0.03866
9	1.627	0.0378
9	1.665	0.03802
9	1.43	0.0376
9	1.186	0.0376
9	1.013	0.03878
9	2.444	0.03846
9	0.9394	0.0379
9	0.9266	0.03774
9	0.6843	0.03785
9	0.8201	0.03786
9	1.522	0.03779
9	1.334	0.03846
9	1.267	0.03883
9	1.189	0.03788
9	0.6249	0.03797
9	1.385	0.03846
9	0.7465	0.03849
9	1.003	0.03822
9	0.8451	0.03848
9	1.402	0.03918
9	0.759	0.03762
9	1.476	0.03844
9	0.8358	0.03807
9	1.369	0.03755
9	1.019	0.03784
9	0.8347	0.03802
9	0.9468	0.03736
9	0.7922	0.0388
9	0.8008	0.03862
9	0.7384	0.03749
9	1.136	0.03694
9	1.24	0.0385
9	1.251	0.03762
9	0.8699	0.03748
9	1.282	0.03891
9	1.438	0.0377
9	1.094	0.03923
9	0.8528	0.03813
9	1.01	0.03719
9	1.476	0.03867
9	0.8514	0.03793
9	1.177	0.03734
9	0.8266	0.03759
9	0.6734	0.03838
9	0.8136	0.03834
9	0.9126	0.03802
9	1.091	0.03805
9	1.025	0.03743
9	1.176	0.03817
9	0.9326	0.03804
9	1.216	0.03781
9	1.667	0.03848
9	1.132	0.03817
9	2.221	0.03739
9	1.048	0.03905
9	1.23	0.03784
9	0.7922	0.03853
9	1.21	0.03811
9	1.356	0.03941
9	0.7852	0.03761
9	1.284	0.03806
9	1.806	0.03844
9	1.086	0.03719
9	0.747	0.03908
9	1.236	0.03836
9	0.9889	0.0364
9	0.8295	0.03836
9	1.273	0.03763
9	1.095	0.0377
9	1.255	0.03867
9	0.9712	0.0387
9	1.243	0.03801
9	1.837	0.03887
9	1.085	0.03952
9	1.146	0.03819
9	1.44	0.0391
9	1.155	0.03936
9	0.9455	0.03743
9	1.081	0.03703
9	1.061	0.03844
9	1.349	0.03808
9	1.169	0.03905
9	1.719	0.03818
9	1.384	0.03804
9	1.15	0.03906
9	0.699	0.03843
9	1.349	0.0379
9	0.6777	0.03827
9	0.8574	0.03818
9	1.128	0.03791
9	0.912	0.03834
9	1.047	0.03816
9	0.9522	0.03846
9	0.8704	0.03789
9	1.501	0.03734
9	1.37	0.03819
9	0.8587	0.03808
9	2.414	0.03719
9	1.645	0.03809
9	0.9124	0.03844
9	0.7301	0.038
9	1.309	0.03844
9	0.8136	0.03873
9	0.9384	0.03814
9	1.091	0.03782
9	2.008	0.03765
9	0.9293	0.03756
9	1.216	0.03842
9	1.018	0.03845
9	0.9265	0.03743
9	0.7249	0.03862
9	1.066	0.03849
9	0.7433	0.03924
9	1.042	0.03776
9	0.8888	0.03856
9	1.467	0.03811
9	1.067	0.0375
9	1.155	0.0387
9	1.69	0.03718
9	0.65	0.03897
9	1.361	0.03852
9	1.39	0.03793
9	0.7501	0.03749
9	1.334	0.03894
9	1.068	0.03867
9	1.289	0.03798
9	1.085	0.03782
9	0.8989	0.03775
9	0.9303	0.03762
9	1.369	0.03834
9	1.243	0.03779
9	1.361	0.0376
9	0.9513	0.03781
9	0.9365	0.03741
9	1.069	0.03841
9	1.914	0.03809
9	0.7491	0.03813
9	0.8466	0.03799
9	1.424	0.03799
9	0.9459	0.03854
9	0.9392	0.03835
9	1.335	0.03825
9	1.077	0.03847
9	0.8668	0.03798
9	0.8275	0.03765
9	1.376	0.0375
9	1.037	0.03829
9	1.648	0.03815
9	1.172	0.03805
9	1.125	0.03761
9	1.317	0.03891
9	0.9374	0.03821
9	0.9863	0.03888
9	0.6772	0.03888
9	0.7558	0.03784
9	0.9955	0.03852
9	0.8946	0.03833
9	1.161	0.03831
9	1.54	0.03777
9	0.9588	0.03801
9	1.27	0.03823
9	1.401	0.03792
9	1.168	0.03811
9	0.7361	0.03778
9	1.562	0.03716
9	0.9771	0.03841
9	1.131	0.03796
9	0.9703	0.03892
9	1.219	0.0384
9	0.9171	0.03737
9	0.7361	0.03831
9	0.8617	0.03784
9	0.7785	0.03751
9	1.037	0.03835
9	1.167	0.03898
9	0.971	0.03869
9	1.008	0.03826
9	0.8405	0.03847
9	1.851	0.03854
9	0.9644	0.03847
9	1.64	0.0382
9	1.325	0.03935
9	1.395	0.03753
9	1.081	0.039
9	1.401	0.03737
9	1.13	0.03876
9	0.9205	0.03808
9	1.635	0.03843
9	0.9611	0.03857
9	1.001	0.03754
9	0.8916	0.0381
9	0.8865	0.03843
9	1.551	0.03794
9	2.069	0.03791
9	0.9921	0.03755
9	0.7103	0.03769
9	0.5584	0.03863
9	0.7833	0.03705
9	1.366	0.03737
9	1.108	0.03729
9	0.7529	0.03813
9	0.9896	0.03677
9	1.144	0.03837
9	1.043	0.03802
9	0.762	0.03796
9	1.436	0.03787
9	0.83	0.03662
9	1.168	0.03843
9	1.87	0.03811
9	1.308	0.03831
9	0.7705	0.03885
9	1.205	0.0385
9	1.428	0.0377
9	1.026	0.03856
9	1.327	0.03822
9	1.531	0.03693
9	1.542	0.03787
9	0.8472	0.03808
9	0.9015	0.03772
9	1.114	0.03728
9	0.8796	0.03778
9	0.6521	0.03769
9	0.7225	0.03739
9	0.9436	0.03898
9	1.001	0.0382
9	1.108	0.03797
9	1.633	0.03871
9	0.9517	0.03826
9	0.8982	0.03746
9	1.356	0.03735
9	1.101	0.03885
9	1.435	0.03788
9	1.193	0.03871
9	1.492	0.03806
9	1.185	0.03761
9	1.517	0.038
9	1.248	0.03787
9	1.13	0.03808
9	0.8749	0.03692
9	1.112	0.03822
9	0.7265	0.03841
9	1.101	0.03719
9	1.036	0.03818
9	0.8924	0.03841
9	0.7225	0.0385
9	1.025	0.03811
9	1.355	0.03837
9	0.8469	0.03847
9	0.8872	0.03758
9	0.6829	0.03775
9	0.8676	0.03837
9	1.336	0.0379
9	1.264	0.03763
9	1.649	0.03867
9	0.6388	0.03822
9	1.058	0.03899
9	0.9992	0.03866
9	1.202	0.03819
9	0.9574	0.03789
9	1.889	0.03859
9	0.5469	0.03865
9	0.6687	0.0376
9	1.16	0.0383
9	0.778	0.03778
9	0.9717	0.03839
9	0.8894	0.03857
9	0.8826	0.03805
9	1.235	0.03834
9	0.9671	0.03911
9	0.9629	0.0386
9	1.364	0.03853
9	0.7392	0.03801
9	0.9122	0.03802
9	1.314	0.03878
9	0.7831	0.03871
9	1.06	0.03832
9	1.607	0.03881
9	1.479	0.03789
9	0.7473	0.03848
9	1.557	0.0379
9	0.9071	0.03847
9	0.8141	0.03897
9	1.159	0.03875
9	0.6913	0.0379
9	0.8559	0.0373
9	0.7989	0.0387
9	1.214	0.03843
9	1.266	0.03827
9	1.259	0.03874
9	0.7211	0.03787
9	0.905	0.03798
9	1.007	0.03857
9	1.338	0.03806
9	1.225	0.03799
9	1.089	0.03812
9	1.211	0.03747
9	1.063	0.03754
9	1.169	0.03754
9	0.893	0.03792
9	0.9289	0.03851
9	0.9276	0.03881
9	1.276	0.03835
9	0.7698	0.03807
9	1.137	0.03881
9	1.157	0.03848
9	0.939	0.03778
9	0.9026	0.03722
9	0.7776	0.03675
9	0.9188	0.03812
9	1.166	0.03787
9	1.047	0.03828
9	0.9409	0.03859
9	0.6902	0.03852
9	1.051	0.03805
9	0.9059	0.03705
9	1.149	0.03682
9	1.386	0.03765
9	1.247	0.03759
9	0.8133	0.03842
9	0.8972	0.03753
9	1.001	0.03793
9	0.9533	0.03791
9	1.178	0.03842
9	0.92	0.03795
9	0.7338	0.03792
9	1.024	0.0381
9	1.046	0.03722
9	1.377	0.03781
9	1.033	0.03802
9	0.5321	0.03724
9	1.461	0.03773
9	1.814	0.03817
9	1.377	0.03831
9	1.26	0.03828
9	0.9437	0.0376
9	1.01	0.03818
9	0.7691	0.03847
9	0.7959	0.03825
9	1.098	0.03829
9	0.8997	0.03828
9	0.7749	0.03856
9	1.429	0.03868
9	0.9247	0.03829
9	1.352	0.03738
9	1.195	0.03925
9	1.079	0.03918
9	1.072	0.03756
9	0.9169	0.03811
9	2.078	0.03807
9	0.8033	0.03871
9	0.6936	0.03835
9	0.8421	0.03805
9	0.8468	0.03791
9	0.7719	0.03693
9	1.338	0.03847
9	1.299	0.0381
9	2.053	0.03839
9	1.374	0.03819
9	1.395	0.03781
9	1.749	0.03881
9	1.022	0.03874
9	0.8152	0.03892
9	1.135	0.03828
9	1.133	0.03753
9	1.545	0.03807
9	1.056	0.03852
9	1.131	0.03845
9	0.966	0.03847
9	1.026	0.03819
9	0.6643	0.03895
9	1.137	0.03836
9	1.133	0.03854
9	1.107	0.03871
9	0.9442	0.03749
9	1.049	0.03872
9	1.322	0.03838
9	1.469	0.03824
9	0.6731	0.03867
9	1.128	0.03813
9	0.8033	0.03821
9	0.8746	0.0387
9	0.793	0.03748
9	1.242	0.03849
9	0.6809	0.03868
9	0.8039	0.03788
9	0.9673	0.03777
9	1.623	0.03769
9	1.021	0.03763
9	0.9074	0.03825
9	1.447	0.03919
9	0.8114	0.03853
9	1.146	0.0381
9	1.186	0.03833
9	2.006	0.0385
9	1.028	0.03919
9	1.421	0.03826
9	0.9021	0.03755
9	0.9878	0.03912
9	1.116	0.03804
9	1.675	0.03813
9	1.044	0.03812
9	0.7684	0.03838
9	1.461	0.03753
9	1.12	0.03693
9	1.227	0.03815
9	0.8477	0.03833
9	1.511	0.03854
9	0.9001	0.03898
9	1.041	0.03815
9	0.9587	0.03854
9	0.6764	0.03771
9	1.213	0.03843
9	1.52	0.0376
9	1.836	0.03841
9	0.984	0.03813
9	1.14	0.03786
9	1.081	0.03757
9	0.568	0.03822
9	1.569	0.03836
9	1.268	0.03779
9	1.158	0.03922
9	0.9223	0.03824
9	0.8621	0.03835
9	1.155	0.03819
9	0.9538	0.03845
9	0.9164	0.03801
9	0.9434	0.03821
9	0.9058	0.03806
9	1.373	0.03799
9	1.344	0.03812
9	1.217	0.03809
9	0.8481	0.03822
9	0.9144	0.03828
9	1.8	0.03773
9	0.9666	0.03759
9	1.188	0.0382
9	1.209	0.03833
9	0.8004	0.0369
9	1.53	0.03804
9	0.874	0.03862
9	1.01	0.03735
9	1.181	0.03841
9	0.7845	0.03758
9	0.8653	0.03892
9	1.085	0.03801
9	0.8517	0.03826
9	0.8125	0.0382
9	1.275	0.03833
9	0.795	0.03934
9	2.387	0.03789
9	0.9106	0.0383
9	1.158	0.03812
9	1.392	0.03872
9	1.461	0.0382
9	1.162	0.03882
9	0.9968	0.03833
9	1.119	0.03848
9	0.7082	0.03842
9	1.497	0.03859
9	1.336	0.0388
9	1.468	0.03773
9	0.6916	0.03856
9	1.337	0.03704
9	0.6287	0.03815
9	0.949	0.03819
9	0.7784	0.03896
9	0.9	0.03768
9	1.671	0.03887
9	0.7521	0.03723
9	1.126	0.03884
9	2.09	0.0387
9	0.8877	0.0375
9	1.019	0.03867
9	1.445	0.0391
9	0.6779	0.03798
9	0.4991	0.03904
9	1.877	0.03813
9	0.7203	0.03852
9	0.9967	0.03783
9	1.404	0.03873
9	1.527	0.03786
9	1.219	0.03765
9	1.282	0.03734
9	1.021	0.038
9	1.158	0.03786
9	1.59	0.03825
9	1.104	0.03763
9	1.113	0.03798
9	0.9575	0.03776
9	1.27	0.03767
9	0.907	0.03775
9	1.462	0.03807
9	0.6427	0.0376
9	0.8652	0.03877
9	1.018	0.03854
9	1.449	0.03865
9	1.042	0.03842
9	1.72	0.03789
9	0.919	0.03808
9	0.7775	0.03808
9	0.986	0.03804
9	0.9527	0.03773
9	1.026	0.03806
9	0.9931	0.03827
9	1.192	0.03748
9	1.439	0.03892
9	1.126	0.03842
9	1.093	0.03772
9	1.046	0.03796
9	0.5769	0.03845
9	0.7618	0.03798
9	1.184	0.0387
9	0.8895	0.0385
9	0.8592	0.03825
9	1.356	0.03765
9	0.8069	0.03844
9	0.5905	0.03929
9	1.056	0.03758
9	1.144	0.03785
9	1.297	0.03806
9	1.357	0.03765
9	1.029	0.03828
9	1.065	0.03787
9	1.49	0.03828
9	1.317	0.0385
9	1.383	0.03814
9	0.7614	0.03742
9	1.277	0.03754
9	1.152	0.03796
9	1.635	0.03851
9	0.6878	0.0375
9	0.9199	0.03692
9	1.121	0.03799
9	1.234	0.039
9	1.373	0.03881
9	1.186	0.03761
9	1.252	0.03746
9	1.918	0.03747
9	1.279	0.0381
9	1.526	0.03879
9	1.28	0.03778
9	1.273	0.03922
9	1.123	0.03801
9	1.336	0.03813
9	0.8185	0.0388
9	1.491	0.03855
9	0.9685	0.03854
9	1.61	0.03777
9	1.258	0.03688
9	1.044	0.03768
9	1.126	0.03889
9	1.232	0.03666
9	1.114	0.03857
9	1.527	0.03792
9	1.57	0.03881
9	1.442	0.03798
9	1.517	0.037
9	0.9044	0.03819
9	1.291	0.03916
9	0.9085	0.0381
9	1.381	0.03834
9	2.383	0.03816
9	1.195	0.03818
9	1.352	0.03823
9	1.154	0.03866
9	0.8899	0.03773
9	0.7743	0.03838
9	0.9463	0.03835
9	0.7844	0.03855
9	0.877	0.03806
9	0.7618	0.03757
9	1.383	0.03859
9	1.512	0.03767
9	0.8222	0.03848
9	1.305	0.0373
9	1.089	0.0381
9	1.249	0.03823
9	0.9264	0.03763
9	1.178	0.03872
9	1.054	0.03782
9	0.8736	0.03812
9	0.9284	0.03874
9	1.35	0.03862
9	1.391	0.03817
9	1.082	0.03863
9	0.7953	0.03853
9	2.009	0.03699
9	1.537	0.03826
9	0.7296	0.03855
9	1.548	0.03797
9	0.8729	0.03762
9	1.2	0.03774
9	1.403	0.03862
9	0.9099	0.03772
9	1.249	0.0379
9	1.027	0.03791
9	1.221	0.03816
9	0.631	0.0383
9	1.45	0.03723
9	1.229	0.03786
9	1.196	0.03804
9	1.33	0.03822
9	1.333	0.03926
9	0.8733	0.03907
9	0.7096	0.03834
9	1.168	0.03797
9	0.954	0.03814
9	0.8576	0.03791
9	0.8468	0.03772
9	0.6212	0.03747
9	1.748	0.03876
9	0.9567	0.03851
9	1.075	0.03756
9	0.9125	0.03893
9	1.064	0.03867
9	0.7743	0.03798
9	1.029	0.03823
9	1.126	0.03802
9	0.835	0.03864
9	1.454	0.03817
9	0.7416	0.0376
9	1.704	0.03876
9	1.176	0.03832
9	0.9822	0.03758
9	1.269	0.03838
9	1.335	0.03812
9	0.8108	0.03798
9	0.8556	0.0387
9	1.097	0.03896
9	1.419	0.03769
9	1.342	0.0388
9	1.401	0.03812
9	0.7874	0.03873
9	1.634	0.03791
9	1.13	0.03814
9	1.138	0.03758
9	1.032	0.03839
9	1.109	0.03806
9	1.263	0.03925
9	1.345	0.03768
9	1.857	0.03778
9	1.081	0.03834
9	1.167	0.03789
9	1.112	0.03814
9	0.5924	0.03836
9	0.8759	0.03847
9	1.07	0.03926
9	1.633	0.03745
9	0.8024	0.03824
9	1.031	0.03825
9	0.8903	0.03859
9	1.346	0.03813
9	1.106	0.03788
9	1.152	0.03862
9	1.095	0.03768
9	1.345	0.03871
9	1.18	0.03817
9	0.6611	0.0383
9	0.6634	0.03902
9	1.417	0.03785
9	1.016	0.03807
9	0.9903	0.03921
9	1.592	0.03834
9	1.662	0.0378
9	1.322	0.03818
9	1.317	0.03748
9	1.185	0.03798
9	2.082	0.03794
9	1.078	0.03928
9	1.134	0.03865
9	1.225	0.03806
9	1.207	0.03758
9	1.064	0.03757
9	1.239	0.03691
9	1.137	0.03807
9	1.133	0.03822
9	0.8843	0.03861
9	1.132	0.03726
9	1.062	0.03887
9	1.36	0.03873
9	1.14	0.03823
9	0.6989	0.0373
9	1.23	0.0377
9	1.192	0.03787
9	0.9971	0.0379
9	1.668	0.03793
9	0.9463	0.03771
9	1.272	0.03767
9	0.9706	0.03748
9	1.317	0.03844
9	1.002	0.03731
9	0.9688	0.03831
9	1.506	0.03777
9	0.9023	0.0386
9	1.765	0.03846
9	1.27	0.03913
9	1.448	0.03805
9	0.7896	0.03813
9	1.087	0.03933
9	0.6346	0.0387
9	0.9431	0.03771
9	1.3	0.03767
9	0.9888	0.03796
9	1.232	0.03805
9	1.278	0.03841
9	1.119	0.03781
9	1.075	0.03785
9	0.8388	0.03797
9	1.345	0.03772
9	1.334	0.03788
9	1.588	0.0379
9	1.235	0.03887
9	1.135	0.03742
9	0.8536	0.03845
9	1.192	0.03819
9	0.9602	0.03875
9	1.332	0.03845
9	1.291	0.03749
9	1.146	0.03866
9	0.9706	0.03812
9	1.381	0.03839
9	1.154	0.0383
9	0.8029	0.03805
9	0.7603	0.03798
9	0.6178	0.03864
9	0.9488	0.03752
9	1.723	0.0383
9	1.059	0.03789
9	1.255	0.0381
9	1.088	0.0375
9	0.6134	0.03889
9	1.115	0.03767
9	1.064	0.03829
9	0.5508	0.03833
9	1.296	0.03817
9	1.269	0.03814
9	1.166	0.0386
9	1.247	0.03864
9	0.8899	0.03827
9	0.7574	0.03747
9	1.018	0.03833
9	0.8662	0.03795
9	1.338	0.03821
9	0.9819	0.03843
9	1.228	0.03792
9	0.6991	0.0376
9	1.269	0.03762
9	1.057	0.03832
9	0.7674	0.0377
9	0.8124	0.03724
9	1.097	0.03848
9	0.7348	0.03778
9	1.186	0.03774
9	1.034	0.03827
9	1.492	0.03878
9	0.9195	0.03835
9	1.115	0.03826
9	0.8949	0.03825
9	1.057	0.03778
9	1.051	0.0384
9	0.8719	0.03893
9	0.7899	0.03873
9	0.9037	0.03704
9	1.312	0.0381
9	0.8324	0.03771
9	1.545	0.03837
9	0.738	0.03825
9	1.662	0.03824
9	0.9269	0.03758
9	0.9441	0.03835
9	0.8883	0.03699
9	1.22	0.03878
9	0.9633	0.03703
9	0.9101	0.03883
9	1.209	0.03817
9	1.848	0.0377
9	1.452	0.03838
9	1.166	0.03695
9	0.7426	0.03862
9	1.517	0.03705
9	1.061	0.03733
9	0.7537	0.03817
9	1.423	0.03845
9	0.9064	0.03895
9	0.9513	0.03842
9	1.554	0.03859
9	1.174	0.03752
9	1.702	0.03881
9	0.993	0.03844
9	1.294	0.03816
9	1.204	0.03869
9	0.7701	0.03778
9	1.132	0.03826
9	0.8474	0.03798
9	1.13	0.03799
9	1.191	0.03782
9	1.285	0.0382
9	1.338	0.03717
9	0.7895	0.03838
9	0.9207	0.03853
9	1.177	0.03762
9	0.8875	0.03824
9	1.068	0.03859
9	1.557	0.03825
9	1.118	0.03779
9	0.7957	0.03875
9	1.045	0.03826
9	1.477	0.0382
9	0.7292	0.03765
9	1.122	0.03736
9	1.018	0.03828
9	0.6622	0.03818
9	1.335	0.03761
9	1.549	0.03783
9	0.985	0.03845
9	1.091	0.03779
9	1.241	0.03844
9	1.597	0.03841
9	1.229	0.0389
9	0.8902	0.03847
9	0.6792	0.03781
9	0.9249	0.03775
9	1.067	0.03825
9	0.9866	0.03872
9	0.7004	0.03924
9	1.531	0.03794
9	1.348	0.0378
9	1.216	0.0386
9	0.9661	0.03796
9	0.878	0.03847
9	0.9242	0.0386
9	1.035	0.038
9	1.527	0.0376
9	0.8129	0.03764
9	0.9471	0.03779
9	0.8697	0.03775
9	1.287	0.03871
9	0.9552	0.03841
9	0.9063	0.03679
9	0.992	0.03766
9	0.8314	0.03846
9	1.239	0.03876
9	0.815	0.03829
9	1.042	0.03788
9	0.8508	0.03779
9	1.277	0.03778
9	1.069	0.03805
9	1.011	0.03864
9	1.092	0.03847
9	1.393	0.03812
9	0.9377	0.03844
9	0.7535	0.0381
9	1.802	0.03775
9	1.466	0.03783
9	1.069	0.03758
9	1.424	0.03779
9	0.6705	0.03863
9	1.339	0.03869
9	1.516	0.03856
9	1.008	0.0376
9	0.8581	0.03727
9	1.544	0.03829
9	1.004	0.03688
9	1.094	0.03769
9	1.681	0.03806
9	1.323	0.03822
9	2.116	0.03779
9	1.728	0.03862
9	1.425	0.03878
9	1.585	0.03691
9	1.219	0.03811
9	1.171	0.03797
9	1.056	0.03775
9	1.109	0.03937
9	0.8823	0.03794
9	0.9087	0.03862
9	0.8363	0.03836
9	1.062	0.03792
9	1.271	0.03798
9	0.655	0.03751
9	1.353	0.03761
9	1.097	0.03802
9	0.9158	0.03768
9	1.049	0.03816
9	0.7655	0.03876
9	1.578	0.03809
9	0.7461	0.03808
9	1.638	0.03811
9	1.187	0.03905
9	1.33	0.03818
9	1.108	0.03908
9	0.7657	0.03792
9	1.214	0.03827
9	1.299	0.03829
9	1.237	0.03921
9	2.047	0.03806
9	0.6778	0.03824
9	1.49	0.03864
9	1.033	0.0385
9	1.497	0.03852
9	1.053	0.0388
9	1.06	0.03707
9	1.508	0.03814
9	0.9992	0.03804
9	0.7575	0.0375
9	1.067	0.03935
9	1.584	0.03917
9	1.134	0.03767
9	0.9943	0.03855
9	1.71	0.03836
9	1.113	0.03789
9	0.7212	0.03763
9	0.9162	0.03816
9	1.235	0.03815
9	0.7928	0.03725
9	0.8849	0.03828
9	0.7402	0.03813
9	0.9908	0.03839
9	1.452	0.03849
9	1.158	0.03873
9	0.8214	0.03779
9	0.9981	0.03796
9	0.9086	0.03826
9	0.6499	0.03778
9	1.196	0.03909
9	0.6916	0.03847
9	1.189	0.03733
9	0.9761	0.03828
9	1.944	0.03792
9	1.075	0.03863
9	0.849	0.03846
9	0.9642	0.03834
9	0.8057	0.03782
9	1.655	0.03645
9	1.112	0.03769
9	1.798	0.03841
9	1.427	0.03788
9	0.6341	0.03902
9	0.9748	0.03834
9	1.155	0.03789
9	1.573	0.03789
9	0.7914	0.03763
9	1.153	0.03797
9	1.342	0.03808
9	0.9566	0.03771
9	0.6858	0.0386
9	1.444	0.03941
9	1.602	0.03843
9	0.644	0.03854
9	0.9808	0.03861
9	1.261	0.03908
9	0.6475	0.03765
9	1.054	0.03796
9	1.781	0.03798
9	0.9073	0.03845
9	1.758	0.03792
9	1.398	0.0372
9	1.299	0.03893
9	1.216	0.03854
9	1.04	0.03737
9	1.434	0.03754
9	1.405	0.03829
9	0.8746	0.03732
9	1.014	0.03829
9	0.9684	0.03833
9	1.149	0.03756
9	1.387	0.03814
9	0.8668	0.03766
9	0.7668	0.03852
9	1.034	0.03662
9	1.655	0.03885
9	1.002	0.03823
9	0.8841	0.03743
9	1.07	0.03827
9	1.762	0.03827
9	0.9877	0.03748
9	1.064	0.0379
9	1.765	0.03853
9	1.173	0.03826
9	0.9455	0.03814
9	1.248	0.03873
9	0.9626	0.0379
9	1.447	0.03874
9	0.8106	0.03761
9	1.1	0.03955
9	1.284	0.03916
9	1.097	0.03802
9	1.089	0.03896
9	1.232	0.03793
9	1.081	0.03802
9	0.4697	0.03782
9	1.685	0.03854
9	0.9654	0.038
9	1.007	0.03796
9	0.7989	0.03832
9	0.9587	0.03793
9	1.041	0.03761
9	0.8542	0.03857
9	0.8989	0.0376
9	1.06	0.0392
9	1.136	0.03853
9	1.34	0.03826
9	1.033	0.0389
9	1.02	0.0378
9	0.9764	0.03829
9	1.427	0.03822
9	1.245	0.03728
9	1.029	0.03816
9	1.818	0.03889
9	0.9029	0.0378
9	0.8514	0.03795
9	1.139	0.03949
9	1.283	0.03921
9	1.289	0.03766
9	0.9273	0.03777
9	0.7489	0.03777
9	1.008	0.03805
9	1.457	0.03841
9	0.9001	0.0383
9	1.157	0.03836
9	1.257	0.03744
9	0.9899	0.03848
9	1.062	0.03789
9	1.546	0.03891
9	1.006	0.03762
9	0.8393	0.03786
9	1.338	0.03866
9	0.878	0.0387
9	0.8052	0.03782
9	0.8792	0.03777
9	0.9634	0.03598
9	0.7444	0.03842
9	0.9899	0.03755
9	1.211	0.03808
9	1.104	0.0384
9	1.494	0.03843
9	0.8413	0.03817
9	1.432	0.03889
9	1.352	0.03935
9	0.971	0.03808
9	1.063	0.03839
9	1.246	0.039
9	1.275	0.03759
9	1.172	0.03819
9	1.713	0.03827
9	1.013	0.03838
9	1.068	0.03902
9	0.8057	0.03712
9	0.875	0.03769
9	1.066	0.03879
9	1.249	0.03771
9	1.003	0.03729
9	1.673	0.03759
9	1.479	0.03751
9	1.039	0.03819
9	0.5406	0.03804
9	1.122	0.0381
9	1.102	0.03781
9	1.284	0.03849
9	0.9647	0.03815
9	0.8247	0.0388
9	1.07	0.03814
9	0.9829	0.03791
9	0.7103	0.03799
9	1.499	0.03828
9	1.482	0.03798
9	0.9491	0.03849
9	0.688	0.03889
9	0.9452	0.03806
9	0.932	0.03858
9	1.071	0.0378
9	1.68	0.03684
9	1.013	0.03793
9	0.8121	0.03814
9	1.637	0.03843
9	1.096	0.03831
9	1.287	0.03773
9	0.6262	0.03791
9	0.8591	0.03834
9	0.9409	0.03835
9	1.744	0.03805
9	1.198	0.03839
9	1.222	0.03812
9	0.978	0.03802
9	0.8955	0.03778
9	1.232	0.03797
9	1.228	0.03777
9	0.6902	0.03833
9	1.68	0.0374
9	1.123	0.03809
9	1.134	0.03725
9	1.017	0.03783
9	0.9348	0.03875
9	1.382	0.03748
9	2.435	0.03751
9	0.9043	0.03795
9	1.566	0.03832
9	0.9108	0.03804
9	0.804	0.03829
9	0.6802	0.03753
9	1.04	0.03783
9	1.331	0.03827
9	1.456	0.03772
9	0.7831	0.03763
9	1.066	0.03682
9	1.163	0.03868
9	0.7238	0.03828
9	1.144	0.03884
9	1.126	0.03806
9	0.7836	0.03858
9	1.385	0.03793
9	0.8332	0.0383
9	1.03	0.03882
9	0.8669	0.03833
9	2.039	0.03789
9	1.015	0.03831
9	1.617	0.03857
9	1.036	0.0383
9	0.8901	0.03814
9	0.9022	0.03766
9	1.307	0.03775
9	0.8592	0.03924
9	1.326	0.03781
9	1.394	0.03823
9	1.027	0.03751
9	0.9638	0.0385
9	1.306	0.03828
9	0.9376	0.03902
9	0.7378	0.03865
9	1.2	0.037
9	0.8905	0.03802
9	1.384	0.03789
9	1.118	0.03797
9	1.297	0.03768
9	0.8449	0.038
9	1.384	0.03868
9	1.491	0.03806
9	1.25	0.03839
9	1.001	0.03811
9	1.119	0.03829
9	1.302	0.03743
9	1.096	0.03794
9	0.9266	0.03787
9	1.073	0.03823
9	1.295	0.03752
9	1.307	0.03859
9	0.8886	0.03741
9	1.25	0.03823
9	0.9946	0.03858
9	0.9542	0.03799
9	1.261	0.03828
9	1.565	0.03771
9	0.6353	0.03788
9	0.7675	0.03772
9	1.023	0.03785
9	1.009	0.03898
9	0.8683	0.03778
9	0.9084	0.03885
9	0.8988	0.03782
9	0.9484	0.03888
9	1.482	0.03844
9	0.7132	0.03828
9	1.314	0.03762
9	1.107	0.03836
9	0.818	0.0381
9	1.034	0.03692
9	0.8195	0.03828
9	0.8615	0.03781
9	1.175	0.03861
9	0.9905	0.03894
9	1.158	0.03802
9	0.7929	0.03871
9	1.323	0.03766
9	1.127	0.03828
9	0.7798	0.03878
9	0.8305	0.03776
9	1.528	0.03826
9	0.99	0.03755
9	1.071	0.03908
9	1.635	0.03824
9	1.136	0.03861
9	0.9699	0.03857
9	0.9074	0.03734
9	0.8608	0.03749
9	0.9379	0.03808
9	1.246	0.03864
9	1.173	0.0377
9	1.119	0.03825
9	1.683	0.03942
9	1.164	0.0382
9	0.7638	0.03773
9	0.6664	0.03806
9	1.447	0.0387
9	1.127	0.03848
9	0.8659	0.03816
9	0.9773	0.03867
9	1.729	0.03776
9	0.7548	0.0381
9	1.245	0.03739
9	1.269	0.03836
9	1.06	0.03821
9	0.7413	0.03858
9	0.9365	0.03797
9	1.169	0.03727
9	0.724	0.03782
9	0.9317	0.0381
9	0.8588	0.03858
9	1.355	0.0371
9	1.306	0.03892
9	1.321	0.03803
9	0.6366	0.03919
9	0.9694	0.03795
9	1.082	0.03747
9	0.9241	0.03766
9	1.457	0.03773
9	1.408	0.03767
9	1.541	0.03783
9	0.7354	0.03814
9	0.6947	0.03802
9	1.094	0.03748
9	1.869	0.038
9	1.129	0.0388
9	0.705	0.03724
9	1.007	0.03682
9	0.8301	0.03904
9	1.078	0.03903
9	1.458	0.03845
9	1.434	0.03772
9	0.8479	0.03842
9	1.722	0.03861
9	0.7524	0.03835
9	0.8135	0.03739
9	1.173	0.03761
9	0.7861	0.03814
9	1.468	0.03858
9	0.7352	0.03767
9	1.15	0.03678
9	0.9301	0.03762
9	1.107	0.03835
9	1.362	0.03846
9	0.6808	0.03836
9	0.9825	0.03792
9	1.534	0.03825
9	1.426	0.03813
9	0.9868	0.03733
9	1.217	0.03855
9	1.736	0.03797
9	0.9994	0.03772
9	0.9689	0.03824
9	1.105	0.03832
9	0.8596	0.03859
9	1.585	0.03878
9	0.8919	0.03804
9	1.345	0.0379
9	0.9323	0.03759
9	0.9704	0.03805
9	1.045	0.03775
9	1.474	0.03821
9	1.14	0.0386
9	1.244	0.03719
9	1.31	0.03819
9	0.9955	0.03809
9	0.7532	0.03817
9	1.207	0.03704
9	0.8095	0.03813
9	1.183	0.03919
9	1.759	0.03861
9	0.7891	0.03925
9	1.796	0.03806
9	1.101	0.03757
9	1.166	0.03858
9	1.955	0.03773
9	0.9824	0.0386
9	1.823	0.03833
9	0.9495	0.0373
9	0.7986	0.03781
9	0.8546	0.03794
9	0.9455	0.03817
9	1.118	0.03883
9	1.187	0.03841
9	1.048	0.03804
9	1.042	0.03738
9	1.263	0.03841
9	1.09	0.03767
9	1.142	0.03851
9	0.8878	0.03737
9	1.252	0.0375
9	0.9197	0.03837
9	1.105	0.03835
9	1.638	0.03719
9	0.6534	0.0388
9	0.6738	0.03877
9	1.137	0.03857
9	1.386	0.03849
9	1.232	0.03776
9	1.166	0.03833
9	1.32	0.03867
9	1.128	0.037
9	0.8118	0.03819
9	0.5368	0.03779
9	0.6103	0.03779
9	1.137	0.03782
9	1.036	0.03844
9	1.151	0.0383
9	1.43	0.03821
9	1.353	0.03803
9	1.251	0.03808
9	1.132	0.03771
9	1.056	0.03901
9	0.876	0.03872
9	0.8436	0.03868
9	1.065	0.03764
9	1.212	0.03919
9	0.7649	0.03816
9	1.32	0.038
9	0.7093	0.03883
9	1.978	0.03886
9	0.7273	0.03862
9	0.7908	0.03864
9	2.034	0.03855
9	0.9951	0.03727
9	1.367	0.03784
9	0.7947	0.03817
9	0.8742	0.03835
9	1.184	0.03848
9	1.222	0.03833
9	0.8595	0.03762
9	1.45	0.03891
9	1.636	0.03732
9	1.479	0.03846
9	1.286	0.03886
9	1.235	0.03807
9	1.443	0.03786
9	1.528	0.03856
9	0.9764	0.03799
9	1.209	0.03853
9	0.7858	0.03786
9	0.6907	0.03839
9	0.9998	0.03824
9	1.02	0.03835
9	2.028	0.03791
9	1.343	0.03812
9	1.041	0.03903
9	1.325	0.03785
9	1.487	0.03852
9	1.028	0.0372
9	1.481	0.03795
9	1.314	0.03787
9	1.271	0.03756
9	0.8529	0.03786
9	0.7763	0.03821
9	1.286	0.03852
9	0.8161	0.03854
9	1.037	0.03764
9	0.6609	0.0378
9	1.381	0.03783
9	1.039	0.03818
9	0.8847	0.03772
9	1.349	0.03822
9	1.504	0.03768
9	1.038	0.03886
9	0.7608	0.03815
9	1.098	0.03776
9	1.644	0.03797
9	0.9503	0.0382
9	1.745	0.0382
9	1.446	0.03867
9	1.173	0.03817
9	1.008	0.0376
9	1.337	0.039
9	0.7837	0.03719
9	0.9932	0.03789
9	0.8221	0.03754
9	1.153	0.03865
9	1.225	0.038
9	1.564	0.03825
9	0.9004	0.03886
9	1.031	0.03839
9	1.365	0.03864
9	0.8245	0.0378
9	0.8814	0.03813
9	1.596	0.03901
9	1.182	0.03764
9	1.186	0.03815
9	0.6574	0.03801
9	0.8389	0.03775
9	1.266	0.03754
9	1.117	0.03803
9	1.519	0.03744
9	1.48	0.03804
9	0.8022	0.03845
9	1.037	0.03836
9	1.712	0.03789
9	0.8979	0.03922
9	1.529	0.03861
9	0.8346	0.03845
9	1.342	0.03902
9	1.023	0.03804
9	1.163	0.03768
9	1.036	0.03813
9	1.694	0.03847
9	1.26	0.03811
9	0.6018	0.03795
9	1.298	0.03795
9	1.193	0.03862
9	1.004	0.03781
9	1.15	0.03813
9	0.8839	0.03712
9	0.9438	0.03775
9	0.9739	0.03868
9	0.9827	0.03812
9	1.078	0.0384
9	1.287	0.03803
9	0.8249	0.03845
9	0.7389	0.03771
9	0.9959	0.03799
9	0.8089	0.03864
9	1.51	0.03799
9	1.072	0.03778
9	1.575	0.03777
9	0.5349	0.03845
9	1.206	0.03952
9	1.167	0.03817
9	1.384	0.03805
9	0.7747	0.03825
9	0.7844	0.03752
9	1.588	0.03778
9	0.6813	0.03797
9	1.501	0.03795
9	0.8369	0.03723
9	1.625	0.03805
9	1.11	0.0376
9	0.9622	0.03772
9	1.034	0.03787
9	1.214	0.03873
9	0.9472	0.0386
9	1.344	0.03792
9	1.085	0.03816
9	0.9087	0.03877
9	1.42	0.03859
9	1.362	0.03838
9	0.659	0.03847
9	1.028	0.0382
9	1.142	0.03719
9	1.613	0.03879
9	1.103	0.03738
9	1.139	0.03903
9	1.178	0.03783
9	0.7332	0.03878
9	0.7986	0.03881
9	1.055	0.03829
9	1.527	0.03825
9	1.435	0.03661
9	0.8252	0.03856
9	0.9565	0.03826
9	1.061	0.03787
9	2.002	0.03785
9	0.8825	0.03772
9	0.8699	0.03846
9	1.033	0.03763
9	1.037	0.03803
9	0.7892	0.03875
9	1.551	0.0376
9	1.007	0.03721
9	1.335	0.03821
9	1.153	0.03784
9	1.745	0.03763
9	0.8003	0.03827
9	0.8979	0.03724
9	1.003	0.03917
9	1.542	0.03812
9	1.235	0.03709
9	0.6126	0.0375
9	1.82	0.03869
9	1.465	0.03777
9	0.8447	0.03774
9	1.072	0.03709
9	0.892	0.03816
9	1.119	0.0383
9	0.7546	0.03826
9	0.9259	0.03772
9	0.8311	0.03755
9	0.8732	0.03856
9	1.179	0.03812
9	1.51	0.03847
9	1.322	0.0381
9	1.55	0.03835
9	0.9739	0.03789
9	1.065	0.03816
9	0.5577	0.0375
9	0.9724	0.03827
9	1.293	0.03803
9	1.35	0.03809
9	0.8148	0.0387
9	0.8142	0.03898
9	0.8058	0.03775
9	0.9482	0.03849
9	1.763	0.03703
9	1.01	0.03812
9	0.9999	0.03766
9	1.716	0.03833
9	1.174	0.03883
9	0.8608	0.03895
9	1.633	0.03834
9	1.905	0.03825
9	1.025	0.03845
9	2.121	0.03772
9	0.8503	0.03857
9	1.356	0.03863
9	1.451	0.03796
9	1.031	0.03872
9	1.042	0.03792
9	0.9862	0.03869
9	1.074	0.03804
9	1.075	0.03714
9	1.21	0.03858
9	1.034	0.0378
9	1.097	0.03804
9	0.6965	0.03839
9	0.9965	0.03808
9	1.406	0.03815
9	0.9836	0.03806
9	0.7881	0.03898
9	0.5	0.03778
9	0.7369	0.03835
9	1.382	0.038
9	1.257	0.03884
9	1.169	0.0386
9	1.111	0.03836
9	1.001	0.03835
9	1.346	0.03768
9	1.3	0.03841
9	0.944	0.03807
9	0.6997	0.03901
9	0.9771	0.03784
9	1.22	0.03809
9	1.162	0.03859
9	0.6554	0.03865
9	1.004	0.03815
9	1.083	0.03848
9	1.053	0.03729
9	1.58	0.03794
9	0.9083	0.03881
9	1.034	0.03789
9	1.316	0.0382
9	0.956	0.03773
9	1.619	0.03823
9	0.9429	0.03854
9	1.115	0.03718
9	0.7613	0.03761
9	1.959	0.03824
9	1.28	0.03872
9	1.002	0.03773
9	1.03	0.03744
9	1.38	0.03836
9	1.414	0.03833
9	1.311	0.03814
9	1.035	0.03756
9	0.8699	0.03921
9	0.7953	0.03701
9	1.279	0.03842
9	1.503	0.03866
9	0.9268	0.03726
9	1.209	0.03856
9	1.337	0.03779
9	0.7505	0.03868
9	1.043	0.03871
9	0.5625	0.0377
9	1.18	0.03833
9	1.487	0.03866
9	1.496	0.03792
9	1.306	0.03881
9	0.9813	0.03878
9	0.8104	0.03726
9	1.241	0.03662
9	0.8698	0.03822
9	1.431	0.0382
9	1.074	0.03722
9	0.8343	0.03859
9	1.316	0.03874
9	0.6073	0.03866
9	0.8041	0.03704
9	0.7411	0.0385
9	1.764	0.03786
9	0.8407	0.03932
9	0.7746	0.03837
9	0.8445	0.03784
9	1.058	0.03775
9	0.7275	0.03772
9	0.7055	0.03833
9	1.208	0.03846
9	1.384	0.03733
9	1.317	0.03767
9	0.9444	0.03767
9	0.934	0.03779
9	1.614	0.03779
9	1.324	0.03737
9	0.9376	0.03823
9	0.895	0.03753
9	1.284	0.03823
9	1.278	0.03821
9	0.8611	0.03761
9	1.291	0.03855
9	1.06	0.03855
9	1.011	0.03846
9	1.263	0.03752
9	1.089	0.03802
9	1.181	0.03803
9	1.253	0.03756
9	1.381	0.03895
9	1.091	0.03811
9	1.15	0.03731
9	0.8154	0.03836
9	0.9073	0.03801
9	1.222	0.03819
9	0.9423	0.03867
9	1.348	0.03875
9	1.424	0.03848
9	1.097	0.03839
9	1.357	0.03867
9	0.8992	0.0379
9	1.3	0.03709
9	0.7301	0.03891
9	0.9747	0.0389
9	1.378	0.0378
9	0.7998	0.03794
9	0.9185	0.03762
9	0.9698	0.03903
9	0.7838	0.03799
9	1.152	0.03834
9	1.136	0.03864
9	1.359	0.03803
9	1.648	0.0378
9	1.026	0.03857
9	0.841	0.03787
9	0.8753	0.03763
9	1.003	0.03789
9	1.264	0.0385
9	1.017	0.03772
9	0.7713	0.03845
9	1.271	0.03769
9	1.564	0.03717
9	1.533	0.03804
9	0.9414	0.0389
9	0.6921	0.03832
9	1.155	0.03832
9	1.138	0.03727
9	1.667	0.03752
9	1.073	0.03769
9	0.9899	0.03747
9	1.695	0.03828
9	0.9174	0.03769
9	1.477	0.03743
9	1.444	0.0393
9	1.291	0.03835
9	1.062	0.03839
9	0.8968	0.03766
9	1.264	0.03847
9	0.7749	0.03777
9	0.9387	0.03783
9	1.007	0.03798
9	0.9611	0.03854
9	1.84	0.03786
9	1.002	0.03882
9	0.6262	0.03859
9	1.474	0.03813
9	0.6722	0.03796
9	1.334	0.03801
9	1.535	0.03814
9	0.8183	0.03841
9	0.822	0.03811
9	0.7479	0.03907
9	1.008	0.03812
9	1.114	0.03721
9	0.9388	0.03864
9	0.5448	0.0383
9	1.094	0.03789
9	0.807	0.0391
9	1.575	0.03848
9	1.042	0.03775
9	1.108	0.03803
9	1.366	0.03795
9	1.215	0.03848
9	1.318	0.03826
9	1.069	0.03791
9	0.7898	0.03769
9	1.491	0.03788
9	1.604	0.03846
9	1.186	0.03759
9	0.9933	0.03736
9	0.9011	0.03841
9	0.8604	0.03846
9	0.9779	0.03779
9	0.7316	0.03823
9	1.014	0.03802
9	1.707	0.03856
9	0.926	0.03781
9	1.108	0.03877
9	0.9782	0.03875
9	1.559	0.03862
9	1.6	0.03824
9	1.744	0.03759
9	1.061	0.03783
9	0.5524	0.03827
9	0.8739	0.03835
9	0.6592	0.03809
9	0.9719	0.03876
9	1.053	0.03825
9	1.089	0.03872
9	1.437	0.03713
9	1.187	0.03867
9	1.478	0.03796
9	0.8517	0.03871
9	0.8218	0.03858
9	1.62	0.03852
9	1.083	0.03889
9	0.9942	0.03891
9	0.8153	0.0378
9	1.059	0.03849
9	1.119	0.03812
9	0.9929	0.03866
9	1.33	0.03846
9	2.119	0.03774
9	0.7832	0.03776
9	1.106	0.03805
9	0.7443	0.03803
9	0.7525	0.0378
9	1.727	0.03828
9	1.049	0.03817
9	1.134	0.03893
9	1.499	0.03814
9	1.039	0.03893
9	1.068	0.03778
9	1.161	0.03827
9	1.165	0.0382
9	1.035	0.03869
9	0.8132	0.03809
9	0.8528	0.03665
9	1.047	0.03872
9	1.434	0.03842
9	1.031	0.03835
9	1.088	0.03819
9	1.227	0.03784
9	0.9576	0.03815
9	1.317	0.03773
9	0.9768	0.03836
9	0.7909	0.03846
9	0.5583	0.03765
9	1.279	0.03907
9	1.081	0.03861
9	0.4971	0.03787
9	1.61	0.03738
9	1.174	0.03852
9	1.812	0.03839
9	1.598	0.03805
9	1.297	0.0392
9	1.07	0.03812
9	1.035	0.03897
9	0.8699	0.03812
9	1.042	0.03901
9	1.649	0.03774
9	0.8357	0.03862
9	1.317	0.03829
9	1.444	0.03917
9	0.9506	0.03798
9	1.286	0.03836
9	1.151	0.03906
9	0.5429	0.03807
9	1.132	0.03684
9	0.9408	0.03843
9	1.775	0.03773
9	1.347	0.03787
9	1.431	0.0372
9	1.174	0.03841
9	1.091	0.03828
9	0.6862	0.03684
9	0.9556	0.03805
9	1.753	0.03829
9	0.8626	0.03859
9	0.9479	0.03826
9	1.271	0.03866
9	1.17	0.03826
9	1.407	0.03818
9	1.122	0.03779
9	1.065	0.03857
