2	1.046	1e-05
2	1.126	0
2	1.161	0.01347
2	1.108	1e-05
2	1.159	0.7743
2	1.148	0
2	1.127	0.5649
2	1.088	1e-05
2	1.125	0
2	1.137	0
2	1.019	1e-05
2	1.084	1e-05
2	1.129	0
2	1.095	1e-05
2	1.079	1e-05
2	1.021	1e-05
2	1.081	1e-05
2	1.074	1e-05
2	1.036	1e-05
2	1.06	1e-05
2	1.05	1e-05
2	1.104	1e-05
2	1.104	1e-05
2	1.084	1e-05
2	1.036	1e-05
2	1.097	1e-05
2	1.111	1e-05
2	1.037	1e-05
2	1.145	0
2	1.154	0.009635
2	1.145	0
2	1.15	0.05282
2	1.08	1e-05
2	1.055	1e-05
2	1.106	1e-05
2	1.143	0
2	1.123	1e-05
2	1.08	1e-05
2	1.097	1e-05
2	1.059	1e-05
2	1.088	1e-05
2	1.143	0
2	1.187	0
2	1.122	1e-05
2	1.119	1e-05
2	1.183	0
2	1.113	1e-05
2	1.073	1e-05
2	1.223	1.014
2	1.131	0.9414
2	1.15	0.6015
2	1.131	0
2	1.096	1e-05
2	1.043	1e-05
2	1.115	1e-05
2	1.137	0
2	1.152	0
2	1.079	1e-05
2	1.047	1e-05
2	1.127	0
2	1.146	0.2074
2	1.103	1e-05
2	1.101	1e-05
2	1.136	0
2	1.1	1e-05
2	1.205	0.2961
2	1.123	1e-05
2	1.185	0.01326
2	1.192	0.4341
2	1.069	1e-05
2	1.074	1e-05
2	1.114	1e-05
2	1.099	1e-05
2	1.155	0.4176
2	1.159	0.3332
2	1.121	1e-05
2	1.145	0
2	1.035	1e-05
2	1.059	1e-05
2	1.106	1e-05
2	1.105	1e-05
2	1.148	0
2	1.078	1e-05
2	1.137	0
2	1.12	1e-05
2	1.051	1e-05
2	1.113	1e-05
2	1.063	1e-05
2	1.072	1e-05
2	1.145	0
2	1.092	1e-05
2	1.132	0
2	1.075	1e-05
2	1.062	1e-05
2	1.104	1e-05
2	1.193	0.2403
2	1.138	0
2	1.075	1e-05
2	1.107	1e-05
2	1.1	1e-05
2	1.123	1e-05
2	1.067	1e-05
2	1.145	0
2	1.184	0.05998
2	1.073	1e-05
2	1.144	0
2	1.137	0
2	1.13	0
2	1.13	0
2	1.191	0
2	1.126	0
2	1.13	0
2	1.105	1e-05
2	1.033	1e-05
2	1.135	0
2	1.11	1e-05
2	1.157	0
2	1.076	1e-05
2	1.075	1e-05
2	1.087	1e-05
2	1.162	0
2	1.116	1e-05
2	1.127	0.0274
2	1.195	0.3477
2	1.146	0.2446
2	1.164	0.08377
2	1.075	1e-05
2	1.116	1e-05
2	1.171	0
2	1.092	1e-05
2	1.1	1e-05
2	1.046	1e-05
2	1.24	0.6761
2	1.078	1e-05
2	1.129	0
2	1.036	1e-05
2	1.087	1e-05
2	1.14	0.1944
2	1.087	1e-05
2	1.12	1e-05
2	1.032	1e-05
2	1.184	0.07047
2	1.124	0
2	1.253	0.5407
2	1.029	1e-05
2	1.059	1e-05
2	1.131	0
2	1.14	0
2	1.157	0
2	1.093	1e-05
2	1.15	0
2	1.121	1e-05
2	1.06	1e-05
2	1.044	1e-05
2	1.087	1e-05
2	1.133	0
2	1.118	1e-05
2	1.022	1e-05
2	1.165	0
2	1.188	0.6862
2	1.095	1e-05
2	1.081	1e-05
2	1.234	0.4217
2	1.071	1e-05
2	1.122	1e-05
2	1.127	0
2	1.094	1e-05
2	1.1	1e-05
2	1.135	0
2	1.106	1e-05
2	1.121	1e-05
2	1.118	1e-05
2	1.099	1e-05
2	1.128	0
2	1.126	0
2	1.087	1e-05
2	1.183	0.9818
2	1.091	1e-05
2	1.148	0
2	1.118	1e-05
2	1.139	0.07929
2	1.198	0
2	1.047	1e-05
2	1.193	0.4334
2	1.038	1e-05
2	1.104	1e-05
2	1.135	0.2785
2	1.138	0
2	1.133	0
2	1.183	0
2	1.154	0
2	1.082	1e-05
2	1.06	1e-05
2	1.099	1e-05
2	1.089	1e-05
2	1.123	1e-05
2	1.213	0.4141
2	1.148	0.3702
2	1.171	0.463
2	1.21	0.2329
2	1.103	1e-05
2	1.108	1e-05
2	1.121	1e-05
2	1.109	1e-05
2	1.119	1e-05
2	1.044	1e-05
2	1.147	0
2	1.142	0
2	1.075	1e-05
2	1.128	0
2	1.1	1e-05
2	1.017	1e-05
2	1.049	1e-05
2	1.148	0
2	1.072	1e-05
2	1.166	0
2	1.115	1e-05
2	1.115	1e-05
2	1.118	1e-05
2	1.116	1e-05
2	1.133	0
2	1.084	1e-05
2	1.168	0.568
2	1.089	1e-05
2	1.085	1e-05
2	1.192	0.5178
2	1.174	0
2	1.104	1e-05
2	1.093	1e-05
2	1.2	1.171
2	1.122	1e-05
2	1.099	1e-05
2	1.069	1e-05
2	1.079	1e-05
2	1.093	1e-05
2	1.105	1e-05
2	1.129	0
2	1.07	1e-05
2	1.129	0
2	1.11	1e-05
2	1.197	0.0115
2	1.138	0
2	1.118	1e-05
2	1.197	0.65
2	1.101	1e-05
2	1.042	1e-05
2	1.166	0
2	1.054	1e-05
2	1.135	0
2	1.187	0.1589
2	1.076	1e-05
2	1.082	1e-05
2	1.087	1e-05
2	1.145	0
2	1.071	1e-05
2	1.142	0
2	1.119	1e-05
2	1.143	0
2	1.1	1e-05
2	1.07	1e-05
2	1.202	0.9743
2	1.156	0
2	1.193	0
2	1.147	0
2	1.11	1e-05
2	1.057	1e-05
2	1.134	0
2	1.14	0
2	1.085	1e-05
2	1.076	1e-05
2	1.113	1e-05
2	1.026	1e-05
2	1.204	0.2527
2	1.111	1e-05
2	1.091	1e-05
2	1.098	1e-05
2	1.068	1e-05
2	1.155	0
2	1.189	0
2	1.118	1e-05
2	1.101	1e-05
2	1.125	0
2	1.142	0
2	1.124	0.2308
2	1.118	1e-05
2	1.124	0
2	1.075	1e-05
2	1.118	1e-05
2	1.101	1e-05
2	1.115	1e-05
2	1.033	1e-05
2	1.128	0
2	1.119	1e-05
2	1.044	1e-05
2	1.095	1e-05
2	1.06	1e-05
2	1.097	1e-05
2	1.127	0
2	1.129	0
2	1.144	0
2	1.2	0.3017
2	1.082	1e-05
2	1.056	1e-05
2	1.081	1e-05
2	1.158	0
2	1.116	1e-05
2	1.103	1e-05
2	1.181	0.4415
2	1.124	0.1023
2	1.112	1e-05
2	1.166	0.04232
2	1.016	1e-05
2	1.076	1e-05
2	1.104	1e-05
2	1.09	1e-05
2	1.084	1e-05
2	1.151	0
2	1.028	1e-05
2	1.144	0
2	1.067	1e-05
2	1.09	1e-05
2	1.128	0.2525
2	1.168	0
2	1.079	1e-05
2	1.101	1e-05
2	1.141	0.03924
2	1.176	1.994
2	1.11	1e-05
2	1.161	0
2	1.062	1e-05
2	1.015	1e-05
2	1.065	1e-05
2	1.113	1e-05
2	1.079	1e-05
2	1.012	1e-05
2	1.095	1e-05
2	1.128	0
2	1.094	1e-05
2	1.121	1e-05
2	1.1	1e-05
2	1.035	1e-05
2	1.097	1e-05
2	1.183	0.4108
2	1.097	1e-05
2	1.091	1e-05
2	1.153	0.8836
2	1.079	1e-05
2	1.077	1e-05
2	1.083	1e-05
2	1.15	0
2	1.161	0
2	1.079	1e-05
2	1.076	1e-05
2	1.075	1e-05
2	1.149	0
2	1.103	1e-05
2	1.13	0
2	1.028	1e-05
2	1.101	1e-05
2	1.104	1e-05
2	1.14	0
2	1.082	1e-05
2	1.133	0.2733
2	1.057	1e-05
2	1.07	1e-05
2	1.031	1e-05
2	1.085	1e-05
2	1.053	1e-05
2	1.153	0
2	1.115	1e-05
2	1.123	1e-05
2	1.145	0
2	1.132	0
2	1.135	0
2	1.107	1e-05
2	1.109	1e-05
2	1.136	0
2	1.083	1e-05
2	1.151	0.2542
2	1.084	1e-05
2	1.031	1e-05
2	1.109	1e-05
2	1.104	1e-05
2	1.094	1e-05
2	1.14	0.4153
2	1.134	0
2	1.125	0
2	1.072	1e-05
2	1.1	1e-05
2	1.221	0.2548
2	1.093	1e-05
2	1.059	1e-05
2	1.161	0
2	1.158	0
2	1.125	0
2	1.2	0.1258
2	1.116	1e-05
2	1.115	1e-05
2	1.053	1e-05
2	1.086	1e-05
2	1.136	0.7388
2	1.122	1e-05
2	1.156	0.4616
2	1.046	1e-05
2	1.105	1e-05
2	1.123	1e-05
2	1.105	1e-05
2	1.058	1e-05
2	1.097	1e-05
2	1.111	1e-05
2	1.156	0.1419
2	1.088	1e-05
2	1.136	0
2	1.145	0.3296
2	1.176	0.8337
2	1.11	1e-05
2	1.084	1e-05
2	1.11	1e-05
2	1.147	0
2	1.057	1e-05
2	1.123	1e-05
2	1.176	0
2	1.13	0
2	1.138	0
2	1.071	1e-05
2	1.09	1e-05
2	1.155	0.3232
2	1.12	1e-05
2	1.083	1e-05
2	1.035	1e-05
2	1.103	1e-05
2	1.068	1e-05
2	1.101	1e-05
2	1.09	1e-05
2	1.109	1e-05
2	1.062	1e-05
2	1.067	1e-05
2	1.134	0
2	1.1	1e-05
2	1.173	0.7963
2	1.161	0
2	1.079	1e-05
2	1.126	0
2	1.11	1e-05
2	1.165	0
2	1.096	1e-05
2	1.077	1e-05
2	1.133	0
2	1.145	0.3021
2	1.115	1e-05
2	1.175	0.06106
2	1.112	1e-05
2	1.085	1e-05
2	1.125	0
2	1.061	1e-05
2	1.123	0
2	1.115	1e-05
2	1.13	0.6555
2	1.146	0
2	1.177	0
2	1.103	1e-05
2	1.188	0.2119
2	1.086	1e-05
2	1.12	1e-05
2	1.073	1e-05
2	1.044	1e-05
2	1.147	0
2	1.279	1.084
2	1.131	0
2	1.082	1e-05
2	1.129	0
2	1.185	0
2	1.102	1e-05
2	1.092	1e-05
2	1.185	0
2	1.186	1.664
2	1.088	1e-05
2	1.166	0
2	1.069	1e-05
2	1.118	1e-05
2	1.205	0.04649
2	1.079	1e-05
2	1.085	1e-05
2	1.104	1e-05
2	1.034	1e-05
2	1.088	1e-05
2	1.151	0
2	1.116	1e-05
2	1.099	1e-05
2	1.1	1e-05
2	1.07	1e-05
2	1.111	1e-05
2	1.203	0
2	1.11	1e-05
2	1.124	0
2	1.15	0.1334
2	1.162	0
2	1.185	1.21
2	1.129	0
2	1.175	0
2	1.026	1e-05
2	1.083	1e-05
2	1.132	0
2	1.082	1e-05
2	1.184	0.6041
2	1.027	1e-05
2	1.108	1e-05
2	1.119	1e-05
2	1.149	0.009308
2	1.032	1e-05
2	1.015	1e-05
2	1.146	0.4301
2	1.14	0
2	1.125	0
2	1.057	1e-05
2	1.022	1e-05
2	1.142	0
2	1.093	1e-05
2	1.109	1e-05
2	1.074	1e-05
2	1.143	0
2	1.21	0.5141
2	1.066	1e-05
2	1.195	0.08494
2	1.083	1e-05
2	1.18	0
2	1.208	0
2	1.042	1e-05
2	1.152	0
2	1.191	0.4245
2	1.164	0
2	1.091	1e-05
2	1.1	1e-05
2	1.068	1e-05
2	1.109	1e-05
2	1.08	1e-05
2	1.173	0
2	1.19	0.5598
2	1.125	0
2	1.166	0
2	1.014	1e-05
2	1.149	0
2	1.02	1e-05
2	1.16	0
2	1.086	1e-05
2	1.184	0.5
2	1.121	1e-05
2	1.078	1e-05
2	1.081	1e-05
2	1.151	0
2	1.028	1e-05
2	0.9993	1e-05
2	1.043	1e-05
2	1.094	1e-05
2	1.152	0.4266
2	1.163	0.03328
2	1.04	1e-05
2	1.124	0
2	1.088	1e-05
2	1.065	1e-05
2	1.155	0
2	1.123	1e-05
2	1.175	0
2	1.107	1e-05
2	1.103	1e-05
2	1.116	1e-05
2	1.166	0.3033
2	1.131	0
2	1.123	0
2	1.021	1e-05
2	1.146	0
2	1.075	1e-05
2	1.071	1e-05
2	1.134	0
2	1.136	0
2	1.118	1e-05
2	1.14	0
2	1.121	1e-05
2	1.063	1e-05
2	1.139	0
2	1.107	1e-05
2	1.127	0
2	1.098	1e-05
2	1.128	0
2	1.127	0
2	1.12	1e-05
2	1.104	1e-05
2	1.145	0.1835
2	1.131	0.4949
2	1.151	0
2	1.149	0
2	1.106	1e-05
2	1.127	0.06108
2	1.117	1e-05
2	1.057	1e-05
2	1.142	0
2	1.125	0
2	1.129	0
2	1.105	1e-05
2	1.133	0
2	1.272	1.114
2	1.101	1e-05
2	1.073	1e-05
2	1.113	1e-05
2	1.236	0.461
2	1.117	1e-05
2	1.088	1e-05
2	1.091	1e-05
2	1.109	1e-05
2	1.076	1e-05
2	1.136	0.2888
2	1.105	1e-05
2	1.149	0
2	1.085	1e-05
2	1.078	1e-05
2	1.131	1.647
2	1.132	0
2	1.084	1e-05
2	1.082	1e-05
2	1.113	1e-05
2	1.02	1e-05
2	1.068	1e-05
2	1.022	1e-05
2	1.108	1e-05
2	1.167	0
2	1.077	1e-05
2	1.13	0
2	1.082	1e-05
2	1.083	1e-05
2	1.237	0.6514
2	1.077	1e-05
2	1.126	0
2	1.096	1e-05
2	1.056	1e-05
2	1.196	0.7228
2	1.102	1e-05
2	1.108	1e-05
2	1.056	1e-05
2	1.058	1e-05
2	1.096	1e-05
2	1.049	1e-05
2	1.123	0
2	1.143	0
2	0.9981	1e-05
2	1.14	0
2	1.136	0.301
2	1.032	1e-05
2	1.044	1e-05
2	1.094	1e-05
2	1.109	1e-05
2	1.096	1e-05
2	1.134	0
2	1.064	1e-05
2	1.081	1e-05
2	1.164	0
2	1.092	1e-05
2	1.089	1e-05
2	1.1	1e-05
2	1.096	1e-05
2	1.027	1e-05
2	1.044	1e-05
2	1.188	0
2	1.007	1e-05
2	1.081	1e-05
2	1.081	1e-05
2	1.063	1e-05
2	1.106	1e-05
2	1.115	1e-05
2	1.125	0
2	1.142	0
2	1.042	1e-05
2	1.157	0.1017
2	1.166	0.337
2	1.049	1e-05
2	1.123	1e-05
2	1.142	0
2	1.137	0
2	1.067	1e-05
2	1.2	0.672
2	1.149	0
2	1.097	1e-05
2	1.026	1e-05
2	1.083	1e-05
2	1.129	0.3121
2	1.075	1e-05
2	1.015	1e-05
2	1.11	1e-05
2	1.09	1e-05
2	1.141	0
2	1.131	0
2	1.054	1e-05
2	1.117	1e-05
2	1.153	1.114
2	1.034	1e-05
2	1.121	1e-05
2	1.071	1e-05
2	1.141	0
2	1.124	0
2	1.1	1e-05
2	1.134	0.1085
2	1.121	1e-05
2	1.131	0.01488
2	1.139	0
2	1.055	1e-05
2	1.028	1e-05
2	1.05	1e-05
2	1.086	1e-05
2	1.142	0.3262
2	1.146	0.08831
2	1.135	0
2	1.179	0
2	1.167	0.03666
2	1.13	0
2	1.114	1e-05
2	1.064	1e-05
2	1.105	1e-05
2	1.101	1e-05
2	1.118	1e-05
2	1.105	1e-05
2	1.143	0
2	1.045	1e-05
2	1.11	1e-05
2	1.105	1e-05
2	1.079	1e-05
2	1.171	0.09545
2	1.153	0
2	1.081	1e-05
2	1.1	1e-05
2	1.132	0
2	1.095	1e-05
2	1.102	1e-05
2	1.172	0.4478
2	1.165	0.3542
2	1.123	1e-05
2	1.141	0.1181
2	1.201	0.1333
2	1.153	0
2	1.105	1e-05
2	1.04	1e-05
2	1.141	0
2	1.097	1e-05
2	1.156	0.4586
2	1.097	1e-05
2	1.122	1e-05
2	1.13	0
2	1.126	0
2	1.107	1e-05
2	1.113	1e-05
2	1.11	1e-05
2	1.201	0
2	1.128	0.07901
2	1.155	0
2	1.091	1e-05
2	1.163	0
2	1.139	0
2	1.122	1e-05
2	1.059	1e-05
2	1.148	0
2	1.069	1e-05
2	1.191	0
2	1.105	1e-05
2	1.101	1e-05
2	1.157	0.1371
2	1.134	0.03534
2	1.062	1e-05
2	1.079	1e-05
2	1.129	0
2	1.102	1e-05
2	1.135	0
2	1.084	1e-05
2	1.108	1e-05
2	1.084	1e-05
2	1.156	0
2	1.088	1e-05
2	1.129	0
2	1.099	1e-05
2	1.101	1e-05
2	1.113	1e-05
2	1.126	0
2	1.181	0.1368
2	1.124	0.2396
2	1.045	1e-05
2	1.132	0.6502
2	1.233	0.2886
2	1.085	1e-05
2	1.126	0
2	1.112	1e-05
2	1.113	1e-05
2	1.089	1e-05
2	1.107	1e-05
2	1.114	1e-05
2	1.106	1e-05
2	1.027	1e-05
2	1.053	1e-05
2	1.076	1e-05
2	1.047	1e-05
2	1.096	1e-05
2	1.054	1e-05
2	1.086	1e-05
2	1.18	0
2	1.134	0
2	1.222	0.7353
2	1.162	0.04046
2	1.113	1e-05
2	1.073	1e-05
2	1.162	0
2	1.089	1e-05
2	1.094	1e-05
2	1.068	1e-05
2	1.11	1e-05
2	1.118	1e-05
2	1.211	1.248
2	1.072	1e-05
2	1.126	0
2	1.034	1e-05
2	1.109	1e-05
2	1.073	1e-05
2	1.077	1e-05
2	1.061	1e-05
2	1.075	1e-05
2	1.189	0.006391
2	1.08	1e-05
2	1.235	1.065
2	1.06	1e-05
2	1.173	0
2	1.086	1e-05
2	1.211	0.3392
2	1.138	0
2	1.143	0
2	1.131	0.4266
2	1.09	1e-05
2	1.118	1e-05
2	1.089	1e-05
2	1.123	1e-05
2	1.15	0
2	1.117	1e-05
2	1.133	0
2	1.066	1e-05
2	1.11	1e-05
2	1.135	0
2	1.037	1e-05
2	1.145	0
2	1.171	0.6235
2	1.125	0
2	1.063	1e-05
2	1.201	0
2	1.084	1e-05
2	1.074	1e-05
2	1.132	0
2	1.239	0.708
2	1.2	0.2866
2	1.213	0.385
2	1.069	1e-05
2	1.119	1e-05
2	1.047	1e-05
2	1.149	0.2051
2	1.105	1e-05
2	1.182	0.294
2	1.147	0
2	1.119	1e-05
2	1.162	0.3256
2	1.103	1e-05
2	1.133	0.006755
2	1.088	1e-05
2	1.141	0.3458
2	1.109	1e-05
2	1.043	1e-05
2	1.022	1e-05
2	1.188	0.3188
2	1.068	1e-05
2	1.078	1e-05
2	1.113	1e-05
2	1.111	1e-05
2	1.139	0
2	1.118	1e-05
2	1.148	0
2	1.136	0.316
2	1.121	1e-05
2	1.089	1e-05
2	1.123	1e-05
2	1.132	0
2	1.129	0
2	1.17	0
2	1.114	1e-05
2	1.19	0
2	1.155	0
2	1.135	0
2	1.135	0
2	1.083	1e-05
2	1.08	1e-05
2	1.056	1e-05
2	1.111	1e-05
2	1.074	1e-05
2	1.16	0
2	1.222	0.5638
2	1.129	0
2	1.111	1e-05
2	1.093	1e-05
2	1.098	1e-05
2	1.136	0
2	1.1	1e-05
2	1.073	1e-05
2	1.102	1e-05
2	1.084	1e-05
2	1.114	1e-05
2	1.071	1e-05
2	1.167	0.3081
2	1.065	1e-05
2	1.169	0
2	1.058	1e-05
2	1.134	0.05761
2	1.199	1.104
2	1.132	0
2	1.146	0
2	1.14	0
2	1.105	1e-05
2	1.154	0
2	1.119	1e-05
2	1.14	0
2	1.089	1e-05
2	1.18	0.3587
2	1.025	1e-05
2	1.156	0
2	1.144	0
2	1.151	0
2	1.128	0
2	1.089	1e-05
2	1.169	0.275
2	1.061	1e-05
2	1.099	1e-05
2	1.153	0.3653
2	1.067	1e-05
2	1.15	0
2	1.11	1e-05
2	1.054	1e-05
2	1.147	0
2	1.048	1e-05
2	1.129	0
2	1.141	0
2	1.159	0
2	1.08	1e-05
2	1.098	1e-05
2	1.117	1e-05
2	1.133	0
2	1.137	0
2	1.179	0
2	1.181	0.02608
2	1.124	0
2	1.137	0
2	1.109	1e-05
2	1.083	1e-05
2	1.157	0.3212
2	1.133	0
2	1.132	0
2	1.105	1e-05
2	1.096	1e-05
2	1.059	1e-05
2	1.097	1e-05
2	1.162	0.8592
2	1.103	1e-05
2	1.116	1e-05
2	1.073	1e-05
2	1.08	1e-05
2	1.166	0
2	1.206	0.7588
2	1.052	1e-05
2	1.198	1.198
2	1.1	1e-05
2	1.148	0
2	1.113	1e-05
2	1.098	1e-05
2	1.199	0.3214
2	1.101	1e-05
2	1.134	0.06481
2	1.113	1e-05
2	1.053	1e-05
2	1.065	1e-05
2	1.056	1e-05
2	1.128	0
2	1.107	1e-05
2	1.081	1e-05
2	1.126	0
2	1.165	0
2	1.06	1e-05
2	1.197	0.04574
2	1.097	1e-05
2	1.142	0
2	1.121	1e-05
2	1.173	0
2	1.054	1e-05
2	1.126	0
2	1.131	0
2	1.127	0
2	1.079	1e-05
2	1.017	1e-05
2	1.096	1e-05
2	1.105	1e-05
2	1.092	1e-05
2	1.154	0
2	1.102	1e-05
2	1.127	0
2	1.075	1e-05
2	1.056	1e-05
2	1.111	1e-05
2	1.152	0
2	1.054	1e-05
2	1.076	1e-05
2	1.131	0
2	1.137	0
2	1.069	1e-05
2	1.088	1e-05
2	1.129	0
2	1.136	0
2	1.16	0.001104
2	1.051	1e-05
2	1.064	1e-05
2	1.149	0
2	1.133	0
2	1.036	1e-05
2	1.185	0
2	1.132	0
2	1.127	0.1805
2	1.088	1e-05
2	1.1	1e-05
2	1.088	1e-05
2	1.091	1e-05
2	1.137	0
2	1.156	0.3248
2	1.103	1e-05
2	1.099	1e-05
2	1.188	0.5128
2	1.063	1e-05
2	1.163	0
2	1.084	1e-05
2	1.133	0
2	1.12	1e-05
2	1.112	1e-05
2	1.123	1e-05
2	1.143	0
2	1.149	0.1189
2	1.097	1e-05
2	1.057	1e-05
2	1.096	1e-05
2	1.197	0.02104
2	1.134	0
2	1.113	1e-05
2	1.132	0
2	1.102	1e-05
2	1.184	0.2453
2	1.1	1e-05
2	1.075	1e-05
2	1.154	0.2115
2	1.151	0.1107
2	1.08	1e-05
2	1.119	1e-05
2	1.102	1e-05
2	1.1	1e-05
2	1.21	0.3489
2	1.119	1e-05
2	1.159	1.042
2	1.094	1e-05
2	1.091	1e-05
2	1.039	1e-05
2	1.124	0
2	1.126	0
2	1.209	0.5321
2	1.072	1e-05
2	1.112	1e-05
2	1.109	1e-05
2	1.027	1e-05
2	1.139	0
2	1.052	1e-05
2	1.096	1e-05
2	1.107	1e-05
2	1.145	0
2	1.127	0
2	1.101	1e-05
2	1.143	0
2	1.133	0
2	1.086	1e-05
2	1.041	1e-05
2	1.079	1e-05
2	1.142	0
2	1.1	1e-05
2	1.193	0.01317
2	1.123	1e-05
2	1.111	1e-05
2	1.101	1e-05
2	1.113	1e-05
2	0.993	1e-05
2	1.102	1e-05
2	1.147	0
2	1.123	1e-05
2	1.147	0.1205
2	1.092	1e-05
2	1.096	1e-05
2	1.121	1e-05
2	1.108	1e-05
2	1.21	0.4015
2	1.11	1e-05
2	1.129	0
2	1.197	0.3971
2	1.143	0
2	1.114	1e-05
2	1.139	0
2	1.147	0.2027
2	1.125	0
2	1.152	0
2	1.092	1e-05
2	1.171	0
2	1.153	0
2	1.042	1e-05
2	1.128	0
2	1.042	1e-05
2	1.094	1e-05
2	1.114	1e-05
2	1.161	0
2	0.9739	1e-05
2	1.143	0
2	1.158	0.3991
2	1.072	1e-05
2	1.187	0.4757
2	1.089	1e-05
2	1.049	1e-05
2	1.09	1e-05
2	1.179	0.708
2	1.109	1e-05
2	1.059	1e-05
2	1.14	0.5766
2	1.108	1e-05
2	1.161	0
2	1.088	1e-05
2	1.082	1e-05
2	1.091	1e-05
2	1.11	1e-05
2	1.111	1e-05
2	1.054	1e-05
2	1.179	0.05038
2	1.125	0
2	1.142	0.5045
2	1.187	0
2	1.001	1e-05
2	1.19	0
2	1.137	0
2	1.072	1e-05
2	1.094	1e-05
2	1.124	0
2	1.139	0
2	1.148	0
2	1.105	1e-05
2	1.075	1e-05
2	1.115	1e-05
2	1.094	1e-05
2	1.09	1e-05
2	1.141	0
2	1.179	0
2	1.067	1e-05
2	1.09	1e-05
2	1.07	1e-05
2	1.056	1e-05
2	1.134	0
2	1.127	0.09532
2	1.174	0
2	1.093	1e-05
2	1.094	1e-05
2	1.096	1e-05
2	1.147	0
2	1.112	1e-05
2	1.149	0
2	1.121	1e-05
2	1.154	0.1441
2	1.155	0
2	1.063	1e-05
2	1.093	1e-05
2	1.093	1e-05
2	1.155	0.2645
2	1.116	1e-05
2	1.089	1e-05
2	1.101	1e-05
2	1.107	1e-05
2	1.099	1e-05
2	1.128	0
2	1.09	1e-05
2	1.135	0.2703
2	1.1	1e-05
2	1.152	0
2	1.123	1e-05
2	1.149	0
2	1.121	1e-05
2	1.107	1e-05
2	1.125	0.06627
2	1.169	0.7693
2	1.062	1e-05
2	1.155	0.3356
2	1.114	1e-05
2	1.12	1e-05
2	1.125	0.9186
2	1.163	0.2266
2	1.112	1e-05
2	1.175	0
2	1.153	0.03967
2	1.14	0
2	1.038	1e-05
2	1.033	1e-05
2	1.095	1e-05
2	1.162	0.1033
2	1.166	0.1895
2	1.202	0.5193
2	1.167	0.2523
2	1.051	1e-05
2	1.029	1e-05
2	1.081	1e-05
2	1.121	1e-05
2	1.12	1e-05
2	1.087	1e-05
2	1.111	1e-05
2	1.244	0.2271
2	1.161	0
2	1.046	1e-05
2	1.131	0
2	1.04	1e-05
2	1.006	1e-05
2	1.024	1e-05
2	1.112	1e-05
2	1.118	1e-05
2	1.084	1e-05
2	1.065	1e-05
2	1.059	1e-05
2	1.19	0.4045
2	1.119	1e-05
2	1.169	0
2	1.186	0.3305
2	1.096	1e-05
2	1.141	0.2515
2	1.076	1e-05
2	1.181	0.1724
2	1.143	0
2	1.112	1e-05
2	1.148	0.1739
2	1.065	1e-05
2	1.148	0.5209
2	1.122	1e-05
2	1.094	1e-05
2	1.09	1e-05
2	1.121	1e-05
2	1.13	0
2	1.111	1e-05
2	1.081	1e-05
2	1.095	1e-05
2	1.042	1e-05
2	1.08	1e-05
2	1.099	1e-05
2	1.133	0
2	1.062	1e-05
2	1.127	0
2	1.073	1e-05
2	1.049	1e-05
2	1.106	1e-05
2	1.13	0
2	1.138	0
2	1.095	1e-05
2	1.165	0
2	1.168	0
2	1.119	1e-05
2	1.236	0.5997
2	1.104	1e-05
2	1.107	1e-05
2	1.099	1e-05
2	1.093	1e-05
2	1.165	0
2	1.126	0
2	1.169	0
2	1.094	1e-05
2	1.07	1e-05
2	1.115	1e-05
2	1.145	0.07718
2	1.103	1e-05
2	1.147	0
2	1.137	0
2	1.105	1e-05
2	1.11	1e-05
2	1.081	1e-05
2	1.127	0
2	1.081	1e-05
2	1.17	0
2	1.136	0
2	1.091	1e-05
2	1.091	1e-05
2	1.088	1e-05
2	1.147	1.336
2	1.126	0
2	1.115	1e-05
2	1.161	0
2	1.074	1e-05
2	1.223	0.7522
2	1.123	1e-05
2	1.14	0
2	1.15	0.06511
2	1.181	0.6179
2	1.149	0
2	1.078	1e-05
2	1.148	0
2	1.13	0
2	1.076	1e-05
2	1.219	0.2022
2	1.158	0.8642
2	1.033	1e-05
2	1.151	0
2	1.097	1e-05
2	1.123	1e-05
2	1.177	0.2
2	1.176	0.3546
2	1.083	1e-05
2	1.198	0.5743
2	1.065	1e-05
2	1.034	1e-05
2	1.099	1e-05
2	1.152	0
2	1.126	0
2	1.149	0.298
2	1.059	1e-05
2	1.172	1.214
2	1.073	1e-05
2	1.114	1e-05
2	1.216	0
2	1.181	0.09902
2	1.07	1e-05
2	1.082	1e-05
2	1.072	1e-05
2	1.126	0
2	1.126	0
2	1.112	1e-05
2	1.177	0
2	1.121	1e-05
2	1.108	1e-05
2	1.139	0
2	1.169	0
2	0.9994	1e-05
2	1.182	0
2	1.032	1e-05
2	1.143	0
2	1.104	1e-05
2	1.044	1e-05
2	1.099	1e-05
2	1.091	1e-05
2	1.111	1e-05
2	1.16	0.2393
2	1.114	1e-05
2	1.142	0.01341
2	1.146	1.036
2	1.157	0.7624
2	1.167	0
2	1.195	0.35
2	1.17	0
2	1.121	1e-05
2	1.132	0
2	1.134	0
2	1.107	1e-05
2	1.051	1e-05
2	1.078	1e-05
2	1.143	0
2	1.093	1e-05
2	1.135	0
2	1.171	0
2	1.078	1e-05
2	1.148	0.4768
2	0.9968	1e-05
2	1.133	0
2	1.112	1e-05
2	1.069	1e-05
2	1.094	1e-05
2	1.082	1e-05
2	1.096	1e-05
2	1.148	0
2	1.107	1e-05
2	1.199	1.189
2	1.181	0
2	1.065	1e-05
2	1.112	1e-05
2	1.04	1e-05
2	1.146	0.2253
2	1.125	0
2	1.114	1e-05
2	1.1	1e-05
2	1.091	1e-05
2	1.142	0
2	1.149	0
2	1.162	0.02175
2	1.155	0
2	1.073	1e-05
2	1.194	0
2	1.106	1e-05
2	1.085	1e-05
2	1.176	0.3365
2	1.057	1e-05
2	1.044	1e-05
2	1.15	0
2	1.104	1e-05
2	1.094	1e-05
2	1.089	1e-05
2	1.105	1e-05
2	1.179	0
2	1.157	0
2	1.055	1e-05
2	1.184	0.2793
2	1.11	1e-05
2	1.19	0.01185
2	1.028	1e-05
2	1.067	1e-05
2	1.137	0
2	1.087	1e-05
2	1.079	1e-05
2	1.062	1e-05
2	1.093	1e-05
2	1.087	1e-05
2	1.124	0
2	1.041	1e-05
2	1.088	1e-05
2	1.133	0
2	1.064	1e-05
2	1.066	1e-05
2	1.05	1e-05
2	1.146	0.3494
2	1.039	1e-05
2	0.9942	1e-05
2	1.105	1e-05
2	1.114	1e-05
2	1.049	1e-05
2	1.067	1e-05
2	1.117	1e-05
2	1.115	1e-05
2	1.129	0.12
2	1.142	0
2	1.08	1e-05
2	1.181	0.1654
2	1.134	0
2	1.124	0
2	1.087	1e-05
2	1.139	0
2	1.205	0.2926
2	1.124	0
2	1.092	1e-05
2	1.055	1e-05
2	1.083	1e-05
2	1.074	1e-05
2	1.163	0.2252
2	1.138	0
2	1.089	1e-05
2	1.106	1e-05
2	1.165	0.0504
2	1.092	1e-05
2	1.125	0
2	1.123	1e-05
2	1.156	0
2	1.125	0.03467
2	1.182	0
2	1.098	1e-05
2	1.145	0
2	1.214	0
2	1.097	1e-05
2	1.123	1e-05
2	1.145	0
2	1.155	0.4298
2	1.17	0.6271
2	1.169	0.9032
2	1.105	1e-05
2	1.121	1e-05
2	1.143	0
2	1.084	1e-05
2	1.086	1e-05
2	1.172	0.8005
2	1.071	1e-05
2	1.237	1.201
2	1.139	0.1604
2	1.208	0.3932
2	1.077	1e-05
2	1.124	0
2	1.257	0.6524
2	1.046	1e-05
2	1.088	1e-05
2	1.065	1e-05
2	1.124	0
2	1.105	1e-05
2	1.059	1e-05
2	1.099	1e-05
2	1.103	1e-05
2	1.031	1e-05
2	1.109	1e-05
2	1.123	1e-05
2	1.125	0
2	1.138	0.562
2	1.119	1e-05
2	1.044	1e-05
2	1.106	1e-05
2	1.059	1e-05
2	1.138	0
2	1.101	1e-05
2	1.038	1e-05
2	1.098	1e-05
2	1.119	1e-05
2	1.055	1e-05
2	1.121	1e-05
2	1.162	0.3821
2	1.106	1e-05
2	1.073	1e-05
2	1.144	0
2	1.074	1e-05
2	1.084	1e-05
2	1.185	0.2187
2	1.121	1e-05
2	1.016	1e-05
2	1.077	1e-05
2	1.129	0
2	1.181	0.4271
2	1.051	1e-05
2	1.109	1e-05
2	1.156	0
2	1.044	1e-05
2	1.089	1e-05
2	1.051	1e-05
2	1.14	0
2	1.113	1e-05
2	1.097	1e-05
2	1.143	0
2	1.112	1e-05
2	1.102	1e-05
2	1.034	1e-05
2	1.123	1e-05
2	1.07	1e-05
2	1.105	1e-05
2	1.109	1e-05
2	1.032	1e-05
2	1.073	1e-05
2	1.097	1e-05
2	1.144	0.2741
2	1.043	1e-05
2	1.096	1e-05
2	1.062	1e-05
2	1.057	1e-05
2	1.125	0
2	1.193	0.492
2	1.089	1e-05
2	1.135	0
2	1.14	0
2	1.113	1e-05
2	1.067	1e-05
2	1.138	0
2	1.104	1e-05
2	1.154	0.287
2	1.16	0
2	1.097	1e-05
2	1.146	0
2	1.1	1e-05
2	1.108	1e-05
2	1.12	1e-05
2	1.056	1e-05
2	1.146	0
2	1.099	1e-05
2	1.106	1e-05
2	1.197	0.4606
2	1.137	0.3166
2	1.06	1e-05
2	1.135	0
2	1.008	1e-05
2	1.083	1e-05
2	1.168	0.1082
2	1.168	0.02897
2	1.059	1e-05
2	1.133	0
2	1.012	1e-05
2	1.062	1e-05
2	1.163	0
2	1.101	1e-05
2	1.134	0
2	1.119	1e-05
2	1.11	1e-05
2	1.067	1e-05
2	1.107	1e-05
2	1.107	1e-05
2	1.137	0
2	1.149	0
2	1.027	1e-05
2	1.045	1e-05
2	1.142	0
2	1.202	0
2	1.079	1e-05
2	1.173	0
2	1.088	1e-05
2	1.103	1e-05
2	1.087	1e-05
2	1.121	1e-05
2	1.104	1e-05
2	1.124	0
2	1.063	1e-05
2	1.215	1.051
2	1.127	0
2	1.093	1e-05
2	1.112	1e-05
2	1.123	1e-05
2	1.173	0
2	1.122	1e-05
2	1.089	1e-05
2	1.154	0.2543
2	1.165	0.0672
2	1.154	0.6717
2	1.104	1e-05
2	1.084	1e-05
2	1.153	0.05972
2	1.193	0.1814
2	1.039	1e-05
2	1.101	1e-05
2	1.089	1e-05
2	1.098	1e-05
2	1.103	1e-05
2	1.121	1e-05
2	1.16	0.3949
2	1.112	1e-05
2	1.093	1e-05
2	1.161	0
2	1.105	1e-05
2	1.058	1e-05
2	1.02	1e-05
2	1.12	1e-05
2	1.1	1e-05
2	1.136	1.167
2	1.106	1e-05
2	1.117	1e-05
2	1.046	1e-05
2	1.115	1e-05
2	1.147	0.3408
2	1.218	0.3668
2	1.077	1e-05
2	1.077	1e-05
2	1.031	1e-05
2	1.033	1e-05
2	1.172	0.3905
2	1.095	1e-05
2	1.196	0.1328
2	1.214	0
2	1.174	0.3919
2	1.156	0
2	1.139	0
2	1.085	1e-05
2	1.007	1e-05
2	1.027	1e-05
2	1.148	0
2	1.132	0
2	1.118	1e-05
2	1.056	1e-05
2	1.165	0.3014
2	1.153	0
2	1.083	1e-05
2	1.09	1e-05
2	1.149	0
2	1.083	1e-05
2	1.119	1e-05
2	1.116	1e-05
2	1.129	0
2	1.085	1e-05
2	1.153	0
2	1.151	0
2	1.112	1e-05
2	1.063	1e-05
2	1.072	1e-05
2	1.162	0.0602
2	1.151	0.1772
2	1.142	0
2	1.104	1e-05
2	1.125	0
2	1.114	1e-05
2	1.093	1e-05
2	1.151	0
2	1.122	1e-05
2	1.119	1e-05
2	1.12	1e-05
2	1.131	0
2	1.11	1e-05
2	1.093	1e-05
2	1.091	1e-05
2	1.087	1e-05
2	1.093	1e-05
2	1.067	1e-05
2	1.124	0
2	1.111	1e-05
2	1.11	1e-05
2	1.047	1e-05
2	1.162	0
2	1.123	1e-05
2	1.145	0
2	1.122	1e-05
2	1.117	1e-05
2	1.035	1e-05
2	1.089	1e-05
2	1.123	1e-05
2	1.126	0
2	1.135	0
2	1.069	1e-05
2	1.074	1e-05
2	1.075	1e-05
2	1.133	0
2	1.232	1.018
2	1.151	0.1903
2	1.006	1e-05
2	0.9752	1e-05
2	1.088	1e-05
2	1.109	1e-05
2	1.101	1e-05
2	1.125	0
2	1.173	0.2819
2	1.124	0
2	1.086	1e-05
2	1.17	0.002736
2	1.078	1e-05
2	1.171	0
2	1.161	0.2101
2	1.081	1e-05
2	1.119	1e-05
2	1.086	1e-05
2	1.149	0.7213
2	1.102	1e-05
2	1.111	1e-05
2	1.141	0.3445
2	1.113	1e-05
2	1.244	0.1539
2	1.16	0.8726
2	1.102	1e-05
2	1.121	1e-05
2	1.133	0
2	1.066	1e-05
2	1.207	0.478
2	1.052	1e-05
2	1.06	1e-05
2	1.149	0
2	1.136	0.09216
2	1.094	1e-05
2	1.114	1e-05
2	1.256	0.6367
2	1.131	0
2	1.062	1e-05
2	1.084	1e-05
2	1.118	1e-05
2	1.247	0.5659
2	1.157	0
2	1.157	0
2	1.035	1e-05
2	1.121	1e-05
2	1.165	0
2	0.9939	1e-05
2	1.05	1e-05
2	1.08	1e-05
2	1.122	1e-05
2	1.114	1e-05
2	1.133	0
2	1.109	1e-05
2	1.162	0
2	1.146	0
2	1.141	0
2	1.087	1e-05
2	1.164	0.03872
2	1.118	1e-05
2	1.046	1e-05
2	1.092	1e-05
2	1.107	1e-05
2	1.131	0
2	1.065	1e-05
2	1.124	0
2	1.113	1e-05
2	1.253	0.5582
2	1.18	0
2	1.075	1e-05
2	1.175	0.1444
2	1.234	0
2	1.145	0
2	1.169	0
2	1.094	1e-05
2	1.13	0
2	1.054	1e-05
2	1.058	1e-05
2	1.126	0
2	1.13	0
2	1.105	1e-05
2	1.173	0
2	1.154	0
2	1.138	0.6183
2	1.097	1e-05
2	1.097	1e-05
2	1.136	0
2	1.115	1e-05
2	1.09	1e-05
2	1.141	0.2219
2	1.154	0
2	1.13	0
2	1.101	1e-05
2	1.086	1e-05
2	1.098	1e-05
2	1.025	1e-05
2	1.042	1e-05
2	1.147	0
2	1.187	0
2	1.091	1e-05
2	1.045	1e-05
2	1.051	1e-05
2	1.114	1e-05
2	1.13	0.03436
2	1.174	0.9261
2	1.156	0
2	1.197	0.2683
2	1.103	1e-05
2	1.083	1e-05
2	1.175	0
2	1.207	0.4981
2	1.163	0
2	1.101	1e-05
2	1.15	0.2603
2	1.086	1e-05
2	1.109	1e-05
2	1.272	1.405
2	1.115	1e-05
2	1.051	1e-05
2	1.113	1e-05
2	1.109	1e-05
2	1.161	0.009741
2	1.021	1e-05
2	1.161	0
2	0.9862	1e-05
2	1.025	1e-05
2	1.054	1e-05
2	1.087	1e-05
2	1.199	0.03252
2	1.068	1e-05
2	1.145	0
2	1.145	0
2	1.086	1e-05
2	1.076	1e-05
2	1.022	1e-05
2	1.106	1e-05
2	1.148	0.3045
2	1.059	1e-05
2	1.146	0.2335
2	1.208	0.5163
2	1.049	1e-05
2	1.156	0.02273
2	1.121	1e-05
2	1.096	1e-05
2	1.101	1e-05
2	1.12	1e-05
2	1.091	1e-05
2	1.103	1e-05
2	1.082	1e-05
2	1.124	0
2	1.09	1e-05
2	1.059	1e-05
2	1.138	0
2	1.204	0.1117
2	1.122	1e-05
2	1.127	0
2	1.118	1e-05
2	1.144	0
2	1.118	1e-05
2	1.094	1e-05
2	1.11	1e-05
2	1.085	1e-05
2	1.08	1e-05
2	1.143	0
2	1.193	0.2837
2	1.056	1e-05
2	1.128	0.1359
2	1.102	1e-05
2	1.072	1e-05
2	1.078	1e-05
2	1.167	0
2	1.19	0.1334
2	1.112	1e-05
2	1.096	1e-05
2	1.123	1e-05
2	1.083	1e-05
2	1.209	0.9575
2	1.127	0
2	1.092	1e-05
2	1.138	0
2	1.138	0
2	1.082	1e-05
2	1.12	1e-05
2	1.196	0
2	1.133	0.1269
2	1.076	1e-05
2	1.142	0
2	1.128	0.7202
2	1.184	0.2879
2	1.056	1e-05
2	1.178	0.2259
2	1.134	0
2	1.114	1e-05
2	1.168	0
2	1.145	0
2	1.083	1e-05
2	1.079	1e-05
2	1.094	1e-05
2	1.141	0
2	1.1	1e-05
2	1.079	1e-05
2	1.142	0
2	1.139	0
2	1.162	0.09978
2	1.193	0
2	1.204	0
2	1.129	0.3304
2	1.115	1e-05
2	1.165	0.3517
2	1.087	1e-05
2	1.108	1e-05
2	1.12	1e-05
2	1.131	0
2	1.088	1e-05
2	1.104	1e-05
2	1.205	0.1768
2	1.095	1e-05
2	1.089	1e-05
2	1.182	0
2	1.117	1e-05
2	1.057	1e-05
2	1.126	0
2	1.087	1e-05
2	1.167	0
2	1.164	0.1002
2	0.9882	1e-05
2	1.128	0
2	1.172	0
2	1.136	0.1905
2	1.058	1e-05
2	1.113	1e-05
2	1.133	0
2	1.104	1e-05
2	1.115	1e-05
2	1.056	1e-05
2	1.121	1e-05
2	1.131	0
2	1.149	0
2	1.204	0
2	1.09	1e-05
2	1.053	1e-05
2	1.069	1e-05
2	1.064	1e-05
2	1.126	0
2	1.138	0.3518
2	1.112	1e-05
2	1.112	1e-05
2	1.113	1e-05
2	1.077	1e-05
2	1.176	0.08134
2	1.102	1e-05
2	1.017	1e-05
2	1.163	0
2	1.126	0
2	1.162	0
2	1.086	1e-05
2	1.074	1e-05
2	1.129	0
2	1.084	1e-05
2	1.151	0
2	1.095	1e-05
2	1.137	0
2	1.002	1e-05
2	1.207	0.6206
2	1.095	1e-05
2	1.138	0
2	1.085	1e-05
2	1.106	1e-05
2	1.145	0
2	1.151	0
2	1.16	0
2	1.132	0
2	1.094	1e-05
2	1.09	1e-05
2	1.023	1e-05
2	1.12	1e-05
2	1.115	1e-05
2	1.117	1e-05
2	1.135	0
2	1.194	0.2589
2	1.077	1e-05
2	1.049	1e-05
2	1.1	1e-05
2	1.087	1e-05
2	1.095	1e-05
2	1.09	1e-05
2	1.092	1e-05
2	1.133	0
2	1.227	0.3198
2	1.063	1e-05
2	1.177	0.5162
2	1.156	0
2	1.128	0
2	1.148	0.1965
2	1.135	0
2	1.056	1e-05
2	1.141	0
2	1.129	0.06296
2	1.076	1e-05
2	1.089	1e-05
