1.65633	0.456334
0.597145	0
0.840825	5.88874e-281
1.04467	4.29916e-47
1.34277	0.14277
1.26164	0.0616448
0.967761	3.18782e-106
1.1256	1.34078e-13
1.76128	0.561278
0.897842	9.24451e-189
2.19328	0.993283
1.16923	1.74568e-05
1.14799	1.13973e-08
1.06406	1.25375e-36
1.17915	0.000190944
0.888611	4.79496e-202
0.987069	1.5745e-88
1.03058	9.40943e-56
0.877602	1.09842e-218
1.20435	0.00728421
0.711959	0
1.0211	4.24954e-62
1.85044	0.650438
0.863918	1.26995e-240
1.14805	1.167e-08
1.7481	0.548097
0.721383	0
1.63852	0.438518
0.941717	1.97217e-133
1.11007	4.81423e-18
1.04498	6.54458e-47
1.35385	0.153846
1.45414	0.254139
0.755336	0
1.55428	0.354282
1.16478	4.8714e-06
1.35692	0.156916
0.640739	0
1.12238	1.90073e-14
0.926087	1.01888e-151
1.62973	0.429734
0.955115	6.11715e-119
0.771131	0
1.31963	0.119633
1.54553	0.34553
1.24663	0.0466257
1.04118	3.72217e-49
1.18249	0.00037346
1.31831	0.118312
1.18988	0.00132165
0.686195	0
1.13296	8.64444e-12
0.799014	0
2.05261	0.852607
0.82933	1.1456e-302
0.850547	1.87036e-263
1.29428	0.0942803
0.961777	3.97818e-112
1.54907	0.349071
1.63434	0.434342
1.05955	6.41452e-39
0.576863	0
2.28552	1.08552
0.908562	4.48043e-174
1.08891	1.50769e-25
1.23045	0.030476
1.02449	8.86564e-60
1.04434	2.76772e-47
0.721599	0
1.00399	1.18816e-74
1.24951	0.0495133
1.00656	1.13188e-72
0.990782	2.33889e-85
0.807438	0
1.30584	0.105841
1.2747	0.0746961
0.376164	0
0.472325	0
0.759531	0
1.40659	0.206592
1.21922	0.0195069
0.556208	0
1.27161	0.0716095
0.993485	4.28897e-83
1.40411	0.204112
0.505156	0
0.725505	0
0.93156	3.83777e-145
1.46081	0.260813
1.24139	0.0413949
0.802066	0
0.791093	0
0.678067	0
0.883281	5.44171e-210
1.12792	5.22308e-13
1.82371	0.623709
1.11964	3.35422e-15
1.06231	1.65482e-37
0.879757	2.33172e-215
2.18294	0.982945
0.828421	1.96384e-304
0.706405	0
0.951886	2.46415e-122
1.86354	0.663542
1.25033	0.0503284
0.48707	0
1.80135	0.601351
1.25215	0.0521481
0.990536	1.45018e-85
1.35013	0.150131
1.19063	0.0014774
0.921744	4.51276e-157
0.869817	5.4283e-231
1.05374	5.41455e-42
1.07971	2.34979e-29
1.02036	1.30196e-62
0.914196	1.14436e-166
1.112	1.91843e-17
0.881601	1.53911e-212
0.759423	0
0.80371	0
0.620038	0
1.1204	5.45476e-15
0.967153	8.18172e-107
1.42537	0.225367
1.16703	9.4338e-06
1.53964	0.339645
1.34231	0.142312
1.39234	0.192335
1.26525	0.065248
0.916926	3.73415e-163
0.790461	0
1.09826	5.06411e-22
1.33952	0.139522
1.00286	1.53693e-75
1.47791	0.277913
1.28828	0.0882812
0.785658	0
0.772342	0
0.682156	0
0.990108	6.29092e-86
1.04588	2.17461e-46
1.41695	0.216954
0.595679	0
0.720602	0
1.30518	0.105183
1.34572	0.145718
1.0889	1.49156e-25
1.11326	4.64334e-17
0.873365	2.50834e-225
1.17604	9.63166e-05
1.53425	0.334246
2.077	0.876998
1.18146	0.00030594
1.66152	0.461525
0.797864	0
1.26601	0.0660099
0.712879	0
0.978552	4.39123e-96
1.02885	7.10458e-57
0.690984	0
1.8261	0.626096
0.885273	5.3512e-207
0.896304	6.22391e-191
2.2799	1.0799
0.784293	0
1.70428	0.504281
1.2072	0.00923366
0.912869	2.15259e-168
1.21034	0.0116498
0.919266	3.50879e-160
0.707215	0
0.983058	4.87908e-92
1.11109	1.0016e-17
0.849859	1.14568e-264
0.923729	1.3055e-154
1.80744	0.607444
0.874773	4.18224e-223
1.50016	0.300164
0.976531	6.20789e-98
1.18478	0.000570969
0.964042	7.21114e-110
1.12462	7.49337e-14
0.940489	8.1783e-135
1.00372	7.26975e-75
1.40224	0.202245
1.37008	0.170079
1.7157	0.515697
1.10703	5.10943e-19
1.022	1.78569e-61
0.953955	3.74713e-120
1.24493	0.0449347
0.966925	4.90533e-107
1.07077	2.18852e-33
0.860845	9.59632e-246
1.2864	0.086398
0.97472	1.30643e-99
0.657213	0
1.18683	0.000812521
1.12251	2.05544e-14
1.66583	0.465834
0.867243	3.68257e-235
1.04527	9.57798e-47
1.51645	0.316445
1.25683	0.0568321
0.874285	7.14121e-224
0.678752	0
0.706666	0
1.03494	5.65922e-53
1.02513	2.39143e-59
0.799866	0
1.5457	0.345703
1.21234	0.013299
0.971618	1.59195e-102
0.66691	0
0.441641	0
0.858837	3.92873e-249
1.3072	0.107199
0.985642	9.08559e-90
0.894739	3.68944e-193
2.57228	1.37228
1.19808	0.00388322
1.06621	1.42581e-35
3.25288	2.05288
1.21449	0.0151634
1.22586	0.0259291
0.832773	4.78197e-296
1.42306	0.223065
1.37278	0.172777
1.15969	9.56756e-07
1.91922	0.719219
1.1644	4.33346e-06
1.27313	0.0731294
0.825592	5.66841e-310
1.71449	0.514493
1.07415	7.95466e-32
1.27982	0.0798225
0.848961	2.94676e-266
1.57386	0.373858
0.880707	6.6547e-214
0.863093	5.45885e-242
0.494501	0
0.819935	2.92487e-321
0.757581	0
0.760245	0
1.06101	3.61569e-38
2.33013	1.13013
0.992697	9.47119e-84
0.774963	0
1.28703	0.0870288
1.37001	0.170012
1.72951	0.529514
1.42792	0.227919
1.39028	0.190282
1.27957	0.0795662
1.16708	9.58428e-06
0.994887	6.18508e-82
0.928455	7.53163e-149
1.67655	0.47655
1.34962	0.149624
0.621991	0
1.87551	0.675511
0.982454	1.42044e-92
1.00415	1.57822e-74
0.945422	2.56547e-129
1.23071	0.0307342
1.1786	0.000169887
2.16435	0.964353
1.54508	0.34508
1.18579	0.000681373
1.01822	4.10405e-64
0.839854	9.52409e-283
0.80403	0
1.32118	0.12118
0.935963	5.47851e-140
0.538667	0
1.47077	0.270769
0.54011	0
1.32539	0.125389
1.49034	0.290341
1.13445	1.90312e-11
0.473254	0
0.827181	7.485e-307
0.890233	1.14487e-199
0.98134	1.44117e-93
0.662445	0
1.68761	0.487606
1.02586	7.44301e-59
1.04236	1.88902e-48
1.06719	4.29179e-35
0.872379	6.83164e-227
1.51781	0.317812
1.22149	0.0216698
0.988281	1.74092e-87
1.94957	0.749565
0.642013	0
1.46287	0.262866
1.60364	0.403644
1.40313	0.203126
1.07047	1.57982e-33
0.582941	0
1.00247	7.68437e-76
1.04161	6.79672e-49
0.801916	0
0.758494	0
0.839516	2.25845e-283
1.41396	0.213962
1.03783	3.49789e-51
1.13732	8.29069e-11
0.981926	4.80921e-93
1.23755	0.0375517
0.636184	0
2.21775	1.01775
1.91815	0.718149
0.954443	1.21663e-119
0.545344	0
1.31169	0.111687
1.13751	9.12293e-11
1.35	0.15
1.10514	1.22117e-19
1.03589	2.20452e-52
0.979501	3.19131e-95
1.03929	2.7336e-50
1.54967	0.34967
1.21638	0.0168634
1.54978	0.349785
1.7617	0.561701
0.790864	0
0.750732	0
1.19594	0.00302187
0.87062	1.05939e-229
0.857446	1.69794e-251
0.787813	0
1.18171	0.000321297
0.603538	0
1.09314	6.54507e-24
0.917486	1.93462e-162
0.895686	8.24914e-192
1.41076	0.210763
1.44698	0.246978
1.01066	1.36897e-69
0.881713	2.28214e-212
0.92442	9.28647e-154
1.16995	2.1253e-05
1.07175	6.27611e-33
0.562206	0
1.47299	0.272987
0.812438	0
0.696368	0
1.20272	0.00627422
1.14353	1.6195e-09
1.28118	0.0811839
0.785371	0
1.67974	0.479744
1.48819	0.288192
0.987387	2.95943e-88
1.58952	0.389521
1.28366	0.0836621
0.940381	6.18382e-135
1.70848	0.508481
1.31495	0.114955
0.789581	0
0.895571	5.6524e-192
0.921958	8.34127e-157
0.931575	4.00631e-145
0.795023	0
0.462647	0
0.848731	1.15356e-266
1.56724	0.367241
1.02197	1.69263e-61
1.31728	0.11728
0.753722	0
0.763048	0
1.24577	0.0457692
1.17021	2.2743e-05
0.744462	0
1.46896	0.268961
1.00718	3.31003e-72
0.758356	0
0.906651	1.23153e-176
0.937224	1.55892e-138
1.38295	0.182955
1.0331	3.91701e-54
0.755324	0
1.353	0.153001
1.68666	0.486657
1.2731	0.0731041
1.3707	0.170703
1.8626	0.662595
1.44258	0.242583
1.00524	1.09282e-73
0.579482	0
0.929814	3.21476e-147
1.35322	0.15322
0.910308	9.32119e-172
1.02547	4.0553e-59
1.09949	1.39388e-21
1.45475	0.25475
0.942771	2.97911e-132
1.21848	0.0188119
0.731838	0
0.840632	2.60308e-281
0.948073	2.009e-126
2.11092	0.91092
2.30125	1.10125
1.25892	0.0589248
0.765355	0
1.45758	0.257584
0.782202	0
1.21735	0.0177585
1.64381	0.443813
1.34291	0.142914
1.22724	0.0272888
0.777223	0
1.23468	0.0346882
1.55282	0.352819
1.77035	0.570352
0.581738	0
0.810082	0
0.862391	3.69438e-243
0.95222	5.56936e-122
0.585149	0
1.21484	0.0154743
1.19995	0.00476313
2.00522	0.805215
1.19144	0.001662
1.35562	0.155624
1.61856	0.41856
0.419552	0
1.20578	0.00823228
0.873215	1.45362e-225
1.00374	7.51826e-75
0.982779	2.75984e-92
1.58055	0.380548
1.46577	0.265768
0.878331	1.48068e-217
1.20407	0.00710496
1.92748	0.727475
1.0138	2.79145e-67
1.11442	1.03936e-16
1.11257	2.87559e-17
1.1631	2.90478e-06
1.13172	4.41649e-12
1.11513	1.6886e-16
1.03822	6.08022e-51
1.18918	0.001187
0.988121	1.26688e-87
1.307	0.107001
1.24078	0.0407853
1.07236	1.20489e-32
0.829493	2.36299e-302
0.652465	0
0.897637	4.7541e-189
0.801716	0
1.23894	0.0389398
0.986809	9.3681e-89
1.16539	5.8461e-06
1.21109	0.0122593
1.12066	6.43661e-15
1.21009	0.0114493
1.43669	0.236687
1.49971	0.299714
1.16591	6.80896e-06
1.02707	4.76181e-58
1.0481	4.00344e-45
1.13788	1.09644e-10
1.39254	0.192545
1.19202	0.00180456
1.38557	0.185566
0.779237	0
1.61312	0.41312
1.05606	9.56314e-41
1.29705	0.0970469
1.07338	3.546e-32
0.871367	1.66438e-228
1.14134	5.87159e-10
1.49025	0.290254
1.48418	0.284177
1.22374	0.0238528
1.13211	5.46749e-12
1.8323	0.632302
0.981861	4.21248e-93
0.914777	6.45372e-166
1.72223	0.522229
0.775362	0
0.98058	3.00016e-94
1.60227	0.402266
1.20898	0.0105694
0.787961	0
0.560241	0
0.950486	7.95451e-124
0.582358	0
1.43948	0.239484
0.931766	6.73241e-145
1.05742	4.99906e-40
0.749107	0
1.63685	0.436854
1.17579	9.09427e-05
1.35944	0.159443
0.877697	1.5462e-218
1.80721	0.607211
1.10538	1.4681e-19
1.28749	0.087493
0.947634	6.70785e-127
1.27043	0.0704291
1.3696	0.169599
0.943786	4.0066e-131
1.93968	0.739684
1.24313	0.0431348
0.759625	0
1.5865	0.386501
1.36129	0.161288
0.703712	0
1.03266	2.05202e-54
1.25548	0.0554793
0.67219	0
1.07842	6.44785e-30
0.834358	4.94002e-293
1.00201	3.35449e-76
0.967736	3.01537e-106
0.876643	3.5476e-220
2.8264	1.6264
1.77395	0.573951
1.31307	0.113072
1.54004	0.340035
1.60318	0.403175
1.15782	5.04362e-07
1.13234	6.16899e-12
0.608889	0
1.65725	0.45725
1.69996	0.499957
0.829671	5.22124e-302
0.727054	0
0.966301	1.20668e-107
1.51592	0.315925
1.36899	0.168994
1.04292	4.04141e-48
0.728747	0
0.597441	0
1.4219	0.221896
0.946727	6.90467e-128
1.48751	0.287507
0.793795	0
1.3938	0.193802
1.30343	0.103432
0.958821	4.06201e-115
1.18839	0.00104889
0.728321	0
1.0346	3.47139e-53
0.881489	1.04023e-212
1.42077	0.220769
0.686057	0
1.80064	0.600641
1.24092	0.0409166
1.21865	0.0189739
1.15286	8.13041e-08
1.22214	0.0223044
1.20449	0.00737048
1.30099	0.10099
1.25356	0.0535559
0.854984	1.01528e-255
0.791558	0
1.36006	0.160058
1.61714	0.417136
1.06515	4.30957e-36
1.19271	0.00198697
1.26953	0.069529
0.791315	0
1.17135	3.07137e-05
1.5584	0.358399
0.766606	0
1.48056	0.280556
0.789469	0
2.07239	0.872389
1.38099	0.180991
0.751779	0
0.961269	1.22831e-112
1.598	0.398004
1.13086	2.74723e-12
0.941434	9.4988e-134
1.21077	0.0119971
0.903736	1.36985e-180
0.988844	5.28249e-87
0.932785	1.07257e-143
1.71823	0.518227
0.671003	0
0.872924	5.02142e-226
0.997098	3.97411e-80
0.807326	0
0.78553	0
0.701365	0
0.679083	0
1.38699	0.186987
0.886592	4.96737e-205
1.07211	9.19223e-33
0.635307	0
1.6766	0.476597
1.32474	0.124739
0.859022	8.09178e-249
1.35598	0.15598
1.0343	2.2377e-53
0.745109	0
0.475751	0
1.24338	0.0433782
1.17183	3.47629e-05
1.54677	0.346765
0.949836	1.60158e-124
0.901623	1.72004e-183
0.975057	2.68481e-99
1.60637	0.406367
1.04905	1.37841e-44
1.45768	0.257684
1.89355	0.693551
1.07027	1.2697e-33
0.663046	0
0.768803	0
1.28372	0.0837156
1.13767	9.88115e-11
1.46896	0.268957
0.843569	6.15747e-276
1.73706	0.537055
1.23689	0.0368926
0.798529	0
1.76904	0.56904
0.661498	0
1.50615	0.306153
0.788846	0
1.24616	0.046163
1.31885	0.11885
0.96408	7.86395e-110
0.965144	8.85072e-109
1.03723	1.49149e-51
1.18791	0.000971184
0.844647	5.54601e-274
1.33538	0.13538
0.947379	3.54851e-127
1.07902	1.178e-29
0.749868	0
1.02445	8.26549e-60
0.992692	9.37757e-84
1.95471	0.754708
1.13792	1.12043e-10
0.703521	0
1.24924	0.0492368
0.687078	0
1.38647	0.186474
1.21344	0.0142455
1.24068	0.0406799
0.609944	0
1.48046	0.280456
0.964643	2.83376e-109
1.83779	0.637786
1.07069	2.0047e-33
1.01377	2.68429e-67
1.02488	1.63086e-59
0.86834	2.22705e-233
1.29836	0.0983632
1.07906	1.21954e-29
0.735106	0
1.451	0.250997
0.846449	9.75207e-271
1.08283	5.022e-28
0.869293	7.77105e-232
1.68986	0.48986
0.982476	1.48438e-92
1.30455	0.104548
0.843935	2.83706e-275
1.13941	2.32559e-10
2.04913	0.849135
1.06043	1.82003e-38
1.31937	0.11937
0.974663	1.15667e-99
0.658187	0
0.952242	5.86982e-122
1.24525	0.0452551
1.30848	0.108479
0.854638	2.56559e-256
1.91276	0.712764
0.876501	2.12857e-220
0.682211	0
0.799516	0
0.507629	0
0.856413	2.91002e-253
1.21255	0.0134807
1.22846	0.0285037
1.1213	9.64417e-15
0.450881	0
2.31005	1.11005
1.30694	0.106943
0.819899	2.47033e-321
1.19094	0.00154587
1.1813	0.000296503
0.844005	3.80606e-275
0.869441	1.34459e-231
0.729807	0
0.809703	0
1.43861	0.23861
0.812994	0
1.02884	6.99974e-57
1.05571	6.22235e-41
1.05907	3.65207e-39
1.08399	1.52249e-27
1.0571	3.3783e-40
0.901582	1.50547e-183
1.80136	0.601364
1.63235	0.432346
1.05448	1.34938e-41
0.794897	0
0.858871	4.48534e-249
0.983429	1.03827e-91
0.786868	0
0.883216	4.32872e-210
1.43161	0.231606
1.60203	0.402026
2.09792	0.897925
2.04207	0.842073
1.10686	4.50019e-19
0.396516	0
0.73913	0
0.985092	3.00939e-90
0.767727	0
0.604424	0
0.877748	1.85275e-218
1.11075	7.86455e-18
1.70502	0.505015
0.757733	0
1.17522	7.96166e-05
0.573236	0
0.996823	2.37307e-80
0.894678	3.01783e-193
1.21427	0.0149712
1.91688	0.716879
0.758845	0
0.933082	2.39709e-143
1.63528	0.435278
0.6206	0
1.58802	0.388016
0.899038	4.39791e-187
0.81891	2.47033e-323
1.33642	0.136419
1.13484	2.33184e-11
0.941496	1.11332e-133
1.00562	2.13665e-73
1.0273	6.75286e-58
1.00035	1.63062e-77
1.16727	1.01048e-05
0.61461	0
1.81635	0.616346
1.28258	0.0825786
1.44885	0.24885
0.996896	2.72244e-80
0.890727	6.01107e-199
1.2293	0.0293323
1.28343	0.0834254
1.59601	0.396011
0.915797	1.3339e-164
1.28635	0.0863541
1.13353	1.17201e-11
0.529307	0
0.708123	0
1.34414	0.144144
0.981094	8.67966e-94
0.784206	0
1.22224	0.0223995
0.783505	0
1.39138	0.191375
1.21478	0.0154213
1.35732	0.157324
1.86618	0.666185
1.51083	0.31083
1.18231	0.000361196
1.30717	0.107172
0.750264	0
2.28749	1.08749
1.25702	0.0570194
1.06078	2.77546e-38
1.34408	0.144079
0.99912	1.69636e-78
0.743967	0
1.26133	0.0613319
1.11965	3.37316e-15
1.37737	0.177373
0.441952	0
0.857421	1.53845e-251
1.00602	4.31626e-73
1.0068	1.71303e-72
1.97232	0.772319
0.980959	6.56234e-94
0.773969	0
1.14641	5.79825e-09
1.12593	1.63057e-13
1.5626	0.362601
1.42223	0.222229
0.67352	0
1.51021	0.31021
1.55051	0.35051
1.1238	4.55663e-14
0.931695	5.55602e-145
1.56108	0.361079
0.966776	3.51507e-107
0.59247	0
0.808904	0
0.77437	0
1.09363	1.00792e-23
1.59671	0.396712
1.02716	5.44479e-58
0.931134	1.20116e-145
1.02116	4.6893e-62
1.89033	0.690332
0.679495	0
1.03197	7.38824e-55
1.36177	0.161771
1.2231	0.0232312
0.830063	2.991e-301
1.32594	0.125945
1.70593	0.505932
1.07083	2.33654e-33
1.38846	0.188458
1.77174	0.571744
1.64544	0.44544
1.26436	0.0643624
0.810059	0
1.58039	0.38039
0.728336	0
1.33936	0.139359
1.62098	0.420983
1.06822	1.35091e-34
1.19202	0.00180514
1.0844	2.26725e-27
0.996772	2.15778e-80
0.743164	0
0.72201	0
0.92769	8.9836e-150
1.95832	0.758317
1.11874	1.86757e-15
0.683666	0
1.10539	1.48131e-19
0.614581	0
0.85673	1.01533e-252
0.542433	0
1.226	0.0260675
1.15966	9.47096e-07
1.97474	0.774742
1.09444	2.02776e-23
1.61613	0.416133
0.885983	6.14487e-206
0.693265	0
1.01973	4.77355e-63
0.853448	2.22523e-258
1.57377	0.373772
1.7299	0.529904
1.03354	7.45741e-54
0.968767	2.99337e-105
1.01242	2.72671e-68
0.90142	9.00616e-184
1.00893	6.94988e-71
1.60719	0.407189
1.14542	3.76638e-09
1.04581	1.97811e-46
0.793451	0
0.474856	0
1.13114	3.20318e-12
1.26135	0.0613509
0.96186	4.82432e-112
1.35254	0.15254
1.47637	0.276369
0.754149	0
0.948002	1.68431e-126
0.83724	1.312e-287
1.27648	0.0764829
0.786593	0
1.37302	0.173019
1.1137	6.31805e-17
1.41944	0.219445
0.984177	4.74166e-91
0.795925	0
1.13806	1.19864e-10
1.30282	0.102822
1.4399	0.239902
0.766725	0
1.30295	0.102955
1.47013	0.270127
1.15222	6.33819e-08
1.52729	0.32729
1.37964	0.179638
1.21325	0.014082
1.00964	2.40808e-70
1.24295	0.042948
1.46384	0.263841
0.836635	9.67548e-289
0.83057	2.84602e-300
1.03513	7.40984e-53
1.01246	2.92345e-68
1.59085	0.390852
1.56068	0.360679
0.889715	2.00717e-200
1.17981	0.000219299
1.12828	6.43915e-13
1.06939	4.8927e-34
0.998156	2.84884e-79
1.44494	0.244936
1.11208	2.03206e-17
0.974255	4.81274e-100
1.08369	1.14149e-27
1.24958	0.049582
0.747963	0
1.1442	2.18577e-09
0.879086	2.16967e-216
1.28091	0.0809126
2.71563	1.51563
0.691662	0
0.82584	1.74417e-309
1.12211	1.60753e-14
0.821715	1.12172e-317
1.2904	0.0904035
1.82405	0.624048
1.70584	0.50584
1.4788	0.2788
1.22227	0.0224223
0.998525	5.64635e-79
1.20561	0.00811741
0.820714	1.09105e-319
0.456513	0
1.10525	1.32481e-19
2.79647	1.59647
0.720953	0
0.285735	0
0.684181	0
1.57409	0.374094
0.932577	6.1107e-144
1.30191	0.101914
1.07071	2.05759e-33
0.908097	1.07312e-174
0.771221	0
1.3186	0.118605
1.59635	0.396355
1.08696	2.51277e-26
0.910589	2.19269e-171
1.0229	7.32085e-61
0.988935	6.31383e-87
0.825821	1.60432e-309
0.854688	3.12875e-256
0.949245	3.70798e-125
0.701959	0
0.890402	2.02224e-199
1.00858	3.79216e-71
0.963324	1.39712e-110
0.822561	5.50758e-316
1.11289	3.58891e-17
1.17186	3.5032e-05
0.958551	2.14894e-115
0.837065	6.19365e-288
0.707915	0
1.33989	0.139888
1.15512	1.90444e-07
1.3693	0.169297
1.46743	0.267429
0.974553	9.12991e-100
1.0708	2.26733e-33
0.672578	0
1.2397	0.0397062
1.42357	0.223575
0.755209	0
0.839967	1.53995e-282
1.10872	1.79277e-18
1.13651	5.50892e-11
0.669355	0
1.04203	1.20636e-48
0.862837	2.04348e-242
0.70467	0
1.12731	3.67529e-13
1.45433	0.254327
0.996098	6.08827e-81
1.15732	4.21919e-07
1.59655	0.396546
1.10503	1.12077e-19
0.928322	5.20677e-149
0.720116	0
1.76637	0.566373
0.602693	0
2.15203	0.952027
1.1339	1.42423e-11
0.794986	0
1.97086	0.770856
1.63927	0.439266
1.0716	5.3377e-33
0.802288	0
1.06036	1.69187e-38
1.42666	0.226659
1.76286	0.56286
1.01362	2.07821e-67
1.05649	1.61435e-40
0.797693	0
1.00302	2.05504e-75
1.1856	0.000659601
1.01114	3.11307e-69
1.42457	0.224573
0.974096	3.41728e-100
0.829022	2.88618e-303
1.27676	0.0767618
1.62691	0.426909
2.05085	0.850854
1.1391	2.00288e-10
1.26046	0.0604603
1.31044	0.110436
0.750094	0
0.981047	7.88162e-94
1.30942	0.109424
1.04316	5.64043e-48
1.63752	0.437517
0.914506	2.88457e-166
0.909739	1.64649e-172
1.09544	4.78128e-23
1.12705	3.16485e-13
0.73894	0
1.06504	3.81489e-36
1.58094	0.380944
2.27568	1.07568
0.907687	3.02755e-175
1.63764	0.437636
1.83603	0.636027
1.06811	1.19887e-34
2.1428	0.942799
0.581735	0
1.02517	2.53473e-59
0.716497	0
0.45801	0
1.60655	0.406548
1.20764	0.00956114
0.936176	9.66273e-140
1.59906	0.399056
0.701158	0
1.95524	0.755245
0.99887	1.07008e-78
1.43104	0.231041
1.34068	0.140682
0.452926	0
1.19569	0.0029312
1.19786	0.00378774
1.40385	0.203847
0.798388	0
1.19236	0.00189427
0.703322	0
1.09514	3.6865e-23
1.67917	0.479172
0.886579	4.74796e-205
0.787473	0
1.54592	0.345924
1.02815	2.4355e-57
1.35233	0.152332
0.903004	1.36604e-181
1.15122	4.28209e-08
1.41942	0.21942
0.855284	3.33692e-255
1.36858	0.168577
1.09434	1.85524e-23
0.697465	0
0.79249	0
0.97267	1.56947e-101
0.824019	4.4011e-313
1.3298	0.129797
0.529671	0
0.809583	0
0.62411	0
1.12971	1.44881e-12
0.71822	0
0.803232	0
0.869142	4.42896e-232
1.29806	0.098062
1.71249	0.512486
0.975922	1.69978e-98
1.16188	1.96856e-06
1.03681	8.21796e-52
1.07884	9.80391e-30
1.17811	0.000152962
0.80895	0
1.1456	4.07813e-09
1.07248	1.37375e-32
1.04316	5.63962e-48
0.698758	0
1.7013	0.501296
0.677814	0
0.897116	8.7697e-190
1.93767	0.737673
1.02991	3.46297e-56
2.08471	0.884713
1.07579	4.39615e-31
0.918082	1.11049e-161
0.927168	2.09889e-150
2.0635	0.863499
0.964325	1.37421e-109
0.975126	3.11486e-99
1.08634	1.40269e-26
0.815124	0
0.715555	0
0.988443	2.397e-87
2.25517	1.05517
1.33588	0.135877
1.54586	0.345863
0.929344	8.79094e-148
0.944819	5.56621e-130
1.0423	1.74336e-48
0.595605	0
0.905651	5.49832e-178
1.53861	0.338608
1.06343	6.03441e-37
0.71089	0
0.623065	0
1.10091	4.40995e-21
1.23022	0.0302421
0.987801	6.72899e-88
0.961448	1.85953e-112
0.792178	0
0.766623	0
0.506241	0
0.891982	4.00529e-197
1.59006	0.390063
0.855335	4.08936e-255
1.0661	1.25941e-35
1.17947	0.000204373
1.01504	2.22974e-66
1.22618	0.0262492
1.22224	0.0223929
1.40353	0.203533
0.803422	0
0.696385	0
1.32893	0.128935
1.10554	1.65692e-19
0.742018	0
0.605213	0
0.957788	3.55747e-116
1.19028	0.00140393
1.1153	1.89521e-16
1.14385	1.86784e-09
0.937317	1.99305e-138
1.45193	0.251925
1.33371	0.133706
1.21492	0.015553
1.21477	0.0154159
1.30271	0.102714
0.754399	0
0.789157	0
1.11973	3.54263e-15
0.834034	1.19971e-293
1.32612	0.126125
0.844477	2.72871e-274
1.36822	0.168216
0.678458	0
0.64612	0
0.953178	5.71632e-121
0.745381	0
1.07026	1.26326e-33
2.05094	0.85094
1.20367	0.00684987
0.844778	9.54924e-274
0.765241	0
0.963263	1.21674e-110
0.975666	9.86875e-99
0.662818	0
1.06887	2.75052e-34
0.783585	0
1.44582	0.245823
1.03311	3.93311e-54
0.781521	0
0.943912	5.5339e-131
0.978667	5.58646e-96
0.938829	1.07043e-136
1.18875	0.00110927
2.14291	0.942914
1.56264	0.362636
0.856479	3.77374e-253
0.722618	0
1.92663	0.726627
1.32457	0.124568
1.04398	1.69669e-47
0.805477	0
1.08688	2.32806e-26
1.51089	0.310887
1.69863	0.498627
1.3639	0.163904
1.18422	0.00051598
1.22754	0.0275883
1.60674	0.406737
1.39498	0.19498
1.26921	0.0692072
1.577	0.377002
0.892043	4.89982e-197
0.90883	1.02031e-173
0.897701	5.85297e-189
1.41469	0.214692
1.46304	0.263035
1.17318	4.8817e-05
1.44689	0.246885
0.682542	0
1.61298	0.412981
1.06847	1.76864e-34
1.31298	0.112982
1.14369	1.74343e-09
2.12282	0.922816
2.30813	1.10813
1.25484	0.0548404
1.68267	0.482669
1.23178	0.0318015
1.21661	0.0170775
0.791305	0
1.07829	5.65632e-30
1.36779	0.167795
2.21271	1.01271
1.21859	0.0189199
1.19528	0.00278455
0.76417	0
0.935853	4.08927e-140
1.37144	0.171441
0.761433	0
1.33399	0.133991
1.4148	0.214802
1.01777	1.99023e-64
0.663594	0
0.954405	1.10906e-119
0.981142	9.58552e-94
1.45323	0.253235
1.1848	0.000572153
0.788148	0
1.54476	0.344757
1.4578	0.257799
1.41417	0.214173
1.27962	0.0796154
0.673087	0
1.2043	0.00724923
0.72426	0
1.208	0.00982412
0.925352	1.28999e-152
0.855283	3.31969e-255
0.798549	0
1.14713	7.92933e-09
0.662613	0
1.78151	0.581505
0.885791	3.17767e-206
1.26796	0.0679555
0.383594	0
0.853933	1.54448e-257
1.12053	5.92873e-15
0.60683	0
0.883861	4.07265e-209
1.82171	0.621708
0.865255	2.04614e-238
0.96916	7.1451e-105
1.05827	1.39282e-39
0.888268	1.50002e-202
1.07556	3.46704e-31
0.746705	0
0.930868	5.79474e-146
0.914403	2.11795e-166
0.969815	3.04532e-104
1.32415	0.124152
0.954361	9.97095e-120
0.85261	7.71731e-260
1.12486	8.62766e-14
1.7587	0.558702
0.992407	5.42089e-84
1.28259	0.0825917
1.09113	1.11146e-24
0.974326	5.60986e-100
0.771227	0
0.862579	7.6068e-243
0.718975	0
1.45336	0.253357
0.691469	0
1.1581	5.55956e-07
1.18089	0.000273233
0.893108	1.69273e-195
0.96323	1.12781e-110
1.73294	0.532936
1.00739	4.777e-72
1.75635	0.556347
1.07049	1.61648e-33
0.590561	0
0.885436	9.37193e-207
1.08839	9.40369e-26
1.23612	0.0361282
1.03392	1.28247e-53
0.612096	0
1.90495	0.704955
0.826659	7.09026e-308
0.708934	0
1.14468	2.72083e-09
1.271	0.0710029
1.05218	7.6445e-43
1.33397	0.133967
1.39784	0.197842
1.06328	5.09025e-37
1.28637	0.0863737
0.688702	0
1.51784	0.317838
0.553613	0
1.20044	0.00501244
0.982146	7.54507e-93
1.01172	8.4481e-69
1.73266	0.532662
0.773952	0
1.5199	0.319899
0.846926	6.97144e-270
0.797273	0
0.641888	0
1.08089	7.53544e-29
1.08947	2.50181e-25
0.925822	4.8438e-152
1.37372	0.173722
0.763989	0
1.01286	5.76303e-68
0.823443	3.16361e-314
1.38949	0.189485
0.820974	3.64171e-319
1.02863	5.03749e-57
0.92619	1.36033e-151
1.66387	0.463867
1.24796	0.0479577
1.27857	0.0785707
1.67216	0.47216
1.12045	5.61964e-15
0.997318	5.98929e-80
1.01867	8.56057e-64
0.852166	1.29386e-260
0.989929	4.43202e-86
1.38736	0.187358
0.926479	3.06142e-151
1.12005	4.35486e-15
0.743271	0
0.965879	4.65867e-108
0.962361	1.53235e-111
1.29034	0.0903356
2.18639	0.986386
1.04587	2.14662e-46
1.80538	0.605379
1.26978	0.0697786
0.638634	0
0.751632	0
1.15301	8.59608e-08
1.06482	2.98243e-36
1.19657	0.00325918
0.945745	5.81627e-129
1.1108	8.17323e-18
1.17277	4.39957e-05
0.50339	0
1.02147	7.67294e-62
0.802651	0
1.04479	5.07828e-47
0.87708	1.70018e-219
1.05896	3.17569e-39
1.2959	0.0959031
0.886699	7.15747e-205
2.39244	1.19244
1.36575	0.165754
1.31992	0.119923
1.70735	0.507346
1.99442	0.794421
1.05008	5.20642e-44
1.60714	0.407137
0.687506	0
0.712451	0
1.73879	0.538792
1.10033	2.75733e-21
0.68152	0
1.01463	1.12846e-66
1.4522	0.252196
1.51839	0.31839
0.887774	2.80278e-203
0.484607	0
1.14407	2.06233e-09
1.03903	1.88862e-50
1.16316	2.96064e-06
0.790504	0
0.759943	0
1.07483	1.62992e-31
1.50774	0.307735
0.885702	2.34203e-206
1.51751	0.317514
0.686303	0
1.19312	0.00210062
0.809265	0
1.24658	0.0465773
0.611989	0
1.56294	0.362939
0.878628	4.25747e-217
0.946262	2.14299e-128
0.860473	2.27397e-246
1.23244	0.0324573
1.64106	0.441056
1.46148	0.261481
1.16936	1.80939e-05
0.823251	1.30858e-314
1.22264	0.0227887
1.42992	0.229925
1.29133	0.0913281
0.739885	0
0.864917	5.68456e-239
1.23538	0.035385
0.956577	2.01498e-117
0.908742	7.78222e-174
1.18698	0.000833317
1.92407	0.724068
1.36235	0.162353
0.736524	0
1.44593	0.24593
1.52885	0.328847
0.888336	1.8924e-202
0.761459	0
1.0654	5.75586e-36
1.38969	0.189691
1.20192	0.0058112
1.24935	0.0493541
0.893105	1.6753e-195
1.44823	0.248232
0.651601	0
1.53521	0.335211
1.35913	0.159125
0.933316	4.51556e-143
1.37345	0.173454
0.725568	0
0.872328	5.67993e-227
1.45034	0.250342
0.76627	0
1.09665	1.3328e-22
1.05027	6.71987e-44
0.944541	2.74782e-130
0.600904	0
1.13877	1.70907e-10
0.872689	2.12781e-226
1.56133	0.361332
0.579729	0
1.22343	0.0235558
0.618091	0
1.7295	0.529498
1.10571	1.88764e-19
1.38403	0.184026
1.13331	1.04099e-11
0.808327	0
1.63076	0.430761
1.86438	0.664379
0.546523	0
1.85071	0.650712
0.397893	0
0.795336	0
1.50963	0.309628
0.817701	-9.88131e-324
1.11992	4.00977e-15
1.45299	0.252985
0.481746	0
1.07419	8.35784e-32
1.15831	5.96396e-07
0.558284	0
1.56867	0.368666
1.04573	1.76254e-46
1.40982	0.20982
1.23755	0.037551
1.31818	0.118177
1.35249	0.152493
0.734036	0
0.859374	3.18289e-248
0.991434	8.29152e-85
1.14285	1.18305e-09
1.22978	0.0298044
1.01704	5.99869e-65
1.63323	0.433225
0.740714	0
1.30468	0.104682
0.646426	0
1.56904	0.369039
1.33298	0.132975
0.883305	5.89966e-210
1.19657	0.00325977
1.50479	0.304793
1.17714	0.000123534
0.714436	0
0.911268	1.71631e-170
1.22595	0.0260188
0.845981	1.40734e-271
0.995788	3.3999e-81
1.9469	0.746904
1.38015	0.180145
1.26139	0.0613921
0.81574	0
0.995	7.66343e-82
0.965238	1.09335e-108
1.83726	0.637258
1.14037	3.70716e-10
0.598902	0
0.787352	0
1.34113	0.14113
0.796495	0
1.13439	1.8394e-11
1.48495	0.284947
0.824443	3.05484e-312
1.72528	0.525283
1.70622	0.50622
1.23949	0.0394887
0.912376	4.88027e-169
1.26834	0.0683386
1.18057	0.000256204
1.60933	0.409328
1.12248	2.01902e-14
0.847146	1.72704e-269
1.56369	0.363692
0.964391	1.59723e-109
0.898165	2.62433e-188
1.18062	0.000258636
1.65456	0.454559
1.01237	2.51532e-68
0.883972	5.97209e-209
0.866629	3.66374e-236
1.0567	2.08314e-40
1.29364	0.0936393
1.3015	0.1015
0.866358	1.31667e-236
1.22775	0.0277971
0.785636	0
0.886662	6.29367e-205
0.971008	4.18699e-103
1.45665	0.256653
0.677665	0
1.17638	0.000104231
0.402764	0
2.105	0.905004
1.06989	8.40991e-34
0.975993	1.97962e-98
0.947473	4.47991e-127
0.919955	2.59241e-159
1.10373	4.09502e-20
1.41405	0.214053
0.961599	2.64051e-112
0.555013	0
1.43161	0.231609
0.717498	0
0.925854	5.2948e-152
1.42044	0.220439
0.905278	1.71916e-178
0.828407	1.8486e-304
1.06084	2.97038e-38
1.63192	0.431921
1.00962	2.30994e-70
0.873892	1.71056e-224
0.584535	0
0.872055	2.08885e-227
1.05213	7.15742e-43
1.40878	0.20878
0.817927	4.94066e-324
0.853089	5.27348e-259
0.72387	0
0.849897	1.34026e-264
1.39849	0.198494
0.905037	8.09594e-179
1.27248	0.0724779
1.02725	6.18471e-58
0.671602	0
0.791188	0
1.74049	0.540487
0.629172	0
1.1401	3.25735e-10
0.958193	9.25867e-116
1.54905	0.349049
1.00085	4.05963e-77
1.74086	0.540856
1.31269	0.11269
1.17831	0.000159585
0.701612	0
2.14866	0.948661
2.11151	0.911508
0.627775	0
1.37493	0.174926
1.04019	9.56116e-50
0.921715	4.15316e-157
1.458	0.257997
1.32761	0.127614
0.72298	0
1.02075	2.44397e-62
0.80281	0
1.43702	0.237019
1.21425	0.0149583
0.910502	1.68119e-171
0.893538	7.02833e-195
0.721761	0
0.429507	0
1.03251	1.63374e-54
1.16829	1.34701e-05
1.03593	2.34141e-52
0.987098	1.66808e-88
0.855837	2.98413e-254
0.71334	0
1.74089	0.540886
0.911216	1.46671e-170
1.24962	0.0496163
1.34586	0.145861
1.32504	0.125042
0.933345	4.88717e-143
0.79755	0
1.1841	0.000504448
0.846671	2.44394e-270
1.35904	0.159044
1.15717	4.00965e-07
1.04976	3.46424e-44
1.22856	0.0285936
0.843686	1.00353e-275
0.655805	0
1.20335	0.006655
0.764715	0
0.852494	4.83985e-260
1.04673	6.61929e-46
0.978894	8.98189e-96
1.36008	0.160083
1.56023	0.360235
1.1437	1.74488e-09
1.21742	0.0178199
1.26002	0.0600185
1.4847	0.2847
0.727346	0
1.19275	0.00199813
0.835996	6.1076e-290
2.35341	1.15341
0.784136	0
1.82785	0.627851
1.09774	3.31034e-22
0.905192	1.31384e-178
0.868472	3.65171e-233
1.17458	6.85245e-05
1.33283	0.132834
1.09343	8.45564e-24
1.53016	0.330158
1.56	0.360003
0.934256	5.68914e-142
0.912159	2.5368e-169
1.85068	0.650684
1.14413	2.12593e-09
0.796644	0
1.35923	0.159233
1.52195	0.321952
0.999623	4.28891e-78
0.648062	0
0.627219	0
2.48909	1.28909
1.07144	4.51397e-33
0.832493	1.39813e-296
0.58285	0
1.11416	8.67723e-17
0.712301	0
1.20716	0.00920747
0.784907	0
0.552799	0
0.927044	1.48697e-150
1.67277	0.472771
1.76151	0.561507
1.08082	7.02032e-29
1.44103	0.241035
1.51689	0.31689
1.22713	0.0271804
1.23702	0.0370269
0.525806	0
1.45736	0.257357
0.937253	1.68645e-138
0.927389	3.89307e-150
1.24754	0.0475365
1.32169	0.121685
1.20785	0.00971765
1.21122	0.0123638
1.51959	0.319593
1.33457	0.134573
1.30784	0.107842
1.09356	9.46671e-24
0.928901	2.58686e-148
1.40425	0.204249
1.65676	0.456757
0.764666	0
1.03308	3.79141e-54
1.44567	0.24567
0.696936	0
1.08283	5.00736e-28
1.32005	0.120054
0.964361	1.49359e-109
1.25873	0.0587342
1.41878	0.218778
2.13827	0.938267
0.935822	3.77011e-140
1.68125	0.481253
1.03373	9.772e-54
1.03946	3.44023e-50
1.12363	4.08508e-14
0.81177	0
0.643885	0
0.712333	0
1.14334	1.48298e-09
1.10431	6.42557e-20
1.36031	0.160315
1.54749	0.347495
0.791396	0
0.989352	1.43259e-86
1.34742	0.147421
0.926645	4.86692e-151
0.844759	8.81946e-274
1.93056	0.730561
0.859094	1.0712e-248
0.519798	0
2.01313	0.813131
0.817221	0
0.887131	3.13368e-204
1.62764	0.427642
0.820434	2.98218e-320
1.16363	3.42387e-06
1.22696	0.0270121
1.14951	2.14354e-08
1.04619	3.24769e-46
1.12766	4.49693e-13
1.0654	5.74564e-36
0.837389	2.4966e-287
1.60466	0.404661
1.68604	0.486037
1.16612	7.24421e-06
0.951576	1.15323e-122
1.39864	0.198643
0.91407	7.85211e-167
1.3022	0.102195
0.54766	0
2.51997	1.31997
1.2256	0.0256759
1.01007	5.02582e-70
1.51842	0.318424
1.89531	0.695305
1.03286	2.72271e-54
0.81114	0
0.570589	0
0.721388	0
1.10786	9.53801e-19
1.03894	1.67239e-50
0.951344	6.54071e-123
0.926466	2.95261e-151
0.943318	1.20994e-131
0.987648	4.96779e-88
0.863785	7.67012e-241
1.36231	0.162308
1.06865	2.16802e-34
1.62849	0.428486
1.05872	2.38335e-39
1.53973	0.339733
1.39884	0.198843
1.45508	0.25508
0.959887	4.93741e-114
0.78468	0
1.79542	0.59542
1.45432	0.254317
1.67851	0.478514
0.958558	2.18951e-115
1.01	4.41217e-70
1.3572	0.157199
1.52298	0.322977
1.22101	0.0212134
1.21364	0.0144175
0.945818	6.99727e-129
0.981297	1.31818e-93
0.656887	0
1.6901	0.490096
1.23481	0.0348156
0.887746	2.5446e-203
1.05969	7.62822e-39
1.00829	2.28977e-71
1.70412	0.504115
0.805923	0
1.66895	0.468953
0.855168	2.10108e-255
0.838768	9.26258e-285
0.679737	0
2.05803	0.858029
1.20274	0.00628724
1.00149	1.30547e-76
0.825437	2.80494e-310
1.49049	0.290493
1.21163	0.0127006
1.42911	0.229107
1.46842	0.268422
1.14689	7.12757e-09
0.900924	1.85492e-184
2.02028	0.820277
0.870991	4.16017e-229
0.859939	2.86427e-247
1.51266	0.312662
1.14666	6.4577e-09
1.53798	0.337975
1.15513	1.91642e-07
2.00176	0.801764
1.0008	3.70658e-77
0.907995	7.84161e-175
0.632606	0
1.21803	0.0183874
0.76163	0
0.971348	8.82436e-103
1.26113	0.0611294
1.02373	2.6977e-60
1.07427	9.09778e-32
1.09671	1.39297e-22
1.79454	0.594543
0.982721	2.45177e-92
0.808629	0
1.35266	0.152661
0.811697	0
0.694373	0
1.30235	0.102349
1.0874	3.75659e-26
1.28034	0.0803362
1.1408	4.53874e-10
1.09341	8.31757e-24
1.25814	0.0581447
1.13141	3.72841e-12
1.39786	0.197863
1.69218	0.492184
0.878713	5.76385e-217
0.83557	9.61159e-291
1.12032	5.17521e-15
0.904447	1.27718e-179
1.06279	2.89404e-37
1.09873	7.47158e-22
1.18339	0.000442895
0.97693	1.4441e-97
1.10888	2.01864e-18
1.25653	0.0565318
2.17478	0.97478
0.882385	2.39771e-211
0.638458	0
1.17072	2.60261e-05
1.13649	5.45925e-11
1.29021	0.0902105
1.30776	0.10776
1.19913	0.00436441
1.03456	3.27209e-53
1.51353	0.313529
0.786047	0
0.985483	6.5981e-90
0.580489	0
1.42228	0.222281
1.53313	0.333129
0.94357	2.30793e-131
0.712212	0
1.1162	3.47277e-16
1.6169	0.4169
0.998871	1.07122e-78
1.78235	0.582347
1.13532	2.99109e-11
1.00806	1.55081e-71
0.974824	1.63253e-99
0.950037	2.62921e-124
1.46597	0.265975
1.65288	0.452881
0.602348	0
1.33039	0.130394
0.681415	0
0.962457	1.90943e-111
1.51682	0.316822
0.738584	0
1.27645	0.076449
1.12981	1.53366e-12
0.550348	0
1.1684	1.38924e-05
2.01887	0.818873
0.92369	1.16892e-154
1.44742	0.247425
1.01968	4.34644e-63
0.809079	0
1.47033	0.270326
1.17329	5.00556e-05
1.32581	0.125805
1.28737	0.0873724
0.951347	6.58978e-123
0.982376	1.21014e-92
0.77196	0
1.14129	5.73889e-10
1.06764	7.04828e-35
0.846949	7.6617e-270
0.829498	2.41693e-302
1.33562	0.135624
1.01743	1.1397e-64
1.07993	2.92853e-29
1.39415	0.19415
0.857518	2.24959e-251
0.873769	1.09282e-224
0.587227	0
0.861632	2.0001e-244
0.50372	0
0.971778	2.25302e-102
1.33496	0.134955
1.43883	0.238834
0.897881	1.04669e-188
0.853478	2.50846e-258
1.30744	0.107438
1.81416	0.614156
1.32646	0.126462
1.37387	0.173874
0.943148	7.83438e-132
0.951585	1.17968e-122
1.20567	0.00815668
0.923015	1.71025e-155
1.36709	0.167093
1.05564	5.68831e-41
1.5738	0.373799
0.612882	0
0.717782	0
1.0402	9.61442e-50
0.644688	0
1.07777	3.32464e-30
1.00552	1.77799e-73
0.989393	1.55322e-86
0.740418	0
0.893	1.18168e-195
1.05498	2.52098e-41
1.19987	0.00472043
1.13209	5.39188e-12
0.884672	6.72896e-208
0.687653	0
1.33145	0.131449
0.977413	4.00693e-97
1.35793	0.157931
1.12936	1.19075e-12
1.01342	1.48055e-67
0.92737	3.68567e-150
1.10035	2.81195e-21
0.91594	2.03597e-164
0.974943	2.10338e-99
1.17913	0.000190391
1.19141	0.00165607
1.22669	0.0267535
1.16056	1.28054e-06
1.39199	0.191988
1.02051	1.64964e-62
1.40931	0.209308
1.3747	0.174696
0.646752	0
1.04144	5.37109e-49
1.60976	0.409759
1.40098	0.200982
1.20264	0.00622657
0.788472	0
0.552057	0
1.33602	0.136023
1.45358	0.25358
0.711898	0
0.948485	5.61051e-126
0.928211	3.82961e-149
1.20015	0.00486347
0.856266	1.62847e-253
0.797457	0
1.14236	9.44682e-10
0.823199	1.03244e-314
0.531907	0
0.658478	0
0.846046	1.84277e-271
1.79672	0.596724
1.03258	1.82491e-54
0.967751	3.11765e-106
1.0752	2.38708e-31
1.26425	0.0642492
0.813257	0
0.972364	8.07792e-102
0.558738	0
1.00547	1.64811e-73
1.22988	0.0299113
0.800769	0
0.59377	0
1.26573	0.0657319
1.34865	0.148646
1.10748	7.18491e-19
1.29367	0.0936709
1.31322	0.113215
1.78614	0.586143
0.677285	0
0.933831	1.81191e-142
1.75574	0.555737
0.650113	0
1.16438	4.30882e-06
1.16013	1.10917e-06
1.08363	1.08548e-27
0.997476	8.04503e-80
1.54755	0.347554
0.943974	6.48218e-131
2.2072	1.0072
0.808489	0
1.29938	0.0993759
1.09128	1.27262e-24
1.34518	0.145179
1.00333	3.58359e-75
0.713863	0
1.37874	0.178739
1.06254	2.16431e-37
1.5338	0.333801
1.36148	0.161485
0.635009	0
1.1731	4.78559e-05
1.1968	0.00334899
1.28771	0.0877108
0.882776	9.37212e-211
0.76001	0
1.28743	0.0874343
1.08916	1.89132e-25
0.674719	0
1.24956	0.0495611
1.67567	0.475667
