0.0335215	0.0118136	0.0376427
0.0358009	0.0152494	0.0371272
0.0250116	0.0112643	0.038382
0.0455125	0.00867018	0.0362124
0.0371658	0.0101756	0.0371752
0.0253068	0.015133	0.0384473
0.0325141	4.11218e-05	0.0374982
0.0331879	0.00706772	0.0375624
0.0149873	0.0154674	0.0393034
0.0265595	0.0105494	0.0382768
0.0356932	0.00819695	0.0372157
0.0295288	0.0045543	0.0378597
0.0319738	0.0167977	0.0378234
0.0345652	0.016437	0.037424
0.0305193	0.00524066	0.0378494
0.0309977	0.00207997	0.0376022
0.0307226	0.0136343	0.0378208
0.0287756	0.0127238	0.0379895
0.0429355	0.0136204	0.036407
0.0363508	0.0119613	0.037224
0.0291801	0.0102066	0.0379888
0.0193799	0.0104298	0.0388814
0.0238882	0.0111672	0.0385045
0.0320079	0.0066666	0.0376908
0.00825829	0.00821011	0.0401373
0.034613	0.00187519	0.0374092
0.0247289	0.000363943	0.0386684
0.0141576	0.00901487	0.0396291
0.0159531	0.0135617	0.0394395
0.0465075	0.010652	0.0361055
0.0406816	0.0100274	0.0366396
0.0339058	0.0125788	0.0374893
0.0257888	0.0107074	0.0383563
0.0357843	0.0119058	0.0371433
0.0244921	0.0151017	0.038516
0.0285573	0.0133745	0.0380478
0.0379743	0.0152808	0.036915
0.0310532	0.014821	0.037772
0.0265452	0.0121611	0.0382336
0.0344418	0.0149029	0.037436
0.0390971	0.0135247	0.0369088
0.0236476	0.00719541	0.0384102
0.0198352	0.0102704	0.0389316
0.0392222	0.00778968	0.0369818
0.0250849	0.0100883	0.0383686
0.028329	0.00430483	0.0378941
0.0324429	0.0134566	0.0374812
0.0352451	0.0124405	0.0374605
0.0293582	0.00798712	0.0378315
0.0206724	0.00468906	0.0387287
0.0311136	0.00364368	0.0377227
0.0393733	0.00038042	0.0369336
0.0220721	0.00914163	0.0385705
0.0416439	0.0084568	0.0367394
0.0462426	0.0163789	0.0364104
0.0381209	0.0112736	0.0368428
0.0270982	0.0073964	0.0382733
0.0265345	0.00090842	0.038043
0.0403217	0.00768256	0.0367485
0.0413936	0.0138685	0.0368281
0.0300834	0.00864065	0.0378451
0.0166525	0.0100344	0.03931
0.0268293	0.00712748	0.038153
0.0246982	0.0109644	0.0383981
0.0326424	0.00975575	0.0374891
0.0264585	0.00831113	0.038216
0.0226032	0.00952398	0.038566
0.0449839	0.0126301	0.0362735
0.0154594	0.0136964	0.0395288
0.0208232	0.00928313	0.0386926
0.0323141	0.0158108	0.0376598
0.022026	0.00966893	0.0385943
0.0281603	0.00771499	0.0381473
0.0226899	0.00859449	0.0386055
0.0191726	0.00155829	0.0387126
0.0370963	0.00765829	0.0371161
0.0359899	0.00790881	0.0371918
0.0283743	0.0110474	0.0380623
0.0285776	0.012905	0.0380112
0.0278082	0.0133922	0.0380502
0.0393834	0.0175936	0.0367171
0.0388745	0.0156524	0.0366713
0.0147043	0.000965846	0.0392058
0.0459371	0.0160562	0.0360377
0.0405877	0.0115401	0.0367216
0.0333416	0.0165986	0.0373597
0.0112517	0.0128959	0.0397003
0.0288078	0.0050173	0.0378611
0.0381008	0.0170821	0.0371944
0.040419	0.0142815	0.0369102
0.022459	0.00808749	0.0386243
0.0168817	0.00199182	0.0391471
0.0375283	0.0158464	0.0368136
0.0259	0.00425169	0.0382157
0.0257652	0.0045553	0.0383384
0.038082	0.00378895	0.0370805
0.011046	0.0164868	0.0397778
0.0306172	0.015581	0.0376607
0.0328858	0.00964759	0.037641
0.0309955	0.00158931	0.0376812
0.026888	0.00849807	0.0381152
0.0392747	0.0120922	0.036699
0.0469979	0.0113367	0.0361289
0.0215374	0.0123112	0.0387815
0.0285026	0.00637908	0.0379724
0.0227345	0.00925354	0.0386554
0.0361255	0.00970443	0.037267
0.0135765	0.0117329	0.039457
0.0316615	0.0120067	0.037704
0.0322394	0.0129133	0.0377592
0.0424277	0.0116176	0.0366587
0.00426538	0.00289317	0.0401973
0.0324445	0.0109432	0.0375718
0.020371	0.0062777	0.038806
0.0179385	0.00821789	0.0389846
0.0173133	0.0123216	0.0390885
0.0317683	0.0109782	0.0376763
0.0144889	0.0122272	0.0393534
0.029517	0.0124416	0.0379314
0.0292307	0.00857738	0.0378877
0.029259	0.0146374	0.0379949
0.0347312	0.0134065	0.0373758
0.0407087	0.0141538	0.036747
0.0137434	0.00689697	0.039437
0.0384037	0.0150114	0.0370171
0.0351145	0.0102599	0.0374422
0.0236906	0.00980672	0.0385537
0.0198812	0.00927274	0.0388397
0.0117806	0.0127871	0.0398966
0.0285188	0.00913451	0.0379923
0.021617	0.00979089	0.0386717
0.0340651	0.00980213	0.0374513
0.0415245	0.0110806	0.0367699
0.0261198	0.0142378	0.038294
0.0251083	0.0137009	0.0384188
0.0226646	0.00842745	0.0384926
0.0335261	0.0158196	0.0375285
0.0249086	0.0168974	0.038435
0.0437045	0.00929692	0.0364529
0.0270585	0.000221299	0.0379983
0.021984	0.00976524	0.0386311
0.0235705	0.0131654	0.0385608
0.0400674	0.0127579	0.0366893
0.0257866	0.0146208	0.0383424
0.0368382	0.0117225	0.0371353
0.0426694	0.0113637	0.0366313
0.0379827	0.0140412	0.036889
0.0295478	0.00659544	0.0379391
0.0242222	0.00673689	0.038364
0.0371214	0.00948047	0.0370802
0.030092	0.00598634	0.037805
0.0272933	0.0136182	0.0381495
0.0419349	0.010126	0.0368113
0.0332985	0.00808805	0.0374696
0.0332361	0.010239	0.0375355
0.0307327	0.0139883	0.0379404
0.0341811	0.0108982	0.0372775
0.0271576	0.00532393	0.038155
0.0363737	0.0147472	0.0372103
0.037339	0.0131882	0.0371532
0.0219657	0.0158469	0.0385546
0.0253862	0.0148757	0.0383645
0.0215208	0.00151724	0.0385824
0.0324025	0.0093797	0.0375035
0.0279111	0.0184846	0.0383542
0.0360289	0.0135419	0.0371088
0.0450322	0.0112212	0.0362891
0.0197448	0.0102471	0.0388438
0.0138928	0.0116937	0.0396423
0.0307546	0.0111873	0.0377923
0.0274322	0.0134851	0.038088
0.0243521	0.0172242	0.0385248
0.0396749	0.016509	0.0368719
0.0211383	0.00773139	0.0388731
0.0277518	0.0106052	0.0380777
0.0317616	0.0168374	0.037643
0.0249709	0.00586297	0.0384531
0.0324171	0.00060703	0.0378058
0.0282819	0.00127917	0.0378818
0.0286982	0.0131209	0.0380117
0.0248063	0.00828867	0.0382982
0.0345229	0.016447	0.0374279
0.0358125	0.0134745	0.0373475
0.0346876	0.00910835	0.0373756
0.0360181	0.00296291	0.0373611
0.0241344	0.00153496	0.03834
0.0225825	0.00104854	0.0385062
0.00849725	0.0145435	0.0401259
0.0264031	0.0162264	0.0382078
0.0441559	0.0166171	0.036245
0.0238088	0.00915876	0.0384768
0.0277202	0.00898403	0.0380737
0.0209162	0.01086	0.0388153
0.0313935	0.00860644	0.037652
0.027644	0.017865	0.0380186
0.0255119	0.00871016	0.0383944
0.036359	0.0100936	0.037057
0.0265678	0.01187	0.0382091
0.022744	0.00513545	0.0385797
0.0347757	0.0122018	0.0375009
0.0324795	0.0112861	0.0375741
0.0355081	0.00858061	0.0373123
0.015331	0.00443395	0.0393031
0.0440565	0.0152271	0.0364163
0.0098239	0.013384	0.0398788
0.0290613	0.0150607	0.0379781
0.0328155	0.0126632	0.0375497
0.0137583	0.00964745	0.0395271
0.0062733	0.0156978	0.0405397
0.0334442	0.00485412	0.037425
0.0189499	0.00880036	0.0389677
0.0348429	0.0128317	0.0373921
0.0379383	0.0116905	0.037115
0.0122964	0.0127432	0.0396182
0.029209	0.00902852	0.0379742
0.0183066	0.0070043	0.0390006
0.0205432	0.0135297	0.0388719
0.0264415	0.0115294	0.0381417
0.0470025	0.0138685	0.0359825
0.0336134	0.0168971	0.0375014
0.0206426	0.00247744	0.0387563
0.0278354	0.000155895	0.0383319
0.0253219	0.011511	0.0383399
0.0353026	0.00650407	0.037237
0.0305768	0.0163003	0.0378226
0.0176164	0.0139692	0.0389493
0.0425854	0.00646811	0.0364535
0.0500721	0.00842545	0.0360388
0.0361505	0.0196061	0.037271
0.0408331	0.0148074	0.0366028
0.00614587	0.00223963	0.0402385
0.00864874	0.0112082	0.0401285
0.0332048	2.9942e-05	0.0372761
0.0278882	0.00108012	0.0381317
0.0418923	0.00952756	0.0365674
0.0358517	0.0144702	0.037117
0.0363647	0.00595962	0.0371438
0.0148034	0.011643	0.0392317
0.0178774	0.00879324	0.0392729
0.0446086	0.00143416	0.0362185
0.0428697	0.00889457	0.0365116
0.0382413	0.00724879	0.0369883
0.0325923	0.00871331	0.0374952
0.04255	0.0138303	0.0366093
0.0281099	0.0131598	0.0381299
0.0210277	0.011249	0.0388852
0.0248708	0.00583319	0.0383907
0.0298033	0.0145662	0.0379353
0.0280566	0.00557156	0.0379687
0.00870619	0.00676967	0.0400227
0.0378157	0.00814826	0.0369927
0.0306631	0.0138862	0.0379262
0.0439408	0.0116102	0.0362012
0.0401471	0.00450138	0.0368524
0.0216895	0.00087945	0.0386107
0.0305678	0.0069972	0.0378956
0.051937	0.0031803	0.0354754
0.0467045	0.00366799	0.0361439
0.0320036	0.00323725	0.0376981
0.0300364	0.00996107	0.0378048
0.0117323	0.0159946	0.0397673
0.0341746	0.00214765	0.0373992
0.0395689	0.0131349	0.0369013
0.042724	0.00997337	0.0365882
0.00917831	0.00409979	0.0400139
0.0401705	0.00505224	0.0367256
0.0293076	0.0144222	0.0380388
0.033574	0.00618529	0.037383
0.0304565	0.00880731	0.0377285
0.0313271	0.0160581	0.0377207
0.0338437	0.00198258	0.0373513
0.0239037	0.00602602	0.0383894
0.0403235	0.000972985	0.0366418
0.0285968	0.00657754	0.0379429
0.0401281	0.0152754	0.036883
0.0371474	0.00247602	0.0371266
0.0477593	0.00135962	0.0359013
0.0364317	0.0158984	0.0372197
0.0328689	0.00874605	0.0375247
0.0402142	0.0141457	0.0368155
0.0240518	0.0117479	0.038499
0.0288772	0.00978672	0.0379656
0.0396725	0.0137903	0.0367477
0.0388686	0.00704954	0.0370171
0.0371005	0.0140108	0.0373178
0.0274079	0.00820612	0.0380694
0.0354041	0.00170751	0.0371847
0.0192772	0.0122273	0.0388734
0.00446406	0.0156663	0.0404153
0.0370697	0.00533298	0.0370602
0.036221	0.0121134	0.0372668
0.0379832	0.0125141	0.0370073
0.0448818	0.00394866	0.0362453
0.0500077	0.0142348	0.0358305
0.0169847	0.0154137	0.0390916
0.0243345	0.00440964	0.0384447
0.0336324	0.00868074	0.0374683
0.0262068	0.0109418	0.0383225
0.0408814	0.00517279	0.0366396
0.0245263	0.0119558	0.0383563
0.0108981	0.0163328	0.0396962
0.033975	0.0101023	0.037462
0.0231223	0.014353	0.0384523
0.0341423	0.00685699	0.037399
0.0358557	0.0160432	0.0373121
0.041224	0.009981	0.0365303
0.0276506	0.0015725	0.0381522
0.0380447	0.00485333	0.0369928
0.044177	0.00864864	0.0363904
0.0159767	0.012777	0.0392479
0.0444412	0.0141723	0.0364222
0.0225178	0.0098514	0.0386424
0.0396277	0.0141483	0.0368726
0.0410508	0.0100425	0.0366449
0.0323579	0.0163044	0.0375217
0.0332665	0.00210927	0.0375789
0.0283217	0.0113289	0.038053
0.0273678	0.00444455	0.0381504
0.00892972	0.0125108	0.0398735
0.0292358	0.0153266	0.037727
0.0170224	0.0155618	0.0390769
0.0391898	3.18481e-05	0.036706
0.0289533	0.0122097	0.037953
0.0496127	0.0120979	0.0356751
0.0248641	0.00799138	0.0383628
0.029811	0.0146782	0.0380533
0.0277036	0.0063873	0.0382296
0.0380362	0.0126295	0.0370112
0.0314224	0.0065325	0.0377354
0.0380227	0.0124912	0.0370369
0.0440862	0.0161611	0.0364638
0.0228916	0.015558	0.0384126
0.0173389	0.00620823	0.0389685
0.0340752	0.0168382	0.0375731
0.035285	0.00833624	0.0373067
0.01288	0.00716826	0.0396727
0.022874	0.0156446	0.0385504
0.0209124	0.0116644	0.0388308
0.0327816	0.00564793	0.037561
0.0258074	0.00691254	0.0382624
0.0145411	0.0073241	0.0393639
0.0321723	0.00684366	0.037535
0.0286478	0.0128829	0.0380153
0.0154169	0.0124005	0.0393027
0.0244995	0.00699666	0.0382758
0.0310001	0.00829035	0.0377628
0.0450109	0.0161899	0.0362904
0.0453508	0.00270689	0.036125
0.0385895	0.0110815	0.0369411
0.0280703	0.011456	0.0382274
0.0364395	0.0091188	0.0372192
0.0238954	0.00964361	0.0385412
0.0236525	0.00177613	0.0384156
0.0123123	0.0102949	0.0396222
0.00332616	0.000911161	0.0404431
0.0447917	0.00635461	0.0364141
0.033883	0.0111824	0.0374741
0.0335889	0.00984002	0.0374823
0.0286729	0.00770305	0.0379966
0.0147259	0.0139975	0.0395146
0.0289443	0.00831428	0.0378962
0.0374732	0.0134253	0.0371813
0.0359607	0.0132993	0.0370369
0.0337449	0.00739098	0.0375123
0.0476303	0.00208269	0.0359054
0.0205093	0.0163224	0.0388461
0.0398422	0.0124447	0.0369539
0.0341387	0.0114353	0.0374112
0.0372969	0.0120327	0.0370775
0.0460162	0.00912676	0.0361743
0.0154739	0.0038482	0.0391713
0.0201907	0.0133338	0.0388613
0.0280771	0.0111484	0.0380749
0.0439429	0.00635249	0.0363951
0.0205468	0.0100246	0.038941
0.0136864	0.00740315	0.0395132
0.0214827	0.00769055	0.0387327
0.0380434	0.00589547	0.0369553
0.0270423	0.0156982	0.0380451
0.0333884	0.0143167	0.0375887
0.0309874	0.00729798	0.0378407
0.0348388	0.0102209	0.037331
0.0121898	0.0159412	0.039626
0.0301856	0.0123203	0.0377444
0.0192088	0.00385064	0.0389412
0.000849025	0.0128121	0.0408494
0.0119795	0.00296553	0.0395474
0.0335184	0.0145924	0.0376695
0.0217097	0.0169212	0.0386755
0.023353	0.0158323	0.0386147
0.0256515	0.00980236	0.0382613
0.0220728	0.0104576	0.0387772
0.0201912	0.00745455	0.0388236
0.0189376	0.00202591	0.0391158
0.04175	0.012514	0.036669
0.0236116	0.00905026	0.038457
0.0352208	0.0067719	0.0372712
0.0303061	0.00603906	0.0379434
0.0402548	0.0107671	0.0367987
0.0321484	0.0136563	0.0376405
0.0351853	0.00449849	0.0373188
0.0390611	0.00749822	0.0368357
0.00685948	0.00524576	0.0404186
0.0230699	0.0149864	0.0386739
0.0288885	0.00994838	0.0379544
0.0386022	0.00999962	0.0369535
0.0222081	0.000789034	0.0385117
0.0175978	0.00102421	0.0390743
0.0270411	0.0140978	0.0381196
0.03528	0.00594832	0.037322
0.00791004	0.00731333	0.0401154
0.0239148	0.0158406	0.0382957
0.0430266	0.0119349	0.0366022
0.0330623	0.0165783	0.0375834
0.0317531	0.0135224	0.037725
0.0483736	0.00356307	0.0361481
0.0499364	0.010144	0.0355791
0.0369542	0.0118123	0.0371358
0.0506631	0.0110033	0.0360189
0.0238272	0.0117294	0.0384933
0.0347066	0.0152088	0.0373985
0.0282588	0.00760005	0.0380213
0.0390625	0.00903416	0.0368656
0.0153587	0.00810229	0.0394038
0.0208212	0.00333455	0.0388219
0.0323457	0.0048464	0.0376602
0.0099742	0.00920582	0.0399465
0.0239498	0.0133344	0.0384175
0.0347159	0.00948089	0.0373798
0.0317116	0.0119235	0.0375908
0.0468155	0.00556636	0.0362245
0.0237232	0.0136397	0.0384937
0.0297447	0.0108823	0.0378674
0.037256	0.00134033	0.0371858
0.0291521	0.014379	0.0378269
0.0167742	0.00492764	0.0391061
0.0298805	0.00826007	0.0378075
0.00488009	0.0166777	0.0403261
0.0357231	0.00770214	0.0373555
0.0331164	0.0102632	0.0375139
0.016062	0.0165724	0.0391359
0.0264509	0.0109395	0.0381666
0.0374844	0.00546127	0.0371606
0.02433	0.00999242	0.0383382
0.043094	0.0154083	0.0362175
0.0398396	0.00605407	0.036753
0.0365308	0.0134847	0.0372055
0.0390334	0.0144496	0.0369402
0.0218023	0.0110844	0.0387183
0.0264575	0.0167282	0.038085
0.0225029	0.0109177	0.0386477
0.018711	3.35409e-05	0.0386716
0.0400026	0.00843436	0.0369693
0.0477118	0.00982123	0.0361505
0.0206798	0.000564689	0.0389131
0.0233662	0.0117062	0.0385554
0.0191965	0.0155912	0.0389939
0.0427037	0.00630089	0.0364601
0.033749	0.014732	0.0376456
0.0286751	0.0137347	0.0378742
0.029171	0.012919	0.038073
0.0221806	0.0138134	0.0386063
0.0322609	0.00833475	0.0375963
0.0133353	0.00897942	0.0395336
0.0270921	0.0130239	0.038292
0.0187799	0.0137934	0.0391867
0.0207856	0.0076291	0.0388154
0.0296241	0.00503759	0.037829
0.0337067	0.0153628	0.0375674
0.0383746	0.0106879	0.0370554
0.00605344	0.000233719	0.0403193
0.0233101	0.0153432	0.0385056
0.0349142	0.0108192	0.0373694
0.0154373	0.00951392	0.039424
0.0322268	0.0155484	0.0378016
0.0415441	0.00499984	0.0368116
0.0353212	0.000113865	0.0372124
0.0216909	0.0151665	0.0387354
0.0151413	0.0125912	0.0393729
0.0339093	0.0156809	0.0375557
0.0325405	0.00814498	0.0375123
0.0323984	0.00799363	0.0375668
0.026314	0.0110188	0.0381313
0.0353167	0.0163889	0.0375084
0.0453141	0.0139991	0.0362906
0.0289169	0.00257483	0.0378983
0.025301	0.00689222	0.0382265
0.0213343	0.0102179	0.0388614
0.0164959	0.0102149	0.0392795
0.0332987	0.0135874	0.0375497
0.0239766	0.0147275	0.0384256
0.0315053	0.010963	0.0376234
0.0273146	0.00795639	0.0381087
0.0309804	0.00669682	0.0377031
0.042211	0.00794705	0.0364638
0.0298376	0.00563073	0.0378598
0.0163334	0.0120898	0.0392428
0.0275858	0.011165	0.0380757
0.020731	0.00960368	0.0387565
0.0432736	0.00197041	0.036439
0.00907593	0.00570776	0.0403184
0.0385427	0.00505917	0.0368803
0.0297085	0.00341218	0.0378577
0.0361598	0.00457224	0.0373142
0.0267716	0.010423	0.0381357
0.012736	0.0102748	0.0395176
0.03312	0.014123	0.0374712
0.0271087	0.0116499	0.0380624
0.0213053	0.000252194	0.0385652
0.0280316	0.0151991	0.0381077
0.0405006	0.010921	0.0368238
0.0355815	0.0104253	0.0372272
0.0440294	0.00937468	0.0365113
0.0278748	0.0151056	0.0378803
0.0274937	0.0106908	0.0380092
0.0281231	0.0116109	0.0380547
0.039002	0.00511685	0.0369695
0.0283213	0.0157005	0.0381026
0.0282778	0.0107109	0.0380519
0.0350301	0.0150612	0.0373623
0.0468343	0.00852173	0.0360843
0.020932	0.00619096	0.0387002
0.0270998	0.0133471	0.0381613
0.0320647	0.00905159	0.0377125
0.0127814	0.00120777	0.0393866
0.034664	0.00816014	0.0374934
0.0247963	0.0145277	0.038378
0.0304025	0.01433	0.0378451
0.02338	0.016273	0.0384923
0.0145406	0.0116513	0.0393926
0.0208205	0.0104288	0.0387405
0.0315436	0.00464129	0.0376487
0.0304311	0.0126926	0.0377459
0.0116924	0.00904404	0.0395511
0.0247174	0.0151992	0.0384678
0.0308563	0.00654668	0.0376815
0.0389314	0.0101838	0.0369298
0.00997755	0.0153572	0.0398388
0.0142403	0.00641587	0.039265
0.0122084	0.00993787	0.0395173
0.017175	0.00992771	0.0392525
0.0335408	0.00915418	0.0375176
0.0187044	0.00863722	0.0390215
0.0317026	0.00823222	0.0376466
0.0342601	0.0139603	0.0374284
0.0471429	0.0146004	0.0361816
0.0151129	0.0139109	0.0392933
0.0300172	0.0120208	0.0378837
0.0287258	0.00641073	0.0380159
0.023773	0.0120358	0.0384721
0.0437717	0.0129929	0.0364669
0.0288351	0.00551657	0.0380022
0.01988	0.00501043	0.0388114
0.0335657	0.00412117	0.0373377
0.0164215	0.0119918	0.0391942
0.03467	0.0101583	0.0373905
0.0469966	0.00925331	0.036061
0.030002	3.22998e-05	0.0377783
0.0358669	0.0127706	0.037213
0.0356738	0.00478858	0.0372123
0.0215609	0.0145669	0.0387844
0.0141841	0.010091	0.0394114
0.0336227	0.0151836	0.0375823
0.029443	0.00995675	0.0379603
0.0144462	0.00402425	0.0393366
0.0325081	0.00525196	0.0375268
0.024665	0.0096236	0.0384654
0.0411832	0.00437954	0.0366492
0.0510339	0.0110688	0.0356005
0.0347763	0.0092301	0.0373712
0.0356878	0.00937761	0.0374159
0.0401063	0.0158219	0.0368263
0.0208684	0.010521	0.0387604
0.0250297	0.0133106	0.0383925
0.0170838	0.00933909	0.0390765
0.024916	0.0055821	0.0384009
0.0267185	0.00732773	0.0381684
0.0339195	0.0115616	0.0374326
0.0402211	0.00819763	0.0367892
0.0358487	0.0061206	0.0371614
0.031555	0.0102502	0.037676
0.023254	0.0122405	0.0385441
0.0239574	0.0111535	0.0384904
0.0251646	0.0128854	0.0383678
0.0332909	0.00288074	0.0375412
0.0287842	0.00742589	0.0379075
0.0256642	0.00985216	0.0383123
0.00535273	0.00937657	0.0405875
0.0296736	0.00636861	0.0378532
0.0331868	5.37798e-05	0.0375673
0.00918766	0.00905153	0.0400357
0.0115881	0.00302383	0.0398971
0.033059	0.0121417	0.0375839
0.0335375	0.00369662	0.0375026
0.0414081	0.0146403	0.0365418
0.038323	0.0041565	0.0370167
0.026467	0.00678207	0.0382027
0.0346576	0.0123929	0.0375171
0.0287231	0.0152649	0.0381856
0.0422586	0.0142554	0.0367442
0.0247564	0.00362905	0.038299
0.0314152	0.00842712	0.0376736
0.0423004	0.00639666	0.0365973
0.0364181	0.00943543	0.0371435
0.025068	0.00896548	0.0384026
0.0350158	0.00912843	0.0373677
0.0266653	0.0128246	0.0382093
0.0122116	0.0129563	0.0396016
0.0354282	0.0128653	0.0372833
0.0366408	0.0042918	0.0370757
0.0343659	0.0101396	0.0373952
0.0525171	0.000701011	0.0354819
0.0263405	0.0119278	0.0382513
0.0309747	0.00442583	0.0376801
0.0337452	0.013657	0.0374643
0.0432113	0.00520582	0.0364125
0.0142573	0.00280848	0.0394512
0.0314406	0.0146343	0.0377251
0.0253283	0.0162505	0.0383722
0.0405711	0.0097522	0.0367926
0.0366555	0.0127914	0.0371934
0.022813	0.000718644	0.0388762
0.0321961	0.0103365	0.0376468
0.0414719	0.00711994	0.036636
0.0334962	0.0138433	0.0375056
0.0310984	0.00259569	0.0377289
0.0408383	0.01353	0.0368541
0.027911	0.00519296	0.0381341
0.0344999	0.00426409	0.037458
0.0387697	0.00154015	0.0369472
0.0341648	0.0127002	0.0375819
0.0273378	0.0119117	0.038122
0.030675	0.00109111	0.037827
0.0442865	0.0124439	0.0363618
0.0249436	0.016642	0.0383391
0.0204867	0.00403425	0.0388061
0.00716986	0.0126341	0.0400449
0.0360297	0.00445933	0.0373318
0.0277802	0.012467	0.0381932
0.0217816	0.00516859	0.0386728
0.00104175	0.00873056	0.0409036
0.0261739	0.00285684	0.0382637
0.0320071	0.0169137	0.0378234
0.0511389	0.00717346	0.0355074
0.0120844	0.0103294	0.0398566
0.0161668	0.012436	0.039417
0.0188316	0.0112372	0.0390289
0.019586	0.010953	0.0388659
0.0385703	0.0021655	0.0369955
0.0442931	0.0138733	0.0364283
0.0476319	0.00105106	0.0359096
0.0195165	0.0156098	0.0389277
0.0300748	0.0080237	0.0378815
0.0303234	0.012942	0.0378138
0.0360517	0.0110555	0.0372073
0.0182298	0.00928076	0.038995
0.00247868	0.0135901	0.0408161
0.0187998	0.00557081	0.039236
0.0088358	0.0159374	0.0400966
0.0369487	0.00666815	0.0370631
0.0353119	0.0085114	0.0372608
0.0123149	0.0125104	0.0395815
0.0238684	0.00987093	0.0383727
0.0301189	0.00470256	0.037798
0.0467968	0.0141099	0.0360805
0.0281758	0.00530711	0.0378847
0.0384743	0.01436	0.0370023
0.0493006	0.00988052	0.0358985
0.0277365	0.0111444	0.0380401
0.0147871	0.00684473	0.0393774
0.0448481	0.00667739	0.036234
0.0313441	0.000100715	0.0377534
0.0267997	0.0153459	0.0382326
0.0177676	0.0142533	0.0391839
0.0140062	0.00838314	0.0393103
0.0456573	0.00267742	0.0361954
0.0220114	0.0167916	0.0385879
0.0296361	0.0056176	0.0378528
0.0254108	0.0137965	0.0383371
0.0263419	0.00103565	0.0381466
0.0317578	0.0109509	0.0376836
0.0137281	0.00699234	0.0394309
0.0393245	0.00629763	0.0369725
0.0402398	0.00160905	0.0366276
0.0190929	0.0074467	0.038886
0.0136709	0.00703483	0.0395376
0.0141802	0.0100814	0.0395173
0.0332539	0.00761516	0.0375821
0.0362947	0.0138008	0.0372155
0.0179395	0.0153534	0.0390929
0.0266446	0.0081316	0.03822
0.0403256	0.0105802	0.036854
0.0286155	0.0160472	0.0379883
0.0388618	0.00529545	0.0369283
0.0214456	0.00968385	0.0388013
0.023125	0.00868024	0.0386003
0.0339548	0.0085545	0.0374661
0.0325077	0.00855587	0.0375688
0.0430377	0.0145117	0.0365327
0.0172432	0.0109544	0.0391021
0.0332197	0.00711756	0.0374725
0.0348809	0.0141488	0.037307
0.0455614	0.0162167	0.0364267
0.0307431	0.00869665	0.0377933
0.0271679	0.0161805	0.0382082
0.0314241	0.0147927	0.0376182
0.0346132	0.00787001	0.0374139
0.0181258	0.00523591	0.0390785
0.0404318	0.0134102	0.036669
0.0493631	0.00958924	0.0357885
0.0434452	0.00881848	0.036566
0.0419351	0.0125496	0.0365234
0.0191788	0.00108691	0.0389444
0.0280311	0.00217121	0.0380339
0.0376039	0.0100051	0.0370587
0.0299024	0.00573911	0.0378366
0.0214333	0.0108235	0.0387036
0.0333017	0.0103687	0.0374794
0.0195656	0.0150133	0.0389711
0.0358367	0.00858052	0.0372053
0.0334365	0.0115382	0.037598
0.0427558	0.00627943	0.0364577
0.0158558	0.012985	0.0391151
0.0297119	0.00300185	0.0377879
0.0203974	0.00879905	0.0389561
0.0351173	0.0164126	0.0374666
0.0241387	0.00319825	0.0383386
0.042427	0.0134688	0.036708
0.0344391	0.00793383	0.0374238
0.0233597	0.0152163	0.0384678
0.0423291	0.0137788	0.0365492
0.0307839	0.00307618	0.0377474
0.0183847	0.00111294	0.0390692
0.0275422	0.0107604	0.0380369
0.0395876	0.00877025	0.0369428
0.0159892	0.0128526	0.0394356
0.0235682	0.00737857	0.0385168
0.0270976	0.0126881	0.03822
0.0286956	0.0125385	0.0380062
0.00292768	0.00425588	0.0404861
0.0491275	0.00855677	0.036126
0.0412	0.0159893	0.0367616
0.0224922	0.0109178	0.0386531
0.0470301	0.00712439	0.0363108
0.0258355	0.0107234	0.0383056
0.0263865	0.00286055	0.0380998
0.0169033	0.0124682	0.0391669
0.0215041	0.0115745	0.0385926
0.0217278	0.0076037	0.0385528
0.0267748	0.00896717	0.0381806
0.0401451	0.0104734	0.0369808
0.0443107	0.00901458	0.0363104
0.0515976	0.0125665	0.0355687
0.0281672	0.00353009	0.038076
0.0256386	0.0125991	0.0383168
0.0200114	0.0121154	0.0388643
0.0246475	0.0108439	0.0382903
0.0332145	0.00569448	0.0375089
0.0195072	0.00236465	0.0387795
0.0279363	0.00396648	0.0380268
0.0375118	0.00383973	0.0370317
0.0248487	0.0150915	0.0383279
0.0299292	0.0144627	0.0378475
0.0305852	0.0142897	0.0379383
0.00388093	0.0115323	0.0405169
0.0307134	0.00153064	0.0377012
0.0311336	0.00674591	0.0376948
0.046031	0.00290768	0.036146
0.0221067	0.0155129	0.0384996
0.0384179	0.0133014	0.0371252
0.0267593	0.0141584	0.0381913
0.0295806	0.0149601	0.0379653
0.0327562	0.0122221	0.0376091
0.0344532	0.0157841	0.0375165
0.0413754	0.0101197	0.0366783
0.00821003	0.0100575	0.0402777
0.0338181	0.00898844	0.0374637
0.0307229	0.000330423	0.0378361
0.0335893	0.00431431	0.0374752
0.0347266	0.00662164	0.0373522
0.0335768	0.0028574	0.0374368
0.0466457	0.0131333	0.0362892
0.041105	0.00564081	0.036683
0.0132251	0.0133427	0.0393633
0.0367489	0.0120318	0.0371472
0.00440936	0.0124389	0.0403499
0.0225212	0.013266	0.0385313
0.0353974	0.01083	0.0372794
0.0170983	0.00968732	0.0393496
0.0368066	0.01377	0.0371658
0.0293179	0.000508528	0.0378287
0.0396723	0.0147361	0.036838
0.0414728	0.00403307	0.0367046
0.0158143	0.0018019	0.0393001
0.0438138	0.00401359	0.0365947
0.0467789	0.00178657	0.0361761
0.0362272	0.0108913	0.037135
0.0397221	0.0146147	0.0367284
0.0393029	0.00975804	0.0367444
0.0488619	0.0160342	0.0360177
0.0323306	0.00924178	0.0376431
0.0457981	0.00702306	0.0362309
0.0253691	0.0104438	0.0382472
0.0321097	0.00872832	0.0376139
0.03836	0.0100825	0.0369672
0.0356599	0.0146938	0.037369
0.0507675	0.0143863	0.035827
0.0318372	0.00921398	0.0377793
0.0334466	0.00760952	0.0375377
0.0345643	0.014304	0.0373324
0.019011	0.00603539	0.0389549
0.0414156	0.018475	0.0367437
0.0203682	0.0122918	0.0387737
0.024651	0.0152076	0.0383368
0.0307736	0.00946071	0.0378193
0.0387759	0.0101187	0.0368955
0.0190633	0.00619743	0.0389556
0.0362706	0.00638632	0.0371544
0.0217441	0.00813114	0.0388082
0.0242686	0.01455	0.0385426
0.028096	0.01374	0.0379346
0.0316319	0.00756484	0.0377278
0.0284306	0.0111982	0.0378987
0.0314094	0.0175227	0.0375555
0.0298627	0.0135312	0.0378464
0.0266115	0.0121295	0.038158
0.0224844	0.0169647	0.0386666
0.0303983	0.0148746	0.0376917
0.0116592	0.00792375	0.0396018
0.0252692	0.0163591	0.038315
0.0309161	0.0127818	0.03768
0.0349627	0.0106734	0.0373781
0.0212863	0.00968685	0.0387579
0.0335485	0.013403	0.0376334
0.0315686	0.000342923	0.0379079
0.0351299	0.00753617	0.0372737
0.0379215	0.0131271	0.0369326
0.0113811	0.00316227	0.04011
0.0182365	0.00133025	0.0390293
0.0388138	0.0145712	0.0369255
0.0369413	0.00432478	0.0370886
0.0370603	0.0150552	0.0371504
0.0262021	0.0102528	0.0381567
0.0338154	0.00120541	0.0374862
0.036594	0.0140384	0.0371864
0.025482	0.0111445	0.038319
0.0217143	0.00609031	0.0386768
0.0392419	0.0167971	0.0371299
0.0353578	0.00738355	0.0372207
0.0280472	0.0104704	0.038042
0.0278655	0.0136352	0.0380177
0.0330467	0.0114717	0.0375725
0.00479116	0.0168967	0.0403369
0.0252735	0.00944321	0.0382784
0.0270472	0.0102021	0.0382439
0.0360941	0.0161784	0.0372329
0.0190327	0.0152386	0.0389461
0.0328193	0.00615499	0.037503
0.0163858	0.00662139	0.0393881
0.03105	0.000935647	0.0376737
0.0283241	0.0104466	0.0379246
0.0181565	0.00540038	0.0390484
0.03838	0.0182884	0.0369467
0.0343461	0.0150741	0.03727
0.0239951	0.00585714	0.0383983
0.0297871	0.0120609	0.0378821
0.0191449	0.00591644	0.038845
0.0488758	0.0134634	0.0359705
0.0429605	0.0125132	0.0366463
0.0292175	0.0107978	0.0378925
0.0159611	0.00814265	0.0393218
0.0373343	0.0142686	0.0372999
0.0333059	0.0107324	0.0375907
0.0436587	0.00925892	0.0365481
0.0306804	0.00322709	0.0377001
0.0326058	0.0134723	0.0376146
0.0346244	0.015313	0.0374083
0.0331434	0.0110952	0.0375337
0.0451254	0.014367	0.0364807
0.018386	0.00436884	0.0390049
0.0298645	0.00668322	0.0378292
0.038101	0.000937587	0.0370589
0.0449072	0.0135087	0.0363553
0.0519949	0.0125389	0.0357993
0.0234969	0.0141268	0.0383756
0.0209966	0.0131284	0.0387443
0.0333878	0.00944661	0.0374746
0.0472412	0.00607411	0.0360809
0.0271326	0.0150063	0.0381784
0.0362076	0.00565051	0.0371461
0.0254742	0.0136551	0.0383336
0.0101088	0.00278314	0.0398911
0.0256213	0.0104331	0.0383075
0.0431512	0.0063237	0.0366749
0.0121222	0.00368677	0.0397195
0.0271891	0.019143	0.0381892
0.00501249	0.0121421	0.0402562
0.0130667	0.0113131	0.039659
0.0230152	0.0137797	0.0384674
0.0200117	0.00705893	0.038705
0.0288689	0.0144064	0.0380123
0.0449912	0.0128235	0.0364418
0.0270601	0.00299851	0.0380903
0.0285932	0.00369228	0.037954
0.0225521	0.00643959	0.0385787
0.014342	0.0158256	0.0395497
0.0364999	0.0110237	0.0371734
0.0173157	0.0152423	0.0392138
0.0333979	0.014085	0.0376618
0.024596	0.00672462	0.0384003
0.0329309	0.0123213	0.0375369
0.0229963	0.0144694	0.0386626
0.0433282	0.0105418	0.03657
0.0395439	0.0111127	0.0369432
0.025754	0.00576761	0.038164
0.0454019	0.00882937	0.0363101
0.0366758	0.0118336	0.037138
0.0103773	0.00571665	0.0396002
0.0335957	0.00194951	0.0375434
0.0203716	0.000677062	0.0387662
0.0341067	0.00830876	0.0373853
0.0150686	0.0132662	0.0394432
0.0464085	0.0119264	0.0360974
0.04861	0.00899169	0.036034
0.0300231	0.00565548	0.0378018
0.0308927	0.0123443	0.0378
0.0120917	0.00310973	0.0395409
0.0101433	0.00770133	0.0398775
0.0252806	0.0133885	0.038362
0.034316	0.0131546	0.0374166
0.014426	0.0150629	0.0395568
0.0165223	0.0137153	0.0392724
0.0140634	0.0112506	0.039613
0.0126642	0.013142	0.0395508
0.0272732	0.0098995	0.0380751
0.0319943	0.00395081	0.0375898
0.0348986	0.0137586	0.0373456
0.023084	0.0101952	0.0386407
0.0160508	0.010235	0.0392946
0.0387275	0.000553312	0.0369493
0.0116693	0.0155349	0.0396984
0.0238873	0.0131378	0.0383537
0.0298584	0.00489731	0.0378369
0.0162691	0.00827008	0.0392349
0.0274835	0.0129032	0.0381234
0.0345181	0.0127714	0.0373925
0.0280251	0.0113994	0.0380313
0.0323537	0.0013551	0.0378021
0.0441501	0.00921901	0.036334
0.0239287	0.00323253	0.0384981
0.0157296	0.00940721	0.0395002
0.0398744	0.00306163	0.0369454
0.0407118	0.0126356	0.0366547
0.0356651	0.0119237	0.037097
0.0477093	0.0126026	0.0358864
0.0304834	0.0198609	0.0376239
0.0423036	0.006598	0.0367294
0.0323064	0.0159511	0.0377817
0.0355676	0.000631846	0.0373556
0.0107884	0.0127155	0.0399218
0.0333673	0.005227	0.0375404
0.0339579	0.0120525	0.037498
0.0265928	0.0138409	0.038171
0.0386398	0.0130431	0.0370676
0.025371	0.0140362	0.0383994
0.0315319	0.0100707	0.0376847
0.0362403	0.00713157	0.0371782
0.0246198	0.0132128	0.0382779
0.0411671	0.0095945	0.036782
0.0288121	0.00031639	0.0378733
0.0150535	0.00534106	0.0393601
0.037867	0.0154617	0.0370969
0.0233306	0.0155989	0.0383633
0.019357	0.0131248	0.0389382
0.0375698	0.00445875	0.0370874
0.0306907	0.0101365	0.0378083
0.0209368	0.0117431	0.0388277
0.0302171	0.00658838	0.0378018
0.0270816	0.0153244	0.038113
0.0194881	0.0132039	0.0388877
0.0312697	0.00978595	0.0377953
0.0250642	0.00498838	0.0383089
0.050381	0.0146458	0.0359622
0.0122014	0.0155295	0.039534
0.038741	0.0140631	0.036966
0.0270512	0.013452	0.0383115
0.0378551	0.0118161	0.0371324
0.0221038	0.00751255	0.0386496
0.0239794	0.0113813	0.0384911
0.0292324	0.0141862	0.0377511
0.0382369	0.010937	0.0371835
0.0313042	0.0150851	0.0378746
0.0366785	0.00907177	0.0371171
0.0262812	0.0117172	0.0382392
0.0207139	0.00705932	0.0388051
0.0248524	0.0165067	0.0384251
0.0285263	0.0125404	0.0379722
0.0371988	0.0145831	0.0372256
0.0438729	0.0159031	0.0365104
0.0340691	0.00618153	0.0373331
0.0401556	0.0121638	0.0367693
0.016002	0.0155746	0.0391623
0.0146447	0.00973311	0.0392851
0.0334804	0.013848	0.0374936
0.0354914	0.013957	0.0373848
0.0325811	0.0153067	0.0376784
0.0457623	0.00678826	0.0362293
0.0308667	0.00963277	0.037787
0.01334	0.00984358	0.0395222
0.048533	0.0083592	0.0358888
0.0198133	0.0145379	0.0389518
0.0538436	0.00507858	0.0353602
0.0266166	0.0104393	0.0381652
0.0330266	0.0168061	0.0374698
0.0260807	0.00194987	0.0380656
0.0417004	0.00743638	0.0366263
0.0382046	0.0160401	0.0370661
0.0281283	0.0138637	0.0379333
0.0270196	0.0161436	0.0382008
0.0362847	0.0151224	0.0371966
0.0242655	0.01192	0.0384294
0.0442347	0.00656576	0.0365071
0.027471	0.0167474	0.038205
0.0447929	0.00159969	0.0364317
0.00938977	0.0111555	0.0399309
0.0339447	0.00848061	0.0374996
0.0381724	0.0133997	0.0371529
0.0387835	0.012566	0.0369394
0.0236989	0.00660189	0.0384082
0.027928	0.00665526	0.038039
0.0506985	0.0067596	0.0357447
0.0123055	0.00952044	0.0397169
0.0304556	0.00893314	0.0378416
0.0166456	0.00378425	0.0391275
0.0407822	0.00709896	0.0366586
0.0236135	0.0107707	0.0386095
0.0355566	0.00739208	0.0372279
0.0201157	0.00172503	0.0389957
0.032453	0.0076446	0.0375882
0.0318439	0.00719232	0.0375758
0.0286506	0.00295286	0.0378629
0.0519688	0.0123946	0.035678
0.0378858	0.00678683	0.0370076
0.0483072	0.00334431	0.0360361
0.0225126	0.0165912	0.0384979
0.0347304	0.00455033	0.0374766
0.00975696	0.0169278	0.0401174
0.0104008	0.00405746	0.0398849
0.0253976	0.0100209	0.0382275
0.0193538	0.00894669	0.0389476
0.0451617	0.00935155	0.0363987
0.0351817	0.0143184	0.0373654
0.0153826	0.0108415	0.0392566
0.0259777	0.00589411	0.0381078
0.0302465	0.0138051	0.0379742
0.0425323	0.010537	0.0365898
0.0339919	0.0122514	0.0374838
0.0335598	0.00688832	0.0374744
0.0348677	0.0111077	0.0373806
0.0284116	0.00279068	0.0378857
0.0267282	0.0122618	0.0381765
0.0409201	0.013784	0.0368601
0.0263455	0.0121366	0.0382506
0.0295191	0.00728622	0.0379197
0.0379962	0.0138247	0.0372277
0.0223502	0.0163327	0.0385547
0.0168973	0.0139751	0.0391165
0.0366166	0.0144304	0.0371532
0.0419482	0.0145986	0.0365822
0.0206398	0.0154904	0.0388349
0.0427875	0.0121929	0.0365632
0.0378901	0.00637048	0.0369668
0.0176269	0.0146973	0.0391152
0.0270387	0.00121937	0.0381818
0.0411404	0.0185743	0.0364966
0.0325467	0.00252416	0.0376238
0.0210118	0.0110502	0.0387104
0.0343809	0.0130208	0.0374173
0.0223911	0.0146159	0.03865
0.0349723	0.00971543	0.0372985
0.0370351	0.00476611	0.0370194
0.0199717	0.0105932	0.0388086
0.0277085	0.00645606	0.0380087
0.0230482	0.0101789	0.0385869
0.0172087	0.0162751	0.0392309
0.00908072	0.0037284	0.0399603
0.0409358	0.0160235	0.0368775
0.0218766	0.0144312	0.0388033
0.0473435	0.0113887	0.0360114
0.0108297	0.016995	0.0395676
0.0377614	0.00618708	0.0369751
0.0290996	0.0119201	0.0379545
0.0306395	0.0102779	0.0378418
0.0193259	0.00855837	0.038933
0.0388665	0.00145922	0.0370723
0.0140661	0.0133501	0.0394932
0.0499622	0.00880331	0.0357477
0.0439165	0.00723925	0.0364878
0.0289666	0.00767349	0.0379769
0.0344912	0.00137759	0.0372202
0.0419701	0.0138919	0.0366556
0.0340032	0.00742747	0.0374066
0.0323085	0.0159662	0.037481
0.0304541	0.00146883	0.0380116
0.0189074	0.0122886	0.0389138
0.0220248	0.0124763	0.0386876
0.0275694	0.00237921	0.0380374
0.024881	0.0158576	0.0383576
0.0315374	0.00637833	0.0376661
0.0355466	0.0135343	0.0372188
0.0432295	0.00436216	0.0364225
0.0361087	0.0122665	0.0370403
0.014897	0.00132965	0.0393444
0.022468	0.0110244	0.0386132
0.0265815	0.0121719	0.0380791
0.0111629	0.00640656	0.0397865
0.018083	0.0148297	0.0389832
0.0369635	0.00392406	0.0370338
0.0431089	0.00825355	0.0365488
0.0268878	0.0144567	0.0382909
0.0272784	0.0122505	0.0381324
0.016388	0.0155619	0.0391909
0.0317214	0.0128228	0.0377342
0.0293171	0.0144181	0.0379438
0.0301184	0.00244555	0.0378684
0.0318388	0.0139394	0.0377318
0.0221071	0.00512162	0.0384604
0.0287628	0.00364662	0.0377847
0.0274131	0.00964952	0.0381385
0.0319122	0.01471	0.0378219
0.00331766	0.00778529	0.0403217
0.0333671	0.0164423	0.0376339
0.00743214	0.0119759	0.0400897
0.00220511	0.00990135	0.0406736
0.0382858	0.0117205	0.0371724
0.0168746	0.0100558	0.0391523
0.0359166	0.00508201	0.0372991
0.0354469	0.00131489	0.0371208
0.0323966	0.0166045	0.0376618
0.0280705	0.00313222	0.0379982
0.0212929	0.010967	0.0387325
0.0452047	0.0112984	0.0362667
0.0289856	0.0156225	0.0379876
0.0360805	0.000636004	0.0373254
0.0371258	0.00931244	0.0371487
0.0174394	0.00999209	0.0390616
0.0307537	0.0077967	0.0376923
0.0249033	0.0157941	0.0382505
0.00168134	0.0160959	0.0406434
0.0197339	0.00905781	0.03886
0.0421417	0.0137742	0.0364729
0.0360616	0.00982085	0.0372275
0.0247616	0.00244943	0.038409
0.0405817	0.00720377	0.0367333
0.0240632	0.0122714	0.0383796
0.0180287	0.0133271	0.0392509
0.0262507	0.0143756	0.0381893
0.0248604	0.00793201	0.0383909
0.0172109	0.0125113	0.0389849
0.036772	0.0141324	0.0371385
0.0395061	0.0152698	0.0369253
0.0177358	0.000547695	0.0389177
0.039869	0.00583387	0.0369826
0.0301999	0.00796789	0.0378729
0.0252626	0.00667729	0.0383129
0.0333569	0.0136918	0.0375908
0.0172655	0.00735802	0.0391721
0.0116987	0.00861034	0.0397048
0.0473698	0.0135157	0.03634
0.0341215	0.0168846	0.0374737
0.0236902	0.0146465	0.0385231
0.0264109	0.00690327	0.0381215
0.0331698	0.00874313	0.0374477
0.0357566	0.00704552	0.037183
0.0204498	0.0163733	0.0388864
0.0358314	0.00513545	0.0371986
0.0271211	0.00656681	0.0381303
0.0394265	0.0146443	0.0368858
0.0291702	0.0126316	0.0379828
0.0491093	0.0119404	0.0357351
0.0263821	0.007846	0.0381661
0.0173921	0.0143086	0.039047
0.0316328	0.0112165	0.0375496
0.0137438	0.00494823	0.0394786
0.0230637	0.00121915	0.0385138
0.0232643	0.0113639	0.0384606
0.0247596	0.0119726	0.0383004
0.0127724	0.00721388	0.0395722
0.0346065	0.00955081	0.0374821
0.0243731	0.00848993	0.0385242
0.035866	0.0165479	0.0373298
0.0454632	0.0119661	0.036029
0.0232766	0.0156935	0.0385415
0.0242106	0.0049098	0.0383431
0.0325454	0.0153046	0.0375962
0.0375028	0.0074592	0.0372177
0.0328645	0.0157782	0.037488
0.0342456	0.0105839	0.0374156
0.0370649	0.0079351	0.0371404
0.0216443	0.0149688	0.0388297
0.0239078	0.0147873	0.0385
0.0264093	0.00403617	0.0381664
0.0250337	0.00908723	0.038297
0.0361795	0.0133653	0.0373572
0.0255119	0.0117525	0.0384064
0.0351688	0.00215879	0.0373015
0.00890944	0.0178494	0.0401353
0.0351275	0.00166014	0.0372859
0.0279078	0.00934832	0.0379923
0.0151682	0.00932367	0.0392092
0.00846914	0.0128026	0.0399232
0.0431713	0.0147168	0.0363695
0.0160315	0.00380929	0.0390149
0.0287107	0.00806701	0.0378902
0.0114842	0.0161297	0.0397085
0.0302623	0.0067992	0.0377635
0.0378723	0.0106704	0.0370923
0.00563787	0.00714678	0.0404167
0.042205	0.013051	0.0364896
0.0139137	0.0129259	0.0394244
0.0149494	0.0130803	0.0393952
0.0380002	0.00609876	0.037008
0.031854	0.0161752	0.0377771
0.0378772	0.00761098	0.0369833
0.0382031	0.0164072	0.036863
0.0242672	0.0163416	0.0385475
0.0159485	0.0121572	0.0392512
0.0264166	0.0123707	0.0383229
0.0355366	0.00638514	0.0372205
0.0191235	0.00756773	0.0389139
0.021203	0.0153922	0.0385997
0.0356435	0.00454164	0.0373708
0.0354753	0.00255853	0.0373662
0.0146155	0.0121861	0.0395763
0.0274433	0.0128775	0.0381111
0.0131874	0.00674834	0.0394442
0.0291698	0.0150324	0.0380859
0.0241424	0.00936962	0.0385469
0.0307764	0.0166879	0.0376802
0.0395544	0.0137261	0.0367563
0.0366419	0.00922569	0.0372025
0.0191791	0.0138692	0.0390148
0.0373364	0.0153723	0.0372364
0.0244373	0.000367707	0.0384342
0.0434833	0.0053567	0.0366282
0.042248	0.0139636	0.0365681
0.0321974	0.00179731	0.0376779
0.0265941	0.00531822	0.0381456
0.0279545	0.0101316	0.0380324
0.00378495	0.0132355	0.0405883
0.00320835	0.0107326	0.0408745
0.0186097	0.00807447	0.0388648
0.0168789	0.0136658	0.0392581
0.0405867	0.00801246	0.03664
0.0477218	0.00799049	0.0359802
0.0426289	0.0101971	0.0365004
0.0337071	0.0114582	0.0375905
0.0318524	0.0146426	0.0375833
0.0254562	0.00308026	0.0382577
0.029592	0.00901407	0.0378719
0.0264917	0.00998767	0.0382057
0.0155496	0.0108495	0.0392954
0.0331606	0.0108441	0.037579
0.0312876	0.0165201	0.03758
0.0260286	0.0150267	0.0382849
0.0311291	0.00543009	0.0377753
0.0427592	0.0138582	0.0365932
0.0279961	0.0161776	0.0380685
0.0262937	0.00243182	0.0382655
0.0265744	0.0159316	0.0381685
0.0133819	0.024077	0.0397235
0.0214887	0.00567245	0.0388334
0.0262842	0.00767973	0.0382254
0.0310832	0.0148024	0.037689
0.0277434	0.016427	0.0382278
0.0332492	0.0129082	0.0373387
0.0255509	0.0091455	0.0384133
0.0402353	0.00677614	0.0369597
0.0302578	0.00468188	0.0378274
0.0363415	0.0101874	0.0372642
0.0397516	0.00818397	0.0368015
0.0319885	0.0134938	0.0378039
0.0271814	0.0136884	0.0381481
0.0387955	0.0133847	0.0369533
0.00903232	0.0121355	0.039977
0.0264073	0.00302019	0.0382846
0.0402324	0.00121543	0.0368149
0.0216604	0.00846803	0.0388585
0.00881935	0.0131398	0.0401059
0.0189428	0.00524461	0.0389492
0.0351342	0.00478646	0.0372426
0.0373041	0.015416	0.0371281
0.0455294	0.00750279	0.0363776
0.0406922	0.0169128	0.0367727
0.0389043	0.0111072	0.0369811
0.0251968	0.0122923	0.0383361
0.0478225	0.0125481	0.0361615
0.024182	0.0121571	0.0385763
0.0169111	0.00730503	0.0390557
0.0322812	0.0138463	0.037687
0.0322281	0.0087738	0.037567
0.0414483	0.00890907	0.0366441
0.0251302	0.00919663	0.038285
0.00795204	0.0133407	0.0400073
0.0429165	0.00474416	0.0364242
0.0387398	0.0114931	0.0369072
0.0284626	0.0137654	0.0380485
0.022615	0.016539	0.0385804
0.0470368	0.0104293	0.0361316
0.0276181	0.00529751	0.0379351
0.0262323	0.011749	0.0383389
0.0287427	0.0110056	0.0378945
0.0409292	0.0166783	0.0369463
0.0247879	0.0167569	0.0384905
0.0147128	0.0111958	0.0393701
0.0353211	0.00594521	0.0372338
0.0249662	0.0129281	0.0384114
0.0159336	0.0121428	0.0392136
0.0204766	0.0137804	0.0388041
0.025863	0.0158973	0.0382725
0.0413923	0.00670966	0.0366457
0.0317748	0.00737439	0.0376443
0.0184603	0.0161345	0.0391187
0.0339439	0.0176906	0.0374942
0.0304959	0.0134344	0.0379486
0.0193573	0.0084837	0.0388795
0.0281449	0.00362116	0.0382262
0.0212094	0.0133834	0.0387282
0.0373643	0.00200379	0.0371774
0.0484438	0.0154781	0.0356338
0.0242397	0.00985123	0.0384436
0.0089553	0.0104131	0.0399825
0.0374621	0.012174	0.0370663
0.0404297	0.00800756	0.03672
0.0376409	0.0155697	0.036917
0.0317599	0.00239803	0.0376303
0.0346073	0.0138186	0.0371736
0.0383585	0.00705081	0.0370223
0.0369401	0.0122111	0.0371394
0.0183153	0.00852139	0.0389743
0.0226701	0.00620459	0.0385808
0.0353203	0.0156489	0.0373546
0.0398441	0.00981657	0.0367902
0.0296718	0.0112094	0.0379986
0.0230143	0.0074353	0.0385645
0.0196045	0.0169752	0.0389426
0.0419124	0.0169899	0.036314
0.0100139	0.000986174	0.0399084
0.0299277	0.0159622	0.0380216
0.0347768	0.00295493	0.0373786
0.0222079	0.00462821	0.0386558
0.0177787	0.0138256	0.039047
0.0213009	0.0158307	0.0387842
0.0295238	0.0140031	0.0379174
0.0206154	0.011246	0.0387493
0.0221052	0.00937328	0.0386242
0.0233075	0.0101349	0.0384615
0.0264416	0.0112213	0.0381806
0.0373215	0.0159586	0.0369613
0.0256896	0.00695137	0.038376
0.0405543	0.0141616	0.0369932
0.0285235	0.00861989	0.0380267
0.0328473	0.0104117	0.0374334
0.0350305	0.0058047	0.0373081
0.0358295	0.00789892	0.0372479
0.0192174	0.0036358	0.0387055
0.0198569	0.00695966	0.0388242
0.0276572	0.0158735	0.0380994
0.0171784	0.0106582	0.0390765
0.00704799	0.00748522	0.040108
0.039798	0.00601761	0.0367558
0.0317088	0.0131885	0.0378191
0.0345392	0.00994928	0.037495
0.0181892	0.0108512	0.039035
0.0226737	0.00909906	0.0386045
0.00971851	0.0154889	0.0398619
0.0463586	0.00204059	0.0360037
0.0441271	0.00701112	0.036459
0.034695	0.00897383	0.0373388
0.02131	0.0111554	0.0387759
0.0269916	0.0129736	0.0382349
0.0243924	0.0126793	0.0384792
0.0407162	0.00385377	0.0367797
0.0260127	0.0114798	0.0382663
0.0203911	0.00684873	0.038722
0.03189	0.0138577	0.0375492
0.0331683	0.00798541	0.0374659
0.0281559	0.0011143	0.0381332
0.0409068	0.000795398	0.0368538
0.0347079	0.0153061	0.0372292
0.0335249	0.0123945	0.0374439
0.0286877	0.00432606	0.037935
0.0402597	0.0141731	0.0365513
0.0450065	0.0122118	0.0362537
0.0290191	0.0158918	0.0379761
0.0271429	0.00891602	0.0381001
0.0150871	0.00553354	0.0393654
0.0424428	0.0120283	0.0365618
0.0179636	0.00405913	0.0388712
0.0236991	0.00794525	0.0384933
0.0302819	0.00939766	0.0377788
0.0218865	0.0132469	0.0387407
0.0358898	0.00548401	0.0371791
0.0433299	0.0146303	0.0362064
0.0123339	0.0119041	0.0396031
0.0306655	0.014621	0.0378065
0.0335061	0.00542733	0.0374508
0.0427791	0.00193629	0.0364278
0.0112085	0.0046146	0.0397864
0.0453697	0.0159938	0.0362636
0.0330815	0.00030382	0.0375202
0.0277728	0.00766796	0.0380673
0.0247408	0.014444	0.0384306
0.02978	0.00594109	0.0378254
0.0260518	0.00911874	0.0383244
0.0299767	0.0128314	0.0378765
0.0422688	0.00311213	0.0366606
0.0236314	0.00251556	0.038463
0.0202689	0.0115147	0.0387787
0.0461196	0.00758748	0.0361512
0.0299194	0.0138336	0.0378439
0.03017	0.0121602	0.0378796
0.0314503	0.00254816	0.0377291
0.0251847	0.00818497	0.038288
0.0398332	0.0116541	0.0369039
0.0220103	0.0165533	0.0385414
0.0368535	0.00775522	0.0371452
0.00763562	0.0122161	0.0400122
0.0366901	0.0147105	0.037271
0.0355658	0.0127277	0.0372777
0.0235267	0.0133309	0.0385561
0.0420021	0.00494448	0.036582
0.0194326	0.00758233	0.0389559
0.0315097	0.0104682	0.0377014
0.0236881	0.0153699	0.0384555
0.0137055	0.0126324	0.0394724
0.0106403	0.00765786	0.0396728
0.0241755	0.00440236	0.0384982
0.0418067	0.00973783	0.0365702
0.0247511	0.0109534	0.0384828
0.0135256	0.0122347	0.0393362
0.0435354	0.00352392	0.0365913
0.0313145	0.00903146	0.037749
0.020249	0.0140084	0.0389083
0.0388507	0.0111537	0.0370132
0.0398352	0.00621104	0.0368726
0.0174955	0.00875066	0.0391021
0.0283773	0.00377308	0.0379717
0.0260672	0.0122351	0.0382842
0.0338811	0.0106276	0.0374511
0.0303595	0.00300072	0.0378676
0.0290535	0.0163862	0.0378133
0.0187038	0.00433175	0.0389716
0.0308046	0.0133715	0.0378098
0.0222552	0.0111089	0.0385889
0.0277501	0.00884612	0.0381024
0.025784	0.00571044	0.0382344
0.0434399	0.0156165	0.0364913
0.0254793	0.00480666	0.0383965
0.0396586	0.0103477	0.0368165
0.0404188	0.0167002	0.0366162
0.0449682	0.00684578	0.0362358
0.000528204	0.00982957	0.0408369
0.0380613	0.0118353	0.0370554
0.0298107	0.0110872	0.0378729
0.0190741	0.00302201	0.0387482
0.0160068	0.0108294	0.0394487
0.0221252	0.0110536	0.0386932
0.0353376	0.00901898	0.0372493
0.0451604	0.00624677	0.0361943
0.035293	0.0131818	0.037466
0.032965	0.00737663	0.0375523
0.031006	0.00898672	0.0376727
0.0240641	0.0023923	0.0384616
0.0309299	0.00714312	0.037724
0.023938	0.00714265	0.0384284
0.0219868	0.0147147	0.0385676
0.0418164	0.00716258	0.0367379
0.0399351	0.00794292	0.0368264
0.0498206	0.0097543	0.0358143
0.0233343	0.00792706	0.0384875
0.0391633	0.0108058	0.0369832
0.0243095	0.00932746	0.0384417
0.023639	0.0129566	0.0385381
0.0302509	0.00727192	0.0378554
0.0146975	0.00583326	0.0392713
0.0216982	0.010223	0.0387179
0.0450059	0.00913962	0.0364115
0.0366278	0.0112438	0.0373415
0.0404158	0.00188246	0.0366879
0.0272058	0.00609463	0.038289
0.0283507	0.0163397	0.0381169
0.00965413	0.00569649	0.0399434
0.0329429	0.000575	0.0374719
0.0454032	0.00491495	0.0361919
0.0303264	0.00650279	0.0378339
0.0299443	0.0102294	0.0378556
0.0397733	0.0145254	0.0368783
0.0164867	0.0167	0.0392841
0.0148056	0.00389089	0.0393537
0.0329459	0.010275	0.0375345
0.0211701	0.00401469	0.0386722
0.0156888	0.00476692	0.0393354
0.0122554	0.0110185	0.039838
0.0395803	0.00698857	0.0368073
0.0422736	0.0166871	0.0364391
0.0315002	0.0102689	0.0376507
0.0479791	0.0098224	0.0359634
0.0069901	0.00823326	0.0401538
0.0372905	0.0112539	0.0371701
0.0293844	0.0119596	0.0379001
0.0446353	0.0135492	0.0364771
0.0389927	0.0102127	0.0368154
0.0405793	0.0180937	0.0367748
0.0225153	0.014572	0.038624
0.04671	0.00485045	0.0360361
0.0343466	0.0104857	0.0373549
0.015676	0.013657	0.0392728
0.0181898	0.00473751	0.0390777
0.0380032	0.000620871	0.0370705
0.0339677	0.00660337	0.0373796
0.0492115	0.0159354	0.0359257
0.0251387	0.00525555	0.0383245
0.0202067	0.011703	0.038786
0.0265559	0.0146481	0.0381646
0.0136737	0.0117588	0.0395322
0.0280311	0.0138438	0.0381317
0.0418888	0.0103821	0.0367067
0.0269677	0.0101952	0.0381083
0.027183	0.00773855	0.0382028
0.0351145	0.012787	0.0372045
0.0221215	0.0119741	0.0385843
0.0424076	0.0167075	0.0367803
0.023722	0.0142577	0.0385504
0.0278313	0.00833422	0.0379795
0.0269823	0.00629479	0.0381331
0.0367855	0.0117739	0.0371089
0.0353625	0.00755238	0.0372185
0.0420747	0.0167497	0.0367702
0.0315425	0.0123449	0.037751
0.0383816	0.00691482	0.0371341
0.0244415	0.00850263	0.0383355
0.0431554	0.0169896	0.0365522
0.0361219	0.00798064	0.0371803
0.0401986	0.0169262	0.0368024
0.0278525	0.00577261	0.037982
0.0521303	0.00695818	0.0357057
0.00947436	0.00102843	0.0401668
0.033553	0.0146157	0.0373679
0.0474314	0.0135828	0.0361893
0.0317933	0.0120369	0.0375808
0.0375397	0.0156372	0.0371309
0.0225149	0.00774109	0.0385932
0.0297632	0.0026468	0.0379252
0.0517673	0.0169071	0.0358826
0.0200787	0.0104873	0.0388377
0.0439846	0.01419	0.036145
0.0445209	0.00535682	0.0362598
0.0222509	0.0126827	0.0385626
0.0113344	0.00927952	0.0395909
0.0162523	0.00388876	0.0392429
0.0317238	0.00249942	0.0377321
0.0407552	0.00703696	0.0367288
0.0279115	0.0155786	0.0379376
0.0307222	0.00724693	0.0377488
0.0303096	0.0134672	0.0377042
0.0338335	0.0031803	0.0373932
0.0338804	0.00900862	0.0374504
0.0455084	0.00741983	0.0363671
0.034015	0.0133119	0.0373354
0.0231554	0.0108112	0.0384981
0.014704	0.0157463	0.0394111
0.0300241	0.0138159	0.037912
0.0173205	0.0068888	0.0390812
0.0213067	0.0136784	0.0388106
0.0355733	0.0154715	0.0370342
0.0275929	0.0160807	0.0378898
0.0324297	0.0141152	0.037541
0.0189667	0.010807	0.0388282
0.0318126	0.0139575	0.0377339
0.0146565	0.0154679	0.0393851
0.021106	0.0171215	0.0388348
0.0335386	0.0112089	0.0374772
0.00771582	0.0145654	0.0400769
0.0310567	0.00947671	0.0378099
0.0307887	0.0157792	0.0378331
0.0340458	0.0151972	0.0374463
0.0476523	0.0117541	0.0360576
0.0362913	0.0107679	0.0373412
0.0348648	0.00927948	0.0374075
0.0375153	0.0166141	0.0370914
0.0338774	0.014455	0.0376316
0.0383319	0.00920387	0.0369997
0.0410789	0.0120801	0.0367974
0.015865	0.000548645	0.0394819
0.0373186	0.00551505	0.0370326
0.0140831	0.0163357	0.0394719
0.0262665	0.0131527	0.0382007
0.0419522	0.0103691	0.0365475
0.0335493	0.00979683	0.0374245
0.0391262	0.0138558	0.0370634
0.0489656	0.0117033	0.0361653
0.0188485	0.0181696	0.0391317
0.0354148	0.00755071	0.0372129
0.0237083	0.00288112	0.0383744
0.0020635	0.0141375	0.040866
0.0438274	0.0129815	0.0365097
0.0278066	0.00300211	0.0382768
0.0250643	0.0130343	0.0383549
0.036194	0.0129927	0.037212
0.02812	0.00523574	0.0379974
0.0349858	0.00754158	0.0374
0.0158096	0.0128835	0.039242
0.0117354	0.00786679	0.0397042
0.0336289	0.0164606	0.037476
0.0402573	0.0169553	0.0364945
0.0316497	0.0112721	0.0376636
0.0396686	0.00418733	0.0367555
0.045618	0.0048959	0.0363849
0.0208401	0.00948278	0.0389032
0.00654467	0.0100326	0.0400825
0.0163798	0.015309	0.0393197
0.0156582	0.00983396	0.0393294
0.0302252	0.010732	0.0379424
0.0239986	0.00667102	0.0383142
0.0437644	0.0130712	0.0363082
0.0394155	0.00974949	0.0368408
0.0301381	0.000551377	0.0378848
0.0344427	0.0144924	0.0374368
0.0188717	0.016186	0.0388711
0.0415995	0.0152825	0.0366578
0.0309341	0.00544864	0.037804
0.0220381	0.0128738	0.0387251
0.0259444	0.00176417	0.0381769
0.0300006	0.0113828	0.0379154
0.0447765	0.0105635	0.0364314
0.0332706	0.00447877	0.0374573
0.0251967	0.0105424	0.0382832
0.0367623	0.0113255	0.037172
0.0135812	0.0129781	0.0395991
0.0419718	0.0141391	0.0366209
0.0286176	0.0157693	0.0380615
0.0231648	0.0127737	0.038578
0.0442449	0.0106258	0.0366034
0.022276	0.011177	0.038588
0.0394469	0.00742224	0.0368586
0.0269236	0.0180468	0.0383078
0.0316411	0.0103115	0.0376673
0.0285365	0.00872957	0.038003
0.0371804	0.00826738	0.0370892
0.0385173	0.0124634	0.0370376
0.0280272	0.00815276	0.0379957
0.00406472	0.00199429	0.0404392
0.0247224	0.0154551	0.0383872
0.0259967	0.0096369	0.0382796
0.0369013	0.0118017	0.0372398
0.0341129	0.00816805	0.0373411
0.0195735	0.00516844	0.0388879
0.0248106	0.000433933	0.0382821
0.0269822	0.0145704	0.0381393
0.0389302	0.00631789	0.0369803
0.03788	0.000173443	0.0371259
0.0284883	0.00699684	0.0379894
0.0258539	0.0121086	0.0382659
0.0371954	0.0167889	0.0369536
0.0369582	0.00558663	0.0372116
0.0223413	0.0153052	0.0386548
0.030231	0.015217	0.0379009
0.0276106	0.0157094	0.0381793
0.012468	0.0108564	0.0395427
0.0312322	0.00236023	0.0376871
0.0226236	0.012457	0.0386875
0.0304828	0.0084083	0.0378229
0.000627254	0.010163	0.0406874
0.0207935	0.000699316	0.0386361
0.0234734	0.00973523	0.0385231
0.0253509	0.0083433	0.0383828
0.0290301	0.00737657	0.0378815
0.0195023	0.0142881	0.0388753
0.0222008	0.00112677	0.0385479
0.0360637	0.0167248	0.0374381
0.019507	0.0116333	0.0388543
0.0356975	0.00743608	0.0372308
0.0455355	0.000711424	0.0364153
0.0280949	0.00953239	0.0380434
0.0263582	0.0148397	0.0381133
0.0224522	0.0098904	0.0386767
0.0181709	0.0123885	0.0390628
0.0352815	0.00933845	0.0373239
0.0352784	0.00835804	0.0373548
0.0153614	0.00474049	0.0392503
0.031488	0.00962893	0.0377729
0.0192188	0.0120259	0.0388847
0.0424073	0.00373686	0.0366186
0.0168116	0.0136226	0.0391809
0.0421878	0.00523446	0.036633
0.0390347	0.00215642	0.0370339
0.0245263	0.00512657	0.0383859
0.0286247	0.0142249	0.0379635
0.0368327	0.0111352	0.0370692
0.0231741	0.0166861	0.038664
0.0410173	0.0116289	0.0365196
0.0245135	0.0141136	0.038311
0.0286219	0.00907886	0.038001
0.0357015	0.0091856	0.0372746
0.0224027	0.0118227	0.0385762
0.0259967	0.0155821	0.0383262
0.0235554	0.00357278	0.0385353
0.0225183	0.00983294	0.0386016
0.0348209	0.00507626	0.0373143
0.0216171	0.00982478	0.0387165
0.0443456	0.0042357	0.0364301
0.0230155	0.0120258	0.0385878
0.0309029	0.0143575	0.0379078
0.0453306	0.0168767	0.0365063
0.0164918	0.00523898	0.0392386
0.0301878	0.0130795	0.0378589
0.0343802	0.0159069	0.0375908
0.0375057	0.00702283	0.0370105
0.0405061	0.0116512	0.0366465
0.0341904	0.0166832	0.0374639
0.022412	0.0132151	0.0386779
0.0294495	0.0164409	0.0379877
0.0274792	0.0142286	0.038121
0.0222258	0.0102451	0.038729
0.0222537	0.00583337	0.0385742
0.0292421	0.0089691	0.0379172
0.0283461	0.000533176	0.0379563
0.038064	0.00990524	0.0369827
0.0147249	0.0104135	0.0395159
0.0412596	0.00961883	0.0367304
0.042951	0.0128252	0.0364148
0.0348373	0.0105786	0.0375031
0.0231943	0.00928449	0.0385073
0.0366779	0.0122993	0.0372444
0.0218566	0.0141238	0.0386536
0.0325069	0.0041365	0.0375244
0.0422322	0.0123389	0.0368135
0.0480445	0.00798652	0.0361149
0.030613	0.0156057	0.0376608
0.037573	0.0160086	0.0368048
0.0493487	0.0141808	0.0357003
0.0205647	0.00809251	0.0387775
0.0273113	0.00890592	0.0380767
0.0242678	0.0127254	0.0383949
0.0480048	0.0130606	0.0360657
0.0335106	0.0146279	0.0373602
0.0273144	0.0168648	0.0382032
0.0435454	0.00341948	0.0365509
0.0374278	0.00961703	0.037049
0.0191447	0.00857855	0.0389883
0.0423246	0.0178998	0.0365824
0.0266148	0.0107228	0.038266
0.0474544	0.00592253	0.0361801
0.0266214	0.0159965	0.0382644
0.0394584	0.00394981	0.0368999
0.0371284	0.0151798	0.0373068
0.0345463	0.00616321	0.0373059
0.0309773	0.0115616	0.0376952
0.026709	0.00692934	0.0381624
0.0429177	0.00311588	0.0364179
0.0399864	0.00383507	0.0369202
0.00842197	0.0116633	0.0402592
0.0333895	0.01476	0.0376658
0.0300798	0.0160982	0.0376203
0.0401827	0.00717697	0.0369652
0.0140211	0.00655871	0.0394885
0.0264604	0.0100356	0.0382994
0.0383169	0.0110779	0.037011
0.0423937	0.00804976	0.0365144
0.0214016	0.0149293	0.038737
0.0237355	0.0116496	0.0385313
0.025524	0.0127723	0.0384494
0.0269519	0.0144147	0.038224
0.032375	0.0102126	0.0375762
0.0451357	0.0130594	0.0363295
0.0283669	0.0142681	0.0380651
0.0101809	0.0117407	0.0397417
0.0334824	0.0157889	0.0375554
0.0198798	0.00475812	0.0388342
0.0339088	0.0127126	0.0375892
0.0120088	0.00903267	0.0395171
0.025939	0.0114875	0.0381747
0.0319092	0.00243979	0.0376828
0.0357952	0.0095178	0.0372335
0.0347391	0.0134409	0.0372386
0.0342295	0.00685814	0.0374777
0.0296345	0.00363587	0.0379407
0.030091	0.0130473	0.0377866
0.044378	0.0112598	0.036606
0.0360708	0.00478386	0.0372807
0.023571	0.0158329	0.0386193
0.0519239	0.0169749	0.0356982
0.0271732	0.0159316	0.0381029
0.0442692	0.0169228	0.036059
0.0329097	0.00852387	0.0374636
0.0115522	0.00851275	0.0396466
0.0386524	0.00791394	0.0368988
0.0402235	0.00927264	0.0368556
0.0191149	0.00681878	0.0389677
0.0273485	0.00565242	0.0380428
0.0259044	0.00813735	0.0382163
0.0368278	0.0165345	0.0370196
0.00656543	0.00672191	0.0401791
0.0318852	0.0156419	0.0378626
0.0344303	0.00648468	0.0373407
0.0388629	0.0103949	0.0367779
0.0332738	0.0128164	0.0375844
0.037557	0.0113632	0.0370587
0.0431119	0.00762078	0.0365632
0.0289928	0.00164563	0.0378967
0.0311532	0.00173419	0.0377193
0.0398799	0.0135583	0.0368417
0.0291201	0.0140699	0.0380013
0.0398292	0.00636037	0.0367545
0.0473537	0.0154767	0.0360322
0.0322126	0.0151979	0.0375
0.0332701	0.013108	0.0375586
0.0493868	0.00528665	0.0359702
0.020757	0.0110872	0.0387217
0.0459394	0.0141593	0.0359325
0.0434729	0.0119081	0.0363632
0.017433	0.00933269	0.0391521
0.0398488	0.0100023	0.0368668
0.0250789	0.00355709	0.0383185
0.0364018	0.0169621	0.0370538
0.0290063	0.00503483	0.0378435
0.0176134	0.0108954	0.0390646
0.0369382	0.0140637	0.0371433
0.0278459	0.00776693	0.038015
0.0163821	0.013046	0.039359
0.0278904	0.0106291	0.0380203
0.0339834	0.00675717	0.0373851
0.0188379	0.0140816	0.0390006
0.033547	0.0141044	0.0375249
0.0292331	0.00616071	0.0379948
0.0303909	0.00539894	0.0378157
0.0130845	0.0137343	0.0395002
0.0227466	0.0138964	0.0386581
0.0207751	0.00861826	0.0388433
0.0309507	0.0109678	0.037879
0.0427952	0.00831697	0.0366327
0.0315008	0.0116517	0.037702
0.0387598	0.004615	0.0369007
0.0318734	0.0183161	0.0373793
0.0438518	0.00954293	0.0364766
0.0363778	0.00709294	0.0372825
0.0285213	0.0116693	0.0379124
0.0256099	0.0109925	0.0382499
0.0198322	0.0118991	0.0388215
0.0418151	0.00635611	0.0367389
0.0267672	0.000511512	0.038093
0.0403161	0.0119933	0.0368653
0.022539	0.00844335	0.0386229
0.00504656	0.00892085	0.0406188
0.0299622	0.00955726	0.0378044
0.0305528	0.0136386	0.0378495
0.0302403	0.0123897	0.0378319
0.0288765	0.0111249	0.0380331
0.0259259	0.0151012	0.0382249
0.0396261	0.00612521	0.0368986
0.0389689	0.0117483	0.0369931
0.0386828	0.00856771	0.0369165
0.0364521	0.013573	0.0372857
0.0321084	0.00164893	0.0376441
0.0345917	0.0174976	0.0375896
0.0391025	0.013962	0.0369628
0.0354113	0.0108153	0.0373513
0.0428151	0.0114478	0.0365583
0.0211504	0.0011104	0.0386948
0.0326601	0.010894	0.0375774
0.0295479	0.0103905	0.0377919
0.0422756	0.015551	0.0364235
0.0311368	0.0127694	0.0377235
0.0242534	0.00523999	0.038393
0.0382137	0.0158133	0.0369978
0.0272402	0.0145726	0.0380176
0.0391183	0.00659745	0.0368285
0.0316244	0.00605413	0.03771
0.0482086	9.96943e-05	0.0357994
0.0222023	0.0111882	0.0385859
0.0184835	0.0164194	0.0390672
0.0173512	0.015156	0.0391106
0.0506052	0.00786541	0.0359806
0.0288718	0.0110626	0.0379994
0.0266534	0.0161502	0.038148
0.00709502	0.0114387	0.0400769
0.00525399	0.0178254	0.0403151
0.0160899	0.0155699	0.0392317
0.0373771	0.00975224	0.0370291
0.0250665	0.0135613	0.0382153
0.021172	0.00936762	0.0387697
0.0378503	0.00989234	0.037061
0.0293834	0.0130035	0.0379437
0.0350412	0.0126556	0.0372368
0.0271667	0.00246072	0.0381601
0.0237703	0.011958	0.0385732
0.0314756	0.0145267	0.0377135
0.0227097	0.013811	0.0385016
0.0395638	0.0168882	0.036571
0.0406157	0.00565878	0.0368101
0.0407225	0.00681628	0.0367653
0.0335811	0.00717541	0.037411
0.0318922	0.0128202	0.037545
0.0274279	0.00513196	0.0380258
0.0501775	0.0121701	0.0356309
0.0298204	0.00686198	0.0378294
0.0400012	0.0162022	0.036998
0.0226188	0.0106069	0.038673
0.0234547	0.0112421	0.0385558
0.0304498	0.0148952	0.0378752
0.0319643	0.00448497	0.0376922
0.033038	0.0104977	0.0375071
0.042102	0.00920553	0.0366352
0.0296868	0.0156835	0.0379533
0.0249792	0.0130291	0.0384221
0.00108027	0.00610668	0.0410466
0.0505786	0.0144723	0.0355238
0.0106281	0.00916693	0.0397821
0.0332083	0.00671989	0.0374692
0.028058	0.0095079	0.0381192
0.0379641	0.0114969	0.0368544
0.027841	0.00637274	0.0379868
0.0195051	0.00573747	0.0389026
0.0345492	0.00525061	0.0374116
0.0440799	0.0167507	0.0362514
0.0279062	0.0158719	0.0381355
0.0379041	0.0116791	0.0370248
0.042141	0.0137545	0.0365875
0.00567405	0.00743301	0.040278
0.018812	0.0168561	0.0390424
0.0195674	0.00771539	0.0388217
0.0314081	0.00994709	0.0375998
0.0299953	0.0167765	0.0378716
0.0395556	0.000464486	0.0369137
0.0256861	0.0100047	0.0382383
0.0311206	0.0120673	0.0377848
0.0483794	0.002375	0.0359091
0.0296962	0.000405698	0.0379049
0.0280719	0.0117353	0.0379536
0.0245739	0.013243	0.0383097
0.0334073	0.00940165	0.0375146
0.0360655	0.0117285	0.0372921
0.0304344	0.0136538	0.0378594
0.0431293	0.00717053	0.0366794
0.0407854	0.0145907	0.0366137
0.0182769	0.0129127	0.0388861
0.0524073	0.0128908	0.0356468
0.0323571	0.0040434	0.0377515
0.0311326	0.00176642	0.0376643
0.0435608	0.00949915	0.0364686
0.0342201	0.0156698	0.037534
0.0371098	0.00386146	0.0371497
0.0421235	0.00809754	0.0365999
0.0351557	0.0123426	0.0372797
0.0377017	0.0156876	0.0370869
0.0329854	0.00320161	0.0374657
0.0289748	0.011106	0.037996
0.0441015	0.0142278	0.0364432
0.0307005	0.00957064	0.0376936
0.0425313	0.0126325	0.0364605
0.0439688	0.0170057	0.0364688
0.0458416	0.00154663	0.0361786
0.0436262	0.00390807	0.0365424
0.027346	0.0133355	0.0380163
0.033537	0.0110514	0.0375397
0.0114455	0.00347262	0.0399028
0.0330641	0.00996562	0.0375821
0.0229455	0.0130385	0.0386289
0.044983	0.00899889	0.0362997
0.0261187	0.00498851	0.0381859
0.00810825	0.00999631	0.0398721
0.0300987	0.0132638	0.0378666
0.0511646	0.0118027	0.0356328
0.0274943	0.00245946	0.0381768
0.0361428	0.0147479	0.0372762
0.0316651	0.0125661	0.037567
0.0204826	0.00408581	0.0388088
0.0154039	0.00714868	0.0391446
0.0410593	0.0129635	0.0364885
0.0346853	0.0107699	0.0373819
0.0217649	0.013286	0.038708
0.0336259	0.0137035	0.03743
0.0175173	0.00163693	0.0391198
0.0148911	0.016812	0.0395277
0.0354954	0.0054803	0.0371955
0.025304	0.0039379	0.0383858
0.0156768	0.00472688	0.0391835
0.0402334	0.00581989	0.0367216
0.0300917	0.0050594	0.0376895
0.0211737	0.00447505	0.0387467
0.0339426	0.000373487	0.0372577
0.0401741	0.0126813	0.0370106
0.0302062	0.0104311	0.0378877
0.0458258	0.0127545	0.0362565
0.0285986	0.0149359	0.0380064
0.0265782	0.00504414	0.0382759
0.0252249	0.0091479	0.0382552
0.0430667	0.00991757	0.0364374
0.0276529	0.00183255	0.0380205
