0.0200425	0.0113855	0.0386845
0.0357187	0.0109793	0.036973
0.0291082	0.00999567	0.0376669
0.0384347	0.0134358	0.0368429
0.0385702	0.0114553	0.0369349
0.0117841	0.00994863	0.0394871
0.0283698	0.0119475	0.0378525
0.0373949	0.000195879	0.037079
0.0328692	0.0012533	0.0372984
0.0338296	0.0137432	0.0373184
0.0289955	0.011337	0.037792
0.0221646	0.0093445	0.0384937
0.032887	0.0117869	0.0372739
0.0323577	0.00111338	0.0373986
0.0449842	0.0123678	0.0361343
0.0349212	0.0115689	0.037156
0.0301694	0.0109686	0.0375533
0.0217509	0.0096057	0.0384077
0.0275643	0.0164461	0.0378526
0.0347332	0.0021453	0.0368968
0.0487117	0.010323	0.0356574
0.0336577	0.01093	0.0373275
0.0194676	0.0134465	0.0385605
0.0183161	0.0118752	0.038739
0.0292349	0.00787642	0.0377858
0.024656	0.0109677	0.0382029
0.0293955	0.0110559	0.0376379
0.0454222	0.0103481	0.0361086
0.0163676	0.00293578	0.0391591
0.0417739	0.00100486	0.0363467
0.036705	0.0129368	0.0370812
0.0445614	0.00717419	0.0363282
0.0341387	0.00956821	0.0371134
0.0283489	0.00892346	0.0379695
0.0182113	0.00494112	0.0387473
0.0270817	0.0152418	0.0380282
0.0345695	0.00320959	0.0373144
0.0140138	0.0152531	0.0392413
0.0179818	0.00813732	0.0388454
0.0213133	0.00730055	0.0384625
0.0539701	0.0083459	0.0352869
0.03432	0.00494204	0.0374538
0.0227939	0.0125081	0.0382917
0.0266022	0.000680741	0.0380591
0.0390183	0.0145015	0.036617
0.0318422	0.0148641	0.0374979
0.0279979	0.0151828	0.0379969
0.017777	0.0158093	0.0388155
0.0216964	0.00747863	0.0384511
0.0217784	0.00936403	0.0384532
0.0380638	0.0126114	0.0369146
0.0497803	0.0139661	0.0356688
0.0367572	0.00940218	0.0369739
0.0290234	0.009389	0.0376875
0.0289426	0.00235181	0.0379005
0.0214783	0.00297727	0.0383989
0.0449883	0.012258	0.036114
0.0261163	0.0127489	0.0380991
0.0436424	0.00468993	0.0362543
0.0197683	0.0101442	0.0387905
0.040261	0.00800211	0.036595
0.0257694	0.0108033	0.0381932
0.0185378	0.00581428	0.0387712
0.0372662	0.0136759	0.0369122
0.018643	0.0073258	0.0387342
0.0289173	0.0120787	0.0378097
0.0379421	0.0107257	0.0369076
0.0334386	0.00806054	0.0372462
0.028815	0.00938826	0.0377171
0.0301178	0.00442562	0.0376014
0.0222351	0.00245449	0.0382119
0.0376821	0.0134882	0.0369149
0.029357	0.0132464	0.0377569
0.0411469	0.00679537	0.0364724
0.0225889	0.0124682	0.0384616
0.0361083	0.0119607	0.0371221
0.0213527	0.00123129	0.0384697
0.043167	0.0138281	0.036255
0.0326652	0.0106463	0.0373997
0.0351112	0.0130396	0.0371398
0.0230967	0.0115105	0.0383051
0.0226992	0.00935343	0.0383552
0.00889109	0.00658509	0.0400021
0.026016	0.0101908	0.0381305
0.0285038	0.0110111	0.0378372
0.0263721	0.0107255	0.0380328
0.0285522	0.00851277	0.0377469
0.0359531	0.0144535	0.0369052
0.0444155	0.0139239	0.036309
0.0321013	0.0153365	0.0373632
0.0193933	0.0150562	0.0386673
0.0411887	0.0144108	0.0366556
0.0246088	0.0200734	0.03833
0.0313119	0.0153132	0.0374741
0.0234918	0.0114647	0.0382899
0.030736	0.00932659	0.0375974
0.039313	0.00569994	0.0369534
0.0291678	0.00354083	0.0376946
0.0358158	0.0107157	0.0369946
0.0398766	0.00657491	0.0366804
0.0265334	0.00758861	0.0379277
0.0341623	0.0133791	0.0372317
0.0437566	0.00576035	0.0363139
0.00542955	0.0163296	0.0398952
0.0469836	0.0163009	0.0359436
0.0290461	0.00724568	0.0376816
0.020233	0.00443007	0.0385387
0.0200073	0.00826743	0.0386482
0.0196115	0.0126138	0.0387188
0.0252727	0.0152011	0.0381734
0.0312619	0.0130856	0.0374888
0.0176885	0.00296464	0.0389453
0.0269221	0.00180339	0.0380212
0.0227788	0.0159089	0.0383292
0.0394385	0.00547953	0.0364717
0.0220398	0.00541426	0.0382959
0.0331079	0.0033888	0.0373436
0.0320436	0.0137044	0.0375296
0.0299187	0.0154441	0.0377502
0.0425177	0.0076699	0.0364638
0.0325016	0.0126876	0.0374352
0.0421612	0.0142593	0.0365801
0.031532	0.010977	0.0374501
0.0352582	0.0143809	0.0371732
0.0396826	0.00921654	0.0366711
0.0356323	0.0122595	0.0371062
0.0496706	0.0085415	0.0357123
0.0346541	0.0103189	0.0372486
0.0306971	0.0123757	0.0376902
0.0352589	0.00345251	0.0370836
0.0183462	0.0152662	0.0387731
0.0279431	0.0143295	0.037923
0.0332484	0.00757909	0.0371969
0.00608586	0.0065857	0.0399394
0.0427756	0.000801257	0.0364175
0.017065	0.0147846	0.0389904
0.0161339	0.013842	0.0390485
0.037338	0.0129229	0.036995
0.0300249	0.00963706	0.0376951
0.0366465	0.00901257	0.0369872
0.0196996	0.011128	0.0386561
0.0386917	0.00317999	0.0365056
0.0295046	0.016749	0.0376735
0.0264966	0.00503834	0.0379512
0.0248886	0.00556375	0.0380857
0.0397735	0.0150473	0.0368135
0.0135907	0.0126053	0.0392777
0.0124124	0.0111469	0.0393266
0.0109002	0.00889975	0.0396707
0.0484905	0.00797374	0.0358234
0.032322	0.00736177	0.0373617
0.00903651	0.00368804	0.0394189
0.0366968	0.0126635	0.036988
0.0384993	0.01183	0.0367053
0.0331929	0.0107541	0.0373586
0.02682	0.0169027	0.0380734
0.0253792	0.00664977	0.0380917
0.0332748	0.00697323	0.0374052
0.0237333	0.0116506	0.0381711
0.0426495	0.0110732	0.0365526
0.027162	0.0135856	0.0379899
0.0254995	0.00874636	0.0382509
0.0415607	0.0123912	0.036389
0.0232409	0.00449071	0.0381321
0.0198118	0.0122532	0.0386819
0.0233072	0.00806476	0.0382879
0.0293404	1.40652e-05	0.0379705
0.0366211	0.0120959	0.0370778
0.0154963	0.0137203	0.0389525
0.0202249	0.00768619	0.0387596
0.0296194	0.0148422	0.0377098
0.0309757	0.00398555	0.0374668
0.0447376	0.0116382	0.0363036
0.0187745	0.0126005	0.038871
0.0151584	0.00272279	0.0392828
0.0292511	0.0151795	0.0377249
0.0466505	0.0144879	0.0360097
0.0239654	0.0135363	0.0382418
0.0284892	0.0142841	0.0378174
0.0201969	0.0149197	0.0384985
0.0197896	0.013475	0.0387424
0.0414496	0.00958832	0.0365409
0.0349194	0.00909855	0.03721
0.0350396	0.00391228	0.0368971
0.0466627	0.00309395	0.036036
0.0362444	0.00225823	0.0369522
0.0374257	0.00360091	0.0368572
0.0238002	0.0115275	0.0382835
0.0295256	0.00955229	0.0377392
0.0538437	0.00787953	0.0351491
0.0135427	0.0167161	0.0390855
0.02109	0.0146632	0.0384416
0.0247102	0.00821954	0.0381431
0.0430293	0.0117258	0.0363206
0.0325158	0.00863611	0.0374378
0.0342065	0.00671023	0.0372062
0.0443237	0.0149592	0.0361508
0.0395558	0.00498631	0.0367516
0.0379238	0.0008456	0.0369179
0.0437678	0.0062711	0.0362645
0.0432747	0.0152829	0.0363648
0.0340351	0.0141183	0.037339
0.0227781	0.000604257	0.0384284
0.0318455	0.0144197	0.0373915
0.0388908	0.0102654	0.0367755
0.0333883	0.0135077	0.0373938
0.0251784	0.00125535	0.0380668
0.0199545	0.0116578	0.0385823
0.0305593	0.0146784	0.0376343
0.0293538	0.0119431	0.0377691
0.0178523	0.0150391	0.0387687
0.0373252	0.0088963	0.0368665
0.0201741	0.0151167	0.0386798
0.02704	0.0107935	0.0378784
0.0299721	0.00806129	0.037518
0.0355265	0.00678509	0.0371493
0.0303288	0.0145133	0.0375379
0.0170453	0.0112773	0.0388925
0.0324093	0.00964932	0.0374784
0.0395911	0.0115926	0.0365842
0.0278238	0.000576249	0.0377232
0.0350296	0.0036732	0.0372651
0.0305501	0.01045	0.0376328
0.0339782	0.00587338	0.0373471
0.0433762	0.0126959	0.0362966
0.0105404	0.0108905	0.0395667
0.0247882	0.0122944	0.0381668
0.0362996	0.0130224	0.0371086
0.053129	0.00174899	0.0352508
0.0325489	0.0053933	0.0374982
0.0279118	0.0103851	0.0378728
0.0343408	0.0057117	0.0371958
0.0306825	0.0109329	0.0377105
0.0187738	0.0083456	0.0387356
0.027024	0.0156572	0.0378751
0.0260529	0.00513919	0.0379924
0.0219624	0.0129606	0.0384732
0.0352925	0.00976757	0.037078
0.0267432	0.00714246	0.0379707
0.0344768	0.00610051	0.0371604
0.0417986	0.0119611	0.0365763
0.0258774	0.0120103	0.0380966
0.0402473	0.0134156	0.0365544
0.0399991	0.0165343	0.0367932
0.0291004	0.0146567	0.0376351
0.0271183	0.00743428	0.0380364
0.0339342	0.011429	0.0372786
0.0274197	0.0164681	0.0379798
0.0328355	0.00287251	0.0371134
0.00433318	0.0176371	0.0400175
0.0175382	0.00748552	0.03885
0.0331503	0.00424487	0.0374005
0.039539	0.0149401	0.0367885
0.030268	0.00534257	0.0375598
0.0224932	0.00925466	0.0384525
0.0118409	0.0119139	0.0395084
0.0394005	0.00419466	0.0367865
0.0228731	0.0134175	0.0384138
0.0180862	0.013486	0.038795
0.0264197	0.00891188	0.0379389
0.0130288	0.00464207	0.0393364
0.040433	0.00829413	0.0365932
0.0291845	0.0138248	0.037798
0.0334076	0.00865014	0.0374851
0.0257394	0.00613152	0.0382074
0.031262	0.00526025	0.0375098
0.0420223	0.0118915	0.0363167
0.00415712	0.0120949	0.0400479
0.0257778	0.0107518	0.0380771
0.0406945	0.012466	0.0366554
0.021312	0.0082684	0.0384816
0.0379439	0.0142379	0.0369121
0.0427742	0.00577694	0.0363345
0.0230626	0.0020761	0.0382495
0.0119772	0.00955062	0.0394383
0.0469091	0.00802991	0.0357704
0.0341072	0.00496615	0.0373088
0.0381361	0.0166666	0.0369106
0.0309019	0.0144119	0.0376512
0.042677	0.0128373	0.036434
0.0367424	0.00930595	0.0369099
0.0340588	0.0138012	0.0373047
0.0344208	0.00695513	0.0371906
0.0120455	0.00796918	0.0396286
0.021476	0.0163299	0.0384458
0.0317453	0.009898	0.0375442
0.0225367	0.00658045	0.0383299
0.0178432	0.0119296	0.0389679
0.0371956	0.00666157	0.0367384
0.0213507	0.0147354	0.0385797
0.0248845	0.0117682	0.0380652
0.0317739	0.0129618	0.0374842
0.0276665	0.0150064	0.0379212
0.0142111	0.0139967	0.0390813
0.0401737	0.0126588	0.0366579
0.0267157	0.013315	0.0380253
0.0300903	0.010959	0.0376743
0.0292081	0.0125353	0.0376904
0.0201243	0.00300317	0.038562
0.0473838	0.0103673	0.0360031
0.0132124	0.016538	0.039404
0.0244604	0.00947892	0.0381874
0.0359042	0.0090906	0.0369144
0.0281896	0.00871919	0.0377919
0.0219714	0.00591531	0.0383908
0.0268145	0.00981243	0.0379322
0.042849	0.0216733	0.0364662
0.0309977	0.00873858	0.03754
0.0512451	0.0119934	0.0356248
0.0138408	0.00926302	0.0393789
0.0182603	0.0113005	0.0386902
0.00391043	0.0112311	0.0402888
0.00949689	0.0113495	0.0397351
0.036324	0.0100513	0.0368965
0.0350972	0.00374758	0.0371256
0.0325026	0.0130718	0.0372959
0.0387543	0.00719325	0.0368484
0.0244914	0.000812985	0.0378819
0.0329741	0.0127394	0.0372674
0.0354694	0.013391	0.0372089
0.0217285	0.0108767	0.0384253
0.031164	0.0104081	0.0375104
0.0269616	0.00878116	0.0380079
0.0452335	0.00698918	0.0361653
0.0374403	0.00912182	0.0369657
0.0385702	0.0118387	0.0368872
0.0378313	0.0123356	0.0368545
0.0271108	0.0111312	0.0379713
0.0303121	0.0147087	0.0376128
0.0163818	0.0111621	0.0390534
0.0380286	0.0154475	0.0368701
0.0237695	0.00935527	0.038413
0.0316755	0.0128986	0.0375262
0.0327478	0.0100305	0.0373229
0.0375287	0.0164489	0.0369584
0.0189556	0.0140856	0.0387985
0.0218674	0.0165336	0.0383648
0.0416068	0.00654176	0.0364753
0.0208034	5.44071e-05	0.0385231
0.0240219	0.00575148	0.0380933
0.0254238	0.0103502	0.038158
0.0277328	0.0110824	0.0378646
0.0196421	0.000663999	0.038577
0.0271317	0.00632241	0.037936
0.0393537	0.0123547	0.0366496
0.0236655	0.0127592	0.038264
0.0416452	0.0167743	0.0365275
0.0324921	0.00576834	0.0373479
0.0332059	0.0129154	0.0373678
0.025045	0.0157945	0.0381132
0.0182005	0.0152298	0.0390153
0.0265821	0.00675728	0.0379286
0.0207335	0.013066	0.038689
0.019068	0.0158044	0.0388002
0.0458396	0.015355	0.0361936
0.0412734	0.00484945	0.0366258
0.0189497	0.0130881	0.0386765
0.0412733	0.00531256	0.0364337
0.0358938	0.00571765	0.0370304
0.0252002	0.00834224	0.0382238
0.034136	0.00994852	0.0371992
0.0273092	0.0121824	0.037976
0.0415053	0.00337689	0.036584
0.00724001	0.00938743	0.0395978
0.0299081	0.00638832	0.0376999
0.0274586	0.00656412	0.0378348
0.0269515	0.0129214	0.0380009
0.039037	0.00951264	0.0368195
0.0341317	0.0162381	0.037315
0.0494934	0.0100613	0.0356489
0.0189496	0.0098242	0.0388381
0.0216748	0.00117013	0.0384515
0.0161035	0.00204681	0.0390001
0.0304493	0.0137927	0.0376813
0.0141442	0.00707909	0.0391665
0.04334	0.0106179	0.036165
0.037674	0.0157814	0.0370274
0.0214443	0.00702034	0.0383632
0.0174614	0.0163283	0.0387622
0.0215072	0.0114497	0.0385087
0.0345576	0.000176038	0.0373459
0.00354358	0.00465607	0.0401282
0.00682824	0.0106746	0.0399974
0.0412655	0.00126229	0.0364245
0.0453689	0.00139076	0.0362781
0.0215671	0.0134742	0.0384594
0.0220615	0.0121823	0.0383824
0.0179952	0.00321912	0.0389968
0.0316405	0.00787594	0.0374894
0.0363268	0.0115475	0.037066
0.0166597	0.0135235	0.0389028
0.0237742	0.00781578	0.0381866
0.0169829	0.00439846	0.0387881
0.0253208	0.00894515	0.0382113
0.0388477	0.00458353	0.0368949
0.01767	0.00421405	0.0388475
0.034348	0.00716933	0.0372895
0.0209506	0.0148331	0.038456
0.0391435	0.00538899	0.0367424
0.0417822	0.0132045	0.0365052
0.0398443	0.0102312	0.0366995
0.0288797	0.0159602	0.0377933
0.0297615	0.0159147	0.0377171
0.0268916	0.0144832	0.0380797
0.0267497	0.00407168	0.0379583
0.0374418	0.0131426	0.0369393
0.0451471	0.0083565	0.0361202
0.0283944	0.0141806	0.0377817
0.0349548	0.00571636	0.037128
0.0271521	0.0126966	0.038002
0.0256733	0.00533736	0.0381916
0.0257582	0.0157961	0.0381218
0.0223351	0.00728917	0.038402
0.0363088	0.00438178	0.0370111
0.0322444	0.0107525	0.0373762
0.0308012	0.00469859	0.0373648
0.0226747	0.00947091	0.0383551
0.0230963	0.0098298	0.0382333
0.0413619	0.00886306	0.0364855
0.00740326	0.00651823	0.0400135
0.0379873	0.00548083	0.0368245
0.0236317	0.0160145	0.0383648
0.0192326	0.0152375	0.0386026
0.0204713	0.0120816	0.0385764
0.0269445	0.011693	0.0378651
0.0234057	0.0033515	0.0381795
0.0317972	0.013579	0.0375337
0.0221336	0.00632879	0.0384526
0.0130477	0.000988299	0.0390765
0.0321228	0.0115255	0.0374969
0.0402554	0.0113522	0.0367713
0.0332403	0.00828547	0.0373098
0.0478821	0.0139569	0.0356406
0.0271942	0.00310793	0.0379599
0.0409296	0.00353778	0.0366451
0.00494594	0.0136228	0.0402332
0.0439006	0.00923909	0.0362147
0.0201974	0.0157545	0.0385663
0.0376842	0.00609946	0.0369603
0.0235629	0.0124967	0.0383273
0.048238	0.00423924	0.0357007
0.028605	0.0123041	0.0378102
0.0228739	0.0151498	0.0384607
0.0290078	0.0133781	0.037805
0.0298528	0.00339503	0.0377803
0.0418752	0.00419251	0.0365851
0.0413815	0.0134854	0.0365094
0.0335365	0.0163084	0.0373176
0.0321343	0.0133829	0.0374691
0.0339959	0.0144778	0.0372768
0.0344547	0.00886042	0.037153
0.0123359	0.00250253	0.0393171
0.0164593	0.000604905	0.0388915
0.0323405	0.000430552	0.0373485
0.0241058	0.0159902	0.0383487
0.0332285	0.0152506	0.0373968
0.0342958	0.0144096	0.0372734
0.021289	0.0084529	0.0386274
0.0447288	0.00975853	0.0362173
0.0281916	0.00904473	0.0377926
0.0236471	0.00646428	0.0384008
0.0444618	0.00700709	0.036239
0.027582	0.00570413	0.0379022
0.0318558	0.00745671	0.037328
0.0281104	0.0113893	0.0377775
0.0242613	0.0161691	0.0382113
0.0291165	0.0054763	0.0378458
0.0217615	0.00436143	0.038686
0.0452155	0.0159085	0.036257
0.0263978	0.00690505	0.0381939
0.0202863	0.0146711	0.0385158
0.0109385	0.0155833	0.0395604
0.0333579	0.0109589	0.0373538
0.0286459	0.0145677	0.0378551
0.0310504	0.0118231	0.0376016
0.0321904	0.00697486	0.0374085
0.017429	0.0160901	0.0387908
0.0379585	0.00959505	0.0369408
0.0183628	0.0160146	0.0386965
0.0225634	0.0108443	0.0384094
0.0188167	0.0166304	0.0388191
0.0282057	0.0147806	0.0379457
0.0328583	0.00163869	0.037253
0.0214835	0.00885683	0.0384813
0.0233443	0.00985075	0.0382115
0.0473509	0.0143386	0.0360429
0.0273097	0.010886	0.0379439
0.0267549	0.0153074	0.0380408
0.0225406	0.0110951	0.0384762
0.0265946	0.0105395	0.0380038
0.0376762	0.00274564	0.0369853
0.0200523	0.00112325	0.0383547
0.0290247	0.00173231	0.0376877
0.0231169	0.0132711	0.0382314
0.0361022	0.0084032	0.0371
0.0413511	0.0115808	0.0364776
0.0211257	0.00183737	0.0388076
0.0160564	0.0053686	0.0390779
0.0159241	0.0143922	0.0391323
0.0310309	0.0100385	0.0376171
0.022602	0.00287943	0.0384448
0.00292877	0.015754	0.0401609
0.0304926	0.0195866	0.0376951
0.0449675	0.00889653	0.0362015
0.0273341	0.00577768	0.0379573
0.0339092	0.0152534	0.0372641
0.0259823	0.00164628	0.0382081
0.0312963	0.00979838	0.0374709
0.019693	0.00705082	0.0386563
0.0227625	0.0115201	0.0383536
0.0357557	0.0103572	0.0370152
0.0412325	0.000571514	0.0366311
0.0341915	0.00505102	0.037303
0.0166619	0.00283729	0.0389981
0.0215831	0.0107609	0.0384843
0.0434244	0.00111708	0.0361857
0.0346611	0.0142945	0.0372125
0.0332243	0.0028659	0.0372778
0.0210404	0.00994075	0.0386169
0.0172744	0.0125462	0.0389257
0.0348635	0.0143612	0.037136
0.0333859	0.0116442	0.037251
0.0286202	0.00927442	0.0377543
0.011467	0.00245711	0.0394933
0.0261478	0.00263922	0.0380914
0.026788	0.0127894	0.0379802
0.0363275	0.00840255	0.0370156
0.0314155	0.00172354	0.0376609
0.0287611	0.0125131	0.037756
0.032517	0.00725801	0.037451
0.0420884	0.012984	0.0366096
0.0320668	0.0135484	0.0375278
0.0326721	0.0123323	0.0374029
0.0271882	0.00555814	0.0378827
0.0365989	0.00779946	0.0369791
0.0221514	0.00385829	0.0384294
0.015717	0.0111002	0.0391808
0.0338647	0.0140584	0.0372479
0.0190417	0.00267561	0.0385166
0.00419493	0.0107615	0.0402934
0.030092	0.00635584	0.0376209
0.0375641	0.013038	0.0369272
0.0349573	0.000244632	0.0370226
0.026686	0.0127947	0.0380409
0.0296948	0.0136232	0.0377493
0.0240542	0.0143866	0.0382155
0.0336538	0.00559134	0.0372557
0.023517	0.00867491	0.0384439
0.0238566	0.0119617	0.0383169
0.0344456	0.00825506	0.03726
0.0323169	0.0161838	0.0375259
0.0434902	0.00662093	0.0364281
0.0339569	0.0113346	0.0373071
0.0340414	0.00926077	0.0372842
0.0314793	0.0110849	0.0374677
0.0251342	0.0117249	0.0381587
0.0374007	0.0101053	0.0369925
0.0341732	0.0157848	0.0370649
0.00657438	0.0146072	0.0398054
9.96887e-05	0.00635966	0.0408182
0.0272709	0.00841013	0.0379028
0.0207374	0.0149012	0.0387338
0.0449128	0.00884225	0.0362442
0.0425375	0.00411337	0.0364519
0.0309573	0.00957375	0.0375747
0.0256587	0.0128852	0.0380934
0.0397763	0.0124373	0.0366774
0.0320552	0.0147541	0.0374702
0.0343431	0.00611943	0.0371974
0.00164678	0.0103654	0.0406301
0.0202949	0.00550772	0.0387487
0.0272531	0.0121015	0.0379838
0.0255245	0.00735628	0.0380841
0.0519796	0.00400259	0.0354404
0.0119678	0.00801034	0.0396363
0.0140604	0.00363307	0.0393835
0.0297643	0.0136753	0.0375933
0.0287044	0.0124743	0.037756
0.0406841	0.00763745	0.0365886
0.042548	0.0126477	0.036323
0.0215007	0.00595262	0.0383545
0.025375	0.00762057	0.0380589
0.0442112	0.0104466	0.0362253
0.0206479	0.00797757	0.0385095
0.0457337	0.0133674	0.036073
0.0276538	0.0107081	0.037936
0.0273214	0.0144157	0.037888
0.0183988	0.0108746	0.0388584
0.0323529	0.0116346	0.037368
0.0328605	0.0108479	0.0374267
0.0281935	0.00975336	0.0379058
0.0259779	0.00927084	0.0380044
0.0292794	0.00540786	0.037761
0.0472384	0.00573274	0.0358281
0.0345833	0.0131599	0.0372309
0.0288099	0.0142461	0.0377431
0.0167363	0.00242429	0.0388624
0.0197162	0.00262995	0.0384945
0.0281504	0.0074983	0.0378233
0.0398397	0.00416197	0.0366165
0.0158407	0.00923923	0.0390882
0.0303518	0.0158385	0.0375852
0.0268748	0.00380953	0.037987
0.0405139	0.00800889	0.0367241
0.0180124	0.0128688	0.038874
0.0351056	0.0100177	0.0370802
0.00831087	0.0119623	0.0397757
0.0271459	0.0116299	0.037906
0.0287041	0.0161118	0.0377763
0.0313692	0.00943162	0.0376704
0.0449217	0.012389	0.0361273
0.0448517	0.00817865	0.0361005
0.0116031	0.0151514	0.0393923
0.0133178	0.00722853	0.0392931
0.0260307	0.0153525	0.0379285
0.0296446	0.0106934	0.0377233
0.0181301	0.00309913	0.0389804
0.0412659	0.0119103	0.036545
0.0356849	0.00439036	0.037125
0.0420533	0.00754485	0.0364295
0.0316504	0.000400352	0.0376198
0.0381489	0.0113643	0.0369201
0.0131435	0.00962454	0.0392909
0.0519149	0.0138177	0.0354765
0.0386405	0.0124278	0.0367916
0.0343894	0.00838459	0.0372034
0.0423212	0.00721362	0.0362095
0.0237752	0.0155106	0.0383181
0.0315224	0.00974104	0.0375422
0.0253585	0.00810675	0.0380018
0.0324568	0.00757772	0.037384
0.0399414	0.015319	0.0367087
0.0359502	0.0148879	0.0371466
0.0329842	0.0114829	0.0374024
0.0191343	0.00692228	0.0387199
0.0178191	0.0109303	0.0389367
0.0396041	0.00562323	0.0366267
0.0306466	0.0151337	0.0375886
0.0279409	0.013972	0.0378469
0.0272949	0.00940836	0.0379387
0.0363085	0.0158697	0.0371585
0.035663	0.0158114	0.0371752
0.019363	0.0155863	0.0388421
0.0197203	0.0135964	0.0388086
0.0301169	0.00434365	0.0374286
0.027411	0.0123646	0.0379239
0.0332957	0.00569834	0.0372679
0.0303971	0.00741043	0.0374602
0.0455465	0.0130689	0.0360162
0.0138964	0.0146667	0.0391182
0.0275862	0.0129525	0.0379027
0.0301173	0.0066365	0.0376205
0.0411142	0.00104317	0.0367198
0.0333606	0.00704036	0.0373041
0.026556	0.0145136	0.0380989
0.0257549	0.0151093	0.0381753
0.0260707	0.00740333	0.0380025
0.0344422	0.0144196	0.0370673
0.0172442	0.00302002	0.0387905
0.0302785	0.00652903	0.0374731
0.0095382	0.00243639	0.0399063
0.0264664	0.00812127	0.0379557
0.0329196	0.00736029	0.0372889
0.0248252	6.33675e-05	0.0380431
0.0218678	0.00523517	0.0384777
0.036982	0.010038	0.0368882
0.0503104	0.0154899	0.0357751
0.0259061	0.00847617	0.0381506
0.0248469	0.0142901	0.0381563
0.0330813	0.00575198	0.0373158
0.0363198	0.00945261	0.0368825
0.0263787	0.00886423	0.0380734
0.0322904	0.0104324	0.0373611
0.0302359	0.0078081	0.0376016
0.0311533	0.00977352	0.037609
0.0432221	0.00387781	0.0362029
0.0360584	0.0113266	0.0371225
0.0223951	0.0105922	0.0383876
0.0280422	0.013697	0.0378585
0.0263857	0.0105989	0.0380362
0.0435969	0.0110652	0.0364095
0.0148622	0.00998195	0.0391257
0.0477414	0.00493474	0.0357633
0.0299217	0.000275086	0.0375044
0.0331246	0.00810704	0.0373303
0.0210392	0.00534516	0.0386751
0.0319717	0.00898645	0.0374906
0.0237195	0.00496947	0.0382927
0.0350239	0.00831914	0.0371559
0.0235324	0.00951452	0.0383144
0.0281088	0.0152118	0.0379765
0.0407004	0.0125455	0.036679
0.0356488	0.0123751	0.0371518
0.0287448	0.0133334	0.037841
0.0289216	0.00873434	0.0378433
0.0302875	0.00312377	0.0375646
0.0317817	0.00494723	0.0376966
0.0333819	0.010667	0.0373334
0.0333	0.00829146	0.0372841
0.0351877	0.00856493	0.0371662
0.018449	0.0104047	0.0387839
0.0230131	0.0115294	0.0382475
0.0455862	0.00572299	0.036236
0.032936	0.00587504	0.0374166
0.012931	0.0141452	0.0393587
0.0012907	0.0137481	0.0403077
0.0358331	0.0085832	0.036915
0.0248654	0.00723947	0.0381587
0.0383021	0.015929	0.0367775
0.0440589	0.00868879	0.0362797
0.0424179	0.014467	0.036443
0.030024	0.0137097	0.0377321
0.0287994	0.0152883	0.0377556
0.0193119	0.0131507	0.0387117
0.0177838	0.0163034	0.0387341
0.0186931	0.00323615	0.0386536
0.0329812	0.0138817	0.0374111
0.0385893	0.00649528	0.0368179
0.0264204	0.0136103	0.0380567
0.0275669	0.015587	0.0379008
0.00696016	0.00576748	0.0397886
0.0413118	0.000839546	0.0361237
0.021905	0.0145869	0.0385186
0.0256917	0.015062	0.0381476
0.0399565	0.0137119	0.036642
0.0401132	0.00743022	0.0366831
0.0225967	0.00745866	0.0384197
0.0351848	0.0165447	0.0372731
0.0406348	0.0150306	0.03668
0.0340127	0.0149802	0.0371216
0.0260375	0.0102145	0.0379808
0.0390883	0.00230302	0.0364453
0.0422239	0.0152579	0.0365079
0.0276127	0.0118608	0.0379223
0.0284627	0.014026	0.0377881
0.0339254	0.0161985	0.0373026
0.0144882	0.0126462	0.0393249
0.0238956	0.0130824	0.0382489
0.0231345	0.00696058	0.0383446
0.0333309	0.00536543	0.0374138
0.0367423	0.0110723	0.0370519
0.0288048	0.013987	0.0378434
0.0289978	0.00994439	0.0376691
0.0311947	0.00860159	0.0375058
0.0191028	0.0141569	0.038784
0.0331564	0.010731	0.0373695
0.0181137	0.0108131	0.0388732
0.0273198	0.0165651	0.0378144
0.0414871	0.013036	0.0364681
0.0410091	0.00484923	0.0366908
0.0267444	0.0121013	0.0379513
0.0409338	0.00544562	0.036543
0.0462666	0.00767709	0.036102
0.0356188	0.00499454	0.0370534
0.0380104	0.0160093	0.0368376
0.0177217	0.0104228	0.0389586
0.0341458	0.0096722	0.0372797
0.0432899	0.00866938	0.0363715
0.0407222	0.010008	0.0365518
0.0328414	0.0147542	0.0373011
0.043615	0.0100911	0.0362458
0.0257222	0.0132931	0.0381742
0.0380419	0.00398517	0.0367968
0.02959	0.00939006	0.0377145
0.0363702	0.00537744	0.0370964
0.0215753	0.00928853	0.0385429
0.0251167	9.47938e-05	0.0379854
0.0381743	0.00571945	0.0367973
0.0292581	0.0114564	0.0376622
0.0371881	0.0157442	0.0368742
0.0174684	0.00699787	0.0389631
0.0312807	0.0150067	0.0376419
0.0291093	0.00642616	0.037697
0.0260707	0.0147136	0.0380787
0.0190434	0.0155668	0.0386282
0.0278222	0.00960858	0.037879
0.0282423	0.0152062	0.0379138
0.0205754	0.0116443	0.0385364
0.0260698	0.0124302	0.0380011
0.0311982	0.00192829	0.0376127
0.0198924	0.0105656	0.0386412
0.0314053	0.0146961	0.0374967
0.0248498	0.0141941	0.0381561
0.0209284	0.00939693	0.0384448
0.0312377	0.0123582	0.0376329
0.0334785	0.0128823	0.0372015
0.00409533	0.0138877	0.0402536
0.0460956	0.0130961	0.0361776
0.0241758	0.00114835	0.0381613
0.0134076	0.0128954	0.0393652
0.0270869	0.00666254	0.0379757
0.0340033	0.0112717	0.0372802
0.0261161	0.00838293	0.0381047
0.0235131	0.0151527	0.0384044
0.0145664	0.0119625	0.0392216
0.0452293	0.00854825	0.0362489
0.0487701	0.0126232	0.0359227
0.0260641	0.0158735	0.0380815
0.0295193	0.0100248	0.0377719
0.0296673	0.0109193	0.0376138
0.0317486	0.00687291	0.0374623
0.0342834	0.0133184	0.0372171
0.0417648	0.00896018	0.0363401
0.0440487	0.00747987	0.0364673
0.0411438	0.0159746	0.0366301
0.0222047	0.0105287	0.0384701
0.0296799	0.0041455	0.0377427
0.0257043	0.0162745	0.0380427
0.0125726	0.00788068	0.0394095
0.0432642	0.00603566	0.0362308
0.0304256	0.0158684	0.0375776
0.0114825	4.79548e-05	0.0393695
0.0287806	0.0106228	0.0377696
0.0402771	0.00506848	0.0367207
0.0273689	0.00761227	0.0380062
0.0362578	0.0129044	0.0370541
0.0177264	0.003214	0.039097
0.0445953	0.0138735	0.0362497
0.0229408	0.00487413	0.0384712
0.0196415	0.0135763	0.0387128
0.0157703	0.0110533	0.0391612
0.00417163	0.00601158	0.0405223
0.0243202	0.0150684	0.0382683
0.0192183	0.015353	0.0387275
0.0231408	0.0100941	0.0383301
0.0297328	0.0139049	0.0376432
0.0533765	0.0110345	0.0352019
0.0359215	0.0125381	0.0369874
0.0271619	0.00482355	0.0378418
0.0260878	0.0137033	0.0381537
0.0313134	0.0123653	0.0375716
0.0344963	0.00860616	0.0372521
0.0343877	0.00928859	0.0372
0.0279727	0.0103755	0.0378935
0.036817	0.0138682	0.0370394
0.0269882	0.003202	0.037897
0.0216809	0.00163451	0.0387377
0.0323175	0.00860348	0.0374705
0.0318435	0.00655362	0.0374558
0.0334145	0.000791581	0.0372334
0.0377713	0.0104548	0.0369437
0.0480341	0.00820418	0.0357478
0.0259994	0.0129207	0.038097
0.0374901	0.00637238	0.0367073
0.0160035	0.00118927	0.0390797
0.0118236	0.0126763	0.0396255
0.039615	0.0108715	0.0367421
0.00959963	0.00168539	0.0399088
0.0478639	0.016271	0.0358488
0.0271898	0.0160082	0.0379038
0.0322354	0.0087023	0.0374409
0.0359238	0.0119248	0.037118
0.0213539	0.0166154	0.03865
0.0348108	0.0121564	0.0371998
0.0452411	0.00561105	0.0358625
0.0519025	0.0119644	0.0353435
0.037039	0.00444203	0.0370092
0.0289465	0.00148932	0.0376672
0.0308422	0.00451863	0.0373297
0.0403445	0.0118195	0.036585
0.0307858	0.0156719	0.0376827
0.035539	0.00866055	0.0371143
0.0331569	0.00270331	0.0372057
0.0451459	0.0059132	0.0358911
0.0443216	0.0169063	0.0363392
0.0250117	0.00454932	0.0382687
0.0391561	0.00758221	0.0367005
0.0267832	0.00961574	0.0379787
0.0330144	0.0159554	0.0373675
0.0294977	0.0125924	0.0376438
0.0297703	0.00967451	0.0376968
0.0367839	0.0116299	0.0368856
0.0255475	0.00717517	0.0380126
0.0315181	0.0113575	0.0374587
0.0304814	0.0134463	0.0376783
0.042693	0.0105857	0.0364951
0.0495894	0.0123573	0.0358466
0.0413423	0.0137	0.0365249
0.0319544	0.00767591	0.0373987
0.022846	0.0114326	0.0383505
0.0154812	0.0102709	0.0389707
0.0376088	0.00737219	0.0370957
0.036264	0.0146469	0.0371186
0.0312782	0.0140414	0.0375705
0.0122925	0.0167913	0.0394868
0.0353938	0.0152473	0.0371862
0.0316927	0.00965746	0.037448
0.0415043	0.0112393	0.0365285
0.00930949	0.0163029	0.0399173
0.0296359	0.0139813	0.0376534
0.0286459	0.0139009	0.0378358
0.0107259	0.0120218	0.0396399
0.0451075	0.00230909	0.0362218
0.0256542	0.00343318	0.0378424
0.0268847	0.00738697	0.0380551
0.0268318	0.0130776	0.0378813
0.00926825	0.0115648	0.0396727
0.0217592	0.0152906	0.0384084
0.0304604	0.00803902	0.0376871
0.0352865	0.0155845	0.0372492
0.0157513	0.00979714	0.0390314
0.0287486	0.0128409	0.0378293
0.0128532	0.0112869	0.0392834
0.0537734	0.0133118	0.0353618
0.0318388	0.0127638	0.0374791
0.0118507	0.0066901	0.039491
0.0336447	0.000585839	0.0373842
0.010795	0.0140127	0.0396169
0.0358377	0.00456969	0.0369912
0.0291251	0.00906758	0.0377628
0.0218965	0.0141788	0.038595
0.028187	0.0062262	0.0378143
0.0265885	0.00830483	0.0380606
0.0451877	0.000520091	0.0360439
0.0227984	0.00226499	0.0383249
0.0187798	0.00176777	0.038659
0.0329752	0.0130137	0.0373932
0.0322943	0.00651151	0.0372525
0.0304728	0.0122529	0.0376334
0.0232321	0.00221616	0.0382007
0.0469309	0.0121328	0.0358708
0.0388484	0.00514741	0.0367294
0.0401987	0.0134095	0.0367234
0.0424644	0.00657847	0.0363177
0.0223237	0.0055259	0.038281
0.0259584	0.0154492	0.0381455
0.0202126	0.0100271	0.0386192
0.0166701	0.00487541	0.0389062
0.0351331	0.0164438	0.0369446
0.023539	0.0120454	0.0382747
0.0233615	0.00689415	0.0382796
0.0319173	0.011668	0.0374054
0.0381333	0.0140282	0.036959
0.0269331	0.00567165	0.0377857
0.0296719	0.0122355	0.0377902
0.022407	0.0106407	0.0383016
0.0351272	0.0184023	0.0371291
0.0319802	0.0150504	0.0374826
0.0327928	0.0102758	0.0373905
0.025713	0.00441945	0.0380522
0.0159167	0.00600455	0.0389957
0.0330795	0.0154597	0.0373845
0.0284512	0.0155135	0.0378937
0.0323922	0.00383722	0.037473
0.0345001	0.0108658	0.037151
0.0315112	0.00117763	0.0377825
0.0345638	0.0139574	0.0372119
0.0349453	0.00225767	0.0373133
0.0355075	0.0166277	0.0371084
0.0261531	0.0164451	0.038003
0.0272024	0.00943025	0.0378872
0.0349688	0.0127749	0.0371789
0.0331569	0.0163618	0.0373756
0.0271112	0.0133668	0.0379108
0.0227399	0.0137424	0.0384404
0.0349167	0.00527861	0.0372486
0.0346323	0.0126146	0.0370947
0.0308253	0.0147664	0.0375972
0.0395942	0.0158042	0.0366946
0.00461057	0.0144961	0.0402492
0.019942	0.0122822	0.0387015
0.0245719	0.0158878	0.0383801
0.0234846	0.0151881	0.0384003
0.0366645	0.00693925	0.0367963
0.0100215	0.0072738	0.0397467
0.0379245	0.0125757	0.0367978
0.0386927	0.00367198	0.0367314
0.016087	0.00606076	0.0389513
0.0416644	0.00586934	0.0365832
0.0233086	0.00456832	0.0382443
0.0110264	0.00562697	0.0396235
0.0286115	0.0134516	0.0377865
0.0351639	0.0124745	0.0371544
0.0428787	0.00502901	0.0360974
0.0234558	0.00476809	0.0382561
0.0275744	0.0111333	0.0379081
0.0384174	0.00216059	0.036786
0.0294238	0.0102809	0.0376267
0.0408538	0.0142999	0.036604
0.0273458	0.0136502	0.0379664
0.0287175	0.0117966	0.0378
0.0209685	0.0142687	0.0385889
0.0430803	0.0128699	0.0364735
0.024212	0.0139002	0.0383134
0.0406295	0.000309091	0.036424
0.0264712	0.00248468	0.0382567
0.0252244	0.010556	0.0381292
0.0217897	0.0158282	0.0385462
0.0315377	0.0117777	0.037534
0.0333645	0.0154338	0.0374328
0.0357102	0.00966496	0.0371294
0.0334108	0.0141445	0.0373049
0.031133	0.0129899	0.0374395
0.0391399	0.000326002	0.0366569
0.0360325	0.0013621	0.037197
0.0324419	0.0134444	0.0373097
0.0310714	0.0114722	0.0375225
0.0233637	0.000149022	0.038238
0.0423246	0.0100788	0.036531
0.0218501	0.00608845	0.0383288
0.0193537	0.00758203	0.0387112
0.0226149	0.00228769	0.0386367
0.033416	0.0146905	0.0372939
0.0274659	0.0119731	0.0379168
0.0424337	0.0103887	0.0364379
0.0318408	0.00726809	0.0375225
0.015957	0.0114655	0.0390353
0.0218941	0.00664979	0.0384479
0.0230518	0.0075389	0.0382329
0.0362606	0.00708244	0.0370541
0.0316596	0.0114087	0.0375064
0.0406106	0.0157	0.0365461
0.0202388	0.00152046	0.0386668
0.0360856	0.0157195	0.0371648
0.0432383	0.0057045	0.0365736
0.0252392	0.00945075	0.0381269
0.0298819	0.0147588	0.0376152
0.0196528	0.0146178	0.0386803
0.0357684	0.0107087	0.0371424
0.0393786	0.0141658	0.0367622
0.0150637	0.0159209	0.0389918
0.0425081	0.0128722	0.0364023
0.0468451	0.00854697	0.0360151
0.040286	0.00598108	0.0367305
0.017768	0.00437214	0.0386975
0.00802664	0.0120962	0.0396999
0.0207243	0.0173666	0.0388311
0.0466302	0.00957482	0.0362032
0.0285805	0.010803	0.0378056
0.034194	0.0149101	0.0371623
0.038729	0.0100096	0.0367073
0.0322936	0.00797553	0.0374325
0.0282447	0.00881746	0.0379846
0.0165218	0.00525658	0.0390419
0.0424404	0.0128366	0.0364027
0.0375969	0.0130747	0.0369109
0.0337652	0.00771486	0.0372628
0.0210322	0.0169065	0.0384888
0.00213795	0.0124194	0.0402341
0.0205133	0.0138311	0.0386544
0.00652328	0.010835	0.0401538
0.042791	0.00301955	0.0363126
0.0240002	0.00465907	0.0381846
0.0186572	0.0113332	0.0387052
0.0364895	0.00852678	0.0370665
0.0224557	0.0165353	0.0385204
0.0328767	0.0102436	0.0373754
0.0330194	0.013003	0.0373887
0.0422644	0.00810418	0.03634
0.0384078	0.00908791	0.0368225
0.0406539	0.0108224	0.0367237
0.0459717	0.00677251	0.0360599
0.0224771	0.00887366	0.0383794
0.0378911	0.0125373	0.0369618
0.0334725	0.00619258	0.0372169
0.0198635	0.0107785	0.0386551
0.017024	0.0167896	0.0389569
0.028404	0.0124498	0.0377763
0.0173307	0.00466896	0.038879
0.0193362	0.00249019	0.0384832
0.0269136	0.012967	0.0379695
0.0248917	0.0139197	0.0381155
0.0394698	0.00631619	0.036676
0.0293442	0.0111674	0.0377296
0.0400243	0.00417036	0.0366049
0.0368432	0.00328401	0.0370203
0.0370923	0.00923372	0.0368315
0.0432475	0.0114457	0.0363981
0.0178643	0.0117028	0.0386919
0.0339644	0.0143648	0.0373614
0.0460244	0.00438886	0.0360858
0.0442188	0.00139574	0.0360739
0.0180233	0.0142135	0.0389758
0.0236465	0.0159326	0.0382467
0.00761207	0.0147515	0.0398855
0.0262947	0.0135196	0.0380756
0.0143699	0.00995122	0.0392046
0.0357792	0.0151506	0.037133
0.0308135	0.0152998	0.0376293
0.0345518	0.0165231	0.0372739
0.0279808	0.00983566	0.03799
0.0263441	0.0168036	0.0379825
0.0405351	0.00651925	0.0366115
0.0136643	0.0127687	0.0392228
0.0173408	0.014889	0.0390503
0.0280858	0.0114495	0.0379595
0.0387531	0.0129152	0.0366926
0.0204171	0.00896926	0.0385851
0.0172419	0.0166743	0.0389861
0.0244192	0.00665789	0.0381171
0.0305988	0.0129612	0.0375996
0.0190215	0.0143476	0.0387451
0.0359902	0.015363	0.0370184
0.0275946	0.00447099	0.037911
0.0505694	0.00963516	0.0357607
0.0352608	0.0140364	0.0371836
0.0368039	0.00772116	0.0370423
0.0260952	0.00361706	0.0379676
0.0165549	0.0127089	0.0388952
0.0333249	0.0144165	0.0372953
0.0215823	0.0116396	0.0385696
0.0315424	0.0119133	0.037524
0.0248973	0.00475927	0.038095
0.0380456	0.00971635	0.0368792
0.00564429	0.00860372	0.040104
0.0214977	0.00963935	0.0384666
0.0412228	0.00532475	0.0366516
0.0313358	0.0132623	0.0375004
0.0505691	0.0010343	0.0355164
0.0480935	0.0126932	0.035645
0.0484667	0.00987336	0.0359178
0.0347031	0.0112332	0.0371585
0.017853	0.0023865	0.03873
0.0317266	0.0168087	0.0373
0.0419413	0.0110881	0.0364858
0.0123867	0.0135652	0.0394774
0.0213505	0.0161081	0.0386008
0.0236091	0.00573903	0.038403
0.0350864	0.00590426	0.0370709
0.0263259	0.0123003	0.0380329
0.0347638	0.0034489	0.037279
0.00973235	0.00790247	0.039582
0.0283931	0.00209413	0.0378485
0.0346462	0.0159972	0.0370397
0.0309841	0.0140012	0.0376016
0.0362118	0.00992508	0.0371033
0.0230752	0.0142322	0.0383666
0.0489237	0.0114919	0.035844
0.0380991	0.0151738	0.0366581
0.0351384	0.0129738	0.0370735
0.0335219	0.00589051	0.0372103
0.0451963	0.012022	0.0360906
0.0188155	0.0121532	0.0388505
0.0113954	0.0147656	0.0397126
0.0265487	0.0111077	0.0380051
0.0394574	0.00612215	0.0366784
0.0371803	0.00457547	0.0368733
0.0397495	0.0104781	0.0366042
0.0287722	0.00740476	0.0376598
0.0257671	0.0145915	0.0380693
0.0218401	0.0114925	0.0384082
0.030547	0.0131743	0.0376048
0.0343245	0.010828	0.0372115
0.0370739	0.0124313	0.0369786
0.0463896	0.0107345	0.0360379
0.0221666	0.00737885	0.0384712
0.0312868	0.0135533	0.0376148
0.0370491	0.00735437	0.0368742
0.00981273	0.0123012	0.0397259
0.0115979	0.0111546	0.0392298
0.0187418	0.00655192	0.0387417
0.0325092	0.0104658	0.0373487
0.0211793	0.00373967	0.0383724
0.0277114	0.0133356	0.0378497
0.0309352	0.0185079	0.0374858
0.0203124	0.00820134	0.0385125
0.020374	0.0127472	0.03848
0.029044	0.0115609	0.0378084
0.0312716	0.00406879	0.0377607
0.0233602	0.00771261	0.0383259
0.0374271	0.0139198	0.0368631
0.00559573	0.0153289	0.0400109
0.0329057	0.0134361	0.0374156
0.0309209	0.0105568	0.0375977
0.0174727	0.0113393	0.0388959
0.0285844	0.0144058	0.0376963
0.0304278	0.00502924	0.0375773
0.0306897	0.0139735	0.0375097
0.0303491	0.00323954	0.0373788
0.016296	0.0148695	0.0390706
0.0425268	0.0112325	0.0364676
0.0333548	0.00795558	0.0373194
0.0275719	0.0115426	0.0379164
0.0235649	0.0165361	0.038185
0.0277892	0.00647743	0.0379087
0.0353102	0.013452	0.0371133
0.0204518	0.00773544	0.0384918
0.019233	0.00465381	0.0386182
0.0361073	0.00910233	0.0370899
0.0436494	0.00278138	0.0362207
0.0400793	0.0116302	0.0366779
0.0094146	0.00374782	0.0396198
0.0400918	0.00574074	0.036609
0.0417455	0.012903	0.0364661
0.0351365	0.0061998	0.0371053
0.026061	0.0111367	0.0380345
0.0331791	0.0129484	0.0373342
0.0159522	0.00777223	0.0390081
0.0371874	0.00798542	0.0369337
0.0301748	0.00665329	0.0374817
0.0458721	0.0136991	0.0361723
0.0236236	0.00401163	0.0380868
0.0249595	0.0155926	0.038112
0.0203622	0.00794308	0.0387249
0.00248294	0.0148902	0.0404791
0.0311591	0.00706451	0.0375807
0.0270706	0.00778854	0.0378559
0.043947	0.00646709	0.0361618
0.0370911	0.00885311	0.0369087
0.0306094	0.00760232	0.0375804
0.0190733	0.00843291	0.0387088
0.0288975	0.00838232	0.0377485
0.0332218	0.0028917	0.0374626
0.0333488	0.00856891	0.0371742
0.0239841	0.0131192	0.0382667
0.0272132	0.0120947	0.0379877
0.0118551	0.0124716	0.039413
0.0405857	0.00753026	0.0366761
0.0321579	0.013438	0.037531
0.0299739	0.00780356	0.0378293
0.0372404	0.00455418	0.036847
0.00956763	0.0127117	0.0397522
0.0203037	0.0109426	0.0386041
0.0339575	0.0121742	0.0372474
0.0302314	0.00885444	0.037591
0.0351533	0.0091897	0.0372036
0.0128376	0.00753109	0.0391078
0.0301955	0.0159825	0.0377389
0.0257738	0.00659768	0.0380538
0.0144448	0.0119342	0.0392232
0.0472392	0.00829168	0.0358567
0.0242218	0.00986118	0.0383604
0.0319603	0.0112257	0.0375109
0.016563	0.00683853	0.0390078
0.0380961	0.0112387	0.0368855
0.0507222	0.00879984	0.0357944
0.0314709	0.0153441	0.0375341
0.0530404	0.00408929	0.0355414
0.0315901	0.00556923	0.0375517
0.0418114	0.00810174	0.0366125
0.012435	0.0134703	0.039417
0.0285424	0.000148151	0.0379418
0.0237849	0.00813159	0.038284
0.0390016	0.0115587	0.0367975
0.0305585	0.0120794	0.0376502
0.0121499	0.0162731	0.0395389
0.0264064	0.0148027	0.0379017
0.0298127	0.00679241	0.0376342
0.0377755	0.0092158	0.0368046
0.0372588	0.00967395	0.0369798
0.0509446	0.00193258	0.0351901
0.0277919	0.0105437	0.0378876
0.0269862	0.0142085	0.038005
0.0246774	0.00934708	0.0381493
0.0394647	0.00811741	0.036764
0.0328637	0.0134918	0.0372608
0.0237615	0.0154652	0.0383429
0.0176489	0.0053082	0.0387947
0.0194391	0.0119465	0.0387048
0.022639	0.00383236	0.038283
0.0309929	0.00562409	0.0376198
0.0296441	0.00828676	0.0376331
0.0321503	0.01585	0.0374779
0.0223032	0.0103909	0.0383722
0.0172652	0.0122462	0.0387451
0.0206025	0.0112704	0.0386357
0.0278587	0.00905037	0.0378803
0.0265657	0.0123838	0.0379639
0.0320693	0.0144137	0.0375279
0.0295326	0.00819899	0.0376953
0.0214302	0.00781153	0.0386289
0.011239	0.0128808	0.0394327
0.0305156	0.0133653	0.0375704
0.0280333	0.0117954	0.0378424
0.0367337	0.0169404	0.0371102
0.0363173	0.0153189	0.0370341
0.0438956	0.0125717	0.036343
0.0222432	0.00753794	0.0384197
0.0134922	0.0142473	0.0394874
0.0149525	0.0149995	0.0393467
0.02507	0.00495802	0.0383502
0.0425382	0.0159441	0.0363894
0.0342051	0.0123334	0.0372856
0.0403938	0.0108672	0.036523
0.0431124	0.00758569	0.0363686
0.0434586	0.0111581	0.0364239
0.0316069	0.00944974	0.0375146
0.0337768	0.00368235	0.0372513
0.0164716	0.0141721	0.0390805
0.0199737	0.00611922	0.0386851
0.0386233	0.00474047	0.0368698
0.036151	0.0134811	0.0370678
0.0328327	0.000699283	0.0373355
0.026519	0.00611368	0.0380171
0.0307643	0.0116632	0.0375752
0.0330086	0.0129639	0.0373508
0.0450536	0.0125693	0.0361311
0.0231118	0.00823442	0.0383315
0.030514	0.0107012	0.0375837
0.0117627	0.00755354	0.0392001
0.0362203	0.0131305	0.0369743
0.0231954	0.00218401	0.0382256
0.0158109	0.0181701	0.0388961
0.0352478	0.0157007	0.037199
0.0202885	0.00815885	0.0385822
0.0216519	0.00455785	0.0385086
0.0531271	0.0124947	0.0355017
0.0341592	0.0134414	0.0371869
0.0236501	0.0118418	0.0381784
0.0273276	0.0164514	0.0378758
0.0390343	0.0138976	0.0365875
0.0219357	0.0159623	0.0384089
0.0311906	0.0134083	0.037621
0.031408	0.0126746	0.0374362
0.0291552	0.00870469	0.0377691
0.04167	0.00321061	0.0366043
0.0387891	0.0167346	0.0369116
0.0466255	0.0127951	0.0359629
0.0508234	0.00677598	0.0357432
0.0164187	0.0139958	0.0390517
0.0288618	0.00838829	0.0378152
0.0424812	0.00467325	0.036133
0.026247	0.0146117	0.0380596
0.0382967	0.0167577	0.0368012
0.0284585	0.00791944	0.0379748
0.0157143	0.0170076	0.0389277
0.0304625	0.0144377	0.0376922
0.0296369	0.0134985	0.0377333
0.0329097	0.0026793	0.0372291
0.0258331	0.00942159	0.0380587
0.0257543	0.00882381	0.038036
0.047848	0.0136858	0.0358607
0.0322332	0.0164662	0.0373561
0.0408791	0.0166824	0.0365621
0.0421098	0.00492822	0.0366925
0.0250536	0.0121807	0.0380669
0.0385791	0.00762285	0.0367782
0.0157229	0.00842136	0.0391519
0.0250469	0.00413352	0.0381919
0.0278467	0.0118799	0.0378603
0.0327382	0.0119789	0.0374009
0.0274913	0.00796414	0.0379193
0.0142882	0.0124888	0.0393655
0.0316213	0.00933401	0.037493
0.0293966	0.00876688	0.0376676
0.0326335	0.00586956	0.0373616
0.0338834	0.0132533	0.0372581
0.0181629	0.0160153	0.0388848
0.0355466	0.00587179	0.0370656
0.0314899	0.0134975	0.0374824
0.0248818	0.0105378	0.0382824
0.0372027	0.00843327	0.0369229
0.0282593	0.00972757	0.0377875
0.0357452	0.00573294	0.0371704
0.0272074	0.0092171	0.0378894
0.0329451	0.0168706	0.0373724
0.0392901	0.0160913	0.0367035
0.0163012	0.00947532	0.0389564
0.0468628	0.0126522	0.036019
0.00502657	0.00169601	0.040249
0.0314639	0.013507	0.037546
0.0389919	0.00467779	0.0368447
0.0384157	0.00960635	0.0367405
0.0368318	0.0143897	0.0370374
0.0188792	0.0155516	0.0388242
0.0375162	0.00488262	0.0368959
0.0334842	0.00549222	0.0372082
0.0330293	0.0119211	0.0374693
0.029815	0.00778698	0.0376687
0.0378385	0.0119181	0.0368796
0.0169038	0.00637131	0.0390198
0.0417166	0.0082451	0.0364264
0.0367508	0.00224779	0.0366857
0.0268047	0.00461565	0.0380167
0.0197294	0.014921	0.0385546
0.0333408	0.0133313	0.037355
0.0345878	0.0102529	0.0372542
0.0166512	0.0065714	0.0389557
0.0356437	0.00395449	0.0370736
0.0265518	0.0108891	0.0380622
0.030398	0.00460673	0.0375442
0.0206322	0.0160253	0.0385252
0.0346336	0.0127124	0.0370903
0.020463	0.0149105	0.0385652
0.0287028	0.00871403	0.0377034
0.0225895	0.00105805	0.0384713
0.0249923	0.00533084	0.0381138
0.0433297	0.012264	0.0362412
0.0188712	0.0165912	0.0387111
0.0416446	0.0153485	0.0364479
0.0472774	0.00524994	0.0361294
0.0105192	0.0065553	0.0394727
0.0428154	0.0103719	0.0364013
0.00955178	0.00522862	0.0396905
0.0410786	0.000935434	0.0365056
0.0156406	0.0164839	0.0390547
0.0391656	0.0133989	0.036772
0.0199363	0.0166858	0.0385925
0.0439331	0.0081713	0.0363503
0.021221	0.0145775	0.0385915
0.03574	0.0161666	0.0370209
0.0426665	0.00875005	0.0364025
0.0327198	0.00921137	0.0374477
0.0243662	0.0144436	0.0383308
0.0441063	0.00815904	0.0364152
0.0144291	0.0148442	0.0392185
0.0356176	0.0120891	0.0371409
0.0316547	0.00234931	0.0371733
0.0248395	0.00890767	0.0381205
0.0201195	0.0132907	0.0385042
0.0441174	0.0143804	0.0363556
0.0120533	0.00344443	0.0392994
0.0167101	0.00595039	0.0390193
0.0413757	0.0142292	0.0366126
0.0208873	0.00357652	0.0385333
0.0366935	0.00926499	0.0370597
0.0266581	0.0156644	0.0380739
0.0313561	0.0121235	0.037553
0.0141662	0.00793121	0.0393577
0.0380078	0.0150839	0.0369314
0.0269804	0.00460109	0.0379015
0.0465074	0.00676323	0.0360009
0.0312891	0.0103637	0.0375294
0.0192559	0.0133437	0.0387455
0.0388061	0.00709744	0.036841
0.0296074	0.0153279	0.0378182
0.0421147	0.000641448	0.036433
0.0299977	0.015545	0.0376623
0.0230475	0.00983574	0.0383684
0.0415948	0.00251447	0.0366081
0.0377789	0.00124527	0.0368024
0.0429175	0.0124367	0.0363813
0.034872	0.0116863	0.0372949
0.0477906	0.00729452	0.0358138
0.0507892	0.00428968	0.0357153
0.0308786	0.0129342	0.0376212
0.0249518	0.0126147	0.0381666
0.0419978	0.0133479	0.0365399
0.0308315	0.0103232	0.0376032
0.0334548	0.00559655	0.0373717
0.0416027	0.0138587	0.0366546
0.0250017	0.0105829	0.0381518
0.0279915	0.0144586	0.0377623
0.0432299	0.00890259	0.0363085
0.0213848	0.0101566	0.0385008
0.0240707	0.0158184	0.0381238
0.0386523	0.00948697	0.0368174
0.0250071	0.0118552	0.0382018
0.0387644	0.000440646	0.036696
0.0411501	0.0155637	0.0364743
0.0272769	0.00851538	0.0379017
0.0249093	0.00427238	0.0380535
0.0255157	0.0154889	0.0382041
0.0400221	0.00610021	0.0365653
0.0410776	0.0116676	0.036426
0.0347021	0.00424555	0.0371555
0.0274087	0.00364448	0.0378711
0.0184633	0.0134174	0.038936
0.0152903	0.0112282	0.0389744
0.0415533	0.00852316	0.0365429
0.0404644	0.000510286	0.0365112
0.0318254	0.0117168	0.0375205
0.0438268	0.0042968	0.0363419
0.028124	0.00795233	0.0379312
0.0362155	0.0101125	0.0370667
0.0208862	0.00732704	0.0384515
0.0433146	0.00880095	0.0362628
0.0334079	0.0133821	0.0373243
0.0158588	0.0137418	0.0391357
0.0385973	0.00979832	0.0367509
0.0401666	0.0076872	0.0368414
0.0425764	0.0146601	0.0364216
0.0302132	0.00549294	0.0376321
0.0461142	0.0119359	0.0361223
0.0302317	0.010596	0.0376672
0.0293084	0.0145631	0.0376959
0.0226509	0.00747029	0.038376
0.0370809	0.0139653	0.037028
0.00612706	0.00721125	0.0400091
0.0326616	0.0138203	0.0374279
0.0457104	0.0119437	0.0361617
0.048558	0.014688	0.0358644
0.0131573	0.0168098	0.0394144
0.0164157	0.00975477	0.0389159
0.0364998	0.000758259	0.0370601
0.0342968	0.0102989	0.0372793
0.0124383	0.00727529	0.0393636
0.0194232	0.0119478	0.0386775
0.0443704	0.00364802	0.036112
0.0369611	0.0116579	0.0369961
0.00619877	0.0143504	0.0401077
0.0480331	0.00793951	0.0356454
0.0388338	0.0107778	0.0368809
0.0238809	0.0110468	0.0382047
0.0287304	0.0140548	0.0376902
0.0312011	0.00169304	0.0374843
0.0305363	0.0109317	0.0375253
0.0187392	0.00837029	0.0386027
0.0489056	0.00275381	0.0358078
0.0157602	0.000738293	0.0390745
0.0362257	0.0143257	0.036878
0.0146888	0.0161417	0.0394234
0.011487	0.00749207	0.0394408
0.0354369	0.00708293	0.0370859
0.0381707	0.0110552	0.0369393
0.00456058	0.0097344	0.0403356
0.029952	0.0141259	0.0376605
0.0381776	0.0125096	0.0368628
0.0278571	0.00971256	0.0378922
0.0192905	0.00950518	0.0386414
0.0335059	0.0159768	0.0373615
0.0457702	0.00773181	0.0361359
0.0278744	0.0146318	0.037768
0.0148686	0.0107947	0.0390654
0.0405749	0.0138699	0.0364663
0.0439851	0.00773735	0.0360597
0.0310198	0.0148424	0.0375126
0.0423145	0.0089646	0.0365339
0.0277378	0.00349368	0.0378061
0.0165017	0.00157358	0.0388936
0.0470729	0.00190972	0.0360871
0.0192463	0.01284	0.0388335
0.031666	0.00481233	0.0372714
0.0285216	0.0112992	0.0377654
0.0327821	0.00782102	0.0372197
0.0291947	0.0100903	0.0376883
0.0182806	0.0100906	0.0386491
0.0208819	0.0149652	0.0385466
0.0282651	0.00754202	0.0377015
0.0150629	0.0110266	0.0391161
0.0360323	0.00430952	0.0367806
0.0253868	0.0160484	0.0380007
0.0386233	0.00655193	0.0367653
0.0374307	0.0124171	0.0369323
0.0171935	0.00861751	0.038911
0.0379341	0.00680108	0.036879
0.0415198	0.0168629	0.036536
0.0289581	0.0144466	0.0377442
0.0374299	0.00788238	0.0369165
0.0188836	0.000502347	0.0388528
0.0386084	0.00864563	0.0368418
0.0314813	0.0158228	0.0375426
0.0248782	0.0132323	0.0382557
0.0241504	0.0118782	0.0381675
0.0411421	0.00185895	0.0368364
0.034385	0.00289592	0.0371652
0.0384318	0.00772068	0.036621
0.0200685	0.00375335	0.0384712
0.0370323	0.0139419	0.0369582
0.0464304	0.00475753	0.0361801
0.0292231	0.00102898	0.0374479
0.0339712	0.0157423	0.0373928
0.0287965	0.012118	0.037776
0.0340436	0.0131949	0.0372806
0.0461699	0.00892038	0.0359753
0.0407015	0.013356	0.036613
0.0284061	0.0129861	0.0377537
0.0202354	0.00925626	0.03861
0.0160484	0.00949754	0.0390301
0.0319227	0.00601134	0.0374314
0.0193161	0.0110999	0.0387062
0.0442538	0.00922372	0.0362595
0.0230677	0.0116501	0.0382782
0.0325153	0.00492047	0.0376257
0.034969	0.00673521	0.0370863
0.0284637	0.0165182	0.0377802
0.0282385	0.0107657	0.0377568
0.0288599	0.00820632	0.0377296
0.032952	0.00284292	0.037621
0.0219921	0.00208713	0.0383593
0.0272167	0.0144729	0.0378411
0.0268543	0.000992554	0.0378721
0.037186	0.00957071	0.0367885
0.0375831	0.0135957	0.036935
0.0148936	0.00533127	0.0390271
0.0296812	0.0109251	0.0377251
0.00933746	0.00387255	0.0397781
0.0304872	0.0168108	0.0376444
0.0373641	0.0114884	0.0369529
0.0248943	0.0153014	0.0381942
0.0227292	0.0173156	0.0384202
0.0390703	0.0070897	0.0367206
0.00118921	0.00877666	0.0403794
0.0278781	0.00991135	0.0378909
0.0228118	0.010539	0.0384559
0.0399167	0.00871439	0.0365271
0.0287603	0.000579381	0.0374899
0.0386022	0.0108626	0.0367605
0.0237324	0.0102798	0.0381743
0.0397664	0.0121115	0.0368096
0.0332884	0.0124933	0.0373698
0.0272336	0.0144598	0.0378436
0.0109106	0.00219785	0.0395461
0.0281276	0.0123476	0.03781
0.0329961	0.00633144	0.0374228
0.0386836	0.00474061	0.0367375
0.0428449	0.0110695	0.0364222
0.0420444	0.00839989	0.036426
0.0269398	0.00687427	0.0380582
0.0402595	0.0173412	0.0363715
0.0380902	0.00434884	0.036918
0.0301113	0.012043	0.0375852
0.0016441	0.0171299	0.0405288
0.0224253	0.0135859	0.0384235
0.0204609	0.00923935	0.0385812
0.047391	0.00950192	0.0361089
0.038983	0.0128191	0.0367731
0.0144366	0.016348	0.0391269
0.0461806	0.010695	0.0358763
0.0349369	0.00479603	0.0371153
0.0352398	0.00848461	0.0371957
0.0381962	0.0141832	0.0369097
0.032694	0.0103121	0.0374435
0.0460124	0.016857	0.0361269
0.0343951	0.01485	0.0372627
0.0140955	0.00909815	0.0393576
0.0251999	0.00766385	0.0381377
0.0302675	0.010483	0.0376605
0.0315396	0.0131317	0.037595
0.0520751	0.0128908	0.0353961
0.0203029	0.00231569	0.0385234
0.0151781	0.00383067	0.0393928
0.00648237	0.00974759	0.0399916
0.0225743	0.0011228	0.0382605
0.0287905	0.0122501	0.0378233
0.0331323	0.0152845	0.0373949
0.0320874	0.0133512	0.0374728
0.0421519	0.01096	0.0363995
0.0427794	0.0110992	0.0365422
0.0324329	0.00620251	0.0373877
0.0372893	0.0166438	0.03699
0.0374704	0.0014089	0.0367966
0.0301751	0.00849692	0.0376706
0.0204967	0.00366774	0.038627
0.0328902	0.00774459	0.0372993
0.0198677	0.0036563	0.0387139
0.033082	0.0160036	0.0373047
0.0320677	0.0152741	0.0374342
0.0161131	0.00396919	0.0389353
0.0223092	0.0107862	0.0384242
0.017556	0.0162678	0.0389461
0.0125054	0.0100641	0.0394948
0.0278525	0.0132786	0.0377702
0.0291954	0.012328	0.0376834
0.0316087	0.00972905	0.0374559
0.0181271	0.0102082	0.0389217
0.0288633	0.0133507	0.0377292
0.0359909	0.0084915	0.0372324
0.0311616	0.0103831	0.0375579
0.024221	0.00955727	0.0381856
0.0268328	0.00637173	0.0380465
0.0132672	0.00154136	0.0391623
0.0390047	0.0104772	0.0366772
0.0417342	0.00703913	0.0362601
0.0255916	0.00104555	0.0382553
0.0269921	0.0107641	0.0379472
0.0266977	0.0128806	0.0379388
0.0325088	0.0146831	0.0374419
0.0313171	0.015242	0.0375495
0.0451609	0.0139339	0.0361836
0.0367155	0.00770513	0.0370463
0.0303288	0.0152203	0.0374896
0.0264451	0.00567051	0.0380234
0.0372857	0.0056621	0.0370121
0.0285891	0.0147182	0.0377652
0.0169606	0.014129	0.0390099
0.00870845	0.0122387	0.0399176
0.0313916	0.0144649	0.0375709
0.0308103	0.0130622	0.0375504
0.040029	0.00792051	0.0367089
0.0428247	0.00718818	0.0364928
0.0343785	0.0144191	0.037087
0.0348636	0.0106961	0.0372079
0.0120595	0.0157877	0.0394233
0.0167577	0.00692762	0.0389257
0.041456	0.0145784	0.0365286
0.0271872	0.00832874	0.0378486
0.0292616	0.0163573	0.0377398
0.0499271	0.00898804	0.035638
0.0181356	0.00682625	0.0387993
0.0178776	0.00825034	0.0388206
0.0319823	0.012567	0.0374925
0.0354681	0.0101291	0.0371683
0.0329352	0.00057375	0.0374274
0.0206826	0.0168277	0.0385808
0.0139915	0.0142681	0.039155
0.033197	0.0117418	0.037342
0.0411621	0.00488947	0.0366159
0.0439851	0.012807	0.0363147
0.018148	0.0057294	0.0389421
0.0270417	0.00502613	0.0379051
0.0292413	0.0032444	0.037658
0.0265696	0.0106551	0.0380639
0.034267	0.00916521	0.0372678
0.0500929	0.00244391	0.0356508
0.0283292	0.00735559	0.0377406
0.0470872	0.0148394	0.0359775
0.0154987	0.0147833	0.0390909
0.0223392	0.0042117	0.0382204
0.0261036	0.00051982	0.0379348
0.0214458	0.00540194	0.0386823
0.0108283	0.0148448	0.0394655
0.0323773	0.0080165	0.0373559
0.0199075	0.0104173	0.038692
0.0309042	0.0143585	0.0376534
0.0336456	0.0138391	0.0373572
0.0360596	0.0100501	0.0370808
0.0244379	0.00642525	0.0381416
0.0295681	0.0165676	0.0378036
0.0335175	0.0165256	0.037345
0.0281168	0.0098296	0.0378105
0.0312733	0.0126574	0.0374506
0.021101	0.0114924	0.038538
0.0260292	0.0146999	0.0381418
0.0386444	0.0073601	0.0367914
0.0322332	0.01253	0.0374569
0.0284784	0.0127438	0.0378497
0.0203452	0.0129591	0.0386957
0.0386901	0.0132046	0.0368648
0.0291406	0.0015539	0.0376767
0.0299558	0.00636739	0.0375829
0.028836	0.00717757	0.0377276
0.0405883	0.00142124	0.0364821
0.0286788	0.0129761	0.0378555
0.0427372	0.0138127	0.0364712
0.0345192	0.00574899	0.0371909
0.0464561	0.000420404	0.0355755
0.0215685	0.0123519	0.0385076
0.0348995	0.00580219	0.0372503
0.0328162	0.0160172	0.0374105
0.040746	0.0146901	0.0367164
0.0280902	0.0110703	0.0378587
0.0280022	0.0153477	0.0378229
0.045635	0.00199034	0.036224
0.0141279	0.0140367	0.0392752
0.0287437	0.0084099	0.0378052
0.0152944	0.0147788	0.0391436
0.0301786	0.00873215	0.0376359
0.0492779	0.00896683	0.0356215
0.0429765	0.00522781	0.0362592
0.0382097	0.0073934	0.0367528
0.0297641	0.0110145	0.0378017
0.035782	0.00738051	0.037004
0.00684872	0.00514699	0.0401334
0.0399622	0.0133304	0.0366857
0.0230234	0.0112932	0.0384354
0.0153587	0.0152016	0.0390462
0.0254284	0.0159242	0.038074
0.0321026	0.0178586	0.0375828
0.0413363	0.0153614	0.0365511
0.0280773	0.00868539	0.0378602
0.0236523	0.0138149	0.0383428
0.0339579	0.0103014	0.0372984
0.0365561	0.0149117	0.0370327
0.0187278	0.0111913	0.0388162
0.0368331	0.00654684	0.0368939
0.0320042	0.00859688	0.0373994
0.0483636	0.0107567	0.035835
0.035975	0.0127769	0.0371169
0.038632	0.0111842	0.0369362
0.0197282	0.00803552	0.0386311
0.0281222	0.0107489	0.0378776
0.0283461	0.00838115	0.0378814
0.0230719	0.010173	0.0383105
0.0291817	0.00643082	0.0377659
0.0192374	0.0169909	0.0388451
0.0368499	0.010106	0.0370305
0.047593	0.00801156	0.0361143
0.0448271	0.00625275	0.036217
0.0356838	0.00540413	0.0371834
0.0214671	0.00718394	0.0384502
0.0339692	0.0143952	0.0373031
0.0113973	0.0066385	0.0396113
0.0233197	0.00195356	0.0383867
0.0358213	0.0142459	0.0370502
0.0294481	0.0131199	0.0376768
0.0319694	0.00109389	0.0375178
0.0178859	0.00974639	0.0388046
0.0399988	0.0127579	0.0367248
0.0399952	0.0154259	0.0367995
0.0271806	0.0135284	0.0380117
0.0149989	0.00412677	0.0392818
0.017152	0.0116062	0.0389662
0.0383624	0.0145883	0.0367757
0.039256	0.0164893	0.0367861
0.0410495	0.00966806	0.0365183
0.0324406	0.00864483	0.0373109
0.0286883	0.00574967	0.0376975
0.0377255	0.0169949	0.0370225
0.0307422	0.0142816	0.0375991
0.0376039	0.0100966	0.036835
0.0347975	0.0148409	0.0371481
0.0301837	0.0166431	0.037546
0.0392253	0.00569974	0.0365017
0.0293495	0.0101241	0.0377177
0.0205011	0.0147344	0.0386412
0.00414546	0.00256943	0.0403956
0.0233759	0.0157884	0.0382831
0.0355666	0.0128881	0.0371707
0.0250171	0.0124111	0.0381532
0.0362786	0.0153435	0.0368495
0.0396407	0.0102456	0.036546
0.0337867	0.00430949	0.0373848
0.0190264	0.00859346	0.0388047
0.0357973	0.0175487	0.037257
0.0434599	0.00935506	0.0363414
0.0268172	0.0135297	0.0379754
0.0406459	0.0123968	0.03672
0.0424056	0.0123634	0.0364441
0.030652	0.0065819	0.0375288
0.037536	0.0107392	0.0369923
0.0184641	0.0150558	0.0388468
0.0481807	0.00650862	0.0358307
0.0220826	0.0106232	0.0383232
0.0278423	0.0112986	0.0379377
0.0193389	0.00583039	0.0388224
0.0377769	0.00847222	0.0367428
0.0260766	0.0144642	0.0379741
0.0252022	0.0101868	0.038132
0.0258891	0.00239074	0.0380067
0.0224116	0.00863019	0.0383559
0.0299231	0.00127349	0.0375721
0.0340421	0.0157264	0.0373615
0.0331193	0.00689477	0.0371781
0.0328504	0.00517871	0.0373459
0.0316919	0.00631268	0.0374776
0.0362909	0.0170167	0.0370681
0.0267576	0.00955838	0.0379978
0.0295055	0.00748673	0.0376267
0.0280263	0.00320006	0.0378029
0.0411679	0.00694336	0.036451
0.0346874	0.0143275	0.0371696
0.0338267	0.00727469	0.0372441
0.0328799	0.0155788	0.0373578
0.0397446	0.00506639	0.0366674
0.0163304	0.0105669	0.0389603
0.0277265	0.00966018	0.0380227
0.0255877	0.00744748	0.0381722
0.0288306	0.00595515	0.0377006
0.0262126	0.00655508	0.0378805
0.00408299	0.0116876	0.0403919
0.0252165	0.00519566	0.0382831
0.053351	0.0148592	0.0356467
0.0292712	0.0115742	0.0376529
0.0347941	0.00935571	0.0372226
0.0221685	0.00612208	0.0384233
0.0416748	0.0125221	0.0363722
0.0319327	0.00432082	0.0373916
0.0246359	0.0103505	0.0381573
0.0442636	0.00534584	0.0359656
0.0307016	0.00878206	0.0375942
0.0266232	0.0062918	0.0380075
0.0349691	0.011825	0.037152
0.0363545	0.0157567	0.0371361
0.0309254	0.00572612	0.0374695
0.0216785	0.00101247	0.0383459
0.0288487	0.00514812	0.037776
0.0369093	0.0157018	0.0370278
0.0178284	0.0155405	0.038761
0.0380532	0.00857103	0.0369116
0.0352542	0.00848722	0.0371086
0.0455745	0.00367544	0.0360907
0.0439124	0.00528179	0.0363227
0.0296032	0.00595627	0.0376426
0.0238545	0.00390477	0.0382048
0.0315373	0.00559627	0.0374114
0.0296368	0.0166381	0.037794
0.0255506	0.00615584	0.038082
0.0255383	0.00914483	0.0380459
0.0387791	0.0149772	0.0366329
0.0307654	0.00836904	0.0375112
0.0348561	0.00221203	0.0372734
0.030248	0.00733654	0.0376062
0.0352678	0.0169533	0.0371777
0.0395235	0.0124165	0.0366933
0.0261951	0.0110683	0.038037
0.0399956	0.00128331	0.036613
0.0315498	0.0159657	0.0374845
0.0220546	0.00512904	0.0383719
0.0239975	0.00764678	0.0382195
0.0266361	0.0130345	0.0379988
0.00983294	0.0170041	0.0397537
0.0130457	0.0161215	0.0392571
0.0265555	0.0137564	0.0379916
0.0238286	0.00362445	0.0383977
0.0322882	0.0139143	0.0374276
0.010223	0.0111747	0.0397264
0.0229922	0.0157824	0.0384021
0.0395415	0.00969129	0.0367928
0.0298257	0.00376739	0.0376091
0.0316095	0.01387	0.0375639
0.0312865	0.0162547	0.0375535
0.00500029	0.0126133	0.0400558
0.0269692	0.00863211	0.037921
0.0244113	0.00733149	0.0382911
0.0297689	0.011016	0.0376626
0.0415105	0.00185865	0.0364272
0.0341449	0.00315322	0.0369825
0.0310577	0.00809011	0.037588
0.0123636	0.00721536	0.0395514
0.0432345	0.00920321	0.0363658
0.046374	0.0121972	0.0360952
0.040088	0.0158691	0.0366205
0.0430805	0.00122456	0.0364932
0.0375457	0.00678712	0.0369713
0.0163137	0.0149548	0.0392059
0.0426427	0.0102117	0.0364173
0.0256397	0.00842808	0.0380081
0.0144356	0.0122389	0.0392693
0.0217497	0.00840605	0.0385459
0.0131691	0.00602092	0.0394396
0.0136115	0.0159083	0.039269
0.0282216	0.00407347	0.0377738
0.0493313	0.0126346	0.0356258
0.0325148	0.00827371	0.0374143
0.0318497	0.0124018	0.0375032
0.0363274	0.0117167	0.037039
0.0313013	0.00660759	0.0375974
0.0415235	0.010706	0.0364025
0.0390436	0.0121974	0.0367102
0.0268699	0.0114633	0.0379144
0.0220428	0.00609676	0.0384515
0.0383832	0.0119408	0.0369449
0.0299225	0.00808944	0.0376007
0.0211208	0.00690891	0.038434
0.0380812	0.00775227	0.0367985
0.0165186	0.0101115	0.0390205
0.0268399	0.0136288	0.037904
0.03337	0.0119621	0.0372242
0.0435328	0.0117713	0.0364449
0.0167597	0.00735694	0.0389816
0.0491312	0.0120811	0.0358151
0.0264037	0.0121278	0.0380041
0.0375215	0.0154501	0.0369126
0.0205163	0.0143692	0.0386605
0.0478312	0.0160086	0.0359146
0.0385757	8.0405e-05	0.0367821
0.0394163	0.00681473	0.0367046
0.025554	0.0152419	0.0380758
0.0345655	0.00179108	0.0373284
0.0242032	0.00986947	0.0382534
0.0329858	0.0159729	0.0374132
0.0311837	0.0154453	0.0374866
0.0301375	0.00321604	0.0375741
0.0380282	0.0123205	0.0368379
0.0243778	0.00855629	0.038305
0.0418282	0.00995263	0.0365029
0.0175476	0.0075142	0.038853
0.0494809	0.0130635	0.0357944
0.0322542	0.0162508	0.0374734
0.0409933	0.00707348	0.0365281
0.0236575	0.0145694	0.03835
0.020566	0.0124334	0.0385894
0.0434759	0.0169862	0.0362907
0.0135897	0.0105863	0.0392163
0.0114021	0.0141541	0.0395841
0.00129182	0.00590687	0.0403272
0.0185311	0.0162415	0.038854
0.0271168	0.0127469	0.0380071
0.025624	0.00323394	0.037979
0.0379944	0.00854524	0.0368316
0.0407228	0.00755498	0.0364961
0.0220148	0.00918055	0.0384175
0.0361901	0.0128932	0.0370979
0.0315152	0.0128043	0.037571
0.0100406	0.0138668	0.0395307
0.034486	0.0119804	0.0372614
0.0405877	0.00861643	0.036612
0.0227527	0.0118556	0.0383899
0.0364975	0.00716084	0.0369681
0.0242277	0.00616916	0.0383245
0.0311624	0.00935395	0.0375563
0.0410699	0.00791193	0.0364613
0.0220168	0.0153278	0.0383278
0.0179901	0.0167902	0.0388573
0.0189688	0.00911253	0.0388179
0.0264827	0.00481163	0.0381177
0.0143817	0.0036605	0.0394822
0.0249208	0.012265	0.0381909
0.0372345	0.0147345	0.0369483
0.037904	0.0104501	0.0367935
0.0356166	0.0129159	0.0370355
0.0335973	0.0120132	0.0373457
0.0416454	0.0153951	0.036523
0.032343	0.0117467	0.037537
0.0280021	0.0141433	0.0377686
0.0479043	0.0130107	0.035863
0.0415649	0.0067735	0.0364613
0.0432651	0.0161378	0.0362591
0.00829776	0.012405	0.0398423
0.0379845	0.0152415	0.0369909
0.020423	0.004387	0.0385739
0.0281592	0.00759187	0.037911
0.0174881	0.0136471	0.0387955
0.0290145	0.0131927	0.0377507
0.0359114	0.0111239	0.0370839
0.0392679	0.00460059	0.036469
0.0220527	0.00664009	0.038538
0.0249074	0.0126781	0.0382365
0.0245941	0.0150123	0.0382296
0.0316158	0.00902934	0.0375063
0.0256162	0.013935	0.0379911
0.0512323	0.00440889	0.0355136
0.0305791	0.0118049	0.037535
0.0344145	0.00135234	0.0370943
0.0325572	0.0114477	0.0373813
0.0301002	0.0155934	0.0377792
0.036418	0.00730451	0.0368305
0.0403396	0.0128712	0.0366421
0.0164608	0.0053057	0.0388734
