0.0287753	0.015314	0.037589
0.0320138	0.00852212	0.0373504
0.00402353	0.0116078	0.0397293
0.0338975	0.0150099	0.0371141
0.0296377	0.00799558	0.0375592
0.0205921	0.00926355	0.038333
0.0530693	0.0131722	0.0354727
0.0307067	0.015282	0.037581
0.0264829	0.0103601	0.0378743
0.0300432	0.0135183	0.0372942
0.0346445	0.00909485	0.0369618
0.0352537	0.0105801	0.0369684
0.034446	0.0145418	0.0370746
0.0257065	0.010943	0.0379048
0.0348362	0.0128613	0.0368619
0.0314482	0.0152983	0.0372402
0.0311279	0.000963361	0.0372092
0.0285481	0.00881586	0.0376335
0.0264421	0.00827149	0.0378431
0.0151804	0.012896	0.0389511
0.0311896	0.0118392	0.0373688
0.0269807	0.0125247	0.0377855
0.0329611	0.010155	0.0373292
0.0232827	0.00503714	0.0381718
0.0338178	0.012378	0.0370385
0.0343406	0.0161188	0.0372629
0.025025	0.0138445	0.0380746
0.0243412	0.0104806	0.038071
0.0241964	0.0154902	0.0379582
0.0241843	0.0114609	0.0380561
0.0302668	0.00713748	0.0373383
0.0486725	0.00902939	0.0356803
0.0104525	0.0137477	0.039301
0.0269463	0.0133092	0.0378822
0.0280359	0.0150058	0.0378147
0.0281782	0.016099	0.0375997
0.0433634	0.0103608	0.03628
0.0300123	0.0153146	0.0375144
0.0420359	0.00943877	0.0364612
0.0163392	0.0107191	0.0387769
0.0130261	0.011955	0.039033
0.00425115	0.00543198	0.0400853
0.0240735	0.0126396	0.0380207
0.0430003	0.0156937	0.0362769
0.0115202	0.00599014	0.0391008
0.0353103	0.0131758	0.0368538
0.00571587	0.0101123	0.0398224
0.0373695	0.0166759	0.0369082
0.0272545	0.0117786	0.0377713
0.0302006	0.00904244	0.0375194
0.0480389	0.0168583	0.0358245
0.0297	0.00672074	0.0375044
0.0159075	0.0156946	0.0387508
0.0307163	0.0137869	0.0374306
0.0210244	0.00996802	0.0383585
0.0234247	0.0125107	0.0381845
0.0374913	0.0134228	0.0366272
0.0280901	0.0112688	0.0377466
0.0343297	0.0150925	0.0370984
0.00110835	0.0158463	0.0398275
0.0329429	0.0139384	0.0373143
0.0316803	0.0165966	0.0374824
0.00797484	0.00198558	0.0393598
0.0130842	0.013772	0.0390242
0.0142614	0.00557992	0.0390348
0.0417328	0.0160254	0.03647
0.034828	0.0164181	0.0370433
0.0251291	0.0128772	0.037874
0.0337243	0.00748376	0.0371528
0.0343644	0.010397	0.0371514
0.015788	0.00908924	0.038833
0.048808	0.00801296	0.0357608
0.0409731	0.00727832	0.0365285
0.0342653	0.00372958	0.0372141
0.0289293	0.0152717	0.0375207
0.0381547	0.0145412	0.0366923
0.0361946	0.0167214	0.036814
0.0130892	0.0107468	0.0390335
0.0192349	0.0120233	0.0384846
0.0424407	0.0122382	0.0361408
0.0379659	0.0105018	0.0368335
0.0315708	0.00527881	0.0374423
0.0258697	0.00840136	0.0378919
0.0263114	0.0102883	0.0378199
0.0288265	0.0120925	0.0375032
0.025807	0.0123315	0.0377816
0.0332457	0.00741064	0.0372266
0.0138096	0.00560957	0.0390536
0.0268009	0.00573581	0.0378485
0.0161319	0.0058101	0.0390105
0.0181018	0.015305	0.0385523
0.012843	0.0140543	0.0392742
0.0253748	0.0112268	0.0379485
0.0330634	0.00593372	0.0371469
0.0273959	0.012703	0.0379426
0.0336723	0.00907394	0.0371105
0.0438909	0.0113658	0.0361508
0.0161328	0.0100834	0.0387786
0.0222763	0.0106363	0.038149
0.0412413	0.00850259	0.0363628
0.00438007	0.00331245	0.0399317
0.0419176	0.00936457	0.0362155
0.0316116	0.00582518	0.0374815
0.0392401	0.0100006	0.0364808
0.0439986	0.011583	0.0361436
0.0280753	0.00776399	0.0377191
0.0387372	0.011896	0.0365646
0.0219787	0.0128333	0.0381335
0.0264334	0.00704191	0.0378916
0.0224436	0.0106919	0.0382408
0.0187313	0.0112715	0.0384593
0.0147082	0.00930352	0.0387766
0.0451054	0.00111863	0.0359367
0.0201335	0.0142738	0.0383312
0.0223088	0.0129663	0.0381026
0.01528	0.00564022	0.0387982
0.023059	0.0131782	0.0380952
0.0188622	0.0168131	0.0384808
0.0275198	0.0076898	0.0377021
0.0291567	0.00931047	0.0374554
0.0327367	0.00200316	0.0371689
0.0426746	0.0113212	0.0364018
0.0239964	0.0147045	0.0381157
0.0329319	0.0168154	0.0370934
0.0401467	0.0169585	0.0365289
0.0272855	0.0169233	0.037642
0.0349701	0.0142792	0.0371819
0.0346287	0.00423532	0.0369895
0.0172886	0.00173632	0.0386994
0.0189851	0.00780384	0.0385216
0.0355422	0.0141227	0.036827
0.00804937	0.014071	0.0397415
0.0374073	0.000911789	0.036734
0.0345196	0.0123922	0.0370514
0.0368158	0.00545531	0.0368389
0.00694425	0.00993681	0.0398293
0.0392988	0.0167882	0.0365028
0.0258595	0.0108984	0.0378509
0.0324854	0.00529415	0.037254
0.0292438	0.00625234	0.0376658
0.0243177	0.0129263	0.0380656
0.0445663	0.0110563	0.0361916
0.0390477	0.0147987	0.0365974
0.0296354	0.0149528	0.0373535
0.034533	0.015508	0.0370803
0.0321646	0.00645327	0.0374043
0.0184456	0.0126102	0.0385414
0.0232146	0.015282	0.0380906
0.0238272	0.00928135	0.0380023
0.0416292	0.0146018	0.036334
0.0344595	0.015228	0.0370678
0.0453711	0.0125779	0.0359878
0.0190117	0.0143915	0.0384901
0.0276054	0.0117073	0.037659
0.00244123	0.00710607	0.0402431
0.0365567	0.00937069	0.036956
0.0331499	0.00873612	0.0371049
0.0307687	0.0076949	0.0374965
0.0372121	0.00501638	0.036914
0.0328889	0.00598683	0.0371761
0.0273556	0.00777924	0.0377871
0.0441652	0.000327391	0.0365522
0.0370844	0.010237	0.0366559
0.0318359	0.0165882	0.0370784
0.0269255	0.0114676	0.0378143
0.0275328	0.00384178	0.0376555
0.0204034	0.00897559	0.0383036
0.0189052	0.0153263	0.0384253
0.0146288	0.00124323	0.039047
0.0228821	0.00798571	0.0381638
0.0419875	0.00975989	0.0362966
0.0361068	0.0155284	0.0369038
0.0454681	0.00119505	0.0359584
0.0364039	0.0011365	0.0370072
0.0187776	0.0193285	0.0382315
0.00438776	0.0135399	0.0396073
0.0471401	0.0122764	0.0360247
0.0387926	0.0161963	0.036662
0.0351505	0.0167966	0.0368426
0.0196965	0.00649346	0.0382805
0.0255074	0.00817091	0.0378467
0.0494999	0.0117046	0.0355063
0.0392128	0.00646949	0.0366719
0.0276552	0.00483466	0.0376764
0.043935	0.0143831	0.0361996
0.0317666	0.0147129	0.0373371
0.0276163	0.0110646	0.037793
0.0183469	0.0146516	0.0387138
0.0288423	0.00995128	0.0376581
0.0248621	0.0131488	0.0378861
0.0285277	0.0108837	0.0376723
0.018994	0.0121126	0.0384147
0.0410707	0.0145953	0.0364307
0.0169983	0.0153315	0.0384274
0.0374932	0.0096809	0.0366184
0.0251543	0.0117788	0.0379071
0.035243	0.0131776	0.0368159
0.0334125	0.00709745	0.0371425
0.0521255	0.0172529	0.0353993
0.0259542	0.010655	0.0377803
0.0430581	0.0166895	0.0360467
0.0241864	0.0137044	0.0380487
0.0152923	0.00741783	0.03878
0.0342332	0.0103855	0.0370089
0.0191367	0.00792426	0.0384917
0.0301709	0.00785276	0.0374332
0.0385005	0.0126571	0.0365353
0.0350768	0.0157332	0.036829
0.0354753	0.0105694	0.0368167
0.0269564	0.0100344	0.0377914
0.0382703	0.0138926	0.0367095
0.0458225	0.0116705	0.036121
0.0242396	0.0160439	0.0378486
0.0398337	0.00910659	0.0363878
0.0356357	0.0123855	0.036864
0.0424806	0.0161984	0.0361106
0.0251811	0.0171971	0.0380297
0.0202369	0.0161363	0.0382556
0.0255722	0.00910317	0.0379022
0.0388975	0.00812886	0.0365926
0.0188086	0.0106342	0.0385242
0.0253429	0.013271	0.0378185
0.0259401	0.0070598	0.0378622
0.0264461	0.0118347	0.0377757
0.0336974	0.0106089	0.0370334
0.030536	0.00965056	0.037335
0.0349468	0.0113451	0.0371044
0.0114536	0.00774286	0.0392525
0.0451497	0.0127707	0.0358183
0.0385841	0.0104598	0.0366252
0.0336618	0.0155965	0.0372195
0.0322808	0.0152663	0.0371637
0.03798	0.000859258	0.0366897
0.0187199	0.0148486	0.0384377
0.0183602	0.0118303	0.0384979
0.0368967	0.00971567	0.0369249
0.00876509	0.0059153	0.0395256
0.0314303	0.0110088	0.0374054
0.0322688	0.00648319	0.0373906
0.0421891	0.0100916	0.0362805
0.039029	0.0113216	0.0365616
0.0399459	0.0126207	0.0366371
0.0453018	0.00740853	0.0360593
0.0236783	0.0103618	0.0381348
0.0373364	0.00833284	0.0368033
0.0323438	0.0106596	0.0372325
0.0446231	0.00504974	0.0361861
0.0328607	0.0128895	0.0371233
0.0429889	0.00927671	0.0362326
0.0222482	0.0118222	0.0380962
0.0185811	0.00331573	0.0384607
0.0245952	0.0106957	0.0379532
0.0175936	0.0121385	0.0386432
0.0313657	0.0164419	0.037395
0.0411388	0.0109298	0.0364786
0.0306075	0.0161279	0.0373586
0.0282567	0.0131903	0.0374631
0.0332533	0.000543047	0.0371626
0.0298046	0.0116351	0.0375637
0.0326234	0.0113059	0.0371839
0.0292706	0.0027856	0.037496
0.0307645	0.000765772	0.0373309
0.0345965	0.0154595	0.0370562
0.0375454	0.0125378	0.0366594
0.0312588	0.00895594	0.0373431
0.0300341	0.0112085	0.0375472
0.0302775	0.0123284	0.0374426
0.0160338	0.00762327	0.0387243
0.0314639	0.0114207	0.0374409
0.0296184	0.0118261	0.0374315
0.0215186	0.0111561	0.0381558
0.022545	0.0141563	0.0383194
0.036979	0.00198421	0.0367391
0.0285537	0.015273	0.037637
0.0103045	0.00729153	0.0393844
0.0448374	0.0102693	0.0359136
0.0192163	0.0170057	0.0384279
0.0147072	0.0142929	0.0390211
0.0254585	0.0121176	0.0379976
0.04876	0.000459198	0.0359163
0.0463061	0.00653431	0.0360009
0.0250982	0.00815737	0.0378681
0.0233334	0.00835319	0.038022
0.0284604	0.00323497	0.0375913
0.0163232	0.001075	0.038626
0.0353474	0.00171589	0.0369354
0.022764	0.0160282	0.0379765
0.0418774	0.0157498	0.0362697
0.0453896	0.00788843	0.0360896
0.0392424	0.0153329	0.0367768
0.035558	0.00934756	0.036905
0.0231263	0.00535496	0.0381172
0.0474959	0.0146905	0.0355983
0.0290833	0.00494686	0.037517
0.02991	0.0158295	0.0373322
0.0366923	0.0144815	0.0367051
0.00655064	0.00877115	0.0394258
0.0328346	0.00203939	0.0371659
0.0322967	0.0117279	0.0373602
0.0433215	0.0140004	0.0362089
0.0219835	0.00885876	0.0382251
0.0416872	0.0134221	0.0363323
0.0293892	0.0166834	0.0374249
0.0235951	0.0103485	0.0380815
0.0408442	0.00616165	0.0365193
0.0354162	0.00994647	0.0370407
0.0472441	0.00945653	0.0359913
0.0202823	0.00480406	0.0384221
0.0250601	0.00605689	0.0377959
0.0366056	0.0104791	0.0367911
0.0482824	0.00957317	0.0357424
0.0369868	0.00927296	0.0368262
0.0272191	0.00270057	0.0376801
0.0348146	0.00675107	0.0370905
0.0277571	0.00802007	0.0376546
0.0353208	0.00883795	0.0369905
0.0342861	0.0115611	0.0371835
0.0283941	0.0115624	0.0377244
0.0347104	0.00489714	0.0370012
0.0199897	0.0128319	0.0383779
0.0347743	0.00130625	0.0369482
0.0335627	0.00536942	0.0373282
0.0250189	0.0154597	0.037797
0.0240271	0.00460385	0.0378804
0.0351181	0.00536273	0.0369667
0.0506838	0.0121806	0.0353727
0.0525309	0.0139137	0.0351865
0.0487458	0.00572455	0.0358042
0.0324223	0.0166169	0.0373048
0.0260333	0.0138531	0.0377979
0.0285908	0.00381524	0.037595
0.0367939	0.0154122	0.0366271
0.0282114	0.00692828	0.0376377
0.0351324	0.0156344	0.0370533
0.0246169	0.00714668	0.0379781
0.0312427	0.00790947	0.0374418
0.0180266	0.0159083	0.0385492
0.0414651	0.00679275	0.0363309
0.0422648	0.0133741	0.0364316
0.025102	0.0119347	0.0378973
0.0259868	0.00462598	0.0378342
0.0501534	0.00940446	0.0357828
0.0302509	0.00679628	0.0373776
0.0289835	0.00742097	0.037517
0.035291	0.0143867	0.0370444
0.0342143	0.00562103	0.0372646
0.0310209	0.0157818	0.0375619
0.0424688	0.0144233	0.0362528
0.0322628	0.0041446	0.0372542
0.0360613	0.00220875	0.037062
0.0205207	0.00760849	0.0383696
0.0330041	0.00893102	0.037285
0.0207438	0.0111637	0.0383867
0.0330886	0.0038457	0.0374068
0.0359321	0.0116472	0.036761
0.0286123	0.00894652	0.0375853
0.0222634	0.00650659	0.0382241
0.0319526	0.0143891	0.0372475
0.0252472	0.0126376	0.0378734
0.0323465	0.0147501	0.0371907
0.0217521	0.0112952	0.0382116
0.00613734	0.0054977	0.0396394
0.0288355	0.010415	0.0375732
0.035972	0.00685999	0.036918
0.045304	0.0104328	0.0359922
0.03326	0.0131109	0.0370612
0.029373	0.0154436	0.037487
0.0429667	0.0114427	0.0363292
0.0471609	0.0148235	0.035721
0.039956	0.0139908	0.0367326
0.0422245	0.0112619	0.0365649
0.0308963	0.00615538	0.0373637
0.0417916	0.00288892	0.0363559
0.034375	0.0113077	0.0370407
0.0195724	0.0126887	0.0384129
0.0200269	0.00808366	0.0384112
0.030042	0.0113821	0.0374322
0.0315645	0.00786295	0.0374609
0.0339578	0.0084302	0.0370536
0.0390264	0.0105191	0.0367286
0.0144117	0.00223245	0.0389726
0.0232616	0.0151626	0.0381111
0.0232063	0.0165496	0.0382709
0.0309657	0.016664	0.037165
0.0444141	0.0147774	0.0363581
0.0159583	0.00489658	0.0387522
0.029765	0.0164701	0.0376206
0.0178618	0.0166755	0.0384754
0.0231364	0.0161192	0.0380158
0.0321464	0.0131011	0.0372829
0.03149	0.00936547	0.0372626
0.0144173	0.0147644	0.038862
0.0168975	0.0146187	0.038744
0.0189911	0.0103405	0.0385544
0.0365437	0.0128968	0.0367228
0.0300416	0.011704	0.0374736
0.00455258	0.00715109	0.0400135
0.024487	0.0165655	0.037878
0.0148378	0.00680837	0.0389397
0.0302511	0.00340874	0.0376093
0.0318613	0.0153588	0.0370883
0.035971	0.0140406	0.0369002
0.0203506	0.0138599	0.0384833
0.0403054	0.00794984	0.0365521
0.0211748	0.00304623	0.0383513
0.00769137	0.0110263	0.0393641
0.0427579	0.00509275	0.0363628
0.0448428	0.00301902	0.0362676
0.036084	0.0159448	0.0369072
0.0177888	0.0118686	0.0385941
0.0279794	0.00928757	0.0376457
0.0330924	0.00662374	0.0373039
0.028017	0.00505002	0.0376216
0.0398507	0.010783	0.0364955
0.035234	0.0141487	0.0368306
0.00783118	0.0105551	0.0394902
0.0191495	0.015624	0.0385599
0.0361811	0.0133176	0.0368992
0.047452	0.0155145	0.0356772
0.0369109	0.00899986	0.036892
0.0255367	0.015707	0.0379064
0.0307486	0.00813974	0.0374993
0.0316411	0.00968372	0.0373733
0.0216343	0.00347464	0.0383658
0.028474	0.0123244	0.0376569
0.042005	0.00934326	0.0363143
0.0347791	0.00190868	0.037299
0.0391068	0.0148972	0.0366311
0.0265526	0.0126713	0.0377695
0.0243036	0.00735557	0.0380485
0.0427962	0.00889147	0.0364498
0.0133678	0.00485398	0.0391194
0.0373913	0.00979284	0.0368013
0.0379387	0.00714444	0.0366879
0.0212349	0.00208032	0.0386357
0.0356854	0.0134909	0.0368287
0.0389452	0.00998381	0.0366
0.0206099	0.00163297	0.038257
0.0385374	0.0134022	0.0365321
0.0218274	0.00815501	0.0382576
0.0397455	0.00407035	0.036697
0.0217688	0.00988485	0.0382926
0.0387971	0.0103139	0.0366105
0.0393423	0.0024038	0.0364853
0.0158236	0.0095347	0.0388555
0.0296036	0.0132611	0.0375148
0.012476	0.0169186	0.0391647
0.0264793	0.014367	0.0376851
0.0377451	0.00621265	0.0367738
0.0322441	0.0107991	0.0373452
0.0308576	0.000122339	0.0375891
0.0102953	0.0119455	0.0391437
0.032913	0.00613303	0.0371603
0.0244483	0.00629449	0.0379923
0.0379536	0.00449143	0.0367954
0.0359286	0.0110784	0.0369037
0.0450118	0.0161269	0.0361536
0.0321192	0.00334204	0.037411
0.0293375	0.0175199	0.0376928
0.0236386	0.00939612	0.038077
0.0322609	0.0139424	0.0373771
0.0382279	0.0139072	0.0365094
0.0393427	0.0114214	0.0365956
0.0377488	0.0116169	0.0368116
0.0268019	0.0110652	0.0377528
0.0162694	0.0153302	0.0386625
0.0157287	0.00917473	0.0387506
0.0237683	0.0111393	0.0379539
0.0316316	0.0135073	0.0371794
0.0332697	0.0152088	0.0369848
0.0247108	0.0116953	0.0378182
0.0321486	0.0147074	0.0372877
0.0441977	0.00891218	0.0362781
0.0435985	0.00731168	0.0362837
0.0223555	0.00594781	0.0383163
0.0314935	0.0129233	0.0373661
0.0409392	0.0151532	0.0362221
0.0350467	0.00928815	0.0370955
0.00512121	0.0141018	0.0395274
0.0265614	0.0119009	0.0378939
0.0390204	0.00843642	0.0365143
0.00750056	0.00771786	0.0395502
0.0273856	0.0120439	0.0377612
0.0365584	0.00523078	0.036827
0.0407995	0.0167297	0.0363639
0.0368654	0.000229197	0.0366885
0.0181192	0.0103999	0.0386465
0.0371358	0.0159473	0.0369991
0.0278498	0.0104815	0.0375637
0.0358479	0.0136086	0.0369632
0.0347325	0.0137146	0.0370325
0.0216306	0.0119398	0.0383361
0.0178338	0.0104229	0.0384692
0.0208602	0.00790589	0.0383551
0.029467	0.0135286	0.037498
0.0417058	0.00610243	0.0364394
0.0337357	0.0126203	0.0370439
0.0167436	0.0116801	0.0387217
0.0468645	0.00995132	0.0359654
0.0422749	0.0120023	0.036403
0.0357409	0.0174669	0.0366879
0.0397953	0.00940182	0.0365468
0.035479	0.00676813	0.0370103
0.0276449	0.00805736	0.0376654
0.0247842	0.0117465	0.0379681
0.0334654	0.00904055	0.037131
0.030178	0.00824836	0.0375114
0.0232405	0.013022	0.0380524
0.0166567	0.00545615	0.0387341
0.0238737	0.0161427	0.0380513
0.0299594	0.0107691	0.0375364
0.0444615	0.0113113	0.036073
0.0420243	0.0116315	0.0363262
0.0368916	0.00850325	0.0367772
0.0202061	0.0105195	0.038365
0.0321693	0.00359202	0.0373393
0.0247624	0.00613078	0.0379478
0.00890892	0.0130712	0.0393031
0.0335511	0.0120116	0.0370135
0.0419768	0.00424077	0.0364987
0.0333944	0.0136922	0.0370248
0.0344636	0.0151141	0.0370698
0.0293844	0.00104432	0.0377007
0.0303968	0.013533	0.0374623
0.0215797	0.0112329	0.038321
0.0326154	0.00758294	0.0373155
0.0364485	0.010631	0.0367848
0.0314604	0.0184076	0.037155
0.0282602	0.00756528	0.0376256
0.0184224	0.00914613	0.0385712
0.034438	0.0121925	0.0371857
0.0210535	0.00843578	0.0383327
0.0335644	0.0132911	0.0371716
0.0391231	0.000756184	0.0369159
0.0280952	0.00753288	0.0376443
0.0295814	0.000663207	0.0374652
0.0346327	0.00468239	0.0369868
0.0254381	0.0089728	0.0378188
0.0181233	0.0147009	0.0385023
0.0419825	0.0161797	0.0361487
0.0127784	0.0140302	0.0391216
0.0306037	0.00170416	0.03759
0.023334	0.00560953	0.0379473
0.0388678	0.0134464	0.0368156
0.0307763	0.0133233	0.0373436
0.0406332	0.00960924	0.036713
0.0403805	0.00275028	0.0364668
0.0146631	0.00775302	0.0390833
0.0380407	0.0139609	0.0365716
0.0185155	0.00150953	0.0385948
0.0336359	0.0106106	0.03711
0.0236978	0.00130424	0.0380446
0.0205117	0.00680474	0.0382269
0.00999026	0.0136488	0.0392108
0.00805137	0.0129591	0.0396408
0.0313407	0.00305032	0.0373062
0.0282563	0.0107233	0.0376459
0.0326627	0.00794788	0.0372145
0.0391383	0.0057681	0.0365309
0.0334893	0.0120188	0.0370052
0.0288889	0.00258016	0.0375223
0.0366561	0.0119597	0.0369371
0.0264704	0.00230019	0.037881
0.0371105	0.012067	0.0368387
0.0113871	0.00178285	0.0390794
0.0494437	0.0133785	0.0358401
0.040166	0.00794299	0.0363634
0.0346006	0.0105776	0.0370121
0.00129016	0.00581537	0.0403191
0.0205231	1.1208e-05	0.0382324
0.0462933	0.0021238	0.0361773
0.0418048	0.00756388	0.0364882
0.035082	0.0112581	0.037014
0.0486889	0.0134191	0.0356525
0.0365901	0.00917456	0.0370397
0.0277179	0.00260517	0.037897
0.016126	0.00626159	0.0388431
0.0138669	0.00971738	0.0388871
0.0418094	0.0184127	0.0363609
0.0389269	0.0111065	0.036577
0.0464675	0.0120856	0.0358985
0.0298747	0.00989011	0.0375545
0.0480272	0.0151865	0.0355279
0.0205262	0.00350365	0.0381655
0.0294695	0.00982078	0.0375633
0.0401042	0.0149331	0.0365852
0.0338684	0.00815529	0.0370764
0.0325885	0.0154607	0.0370643
0.0414667	0.00950456	0.0363761
0.0446813	0.0145209	0.0362853
0.0340187	0.0150692	0.0370413
0.0261551	0.0140352	0.0377848
0.0475594	0.0094596	0.035781
0.0399536	0.0125793	0.0364681
0.025223	0.00874448	0.0379046
0.02	0.0121209	0.0383595
0.0353532	0.0133365	0.0370417
0.0151598	0.0110278	0.038925
0.0162491	0.0103493	0.0387429
0.0409483	0.0131898	0.0363188
0.0373518	0.0100146	0.0367593
0.0239839	0.0172376	0.0382141
0.0329203	0.00417484	0.0371758
0.0399509	0.0102589	0.0365074
0.034351	0.0124043	0.0371693
0.0352582	0.00843881	0.0370355
0.0334943	0.0134528	0.0370346
0.0225599	0.00458316	0.0381307
0.0306596	0.00921331	0.0374029
0.023576	0.0144574	0.038204
0.0393745	0.0126524	0.0367451
0.0247907	0.00973519	0.0379929
0.0299584	0.00670108	0.0374077
0.032794	0.00637777	0.0373698
0.039691	0.0100261	0.0366039
0.0268769	0.00977294	0.0378091
0.0120525	0.00419875	0.039363
0.00822572	0.00938766	0.039527
0.0480099	0.0122207	0.0357507
0.0471688	0.0156165	0.0357845
0.0364294	0.0134903	0.0366934
0.0290571	0.00262146	0.0375138
0.0292518	0.00263579	0.0373914
0.0400276	0.00550268	0.0364488
0.0357052	0.00748045	0.0368528
0.0468407	0.00276512	0.0357055
0.0130911	0.00302701	0.0391721
0.0305688	0.0114058	0.0373451
0.0390248	0.013678	0.0364808
0.0346889	0.00851879	0.0369512
0.0447603	0.0144614	0.0361244
0.0355799	0.0166314	0.0371479
0.0231584	0.0124793	0.0381302
0.0104183	0.0166769	0.0393392
0.0403765	0.0155766	0.0364107
0.023936	0.0148134	0.0379465
0.0115836	0.0123353	0.0391006
0.0253027	0.00471332	0.0379743
0.0308018	0.0114422	0.0374425
0.0364825	0.00456219	0.0368965
0.0242738	0.0092676	0.0380472
0.032866	0.0138935	0.0372999
0.0485185	0.0124221	0.035655
0.0233642	0.0121367	0.03809
0.040109	0.0160669	0.0363351
0.0154932	0.0116654	0.0387424
0.0428217	0.0172607	0.0362449
0.0375054	0.00470461	0.0367765
0.0251696	0.00868597	0.0379578
0.0338535	0.0135179	0.0371076
0.0218668	0.0141194	0.0381986
0.0369542	0.00272149	0.0367746
0.0444268	0.00635576	0.0360386
0.0403709	0.0145858	0.0365587
0.0362322	0.00675426	0.0368968
0.0385596	0.00158137	0.0368799
0.0234717	0.0085775	0.0381146
0.0225745	0.00659916	0.0381162
0.0262774	0.00275954	0.0378318
0.0313167	0.0156687	0.0371914
0.0338837	0.00282582	0.0373647
0.0195138	0.00952925	0.0383622
0.0287765	0.00860196	0.0376416
0.0450615	0.0159164	0.0360446
0.0217092	0.00650802	0.0382136
0.0364586	0.0112211	0.0368171
0.0357088	0.0108878	0.0368303
0.0248666	0.0120477	0.0379162
0.0185498	0.00101128	0.0388146
0.0396922	0.00676547	0.0366121
0.0377127	0.0132774	0.0367679
0.0450666	0.0124408	0.0358743
0.0267506	0.0152362	0.0377766
0.0276721	0.0137839	0.0377049
0.0160704	0.013917	0.038895
0.0153496	0.0203163	0.0387892
0.0370927	0.0134707	0.0368037
0.0307838	0.0169041	0.0372348
0.026679	0.0110498	0.0378097
0.0486754	0.00713125	0.0358708
0.0222477	0.0115436	0.038228
0.038837	0.00923459	0.0366177
0.0280995	0.0104415	0.037543
0.0162038	0.0141772	0.0389131
0.0246593	0.010904	0.0379793
0.0141228	0.00459573	0.0388904
0.0168304	0.018007	0.0385577
0.0424176	0.00118932	0.0363087
0.0430905	0.00832683	0.0362427
0.0277328	0.0121149	0.0375363
0.034901	0.00723421	0.0371351
0.0433809	0.0154753	0.0362993
0.0386469	0.0102017	0.036753
0.0257218	0.0099985	0.0378997
0.0275558	0.0123362	0.0377686
0.0251732	0.00993612	0.0378182
0.0145934	0.0129764	0.0387491
0.0207644	0.017317	0.0382186
0.039831	0.0139711	0.0364701
0.0176294	0.00574059	0.0386488
0.0266317	0.0169767	0.0377462
0.0314393	0.0141333	0.0373548
0.0394945	0.0066166	0.0367074
0.0292587	0.00623014	0.0374987
0.0532426	0.0160626	0.0355497
0.0197083	0.00965165	0.0384275
0.0209546	0.00366501	0.0383654
0.0356828	0.0133092	0.0371001
0.0532301	0.00966069	0.0354426
0.00485421	0.0123999	0.0398989
0.0330451	0.00835373	0.0372062
0.0238121	0.0162795	0.0378855
0.0294235	0.00633863	0.037551
0.0213067	0.0115224	0.0382147
0.0441579	0.00795768	0.0362136
0.0242732	0.016562	0.038133
0.0176698	0.0123161	0.0385422
0.0242913	0.0147339	0.0379402
0.0286152	0.00315839	0.0375493
0.0127292	0.013958	0.0391638
0.0133539	0.00681926	0.0390219
0.0350832	0.0092079	0.0370994
0.0203163	0.0122132	0.0384758
0.0369096	0.0132627	0.0369849
0.0304573	0.013077	0.0375154
0.0447732	0.00898503	0.0362249
0.0274957	0.0071369	0.0376756
0.0234672	0.0137056	0.0380968
0.0321358	0.0164623	0.0371491
0.0203352	0.015365	0.0383043
0.0193366	0.0133427	0.0385439
0.0277679	0.0149007	0.0375573
0.0330868	0.00989363	0.0372661
0.0358844	0.0117576	0.037039
0.0316739	0.0133592	0.0374032
0.038025	0.0120952	0.0367754
0.029702	0.0110186	0.0375152
0.0357737	0.0149972	0.0369726
0.023818	0.011307	0.0379083
0.0456688	0.00911002	0.0358384
0.0293802	0.000785216	0.0375212
0.0325761	0.0119934	0.037228
0.0373234	0.0169572	0.0369714
0.0312316	0.0140523	0.0374649
0.0302264	0.00913252	0.0374494
0.0367504	0.0102566	0.0368978
0.0239131	0.0112933	0.0380457
0.0415145	0.00903437	0.0364891
0.0226977	0.00906533	0.0381833
0.0290163	0.0108331	0.0374928
0.00499127	0.0119165	0.0395923
0.0282764	0.0137952	0.0377256
0.0398179	0.0108844	0.0366601
0.0426776	0.0132865	0.0362102
0.0450744	0.00177869	0.036218
0.0338969	0.013852	0.0370224
0.0450124	0.0114515	0.036051
0.0196484	0.0138085	0.0383816
0.0109215	0.016428	0.0393849
0.0163939	0.00848258	0.0388469
0.0261835	0.00249362	0.037655
0.0217864	0.00316042	0.0382859
0.0353616	0.0125176	0.0368109
0.0168007	0.0148212	0.0386053
0.0285135	0.00804846	0.0377074
0.0320678	0.0126916	0.0372892
0.0351282	0.00859123	0.0370856
0.0173248	0.0185068	0.0388589
0.029155	0.0105765	0.0375403
0.0288236	0.0137679	0.0376263
0.0245496	0.00529936	0.0379803
0.0216422	0.00945705	0.038225
0.0353738	0.0101938	0.0369638
0.0456425	0.00479746	0.0360111
0.0261756	0.016251	0.0377498
0.0288636	0.0059919	0.03774
0.0319035	0.016711	0.0373532
0.0341143	0.0145681	0.0370695
0.0270632	0.0132923	0.0378712
0.0386401	0.0122835	0.0366433
0.0255575	0.0101249	0.0379148
0.0370269	0.00637646	0.0367772
0.0155269	0.00403078	0.0388929
0.0410809	0.0121287	0.0364093
0.00864212	0.0133596	0.0394567
0.028026	0.0155938	0.0376661
0.0247132	0.00290014	0.037907
0.0465408	0.0098789	0.0361053
0.0421131	0.00366139	0.0363014
0.0125062	0.0113692	0.0391688
0.0238679	0.0109046	0.038111
0.0383639	0.00576806	0.0367289
0.0298338	0.0062517	0.0374609
0.0114294	0.000124411	0.0391633
0.0383483	0.00856908	0.0365435
0.0480003	0.0177507	0.0357885
0.0393472	0.0100883	0.0366693
0.0221785	0.00144534	0.0384544
0.0427561	0.00430804	0.0362584
0.0341532	0.0165251	0.0371181
0.0456416	0.00239184	0.0362235
0.0441008	0.00685675	0.0361872
0.025563	0.0134066	0.0378458
0.0333982	0.00949378	0.0372227
0.01253	0.0136042	0.0391133
0.0359826	0.00691242	0.0367972
0.0271834	0.0155182	0.037792
0.0305528	0.0132535	0.0372916
0.0172964	0.0164875	0.038533
0.0408902	0.0107638	0.0365679
0.0372801	0.0120749	0.0368394
0.0332604	0.010478	0.0370773
0.0324888	0.00786491	0.037349
0.0476577	0.00340502	0.0358223
0.0244163	0.0164048	0.0378161
0.0163153	0.0143823	0.0386374
0.0345221	0.0133057	0.0371185
0.0224174	0.0115249	0.038217
0.0129647	0.0109113	0.0389433
0.0210795	0.00478807	0.0382641
0.00589431	0.00496726	0.0400506
0.0288543	0.0117889	0.0375025
0.0345102	0.00550007	0.0372009
0.0312231	0.00871387	0.0374243
0.0391821	0.0116082	0.0368061
0.0327313	0.0120607	0.037288
0.0293693	0.0158163	0.037708
0.0380568	0.0153508	0.0367396
0.0437163	0.0124314	0.0360536
0.0214892	0.00163687	0.0384235
0.0298686	0.00179453	0.037578
0.0316689	0.0117743	0.0374178
0.0312205	0.0104102	0.0373609
0.0275359	0.00745412	0.0378037
0.0388111	0.0119209	0.0365428
0.0337748	0.0119004	0.0371436
0.0357313	0.00516791	0.037042
0.0371452	0.00893569	0.0368194
0.0382323	0.0122816	0.0368823
0.0240313	0.00804681	0.0380583
0.02721	0.00376649	0.0379847
0.0296965	0.00445774	0.0377135
0.0233977	0.0103648	0.0380661
0.0287932	0.0033842	0.0375843
0.0398691	0.0161116	0.0363224
0.0174408	0.0141883	0.0386755
0.017615	0.0140062	0.0385302
0.0340063	0.00512644	0.0371999
0.0398419	0.00903966	0.0365427
0.0385164	0.016591	0.0368176
0.045546	0.0140922	0.0362724
0.0377021	0.00973218	0.0368378
0.0353442	0.0158638	0.0368754
0.0251305	0.000816901	0.0379425
0.0531442	0.0100909	0.0355384
0.0196372	0.0152536	0.038524
0.0284876	0.00924002	0.037614
0.026989	0.0090077	0.0377318
0.0282853	0.00592222	0.0376392
0.0350435	0.0121164	0.0369826
0.0485686	0.0045285	0.0357172
0.0185812	0.0138219	0.0384967
0.0368082	0.013478	0.0368442
0.0472535	0.00985302	0.0359667
0.0392982	0.0151852	0.0368013
0.0241101	0.00262484	0.0378432
0.0316598	0.00946701	0.0372325
0.0386542	0.0168936	0.0364565
0.0384469	0.0141047	0.0365464
0.0463527	0.00593244	0.0361083
0.0134351	0.010819	0.0388781
0.0197219	0.0116084	0.0384566
0.0408346	0.0114926	0.0363651
0.0230569	0.00956607	0.0380174
0.0176758	0.00902517	0.03864
0.0521744	0.0101631	0.0355284
0.0275106	0.0136477	0.0377349
0.0239622	0.0033906	0.0381356
0.0211924	0.00940855	0.0383194
0.0203604	0.0098056	0.0383989
0.0227036	0.0158254	0.0381548
0.0419485	0.0164521	0.0360871
0.0472006	0.0163796	0.0358397
0.0269879	0.0162357	0.0375998
0.0176482	0.00719256	0.0386124
0.034008	0.00601975	0.0370884
0.0524463	0.0145191	0.0351811
0.0372231	0.00709744	0.0367058
0.0221798	0.00801966	0.0381348
0.0416601	0.0152823	0.0363837
0.0112208	0.0129293	0.0390377
0.0262325	0.00656974	0.0378195
0.0453003	0.00635809	0.0359583
0.0295419	0.0133987	0.0375417
0.0279368	0.00901175	0.0377131
0.0487127	0.0142494	0.0354427
0.0298522	0.00895469	0.03739
0.0360511	0.015391	0.036708
0.0288499	0.0146528	0.0377367
0.0398271	0.00430596	0.0366692
0.0317903	0.0147298	0.0372642
0.00985876	0.00963024	0.039238
0.0362949	0.0125115	0.0370255
0.0330728	0.00794998	0.0372581
0.0327897	0.00811106	0.0373573
0.03652	0.0172649	0.0368556
0.027634	0.0086332	0.037627
0.0276848	0.00954749	0.0376607
0.0261308	0.00104697	0.0381862
0.0214648	0.0114859	0.0382436
0.0230461	0.0120922	0.0381062
0.02101	0.0108219	0.0383143
0.0448007	0.00692323	0.0362415
0.0357436	0.00582916	0.0368297
0.024622	0.00614652	0.0379452
0.0403522	0.0134332	0.036543
0.0339284	0.00397206	0.0371698
0.0385319	0.0118255	0.0365799
0.0340675	0.0101913	0.0371954
0.0336458	0.0126175	0.0371301
0.0335985	0.0145835	0.037191
0.0400853	0.00683599	0.0364697
0.0504625	0.00213141	0.0356137
0.037738	0.015686	0.0365739
0.0343402	0.00124773	0.0369456
0.0204322	0.0149298	0.0384928
0.0410487	0.00602452	0.0363617
0.0408626	0.00231866	0.0363898
0.0481551	0.0161476	0.0360728
0.0217025	0.0102553	0.0382708
0.0277663	0.0050159	0.0378299
0.032011	0.00904337	0.0373484
0.0433111	0.00487039	0.036275
0.0197262	0.0115611	0.0385112
0.0344857	0.0151924	0.0372424
0.0189379	0.0133081	0.0384564
0.0283458	0.011375	0.0377262
0.0530763	0.0111137	0.0354641
0.0250696	0.00980281	0.0378267
0.021455	0.0127645	0.0382603
0.0288549	0.0154501	0.0375725
0.0419521	0.0103989	0.0363092
0.0386811	0.00941289	0.0365968
0.0309209	0.00777676	0.0374337
0.0409236	0.0166513	0.0366239
0.0318379	0.0184153	0.0372905
0.0304633	0.0111416	0.0375311
0.0318499	0.0116617	0.0372257
0.0333796	0.00958264	0.0372001
0.0355875	0.0142591	0.0371882
0.00147862	0.013531	0.0401433
0.0341399	0.0169638	0.0370995
0.0352001	0.0138636	0.0368141
0.0304902	0.0132312	0.0373395
0.0283925	0.00147038	0.0379452
0.0287379	0.0154978	0.0377094
0.0345372	0.0157734	0.0369512
0.0328634	0.00665458	0.0371156
0.03539	0.0128424	0.0368894
0.0226102	0.00824951	0.038282
0.0330844	0.0100513	0.0372314
0.0239597	0.0125336	0.0380344
0.0306246	0.0178514	0.0372432
0.0384783	0.0120174	0.0365007
0.0338559	0.0047414	0.0370959
0.0382281	0.00613444	0.0367545
0.0161219	0.0113025	0.0387822
0.0363498	0.012349	0.0369625
0.0370708	0.00742754	0.0368529
0.0422402	0.0113821	0.0364579
0.0262831	0.00510433	0.037833
0.0284467	0.0139824	0.0375195
0.0375636	0.0100574	0.0368635
0.0366202	0.010661	0.0367405
0.0355264	0.0157392	0.0369661
0.0245166	0.0136068	0.037792
0.022686	0.0172417	0.0381017
0.0161577	0.0145288	0.0387428
0.0217029	0.0169806	0.0381701
0.045092	0.0163589	0.0357743
0.0262402	0.00946887	0.0377337
0.0390178	0.0105652	0.0367592
0.0092402	0.0122839	0.0392232
0.0261109	0.0105273	0.0377197
0.0458939	0.00873699	0.0359644
0.0140794	0.00941906	0.0388852
0.0221374	0.0121171	0.0381804
0.0303709	0.00669951	0.0374015
0.0235622	0.0140905	0.0381641
0.032199	0.00909883	0.0373489
0.0229609	0.0078385	0.0380671
0.0359816	0.00814775	0.0368229
0.0294423	0.0144424	0.037328
0.0229509	0.0123039	0.0380681
0.0268359	0.0162577	0.0376919
0.0269537	0.0097057	0.0376647
0.0227078	0.00935533	0.038159
0.0226076	0.0116974	0.0381469
0.0284522	0.00927222	0.037555
0.0436686	0.0110423	0.0363111
0.0290751	0.00980333	0.0375897
0.0268568	0.00862335	0.0378119
0.0336219	0.0159827	0.0369206
0.0470754	0.0102624	0.0358416
0.0364905	0.00810853	0.0368938
0.029274	0.00587786	0.037668
0.031676	0.00521936	0.0371954
0.0315511	0.00312146	0.0373081
0.0210556	0.00740007	0.038467
0.0307677	0.0143184	0.0374176
0.0326342	0.0142136	0.0371063
0.0344222	0.0166939	0.0370857
0.0270415	0.0104036	0.0378706
0.0399495	0.0131611	0.0364277
0.0392952	0.00544725	0.0366381
0.0358853	0.00433838	0.0370374
0.0176136	0.0150841	0.0387793
0.0381865	0.00551056	0.0367483
0.0354717	0.0117962	0.0368056
0.042983	0.00485499	0.0363016
0.00649522	0.0122869	0.0396454
0.0364449	0.0162059	0.0369912
0.0128764	0.00197095	0.0391796
0.0376856	0.0148549	0.0365731
0.0364762	0.0121396	0.0369268
0.0334118	0.0154868	0.0371629
0.0136223	0.0152005	0.0389866
0.0374519	0.00962109	0.0367435
0.0337965	0.00903709	0.037126
0.0431067	0.0124395	0.0361093
0.0320708	0.00918388	0.0372142
0.0391731	0.0135499	0.036668
0.0422475	0.0126286	0.036389
0.0138005	0.0125767	0.038894
0.0356964	0.0146295	0.0369673
0.019586	0.00808187	0.0383344
0.0456524	0.0117775	0.0362843
0.0130603	0.0196215	0.0390507
0.040143	0.00169845	0.0364069
0.0437214	0.0136618	0.0360008
0.0284538	0.0138513	0.0376127
0.0228309	0.00646167	0.0381825
0.028033	0.00963517	0.037692
0.044236	0.00727447	0.0361888
0.0198772	0.00220747	0.0385742
0.0289278	0.00244002	0.0374367
0.0201715	0.00741332	0.038424
0.0327404	0.0158654	0.0374077
0.0290454	0.0162102	0.0376926
0.0328916	0.0137281	0.0372136
0.0373659	0.0143355	0.0366142
0.0199589	0.0110536	0.0382949
0.019782	0.00679922	0.0385131
0.0384007	0.00875727	0.0367064
0.0441192	0.0171588	0.0361265
0.0257698	0.00457091	0.0378495
0.0287672	0.0128929	0.037672
0.0291163	0.0056567	0.0375386
0.0440497	0.00269779	0.0363595
0.0382367	0.00939956	0.0366893
0.0276324	0.00216539	0.03761
0.0414204	0.0158697	0.0363114
0.0381882	0.0118471	0.03668
0.0203698	0.0106857	0.0383366
0.0166289	0.0145685	0.0386893
0.0243525	0.0098206	0.0380255
0.0316008	0.0162804	0.0374656
0.015172	0.00877895	0.0387486
0.0330115	0.0155881	0.0372738
0.0370457	0.007059	0.0369867
0.0264901	0.0113645	0.0378911
0.0360426	0.00754734	0.0369524
0.0221499	0.0106327	0.0381599
0.028802	0.0143118	0.0375923
0.0270445	0.00312163	0.0377343
0.0340339	0.0101972	0.0371768
0.0167831	0.00796472	0.0387005
0.0309743	0.00891854	0.0374306
0.0303283	0.014464	0.0374849
0.0267509	0.0146594	0.0375645
0.0428384	0.00438106	0.0364182
0.0275979	0.00306766	0.0377623
0.026618	0.00655856	0.0377864
0.030518	0.00315221	0.037381
0.020166	0.0125183	0.038338
0.0283634	0.0100687	0.0376913
0.0368781	0.0056048	0.0369779
0.0384577	0.0169142	0.0366492
0.0259422	0.013219	0.0379746
0.0214807	0.0102804	0.0382307
0.0376031	0.0121292	0.03681
0.0317571	0.00486025	0.0373097
0.0423688	0.000866011	0.0362772
0.0352315	0.000449009	0.0369799
0.0403329	0.00732061	0.0363543
0.0383498	0.0106028	0.0365664
0.0348245	0.00772026	0.0369867
0.0289874	0.0107364	0.0375625
0.0234367	0.0142333	0.0380787
0.042663	0.00893828	0.0363878
0.0209199	0.0136494	0.0381941
0.0313481	0.0166957	0.0371804
0.0253324	0.00927064	0.0377981
0.0257863	0.0172215	0.0377842
0.0239452	0.00898637	0.0380751
0.0279046	0.0082606	0.0376114
0.0327893	0.0110569	0.0373301
0.0360751	0.0178208	0.0371331
0.0227349	0.0132105	0.0380641
0.0422024	0.00942212	0.0364263
0.046719	0.0121324	0.0357618
0.0357581	0.0117929	0.0368668
0.0438699	0.00398382	0.0360026
0.0399071	0.0136648	0.0367095
0.040704	0.0108305	0.0362833
0.018076	0.0149192	0.0385907
0.0247984	0.000417678	0.0380408
0.0157531	0.00628394	0.0388132
0.0359685	0.0104621	0.0368802
0.0381618	0.0117178	0.0367447
0.0303561	0.0032614	0.0376142
0.0268883	0.0152024	0.0378142
0.0279538	0.00710298	0.0376413
0.0209748	0.0112571	0.0381661
0.0312595	0.0111655	0.0372378
0.0305602	0.0054993	0.0373906
0.041047	0.013339	0.0366239
0.052127	0.0153327	0.0352806
0.0439665	0.011155	0.0361039
0.0166017	0.0164141	0.0384908
0.0223352	0.0130767	0.0381367
0.0361706	0.00880074	0.0369837
0.02784	0.0162375	0.0378678
0.0387995	0.00286354	0.036578
0.0247929	0.00696617	0.0379291
0.0271546	0.0165384	0.0376954
0.0233271	0.00668525	0.0380623
0.0154411	0.0117892	0.0388326
0.0501624	0.0138142	0.0358157
0.0256467	0.0108955	0.037805
0.0358921	0.00677215	0.0369279
0.0202717	0.00905109	0.0383153
0.0377945	0.0125918	0.0367707
0.0354286	0.0092204	0.0369559
0.0393612	0.00841045	0.0364411
0.0212773	0.0164092	0.0381496
0.03605	0.00719994	0.0370091
0.0293687	0.00824341	0.037578
0.0331458	0.0181549	0.0370346
0.0203927	0.0132702	0.0381718
0.0153764	0.014937	0.0387297
0.0293244	0.0105285	0.0375575
0.0318389	0.0120112	0.0374033
0.0301426	0.0131311	0.0373744
0.0234935	0.0127705	0.0382042
0.0249447	0.0044951	0.0381854
0.0387746	0.00465685	0.0369065
0.025695	0.0164033	0.0379142
0.0327579	0.00316985	0.0373848
0.0472102	0.00354766	0.0357472
0.0310615	0.011207	0.0374456
0.0279024	0.0163274	0.0376768
0.0433411	0.0155509	0.0359775
0.00870554	0.0122754	0.0393608
0.0337304	0.0100925	0.0371214
0.0374325	0.0120713	0.0367612
0.0423092	0.0159213	0.0361315
0.0230782	0.015622	0.0379596
0.0283096	0.0103174	0.0377055
0.0218614	0.01103	0.0381244
0.0394382	0.0102538	0.0367066
0.0324466	0.00945111	0.0371753
0.0261554	0.0157498	0.038006
0.0109403	0.00859197	0.0392169
0.0321963	0.0124199	0.037287
0.0329607	0.0164254	0.0370965
0.01114	0.014194	0.0394276
0.025203	0.0160304	0.0380282
0.0279621	0.010189	0.0377374
0.0162222	0.0047634	0.0388028
0.028254	0.0148607	0.0376947
0.0165517	0.00745704	0.0386467
0.0333865	0.0109372	0.0371657
0.0269761	0.00841661	0.0378082
0.0400497	0.0116804	0.0364982
0.030121	0.00367528	0.0376644
0.0344795	0.0133831	0.0370936
0.0394748	0.00727943	0.0365444
0.0270216	0.00697988	0.0377013
0.0348743	0.0137045	0.0369022
0.0371326	0.0066124	0.0367852
0.0234706	0.0136631	0.0380028
0.0322125	0.0124873	0.0371911
0.0289237	0.016258	0.0374457
0.0420284	0.0126606	0.0364114
0.0270449	0.000762481	0.0375631
0.0395191	0.0037097	0.0364414
0.0483679	0.0142546	0.0359851
0.0233585	0.00501983	0.0379398
0.0312719	0.012362	0.037267
0.0438566	0.011324	0.03624
0.0363274	0.00681336	0.0367916
0.0159529	0.0152601	0.0389439
0.0308909	0.0151966	0.0373465
0.0233452	0.00903361	0.0380966
0.0408737	0.0123081	0.0365949
0.0106202	0.013006	0.0390575
0.0331468	0.00209109	0.0372038
0.015306	0.00907162	0.0389035
0.0316212	0.0104307	0.0373639
0.0318851	0.00971475	0.0373812
0.0172787	0.0100792	0.0385909
0.000785118	0.00424147	0.0401538
0.0139944	0.0138301	0.038922
0.0300832	0.0154253	0.0374158
0.0416982	0.0164648	0.0366248
0.0308688	0.0166294	0.0374205
0.0323759	0.0160111	0.0372972
0.0261789	0.0142542	0.0377353
0.0313826	0.00637014	0.0374712
0.0252625	0.015022	0.0378985
0.0327994	0.00616644	0.0373454
0.048331	0.0119593	0.0359293
0.0270675	0.0150502	0.0375276
0.0359707	0.0142076	0.0369092
0.030887	0.0090678	0.0374336
0.00306465	0.0116342	0.039733
0.0392375	0.0118128	0.0364672
0.0400961	0.0124313	0.0365075
0.0284287	0.00483904	0.0377453
0.0118966	0.0126489	0.0391848
0.0239985	0.00818518	0.0381004
0.0390549	0.00826023	0.0366375
0.0265321	0.0124764	0.0377794
0.0357911	0.012989	0.0369319
0.0319441	0.00855898	0.0372885
0.026695	0.0106803	0.0377553
0.0327953	0.00485712	0.0373603
0.0297777	0.0126161	0.0374648
0.0219167	0.0121855	0.0382679
0.032389	0.00693581	0.0371951
0.0274633	0.0168117	0.0376697
0.0231689	0.0107383	0.0381341
0.0264586	0.0121269	0.037759
0.0136893	0.0168589	0.0389863
0.0221446	0.0164587	0.0382867
0.0292015	0.0140936	0.0375606
0.0181409	0.00373511	0.038398
0.0342951	0.0132572	0.0369694
0.0169614	0.0132657	0.0385822
0.0251495	0.0131385	0.0380448
0.0293315	0.00287867	0.037493
0.0298322	0.0110112	0.0374854
0.0293969	0.00529785	0.0376107
0.0357292	0.0136156	0.0369399
0.00866196	0.014374	0.0395338
0.0414319	0.0144439	0.0362262
0.0245543	0.0101688	0.037983
0.0433115	0.00888945	0.0361088
0.0231951	0.0107904	0.0380725
0.0236828	0.00829083	0.0380034
0.0400709	0.0109854	0.0363898
0.0378183	0.00753139	0.036643
0.00973196	0.00469533	0.0390851
0.030431	0.016114	0.0372704
0.0218661	0.0141431	0.0382845
0.0426086	0.0123393	0.0362229
0.0345169	0.0112573	0.0369457
0.0359809	0.00876229	0.0369711
0.0337288	0.000963401	0.0373277
0.0277086	0.0127791	0.037621
0.0392945	0.0133695	0.0367554
0.0317842	0.0133384	0.0373203
0.0368274	0.0107407	0.0368101
0.0278477	0.0141633	0.0375703
0.0252142	0.00978004	0.037852
0.0363794	0.00182136	0.0367929
0.0366569	0.0143968	0.0366637
0.0250507	0.00859345	0.0379725
0.0171647	0.00873142	0.0385308
0.00738546	0.0162252	0.0397389
0.0118731	0.00765192	0.0391361
0.0323077	0.0169357	0.0372827
0.000883804	0.0175532	0.0402956
0.0184132	0.0107599	0.0385209
0.0294202	0.00913163	0.0375527
0.0264413	0.0164262	0.037724
0.0394811	0.0128333	0.0364613
0.0512365	0.0110322	0.0354418
0.044802	0.00511903	0.0359933
0.028683	0.00984304	0.0375468
0.0209256	0.0109253	0.0383365
0.0295436	0.00859162	0.0375133
0.0203147	0.000710609	0.0384421
0.022674	0.0124217	0.038119
0.0202964	0.00628146	0.0383978
0.0410224	0.0146271	0.036284
0.0366037	0.0047777	0.0367498
0.0259145	0.0110331	0.0377605
0.0182506	0.00741599	0.0386058
0.0334043	0.00314551	0.0371333
0.0286451	0.0130414	0.0376465
0.0295964	0.00933539	0.0375645
0.0254213	0.0131529	0.0377198
0.039719	0.0111531	0.0365296
0.0386526	0.00679329	0.0366473
0.0237772	0.0139114	0.0381756
0.0312042	0.00909139	0.037301
0.0382266	0.00351732	0.036866
0.0383944	0.014974	0.0366709
0.0217267	0.012396	0.0382261
0.0437454	0.00795404	0.0362487
0.0335382	0.0104359	0.0372191
0.0319925	0.00214973	0.0372701
0.0301259	0.00949764	0.0374039
0.0313044	0.0115448	0.0372816
0.0405072	0.0116947	0.0363913
0.0173153	0.0126646	0.0386564
0.0355596	0.0074327	0.0370755
0.0275963	0.0112895	0.0376827
0.0273295	0.0133773	0.0376551
0.0118801	0.0144619	0.0390478
0.0268083	0.0103047	0.0378128
0.0213866	0.0158719	0.0381823
0.047418	6.86485e-05	0.0358309
0.021585	0.0165287	0.0383445
0.013392	0.00957245	0.0389402
0.0442581	0.0148677	0.0359101
0.0391338	0.00196809	0.0369053
0.0387796	0.0156241	0.0364243
0.0416942	0.00519112	0.0364421
0.0351833	0.00475584	0.0369772
0.0208253	0.0097204	0.038216
0.027351	0.0040794	0.0376967
0.0115568	0.00906078	0.0391757
0.0397478	0.0134377	0.0366171
0.0374727	0.0144519	0.0366255
0.022337	0.00810116	0.0380578
0.0270689	0.00174404	0.0377703
0.0301005	0.00945783	0.0374014
0.0348117	0.00566262	0.037124
0.0258648	0.0110511	0.0378586
0.0386703	0.00222558	0.0369384
0.033512	0.00801694	0.0370731
0.0148774	0.0160314	0.038792
0.031593	0.0168117	0.0373643
0.0362352	0.0157258	0.0368639
0.0287763	0.0149233	0.0375389
0.0328561	0.0101289	0.0371239
0.0224572	0.010273	0.0381687
0.0263928	0.0130857	0.0379269
0.0168345	0.00263887	0.038703
0.024189	0.00807039	0.0380283
0.0395354	0.00817859	0.0365647
0.0320809	0.0106776	0.037319
0.0433332	0.00367859	0.036137
0.03559	0.0027997	0.0372208
0.0329151	0.00857995	0.0372788
0.0450145	0.0113747	0.0361668
0.0263107	0.0133774	0.0377407
0.0304535	0.00259503	0.0376032
0.0325715	0.0126964	0.0373308
0.0314562	0.00687029	0.0374121
0.0405711	0.00335789	0.0364461
0.046957	0.0163751	0.0361267
0.0260181	0.00928426	0.0378649
0.0402539	0.00825201	0.0363517
0.035767	0.0117809	0.0368613
0.0218252	0.00454531	0.0383086
0.0239962	0.00508763	0.0381533
0.0268134	0.0135098	0.0378332
0.0350567	0.0143459	0.0371726
0.0313796	0.0167904	0.0372376
0.0298381	0.00991643	0.0375077
0.0319836	0.0159852	0.037328
0.0354557	0.00814744	0.0370775
0.0327357	0.0129181	0.0371355
0.0425969	0.0028046	0.036622
0.0348737	0.00215665	0.0371836
0.0270538	0.00489341	0.037819
0.0368331	0.00622205	0.0368563
0.0274389	0.0112743	0.0376858
0.0329737	0.0148914	0.037209
0.0256981	0.0127746	0.0377852
0.0358189	0.00991545	0.0369156
0.035223	0.0019424	0.0369503
0.0394473	0.0133765	0.0367647
0.0186971	0.0132901	0.0385096
0.038831	0.0162032	0.0366384
0.0214685	0.00959047	0.038295
0.0456949	0.00398165	0.0361664
0.0310002	0.00716896	0.0373454
0.0417595	0.00776	0.0364653
0.0279593	0.0167063	0.0376698
0.0224101	0.0042848	0.0382355
0.00973394	0.0118214	0.0394301
0.0250845	0.00610818	0.0379389
0.0346688	0.00683679	0.0371032
0.0213183	0.0128792	0.0382382
0.0405762	0.00237601	0.0363915
0.041446	0.0137223	0.0364675
0.0394788	0.0154879	0.0367589
0.0284088	0.0118051	0.037543
0.0180199	0.0138168	0.0385549
0.0164025	0.00146339	0.0390102
0.00705371	0.0110805	0.0395262
0.0353788	0.00863959	0.03691
0.0135836	0.0105856	0.0390863
0.0253121	0.0104955	0.0379008
0.0349468	0.00810888	0.0371041
0.0380622	0.0144954	0.0367106
0.053489	0.00974793	0.035084
0.0330601	0.00932596	0.0371966
0.0311002	0.0146124	0.0372473
0.0332569	0.00871934	0.0372413
0.0251492	0.0122258	0.0379816
0.0287166	0.00656757	0.0375705
0.0300751	0.0114138	0.0374611
0.0436477	0.0131099	0.0364065
0.0269975	0.0143817	0.0377732
0.0363086	0.00586603	0.0368071
0.0265479	0.01281	0.0379075
0.0213777	0.00621328	0.0384726
0.0396493	0.0120101	0.036615
0.0485676	0.0135052	0.0360327
0.0372048	0.00500904	0.0369046
0.030183	0.00675609	0.0374141
0.0429034	0.00653929	0.0363273
0.0191995	0.00966611	0.0384176
0.0361547	0.0143525	0.0369021
0.0289005	0.0117527	0.037439
0.0326192	0.0131742	0.0372474
0.0339254	0.0160127	0.037141
0.0235027	0.00926686	0.0379624
0.0216816	0.0138022	0.0383686
0.0213755	0.0155366	0.038173
0.0278737	0.00967321	0.0376652
0.0145334	0.00922594	0.0389587
0.0274162	0.0150593	0.0377147
0.0178931	0.000177429	0.0384711
0.0354849	0.0133476	0.0369559
0.0263018	0.013842	0.0378624
0.0266226	0.00508923	0.0377504
0.0276369	0.00613587	0.0376787
0.0357522	0.00447661	0.0370579
0.0206124	0.00918651	0.0382207
0.016188	0.00579007	0.0385692
0.0303153	0.0140511	0.0374695
0.0355927	0.00817971	0.036869
0.0334083	0.00813234	0.0372174
0.0375849	0.0075198	0.0368635
0.0472045	0.00900919	0.0360705
0.0317007	0.0152974	0.0374446
0.0392023	0.00475453	0.0365955
0.0259082	0.0108827	0.0379304
0.039633	0.00794905	0.0366198
0.0260163	0.0144178	0.0377918
0.023387	0.00820512	0.0381042
0.0299487	0.0142061	0.0373671
0.0344184	0.0107256	0.0371397
0.0357991	0.0158732	0.0369949
0.0286703	0.0059394	0.0375127
0.0191177	0.00270539	0.0384615
0.0262898	0.00573388	0.0378189
0.0196092	0.0122463	0.0382652
0.0303114	0.00701194	0.0375632
0.039967	0.00577393	0.0366953
0.0301911	0.0108816	0.0374619
0.0267281	0.0101176	0.0377912
0.0228195	0.0149795	0.0379114
0.0376249	0.00542226	0.0369164
0.0362537	0.0106789	0.0369233
0.0428114	0.00766604	0.0363706
0.0349962	0.0123789	0.03685
0.0248931	0.00937215	0.0379643
0.0263704	0.0142287	0.0377113
0.0141268	0.0019066	0.0388359
0.0348457	0.00885683	0.0371112
0.0264894	0.0018706	0.0377195
0.0324322	0.00346854	0.0372386
0.0389202	0.0145363	0.0364789
0.0465674	0.00557248	0.0357743
0.0338904	0.0125922	0.0372321
0.0329333	0.00655802	0.0371785
0.0393656	0.0156836	0.0367595
0.0298861	0.0152709	0.0375403
0.0228624	0.0136087	0.0381993
0.0201991	0.0141194	0.0384591
0.0307511	0.0128844	0.0372734
0.0135041	0.0123655	0.0389335
0.0284422	0.0151307	0.0377822
0.0251796	0.0116962	0.0378489
0.0168271	0.00829037	0.0386783
0.0394373	0.018199	0.0366096
0.0129723	0.00345388	0.0390722
0.0348996	0.0131553	0.0370591
0.0426127	0.00401586	0.0363046
0.0293533	0.015367	0.0373145
0.0289176	0.0115588	0.037442
0.021993	0.0158127	0.0382675
0.0397111	0.0155418	0.0364722
0.0397282	0.0132308	0.0364073
0.0187222	0.00653662	0.0385566
0.0246663	0.0161032	0.0379603
0.0226323	0.0133532	0.0382212
0.0340269	0.0104312	0.0370789
0.0260929	0.00617271	0.0379438
0.0534118	0.0146012	0.0352062
0.038489	0.011028	0.0366562
0.0278537	0.0158536	0.0376073
0.0413352	0.00147489	0.0367313
0.0312259	0.0153608	0.0374802
0.0408651	0.00939854	0.0363209
0.0334106	0.00928738	0.0372429
0.0165002	0.00511908	0.038685
0.0274997	0.00485947	0.03769
0.00302752	0.00996226	0.040042
0.021035	0.0133187	0.0382703
0.0208553	0.00372811	0.0383554
0.0201996	0.00967265	0.038463
0.0230221	0.0150193	0.0382894
0.0280205	0.00812716	0.0377004
0.0408457	0.000698343	0.0362766
0.0171977	0.00784121	0.0387677
0.0012289	0.0041392	0.0401963
0.0378692	0.00604827	0.0367008
0.042083	0.0112331	0.0361842
0.013821	0.0147518	0.0388346
0.0377862	0.0142216	0.03678
0.0107559	0.00557165	0.0391487
0.031219	0.0161841	0.0373279
0.0272606	0.0117327	0.0378286
0.027971	0.00821805	0.0377088
0.0375644	0.0163382	0.0367581
0.0167288	0.00358126	0.0390233
0.0428984	0.0148424	0.0362687
0.0250806	0.00542366	0.0380069
0.0184131	0.0116833	0.0386178
0.0309918	0.00867204	0.0373231
0.016548	0.0101318	0.0386537
0.0300591	0.00907201	0.037516
0.0308018	0.0162143	0.0375877
0.0206212	0.011644	0.0384561
0.0326226	0.0094919	0.0371668
0.0292597	0.0111835	0.0376194
0.0317727	0.0151081	0.0371014
0.0247681	0.00681613	0.0379304
0.0184858	0.0113277	0.0386274
0.0300409	0.0130591	0.0375614
0.0202034	0.0128803	0.0383807
0.0405266	0.000321557	0.0367055
0.0316785	0.00509294	0.0371941
0.0223063	0.00485366	0.0381945
0.0488789	0.0143856	0.0358404
0.0378055	0.00911554	0.0367493
0.0372902	0.0128521	0.0367793
0.0244293	0.0169093	0.0381932
0.0274574	0.00577831	0.0376688
0.0278794	0.00689825	0.0377322
0.0185889	0.0147365	0.0386738
0.0310398	0.0092605	0.0374906
0.0226914	0.00526708	0.0381529
0.0159331	0.0153581	0.0387924
0.0347304	0.00527195	0.0369377
0.0345	0.0125842	0.0370625
0.0163423	0.0126091	0.0387258
0.0258671	0.0139242	0.0378121
0.037861	0.0113471	0.036669
0.0362156	0.00787958	0.0369628
0.0319187	0.00393944	0.0374466
0.0140749	0.00565559	0.0392186
0.0362814	0.00666959	0.0367988
0.0232629	0.00138408	0.0380726
0.0258339	0.0095553	0.0378261
0.0323264	0.0148581	0.03719
0.0288241	0.0136715	0.0376644
0.018837	0.0135247	0.0384636
0.0315812	0.00594312	0.0374732
0.0300133	0.0119413	0.037401
0.0430229	0.00459077	0.0363958
0.0374161	0.00920602	0.036773
0.0240564	0.0126163	0.037855
0.0297162	0.00877051	0.0375348
0.0255443	0.0126794	0.0379126
0.0377728	0.0147903	0.036569
0.0300267	0.000406806	0.0377561
0.0297759	0.0105138	0.0375142
0.0427468	0.00972173	0.036172
0.0255908	0.00634605	0.0378363
0.029621	0.00422763	0.037655
0.0147084	0.00567731	0.0388407
0.0411871	0.0107006	0.0365658
0.000266063	0.0139807	0.0405376
0.0416211	0.0127001	0.0362206
0.044116	0.0118088	0.036241
0.0289242	0.00778763	0.0376617
0.0360738	0.00917285	0.0368739
0.0406042	0.00607627	0.036493
0.0299746	0.0125673	0.0373542
0.0265833	0.0114068	0.0378218
0.0279502	0.0154706	0.0375795
0.0176536	0.00885988	0.0385219
0.0271002	0.00698274	0.0377354
0.0259422	0.0124835	0.0377999
0.0333686	0.0147652	0.0370376
0.0278593	0.00833696	0.0377282
0.0357123	0.00534997	0.0368846
0.0275003	0.00859444	0.0377447
0.0337877	0.0085331	0.0370706
0.0457984	0.00292034	0.0358809
0.0322974	0.00693496	0.0372132
0.0311714	0.0128733	0.0373553
0.023564	0.00954695	0.0380802
0.0314067	0.00868665	0.0372813
0.0230184	0.00399673	0.0380909
0.0171769	0.0143067	0.0386753
0.0218874	0.0104783	0.038215
0.0448838	0.00187968	0.0363056
0.0367495	0.00665938	0.0367944
0.0263898	0.00760457	0.037761
0.0421879	0.0165688	0.0363507
0.0352143	0.00446613	0.0369082
0.0139399	0.00497342	0.0389163
0.0385855	0.00974005	0.0367878
0.0193809	0.0133676	0.0384592
0.0234799	0.0110829	0.0381175
0.0275546	0.00344835	0.0377094
0.0319367	0.00555243	0.0374276
0.0298115	0.00948142	0.0375023
0.010524	0.0134566	0.0390837
0.0274116	0.0167563	0.0377308
0.0208753	0.0122671	0.0382956
0.0262195	0.0149844	0.037906
0.0333775	0.0117412	0.0372446
0.0326841	0.010023	0.037293
0.031274	0.0048047	0.0374653
0.0440536	0.00581648	0.0362134
0.0386751	0.00788942	0.0367132
0.023945	0.0103888	0.0381538
0.0453078	0.00687168	0.0363571
0.0247833	0.00991634	0.0380445
0.0260503	0.0123726	0.0377986
0.0331628	0.00683678	0.0373407
0.0339749	0.0116121	0.0371836
0.0369756	0.0080508	0.036858
0.0357416	0.0132487	0.0369445
0.0261991	0.00683622	0.0377786
0.0331535	0.006215	0.0371523
0.0287812	0.0045871	0.0375517
0.0125565	0.00913131	0.0391496
0.0323611	0.0078018	0.0373542
0.0343578	0.0039282	0.0372329
0.0192047	6.6092e-05	0.0384693
0.0376192	0.0164691	0.0369809
0.0342662	0.00765419	0.0370756
0.0435478	0.00971352	0.0363662
0.0254466	0.0161621	0.037827
0.0299038	0.00998567	0.037576
0.031884	0.0144943	0.037319
0.0288043	0.00302875	0.0377095
0.0238868	0.013455	0.0381
0.0332137	0.00334453	0.0371496
0.0278432	0.010009	0.0376065
0.0248572	0.00995482	0.0379321
0.0271081	0.00832697	0.0378026
0.0205547	0.0124943	0.0383043
0.025078	0.01169	0.0379799
0.0269408	0.0123082	0.0377394
0.0334095	0.00923796	0.03721
0.0327167	0.0043848	0.0371511
0.00397933	0.00938027	0.039744
0.0247993	0.00924289	0.0379747
0.0397844	0.00459394	0.0368198
0.0299622	0.00017805	0.0376183
0.0374644	0.016838	0.0367727
0.0328305	0.00939517	0.0371317
0.0255102	0.0125259	0.0378731
0.0291276	0.00785214	0.0375286
0.0153688	0.0137864	0.0388233
0.0313766	0.0114674	0.0374555
0.0441321	0.0140005	0.0363252
0.0155733	0.0132523	0.0387069
0.0321791	0.012667	0.0371788
0.0329719	0.0097945	0.0373302
0.0295948	0.0108639	0.0375216
0.0301012	0.00982611	0.0375111
0.0360691	0.00915732	0.0370048
0.0433025	0.0125939	0.0362826
0.0340975	0.00906779	0.0371825
0.0353923	0.0155502	0.0367645
0.0325377	0.0104242	0.037307
0.0305774	0.00788675	0.0374823
0.0474658	0.014092	0.0356251
0.0307773	0.014575	0.0372572
0.0293783	0.00531568	0.0375108
0.0119478	0.00799311	0.0391459
0.0517556	0.015944	0.0352802
0.0409686	0.00988708	0.0363632
0.0295444	0.00952345	0.0375346
0.0286067	0.0157947	0.0377231
0.0290959	0.00370162	0.0376409
0.0138532	0.00739464	0.0390343
0.0263827	0.0141093	0.0379501
0.0292246	0.0135403	0.0374215
0.0324612	0.0154988	0.037334
0.0493742	0.00888853	0.0355711
0.0249326	0.00915828	0.0379901
0.0317396	0.010285	0.0374042
0.0384623	0.00307729	0.0368504
0.0315528	0.0125659	0.0372679
0.0352094	0.00905625	0.0370753
0.0173478	0.0110604	0.0385671
0.0355625	0.00812786	0.0368282
0.0129466	0.0115866	0.0389765
0.0300392	0.0159218	0.0374593
0.0339492	0.0121771	0.0372034
0.0184015	0.0093498	0.0385885
0.0464664	0.00923262	0.0358875
0.032263	0.0104903	0.0372592
0.0338516	0.00267239	0.0370795
0.0329051	0.0111512	0.0372716
0.0364051	0.0085858	0.0368154
0.0318365	0.013183	0.037445
0.0312245	0.0123785	0.0372314
0.0319641	0.0122144	0.0372887
0.0369518	0.00906015	0.0368779
0.0348821	0.0083746	0.0371373
0.0275875	0.00394549	0.0378045
0.0412567	0.0143215	0.0363724
0.0272292	0.00541917	0.0379267
0.026734	0.0102371	0.037814
0.0392381	0.00871686	0.0367574
0.0291865	0.0164028	0.0373863
0.035219	0.0157395	0.0371864
0.0535991	0.00226558	0.0353368
0.0414026	0.0057223	0.0364559
0.0217844	0.0165675	0.0381677
0.0330385	0.0051454	0.0371494
0.0323659	0.014773	0.0370555
0.0451308	0.00255109	0.0360702
0.0328872	0.00775055	0.0371039
0.0367714	0.00892637	0.0367771
0.0350294	0.00521326	0.0370422
0.0175632	0.0130095	0.0385419
0.0507357	0.00323976	0.0353365
0.0317355	0.0111773	0.0373351
0.0379272	0.0125052	0.0368719
0.027102	0.015779	0.0379256
0.0307291	0.00968408	0.0373183
0.0290477	0.0137865	0.0374963
0.0270212	0.00627096	0.0378625
0.0278239	0.00414615	0.0378186
0.0434644	0.00850443	0.0363246
0.0131815	0.0117654	0.0389568
0.0425346	0.0178416	0.0360662
0.0291137	0.0131197	0.0375799
0.0322076	0.0147	0.0371108
0.00827069	0.000162308	0.0394236
0.0310333	0.00436553	0.0375853
0.0251565	0.0109554	0.038009
0.0275293	0.00947215	0.0377376
0.0440596	0.00493477	0.0362041
0.0302364	0.0171039	0.0376723
0.0327931	0.00320126	0.0372905
0.0275892	0.0132253	0.0378244
0.0340951	0.0129564	0.0370826
0.0424254	0.00748509	0.0361398
0.00353528	0.016763	0.039857
0.0351668	0.00439348	0.0368987
0.0342437	0.0116328	0.0372107
0.0326305	0.00187264	0.0374321
0.00166635	0.0147773	0.0402029
0.0358988	0.00886641	0.0368268
0.026739	0.0150896	0.037881
0.0368162	0.0160987	0.0366318
0.0427912	0.0128183	0.0361978
0.0250106	0.0117602	0.0380303
0.0310243	0.0154614	0.0374205
0.0267995	0.0115635	0.0378122
0.0141047	0.00827817	0.0390548
0.0465525	0.00521765	0.0359724
0.0408799	0.00778931	0.036568
0.0070748	0.00773695	0.0395782
0.0297998	0.00939868	0.0374945
0.0447012	0.0157558	0.0359212
0.0320307	0.0165795	0.0374319
0.0322025	0.00573321	0.037228
0.016151	0.0161438	0.0389295
0.032479	0.00545534	0.0372411
0.0171301	0.00762926	0.0386987
0.0125001	0.0167791	0.0392358
0.0167108	0.00780381	0.0387404
0.0304202	0.0103131	0.0373687
0.0274309	0.00537486	0.037673
0.037377	0.00335336	0.0369323
0.0281483	0.0109746	0.0376405
0.0293379	0.0135474	0.0375404
0.0227679	0.00824035	0.0381722
0.0131068	0.00906622	0.0389268
0.0370263	0.0131155	0.0368975
0.0245059	0.00663509	0.038044
0.031574	0.00976698	0.0372428
0.0220112	0.00769768	0.0381195
0.0299019	0.0123049	0.0375577
0.0350042	0.0123057	0.0369252
0.016457	0.0133151	0.0388422
0.0420372	0.0117522	0.0361852
0.040907	0.0133326	0.0363752
0.0462952	0.0119409	0.0360256
0.04969	0.00902945	0.0355772
0.0163907	0.0110225	0.0387789
0.0378187	0.0128541	0.0368709
0.0104325	0.00884753	0.0393089
0.0425509	0.0104885	0.0364311
0.0411794	0.0111924	0.0365402
0.0274115	0.00766205	0.0377952
0.0355825	0.0108393	0.0368437
0.0417072	0.00651763	0.0364487
0.0228196	0.0151794	0.0381473
0.0253202	0.0125507	0.0378664
0.0168156	0.00886657	0.0387811
0.0345725	0.0108589	0.0370321
0.0366835	0.0101605	0.0367856
0.0176145	0.00185477	0.0388834
0.0457938	0.00716844	0.035915
0.0160666	0.00891536	0.0388216
0.0311658	0.014752	0.0372925
0.0282679	0.0108519	0.0377279
0.0254866	0.0123354	0.0379538
0.0340079	0.00469599	0.0372531
0.0232959	0.00153777	0.0380804
0.0183344	0.00730333	0.038505
0.0401628	0.000964518	0.036828
0.0446312	0.0125109	0.0361773
0.0148732	0.00589365	0.0388312
0.0248681	0.00519765	0.0380943
0.0376476	0.0132809	0.0369193
0.0181894	0.0108329	0.0386244
0.0296525	0.0123447	0.0374405
0.0428416	0.00621701	0.0364121
0.0456944	0.00324759	0.0358796
0.0241371	0.0123184	0.0380325
0.040733	0.0123175	0.0366269
0.0279832	0.010563	0.0377112
0.0170045	0.00655446	0.038507
0.021242	0.0108716	0.0383075
0.0434458	0.0125705	0.0361787
0.0299398	0.00621005	0.0375542
0.0390782	0.00826404	0.036604
0.0276893	0.0120041	0.0377482
0.028569	0.00841537	0.037652
0.0374429	0.011724	0.0369513
0.039372	0.0125277	0.0364964
0.0281216	0.014891	0.0377089
0.0334516	0.00608101	0.0372523
0.0153984	0.00176244	0.0387002
0.0392466	0.0158865	0.0366057
0.0217861	0.00776664	0.0383188
0.0300257	0.00993759	0.0375114
0.0276969	0.0121743	0.0375382
0.00237325	0.00926578	0.0398575
0.0375312	0.0126886	0.0368928
0.0290939	0.00990018	0.0375453
0.024328	0.00751808	0.0379523
0.0469653	0.00600432	0.0356934
0.0257416	0.0115098	0.0377303
0.0307382	0.00311395	0.0373318
0.0114265	0.00642906	0.0392706
0.0267917	0.0120385	0.0376902
0.0259197	0.000228695	0.0376705
0.0332188	0.00711308	0.0371973
0.0354694	0.0162627	0.0368872
0.0390315	0.0156943	0.0366471
0.0204873	0.0148375	0.0382961
0.0242007	0.00443257	0.0381808
0.0288228	0.00838437	0.0376741
0.0297695	0.0061204	0.0376496
0.014164	0.0117817	0.0390014
0.0022311	0.00494989	0.0400135
0.018068	0.00842199	0.0386671
0.0233349	0.0117755	0.0380725
0.0313072	0.0123688	0.0373648
0.01987	0.0165534	0.038573
0.0238632	0.00710984	0.038089
0.0407204	0.00944387	0.0365464
0.0179712	0.00831724	0.0385527
0.0424155	0.0172767	0.0365532
0.0250551	0.0098258	0.0378775
0.0201879	0.00615549	0.0383576
0.0200409	0.0136377	0.0383409
0.0272433	0.0165452	0.0375799
0.00289017	0.0161187	0.0398681
0.026419	0.00679368	0.0377274
0.010284	0.0120484	0.0391872
0.0348071	0.00484212	0.0370003
0.033869	0.0148041	0.0372449
0.0158528	0.00463261	0.0387844
0.019591	0.000859728	0.0385367
0.0307416	0.0152719	0.0374375
0.0153509	0.012524	0.038696
0.0210869	0.00479979	0.0384206
0.0122986	0.00461497	0.0391543
0.0195669	0.00856608	0.0384438
0.0379837	0.00564261	0.0367555
0.0343435	0.0167574	0.0369622
0.0177171	0.0105035	0.0386145
0.0381196	0.0124648	0.0366391
0.0403176	0.00138051	0.0364044
0.0385191	0.0125524	0.0366004
0.0420355	0.0113476	0.0363173
0.0308857	0.0134069	0.0374642
0.0383466	0.0181719	0.0365099
0.0409852	0.00843367	0.0364495
0.0307366	0.00608313	0.0375524
0.0388	0.0158041	0.0366444
0.0442193	0.0108602	0.0362013
0.0258281	0.0109435	0.037845
0.0353055	0.00205687	0.0369616
0.0284115	0.010745	0.0376247
0.0397638	0.0117875	0.0366598
0.0198854	0.0159815	0.0383888
0.0315863	0.0116899	0.0373768
0.0270574	0.0134323	0.0377664
0.0331705	0.0137435	0.0372348
0.0389049	0.01534	0.0368445
0.0246058	0.0056158	0.0379513
0.0325267	0.0164094	0.0372772
0.0168799	0.00828536	0.0387502
0.0279733	0.00241221	0.0376084
0.0406184	0.0106909	0.0364448
0.0143641	0.0152472	0.0388142
0.0387508	0.0096966	0.0367667
0.0136451	0.00755896	0.0389158
0.0307554	0.0157059	0.0375832
0.0408917	0.0127445	0.0366269
0.0414261	0.015832	0.0362168
0.0363028	0.00995842	0.0369636
0.0256563	0.0193657	0.0378133
0.0222681	0.00710973	0.0382313
0.0446933	0.0158759	0.0363037
0.0378117	0.0161814	0.0365302
0.0384663	0.00742829	0.0366333
0.0243309	0.00931515	0.0380486
0.0240548	0.00846946	0.0380592
0.0368148	0.0162011	0.0368404
0.0150261	0.0143299	0.0387691
0.0175897	0.0139262	0.0385312
0.028301	0.0132835	0.0375404
0.0342498	0.0113216	0.0371493
0.0141556	0.00973503	0.0390844
0.0169928	0.00119842	0.0387684
0.0377665	0.0149501	0.0369041
0.0145215	0.0134254	0.0389377
0.0265427	0.0112462	0.0378477
0.0236055	0.0185727	0.0382713
0.0414663	0.00976566	0.0365266
0.0374958	0.0168088	0.0369859
0.0307768	0.0153382	0.0372504
0.0194482	0.012972	0.0385928
0.0248905	0.000506302	0.0378514
0.0320715	0.0122806	0.0372128
0.0371068	0.0144082	0.0368061
0.0514967	0.00965533	0.0356309
0.024991	0.013529	0.0380169
0.0221633	0.0167827	0.0383329
0.0352139	0.0101478	0.0369223
0.0369138	0.00668362	0.0368653
0.0341837	0.00419708	0.0370236
0.0314445	0.011699	0.0373401
0.0349424	0.00538923	0.0372042
0.028629	0.0153965	0.0376332
0.0311084	0.0133177	0.0375126
0.0308302	0.0143896	0.03751
0.0299525	0.0101081	0.0375318
0.0315776	0.0056061	0.0373399
0.0210808	0.011972	0.0382221
0.0316835	0.0120751	0.0374021
0.0293502	0.015459	0.0375713
0.0266237	0.00341564	0.0378615
0.0378798	0.0104762	0.0368322
0.0322978	0.00740184	0.0373824
0.0222692	0.0157272	0.0383431
0.0355842	0.00920287	0.0368934
0.0442174	0.00407203	0.0359884
0.0351836	0.0124399	0.0368722
0.0345923	0.0102585	0.0370897
0.0351569	0.0070069	0.0370515
0.0243365	0.0134282	0.0379119
0.0366124	0.0123334	0.0370037
0.026524	0.0143856	0.0376982
0.0443218	0.00938927	0.0362515
0.0243205	0.0156188	0.0381026
0.0262437	0.00858312	0.0377641
0.0377123	0.00852471	0.0366456
0.0314195	0.00665623	0.0374211
0.029123	0.00440692	0.0375145
0.0220287	0.00727263	0.0382378
0.0282795	0.0163109	0.0376144
0.0290676	0.0101188	0.0376355
0.0111513	0.00747098	0.0391543
