0.0358991	0.0141429	0.0388137
0.0443147	0.0138731	0.0400585
0.0349771	0.00498316	0.0388565
0.0428664	0.00472829	0.0399238
0.0190227	0.0119116	0.0363969
0.0387336	0.0131084	0.0393438
0.0194336	0.0130807	0.036494
0.0460363	0.00881126	0.0404777
0.0247086	0.00928538	0.0373027
0.0306636	0.0122422	0.0381306
0.0326057	0.00409058	0.0384913
0.0252158	0.0119696	0.0374432
0.0260474	0.00697904	0.0374698
0.0312439	0.00224939	0.0382101
0.0323609	0.00935453	0.0384855
0.0281388	0.00577888	0.0376984
0.0423136	0.00414176	0.0397788
0.028499	0.0089573	0.0379478
0.0186907	0.0137617	0.0363223
0.0375898	0.0101499	0.0390637
0.0445408	0.00861255	0.0402679
0.0466472	0.00388794	0.040431
0.0212945	0.0154655	0.0368171
0.0476015	0.0116867	0.0406159
0.0170647	0.0148472	0.0361769
0.028758	0.0113926	0.0378795
0.0275615	0.00203007	0.0377826
0.0395631	0.0111344	0.0394998
0.0271075	0.0111082	0.0375612
0.0247174	0.00836468	0.0372935
0.0316076	0.000699755	0.0382693
0.0239764	0.0101135	0.0370693
0.0399323	0.00910552	0.0394048
0.0252974	0.00693594	0.0372905
0.0269815	0.0104206	0.0375851
0.0361593	0.0170472	0.0389517
0.0285974	0.0109022	0.0378927
0.0260363	0.00331544	0.0374548
0.0201592	0.0127177	0.0366279
0.0233162	0.00806681	0.0369952
0.0185697	0.0111254	0.0362656
0.0292975	0.00662408	0.0378915
0.0296704	0.00983316	0.0379152
0.0318576	0.0126624	0.0382052
0.0304383	0.0107928	0.038191
0.0308381	0.00641757	0.0380826
0.0516542	0.00784502	0.0411761
0.0162393	0.0126492	0.0362321
0.0250669	0.00369378	0.0373488
0.0314643	0.012746	0.0381171
0.0392995	0.0130289	0.0395765
0.0293713	0.0131046	0.0379506
0.0208448	0.0101963	0.036845
0.0340624	0.0153698	0.0384248
0.0273095	0.0108704	0.0376404
0.0195028	0.00893503	0.0364995
0.0171879	0.00701562	0.0363606
0.0329762	0.0130454	0.0384381
0.0321099	0.0109645	0.0383924
0.029586	0.00928287	0.0379442
0.0283473	0.0161626	0.0377663
0.0427156	0.00451111	0.0398257
0.036941	0.0125188	0.0391338
0.0279206	0.0137923	0.0377982
0.0415658	0.00739765	0.0397488
0.0432908	0.00845478	0.0401281
0.0320398	0.0147087	0.0383545
0.0128798	0.0145142	0.0354111
0.0248195	0.0161381	0.0371689
0.00653323	0.0118876	0.034556
0.0263877	0.0108204	0.0374558
0.0369871	0.0144976	0.039102
0.026566	0.0164387	0.0375949
0.0278324	0.00719354	0.0377926
0.0309108	0.0151871	0.0382842
0.0314979	0.0129894	0.0382581
0.034336	0.0162095	0.0385394
0.0431211	0.0143776	0.0400186
0.0147483	0.00653553	0.0360128
0.024007	0.00484892	0.0371412
0.01987	0.0118481	0.0366979
0.0342918	0.0156058	0.0387113
0.0383555	0.00314801	0.0392943
0.0323457	0.00514009	0.0384791
0.00178653	0.00984313	0.0338422
0.0278758	0.00778657	0.0376939
0.0442038	0.00601887	0.0400044
0.044075	0.0110706	0.0401153
0.0223815	0.0136824	0.0368149
0.0160254	0.0105232	0.0361508
0.0389663	0.0126681	0.039448
0.0426261	0.0123783	0.0399555
0.0338679	0.00695989	0.0386901
0.0263476	0.0133816	0.0374665
0.0274894	0.00348034	0.0378263
0.0273663	0.015309	0.0377528
0.0321929	0.00936761	0.0383118
0.0424927	0.0126889	0.0398236
0.0446758	0.0134602	0.0402397
0.0322559	0.0135901	0.0384096
0.0354598	0.00224778	0.0390833
0.0321448	0.0133693	0.0383978
0.0210594	0.00493085	0.0367381
0.0484186	0.0124163	0.0407766
0.0341475	0.00446135	0.0388577
0.0519024	0.0126894	0.041406
0.0436948	0.00742914	0.0401279
0.0410091	0.0140499	0.0397465
0.0185316	0.0162229	0.0362632
0.0141573	0.00214143	0.0355738
0.0418367	0.0100087	0.0398916
0.019197	0.0109894	0.0365008
0.00150474	0.0158868	0.0337285
0.0182761	0.00549633	0.0365309
0.0129829	0.0161288	0.0355822
0.0290643	0.00902631	0.0379812
0.0313633	0.00431839	0.0382893
0.0328548	0.00708679	0.0384733
0.01969	0.00889263	0.0365361
0.00645886	0.0149202	0.0345409
0.03066	0.0167225	0.038203
0.0224316	0.00521709	0.0370311
0.0368819	0.0116023	0.0389956
0.0304842	0.0142775	0.0381525
0.0224126	0.00646987	0.0368874
0.0245729	0.000608643	0.0372942
0.0427715	0.0107276	0.040006
0.0375023	0.00290961	0.0391504
0.048276	0.010887	0.0408022
0.0359144	0.00376134	0.0390282
0.0416863	0.00648386	0.0399192
0.0199223	0.0129801	0.0365274
0.000817187	0.010314	0.0337279
0.0331753	0.0114512	0.038597
0.0233005	0.0119942	0.0371581
0.0384696	0.0137951	0.0393456
0.047218	0.0124276	0.0404991
0.0355338	0.000236873	0.0389731
0.0336272	0.00829647	0.0386292
0.0394587	0.0033383	0.0395409
0.0373898	0.0154888	0.0391379
0.00668484	0.0163619	0.0347729
0.0250303	0.00917811	0.037355
0.012301	0.0136741	0.0353786
0.0328077	0.0078928	0.0385487
0.0154377	0.00971904	0.0358232
0.0406533	0.0105139	0.0395077
0.0232677	0.0097754	0.0371899
0.030559	0.01265	0.0382259
0.03967	0.0124909	0.0392528
0.041541	0.00878062	0.0398181
0.0152018	0.00550768	0.0361086
0.0198971	0.011793	0.0365484
0.0240516	0.013668	0.0372511
0.0406818	0.0147212	0.0396601
0.0263997	0.0153522	0.0374259
0.012153	0.0092094	0.0355821
0.0443601	0.0101231	0.0403468
0.0139093	0.0105084	0.0358365
0.0378262	0.00840889	0.0392684
0.0247147	0.0151402	0.0371774
0.0413905	0.00719343	0.0395967
0.0374132	0.0156461	0.0391512
0.010191	0.00581507	0.0351133
0.0400181	0.0147332	0.0394986
0.0240741	0.00135491	0.0373007
0.0297257	0.0120273	0.0380663
0.0364047	0.0129621	0.0390444
0.0417434	0.0113643	0.0399459
0.0218339	0.0128318	0.0368194
0.02534	0.0149206	0.0373857
0.0290061	0.00131557	0.0380411
0.0394996	0.0107096	0.0393734
0.0238769	0.00769734	0.03711
0.034911	0.0094821	0.0388042
0.0221964	0.0124246	0.0367778
0.0399592	0.00484753	0.039578
0.0158879	0.00376252	0.0359979
0.00776209	0.00442655	0.0347672
0.0413433	0.012522	0.0398898
0.0234984	0.007359	0.0372749
0.0269619	0.0030564	0.037874
0.0362368	0.011214	0.0389735
0.0406507	0.0101737	0.0395551
0.0260922	0.00508843	0.0376451
0.0197974	0.0105742	0.0365822
0.0271085	0.0100675	0.0375435
0.0375014	0.0169568	0.0393023
0.0227146	0.00210438	0.0370546
0.0256026	0.0135601	0.0373539
0.0316324	0.00959301	0.0383261
0.0290858	0.0169045	0.0378829
0.0265478	0.0140463	0.037511
0.0290143	0.0047187	0.0379829
0.0209242	0.0115603	0.0366642
0.0193143	0.0137115	0.0364076
0.0371887	0.00826245	0.0392286
0.0315195	0.0133765	0.0383281
0.0274606	0.0140935	0.0377235
0.0313527	0.0142435	0.0383071
0.0398338	0.0159511	0.0394629
0.0407732	0.00847301	0.0397449
0.035529	0.00747207	0.0388627
0.0340274	0.0137178	0.0387578
0.027921	0.00644903	0.0376658
0.0353173	0.00800402	0.038906
0.0329843	0.00785781	0.038596
0.0328197	0.0128912	0.0385015
0.0323463	0.0129954	0.0383258
0.0265536	0.00322059	0.0374524
0.0280069	0.0148941	0.0378254
0.0129127	0.00337158	0.0357622
0.0486504	0.0163871	0.040751
0.0440189	0.00774493	0.0401224
0.0310193	0.0119514	0.0382172
0.0281299	0.00348943	0.0378892
0.0268731	0.00200153	0.0376869
0.035734	0.0126706	0.0388964
0.0380726	0.0100032	0.0391562
0.027997	0.00812033	0.0376747
0.0395489	0.0141836	0.0395166
0.0284117	0.0157017	0.0378953
0.0202341	0.00981311	0.0367884
0.0336113	0.010635	0.0384585
0.0277107	0.000300977	0.0379889
0.025262	0.0168108	0.0372065
0.0210787	0.00774323	0.0369044
0.0350996	0.00969274	0.0388656
0.0239865	0.0167738	0.0372235
0.0400857	0.0148147	0.03958
0.0374927	0.000101539	0.0392117
0.0441318	0.0116975	0.0400645
0.0375751	0.00843398	0.0392392
0.0204807	0.00765342	0.0365844
0.0347117	0.0104374	0.0387848
0.0277335	0.0106739	0.03769
0.0356637	0.00352264	0.0389553
0.0186835	0.00273089	0.0365258
0.0116787	0.00217118	0.0351995
0.0480653	0.0131405	0.0403902
0.0125842	0.0101303	0.0355229
0.0362849	0.00387498	0.0390401
0.0373308	0.016612	0.0390396
0.0271321	0.0109539	0.0376463
0.0174507	0.0104334	0.0362402
0.0349778	0.0111622	0.0388522
0.03836	0.00963177	0.0392773
0.0186916	0.00331051	0.0366401
0.0183519	0.0158388	0.0363896
0.0274307	0.0111879	0.037781
0.0268532	0.0084482	0.0375765
0.0197275	0.00841604	0.0367081
0.00572028	0.00384379	0.0347661
0.0414723	0.010572	0.0397478
0.031277	0.0101964	0.0382925
0.0269154	0.0087238	0.037643
0.0305742	0.0157556	0.0381706
0.024222	0.00304631	0.037233
0.0342353	0.00901198	0.0387127
0.0292223	0.00868704	0.0378513
0.0333557	0.0128571	0.0385823
0.0218384	0.0106935	0.0368971
0.0406922	0.00463681	0.039683
0.019194	0.00657444	0.0365551
0.0169114	0.0071415	0.0361276
0.019311	0.00935619	0.0364128
0.0352758	0.00568519	0.038734
0.0410937	0.003313	0.0399313
0.0326842	0.00931525	0.0383809
0.0424491	0.00633381	0.0399634
0.0287842	0.011745	0.0379393
0.0359255	0.00874943	0.0389859
0.0365496	0.00802267	0.0391489
0.0399197	0.0122621	0.0395658
0.0244675	0.0054394	0.0372318
0.00351125	0.0195153	0.0338743
0.0192606	0.0106261	0.0364507
0.0341448	0.00637591	0.0388137
0.0193341	0.009147	0.0364709
0.0245661	0.0119381	0.0372847
0.0259702	0.00482644	0.0373662
0.0445483	0.01649	0.0402546
0.0186261	0.0116348	0.0365009
0.0288627	0.0111562	0.0379822
0.0241806	0.012934	0.0372807
0.0401063	0.0151932	0.0396105
0.0350994	0.00421081	0.0388988
0.0154994	0.00330281	0.0359503
0.0391768	0.0165149	0.0394717
0.0257677	0.0120173	0.0374311
0.0378265	0.0140983	0.0391808
0.0382278	0.0128727	0.0391307
0.0394422	0.011208	0.0394903
0.0261002	0.00229943	0.0375888
0.0291882	0.0134686	0.0378916
0.0487948	0.00725397	0.0406554
0.0224496	0.00892684	0.037093
0.032163	0.0113328	0.0384408
0.0271938	0.0134411	0.0376926
0.0390074	0.0120901	0.0393597
0.0378078	0.00629822	0.0393494
0.0357791	0.00457766	0.0389807
0.0187705	0.0121519	0.0364373
0.0344284	0.0118304	0.0386694
0.0436688	0.015266	0.0401129
0.0202585	0.0094559	0.0366033
0.0325792	0.00472602	0.0385105
0.0450521	0.0155209	0.0403307
0.032915	0.00590639	0.0385882
0.0136458	0.00147689	0.0359047
0.0422618	0.0144621	0.0399129
0.0416815	0.00935862	0.0399387
0.0266428	0.0137957	0.0376113
0.0274444	0.016629	0.0377379
0.0327001	0.0143425	0.0384908
0.0218211	0.0096647	0.0369877
0.0402389	0.00742184	0.0395412
0.0376993	0.00874049	0.0390867
0.00927675	0.00555656	0.0349613
0.0333119	0.00371263	0.0387469
0.0332187	0.0122966	0.0384284
0.0282284	0.0126581	0.0377898
0.0391516	0.0117506	0.0393803
0.000811715	0.000810683	0.0341205
0.019747	0.0161224	0.036468
0.0301681	8.81728e-05	0.0379749
0.020964	0.0120379	0.0366737
0.0366434	0.0166764	0.0389401
0.000440244	0.016473	0.0336934
0.0297816	0.00779091	0.0379498
0.0334427	0.0169446	0.0383703
0.0206505	0.0126974	0.0367809
0.0384208	0.00750015	0.0394267
0.0246557	0.00378176	0.0375168
0.0405739	0.00766622	0.0397623
0.0418964	0.00562176	0.0399614
0.0256963	0.00696442	0.0375935
0.0392886	0.0161737	0.0393461
0.0292375	0.0135148	0.0378569
0.0362293	0.0131658	0.0389589
0.0386449	0.00965966	0.0393293
0.0453284	0.0159333	0.0405197
0.0260044	0.0152745	0.0373198
0.0309729	0.0153809	0.0381942
0.0201559	0.00798047	0.0365964
0.0254645	0.00242319	0.037362
0.0264135	0.0148644	0.0375168
0.00913267	0.0135462	0.0348706
0.018675	0.00204867	0.0367025
0.0307872	0.0130001	0.038175
0.0355619	0.0142736	0.0388936
0.0417155	0.00380411	0.040013
0.0265798	0.0104821	0.0374494
0.0266525	0.0114215	0.0374885
0.0293699	0.0147246	0.037997
0.0344662	0.0122481	0.0388189
0.0396147	0.00793797	0.0395373
0.03271	0.0122289	0.038526
0.035542	0.00250116	0.0390264
0.0299405	0.00022476	0.0383276
0.0415108	0.0121469	0.0396726
0.0241365	0.00472193	0.0371184
0.0395813	0.0139395	0.0394503
0.0344553	0.0169728	0.0385613
0.0335071	0.0066935	0.0387305
0.0408487	0.0127046	0.0394039
0.0114917	0.00704083	0.0354926
0.0448046	0.00438812	0.0402018
0.0454215	0.0132374	0.0402373
0.0367144	0.00464697	0.0389999
0.0329353	0.0155042	0.0382657
0.031388	0.00709439	0.0382246
0.0429747	0.00878905	0.0399719
0.0251663	0.0145056	0.0372569
0.0251708	0.0112775	0.0373829
0.0188143	0.010841	0.0364396
0.0360304	0.0167538	0.0387706
0.0268172	0.0161155	0.0376056
0.0171285	0.0121121	0.0361379
0.00178671	0.00133527	0.0340624
0.00604369	0.0151657	0.0348253
0.0348817	0.00938293	0.0388415
0.0344011	0.0133334	0.0387526
0.0275889	0.00746228	0.0376402
0.0276874	0.0131389	0.0377611
0.0272409	0.00716892	0.0375894
0.0361639	0.0131108	0.039023
0.0334464	0.00892915	0.0384643
0.0343104	0.0151923	0.0385821
0.0301307	0.00611809	0.0381556
0.0426018	0.0113865	0.0399571
0.0178983	0.00825204	0.0362928
0.0436812	0.0145582	0.0399797
0.0202913	0.00506229	0.0366051
0.034823	0.011689	0.0387863
0.0343139	0.0084442	0.0387396
0.0420661	0.00778019	0.039948
0.0396603	0.0163607	0.0394596
0.027555	0.0143979	0.0376195
0.00857417	0.0130208	0.0349459
0.0221052	0.00713263	0.0369468
0.0129191	0.00832394	0.0356693
0.0423028	0.0123267	0.0399039
0.0305436	0.0134941	0.0381685
0.0204363	0.000642687	0.0366755
0.0356109	0.012695	0.0389413
0.0375839	0.00655756	0.0390858
0.0255071	0.0120783	0.0373713
0.026616	0.0160409	0.0375777
0.0297002	0.00578553	0.0381892
0.0258563	0.00825586	0.03747
0.0327569	0.00957758	0.0384355
0.0268085	0.0115642	0.0376795
0.0476152	0.000393109	0.0405861
0.0232635	0.0115937	0.0371833
0.0261742	0.000633598	0.0374532
0.0202626	0.00584006	0.0366821
0.0227095	0.00809118	0.0369075
0.0244434	0.00255489	0.0373636
0.0386581	0.0152397	0.0393679
0.0258741	0.0150486	0.0373211
0.0336854	0.0125787	0.0386283
0.0284839	0.0112487	0.0379284
0.0430688	0.00500775	0.0399836
0.0224483	0.0111501	0.036966
0.0426892	0.0112584	0.0398554
0.0330088	0.00485911	0.0385787
0.0224474	0.0164116	0.0369014
0.0393662	0.00895813	0.0395337
0.0193774	0.00850561	0.0364745
0.00308733	0.0077991	0.0340629
0.0267693	0.011722	0.0374923
0.0480425	0.0145156	0.0407724
0.0346838	0.00669929	0.0387345
0.0290875	0.0122351	0.0380222
0.0280045	0.0107567	0.0376792
0.0364925	0.0127974	0.0390497
0.0419721	0.00446578	0.0398819
0.0203966	0.00227556	0.0366182
0.0352912	0.00952839	0.0388845
0.042745	0.0151178	0.0398783
0.0306741	0.0108891	0.0381157
0.027479	0.0113794	0.0376896
0.032647	0.00588616	0.0385227
0.03078	0.0114951	0.0381515
0.0298146	0.012056	0.0380117
0.0189986	0.0155228	0.0363468
0.0189521	0.00637151	0.0363946
0.0353077	0.00109403	0.0390773
0.0426834	0.00407612	0.0398938
0.0410002	0.0110116	0.0396364
0.016301	0.0146197	0.0359236
0.0413085	0.012069	0.0396008
0.00968544	0.0120411	0.0350798
0.0171286	0.01504	0.0360893
0.0420521	0.0127122	0.0398568
0.0341548	0.0112906	0.0387527
0.018852	0.0113409	0.0364523
0.0227327	0.013107	0.03687
0.0400305	0.00457848	0.039668
0.0419714	0.00835255	0.0397023
0.0390323	0.00236407	0.0393891
0.00677565	0.0102893	0.0346052
0.0432483	0.0165495	0.0398205
0.0291105	0.0124612	0.0379914
0.0379066	0.00838075	0.039118
0.0273821	0.0126867	0.0377213
0.0426555	0.00589856	0.0398671
0.0169352	0.00760254	0.0361476
0.0422612	0.011263	0.0400248
0.0476095	0.0075727	0.0407347
0.0378286	0.0141125	0.0392344
0.0277414	0.00642147	0.0378253
0.0192725	0.0148273	0.036477
0.0322481	0.0140818	0.0384854
0.0330806	0.0155114	0.0383799
0.0237155	0.012142	0.037177
0.0118303	0.00360915	0.0353707
0.0265816	0.00537751	0.0377443
0.0347292	0.010622	0.038648
0.0238494	0.0058821	0.0373276
0.0418528	0.0130811	0.0398406
0.0209252	0.0156076	0.036639
0.0305327	0.0114664	0.0381977
0.0181665	0.0148027	0.0363549
0.0358717	0.00978241	0.0389775
0.0294959	0.0141282	0.0379218
0.0397677	0.00844796	0.0394851
0.0243619	0.00999615	0.0372674
0.0344323	0.00945362	0.0387583
0.0341962	0.00231533	0.0387252
0.0252906	0.00956661	0.0374965
0.035538	0.0167602	0.0386674
0.0351232	0.0100713	0.0387457
0.0347491	0.000174224	0.0390966
0.0169907	0.0140495	0.0360413
0.0292407	0.0160504	0.0379969
0.00645094	0.00391317	0.0345789
0.0290488	0.0129487	0.0379688
0.0261039	0.0140363	0.037393
0.0428309	0.00713613	0.0398979
0.00289189	0.00855768	0.0342049
0.0238495	0.0165938	0.0371522
0.0191441	0.0102155	0.0364985
0.0325811	0.0123266	0.0385046
0.0244981	0.0125935	0.0372424
0.0264	0.016702	0.0373446
0.0402066	0.00565576	0.0397171
0.0525334	0.0125896	0.0413089
0.0188681	0.00365195	0.036391
0.020273	0.013672	0.0367189
0.031286	0.00239214	0.0383311
0.0164605	0.0146899	0.0360011
0.0237816	0.013427	0.037165
0.044927	0.0179105	0.040147
0.0389116	0.0150947	0.039432
0.0193591	0.00812622	0.0365422
0.00402837	0.0048025	0.0341445
0.0476882	0.00527673	0.0407072
0.0319311	0.00896057	0.0383848
0.00563464	0.0101562	0.0347826
0.0369036	0.0137529	0.039074
0.0149625	0.0126149	0.0358623
0.028837	0.0151774	0.0379549
0.0362588	0.00933044	0.0390311
0.0235711	0.00982559	0.0371515
0.0278423	0.00672297	0.0376535
0.00789381	0.00704718	0.034772
0.0354295	0.0148421	0.0388614
0.00467377	0.014617	0.0342342
0.0255578	0.0116879	0.0372856
0.0308717	0.00722459	0.0383107
0.048523	0.00607615	0.0408705
0.0276659	0.0123529	0.0377563
0.0356904	0.00504804	0.0390232
0.0494551	0.00611996	0.0410054
0.00832413	0.012659	0.0349475
0.0401366	0.00551569	0.039627
0.0290481	0.013091	0.0378207
0.0349292	0.0113024	0.0388992
0.0282371	0.00985677	0.037756
0.042773	0.013002	0.0399635
0.0200577	0.0146399	0.0365157
0.0358399	0.0113074	0.038968
0.0267783	0.0142039	0.0375109
0.0231912	0.0127319	0.0370788
0.0314477	0.0100105	0.0383127
0.00816041	0.0154707	0.035022
0.013345	0.010847	0.0356551
0.0363485	0.0122963	0.038931
0.035179	0.0139139	0.0388437
0.0343156	0.00839382	0.0387548
0.025814	0.0074007	0.0375984
0.0510488	0.0166096	0.0414095
0.0144418	0.0112538	0.0357792
0.0384575	0.0136562	0.0393398
0.0365569	0.00101463	0.0389742
0.0302596	0.0109869	0.0381405
0.0362586	0.0128155	0.0390203
0.0122728	0.0148698	0.0354383
0.0515158	0.0107642	0.0413675
0.0311116	0.0139697	0.038119
0.0468796	0.0131964	0.0402245
0.0351314	0.00970363	0.0388601
0.0273922	0.00706123	0.0377032
0.0286684	0.0132738	0.0378677
0.024832	0.0122314	0.0372587
0.00977427	0.00806122	0.0352384
0.0345502	0.0154289	0.038794
0.0378528	0.0170407	0.0389041
0.0318908	0.0164016	0.0383467
0.0360637	0.00870368	0.0388605
0.0375789	0.00409452	0.0391438
0.0193528	0.0122666	0.0365932
0.031593	0.0166796	0.0383524
0.0178939	0.00101346	0.0361734
0.0311008	0.00353635	0.0382745
0.0330756	0.0066199	0.0384615
0.01851	0.0147225	0.0362918
0.0200533	0.0152185	0.0365156
0.0204396	0.00647379	0.0366102
0.0466224	0.014475	0.0404416
0.0398271	0.0143542	0.0395503
0.0346082	0.0148707	0.0385029
0.0303622	0.00918722	0.038036
0.028127	0.00471104	0.0379778
0.0299764	0.0196855	0.0377708
0.0399965	0.0176826	0.0394913
0.0339471	0.00697725	0.0387317
0.0189709	0.0122924	0.0363709
0.0328401	0.00335413	0.0386879
0.0254491	0.0112114	0.0374745
0.0410262	0.00392748	0.0395698
0.0347615	0.0153743	0.0387781
0.0365926	0.0151332	0.039013
0.0420745	0.0123584	0.0397795
0.0178482	0.0161195	0.036192
0.0413862	0.0163894	0.0396752
0.0329308	0.00446427	0.0385313
0.0264046	0.0169222	0.0375314
0.0325886	0.011051	0.0384211
0.021303	0.00224378	0.0367103
0.0457451	0.0110958	0.0401083
0.0344646	0.013643	0.0387405
0.00828142	0.0089829	0.0349746
0.0396278	0.0161238	0.0396302
0.0312429	0.00932511	0.0382482
0.0399119	0.011842	0.039531
0.0239197	0.00941188	0.0370994
0.0252114	0.00776986	0.0372831
0.0238678	0.0151533	0.0370246
0.0300123	0.00375272	0.0380869
0.0238394	0.00705442	0.0373264
0.022113	0.00867109	0.0368944
0.0320763	0.0110009	0.0383217
0.0278873	0.0165206	0.0375939
0.0222728	0.00712211	0.0370363
0.0380148	0.0113644	0.0392791
0.0479607	0.0155124	0.0407625
0.0233543	0.00895171	0.0370923
0.041049	0.0125735	0.039639
0.0284449	0.0104131	0.0378818
0.0395624	0.0132069	0.0395211
0.0376856	0.00191719	0.0394698
0.0209597	0.0146383	0.0367584
0.0297228	0.00891432	0.0379585
0.025215	0.00929107	0.0373173
0.0458913	0.00641775	0.0404424
0.0392212	0.00871927	0.0394089
0.029256	0.00323537	0.0378141
0.038398	0.0136392	0.0391775
0.0213809	0.00408258	0.0369904
0.0397184	0.0121343	0.0394971
0.035482	0.0154735	0.0387304
0.0222523	0.0118065	0.0369438
0.0230078	0.013966	0.0370091
0.0256381	0.0101955	0.0375291
0.0316723	0.0116677	0.0382676
0.0226774	0.00870905	0.0371305
0.0249114	0.00109522	0.0374226
0.0339096	0.00658219	0.038772
0.0506383	0.00670311	0.0409711
0.0445533	0.0143368	0.0402027
0.0250124	0.0112956	0.0372799
0.0350679	0.00041907	0.0390588
0.0228063	0.00629522	0.0369234
0.0295721	0.010208	0.0380283
0.0362893	0.0124243	0.039037
0.039454	0.0141501	0.0394798
0.0142899	0.012592	0.0356858
0.00826556	0.0113513	0.0348898
0.0181257	0.0112399	0.0362817
0.0339187	0.0124344	0.0386648
0.0391716	0.0109937	0.0392885
0.036036	0.0111902	0.0389768
0.0202235	0.0148925	0.0366639
0.0352386	0.0101658	0.038805
0.0197568	0.0123777	0.0366543
0.0478011	0.0126522	0.0407759
0.0236833	0.0183932	0.037037
0.0378057	0.0136886	0.0392287
0.0360486	0.0155222	0.0389559
0.0290311	0.00512156	0.0379589
0.0282552	0.00467079	0.0378533
0.044739	0.0154502	0.0402505
0.00332759	0.0129014	0.0340125
0.00995585	0.00723834	0.0351513
0.0223505	0.00671998	0.0370268
0.0281555	0.00251686	0.0376898
0.0330441	0.00218577	0.038414
0.0287212	0.0165902	0.0378757
0.0322604	0.000119739	0.0384815
0.0357938	0.00511728	0.0387746
0.040389	0.0139398	0.0396194
0.0288074	0.00906642	0.0379573
0.0168315	0.011221	0.0361453
0.0250443	0.0145112	0.03738
0.0251628	0.0109333	0.0373474
0.0228993	0.00470606	0.0371677
0.0377841	0.0108376	0.0391953
0.0226161	0.0114891	0.0369191
0.0412506	0.0116629	0.039669
0.037993	0.0064292	0.0392717
0.0349199	0.0117319	0.0388877
0.0222623	0.0114684	0.0368384
0.0308089	0.00289222	0.0380318
0.0389511	0.0136744	0.0394066
0.0386107	0.00763014	0.0393745
0.0258448	0.0171614	0.0374459
0.0101026	0.009285	0.0350772
0.0128348	0.0160368	0.0353672
0.0293203	0.00301866	0.0380245
0.0358011	0.00676704	0.0390644
0.0271308	0.000350703	0.037591
0.0122153	0.00958378	0.0353925
0.0256002	0.00810031	0.0374521
0.032359	0.0166659	0.0383129
0.0328293	0.0112316	0.0384895
0.0376073	0.00583919	0.0391842
0.0117963	0.0049926	0.035238
0.0377982	0.0101006	0.0392698
0.0295892	0.0134527	0.0378547
0.0195341	0.01376	0.0363841
0.0427665	0.00577777	0.0399909
0.0191967	0.0110689	0.0364087
0.0270913	0.0125395	0.037724
0.035919	0.00556851	0.0388017
0.0339433	0.0142322	0.0386632
0.0368453	0.0145188	0.0390567
0.0296549	0.00321138	0.0380528
0.0403675	0.0123876	0.0396138
0.0246024	0.0096246	0.0373252
0.0347204	0.0120831	0.0387711
0.0348041	0.0127696	0.0388732
0.0316117	0.0110733	0.0383361
0.0128199	0.0119561	0.0353841
0.0219713	0.00305957	0.0369071
0.0299076	0.0205151	0.0379799
0.0456223	0.0138246	0.040036
0.0291895	0.0168988	0.0379365
0.0354972	0.0164645	0.0388776
0.0235473	0.012475	0.0371206
0.0405216	0.0057552	0.0396614
0.0124415	0.00742691	0.0354894
0.0391614	0.0043508	0.0394853
0.00901443	0.00595649	0.034856
0.0258278	0.0077834	0.0375614
0.0418125	0.00505606	0.039997
0.0334102	0.00161704	0.0386533
0.0371747	0.0018604	0.0392288
0.0317992	0.0124456	0.0383399
0.0329621	0.00914334	0.0384838
0.0291213	0.0035424	0.0380948
0.0450426	0.00504241	0.040139
0.0132337	0.0109065	0.0355781
0.0311607	0.0136937	0.0381539
0.0350938	0.00814146	0.0388329
0.0172778	0.00903736	0.0363414
0.00827001	0.00878303	0.0348815
0.0317247	0.00580319	0.0382182
0.0288219	0.0109356	0.0378484
0.0147359	0.00215032	0.0358052
0.0341724	0.0134103	0.0384725
0.0270128	0.00903385	0.0376679
0.034665	0.0107289	0.0387919
0.0309436	0.0148253	0.0381847
0.0365635	0.0134998	0.0390389
0.0279959	0.0124132	0.0378483
0.0357621	0.00587558	0.038942
0.0342396	0.014682	0.0387399
0.0345502	0.00774852	0.0387593
0.0195662	0.0126093	0.0364006
0.0395674	0.010397	0.0394583
0.0171385	0.0158191	0.036211
0.0101125	0.0109802	0.0350953
0.0400118	0.00644646	0.0396031
0.000995026	0.00575731	0.0340316
0.0184741	0.013007	0.0364036
0.0438013	0.00446632	0.0401739
0.0357577	0.00773518	0.0390203
0.0161654	0.00490189	0.0361593
0.0317797	0.00680379	0.0383837
0.0364009	0.00244842	0.0392227
0.0302413	0.0093656	0.0380206
0.0422778	0.0101943	0.0399218
0.0512761	0.00893694	0.041281
0.0461742	0.0116044	0.0403556
0.0223656	0.00766045	0.0368961
0.0395166	0.0150815	0.0393288
0.0102927	0.00932568	0.0350986
0.0430249	0.00643835	0.0400222
0.021376	0.00615132	0.0369663
0.025936	0.00370702	0.0375422
0.0216172	0.0112445	0.0368501
0.0220718	0.00354853	0.0370984
0.0420802	0.0146747	0.0398802
0.0426895	0.00791609	0.0400509
0.0221995	0.00547603	0.0369457
0.0503682	0.00207175	0.0411252
0.0353906	0.00240106	0.0388478
0.0258412	0.0136382	0.0372856
0.0247441	0.00626706	0.0372687
0.0329228	0.0153802	0.0385459
0.0196857	0.00917284	0.0365353
0.020824	0.017121	0.0366899
0.0175108	0.0157613	0.0362696
0.0119378	0.0118702	0.0354591
0.0352894	0.0118708	0.038849
0.0414937	0.0105158	0.0397541
0.0364599	0.0067008	0.0391023
0.0346857	0.0127994	0.0386025
0.0360827	0.00662985	0.0389726
0.0264705	0.0110704	0.0375756
0.0396606	0.00838083	0.0394219
0.029861	0.00449048	0.0381099
0.0117352	0.0113441	0.0352362
0.0110948	0.00199126	0.0352294
0.0245843	0.0142416	0.0371797
0.0303927	0.0143048	0.0380239
0.00673911	0.00756119	0.0346292
0.0382846	0.00509989	0.0392791
0.0259081	0.0154896	0.0374884
0.0269941	0.00882206	0.037698
0.0352833	0.00614137	0.0388228
0.0148737	0.00103476	0.0361204
0.033594	0.00897841	0.0386582
0.0291134	0.00812378	0.0380117
0.0347205	0.0109299	0.0387575
0.0408116	0.0116571	0.0396854
0.0283769	0.0114407	0.0377507
0.0435458	0.00801849	0.0401311
0.0278528	0.000451479	0.0377644
0.0266889	0.0117979	0.0376509
0.0389714	0.00813276	0.0393655
0.0350586	0.00850329	0.0389027
0.0213325	0.0159465	0.0366247
0.0303917	0.0157087	0.0381237
0.0317162	0.00451109	0.038353
0.0432588	0.00871889	0.0400426
0.0383383	0.0149502	0.0390152
0.0330404	0.0115269	0.0385559
0.0316687	0.00984209	0.0383359
0.0291669	0.0155419	0.0377454
0.044836	0.00841032	0.0403704
0.0384059	0.0025622	0.0393028
0.0232473	0.00432259	0.0369614
0.0338006	0.0016811	0.0384477
0.0333302	0.0122934	0.0385153
0.0373957	0.0157359	0.0388731
0.0238801	0.00867847	0.0371736
0.00973185	0.0170725	0.0349157
0.0353711	0.00956325	0.0388525
0.0397144	0.00140343	0.0395472
0.024252	0.00648483	0.0372558
0.0214953	0.0118891	0.0369047
0.0326891	0.0138946	0.0383713
0.00533597	0.00912011	0.0344829
0.0161622	0.0124017	0.036054
0.0388002	0.00566658	0.0394311
0.0319708	0.000946393	0.0384388
0.0356446	0.00685009	0.03878
0.0247213	0.014055	0.0371592
0.0188057	0.0157223	0.0365432
0.0439968	0.0111959	0.0400398
0.0252496	0.00842334	0.0373049
0.0248961	0.0163415	0.0373479
0.0305109	0.0135827	0.0381268
0.0290271	0.00753467	0.0379711
0.044117	0.021783	0.0399865
0.0407186	0.0163287	0.0396545
0.0332624	0.00212435	0.0385667
0.0294522	0.0100265	0.0380113
0.0275294	0.0140944	0.0376796
0.00961742	0.00454585	0.035052
0.0359216	0.0123748	0.0389482
0.032734	0.00721256	0.0385657
0.031071	0.0104531	0.0381519
0.0297118	0.00341378	0.0379864
0.0409741	0.0129654	0.0395512
0.0167208	0.0162187	0.0359812
0.0228932	0.00114246	0.0369952
0.0426558	0.000604184	0.0398913
0.0314779	0.00782909	0.038382
0.0337234	0.0119062	0.0385634
0.0480766	0.00566564	0.0408981
0.0427229	0.00821245	0.0399249
0.0213814	0.00656382	0.0369155
0.0291223	0.0123156	0.0379098
0.0112159	0.00584012	0.0353049
0.0417072	0.0114848	0.0396594
0.0277221	0.0156495	0.0376178
0.0450789	0.00622968	0.0403571
0.0214021	0.0136776	0.036739
0.0329332	0.00830674	0.0385357
0.0327201	0.0141366	0.0385428
0.0327256	0.00921196	0.0385048
0.0220911	0.00956244	0.0368378
0.0328325	0.0136257	0.03846
0.0316347	0.0157389	0.0383331
0.0407522	0.00720627	0.039716
0.0333198	0.0144691	0.0384891
0.0215241	0.0085181	0.0369354
0.0236881	0.0165069	0.037069
0.0435643	0.00928019	0.0400651
0.0289405	0.0170002	0.0378003
0.0320977	0.00498544	0.0384001
0.0288771	0.00678415	0.0379552
0.0146055	0.00653116	0.0357906
0.036503	0.0149039	0.0390411
0.0369227	0.0135992	0.0389627
0.030593	0.0141375	0.0380616
0.0425481	0.0102396	0.03994
0.0301697	0.00289012	0.0380505
0.0426584	0.0143311	0.0399898
0.0329675	0.0106283	0.0384393
0.0349247	0.00571773	0.0388299
0.026713	0.00897619	0.0375969
0.0335316	0.000329487	0.0386255
0.0324951	0.0140323	0.0384432
0.0171902	0.0156039	0.0361496
0.036766	0.0130854	0.0390101
0.0330604	0.00825854	0.0385047
0.0392786	0.00797862	0.0393377
0.0234936	0.0162051	0.0370112
0.0405577	0.00638742	0.0395951
0.0361372	0.00132244	0.0389943
0.0137328	0.0119954	0.0356267
0.0217922	0.0103432	0.0369676
0.0357414	0.0111503	0.0389346
0.034556	0.000291319	0.0387749
0.0347471	0.0100493	0.0386869
0.0150957	0.011333	0.0358882
0.0474252	0.0142313	0.0405284
0.0250771	0.0155822	0.0373817
0.0245009	0.01267	0.0372614
0.0216035	0.00637908	0.0369327
0.0389834	0.00923102	0.0394554
0.0432388	0.0107308	0.0400383
0.0271439	0.00840022	0.0375795
0.0250601	0.0144405	0.0372114
0.00988571	0.0134063	0.0350744
0.0470558	0.00910761	0.0405922
0.0202729	0.0142232	0.0366589
0.0391657	0.0167681	0.0393135
0.0237932	0.00911836	0.03708
0.0338131	0.0122673	0.0386871
0.0281789	0.000544929	0.0380547
0.0330026	0.0130787	0.0384233
0.0254577	0.0140458	0.0374427
0.031745	0.0103799	0.0383966
0.0298912	0.00238636	0.0381012
0.0408017	0.00738344	0.0397126
0.0333971	0.0106125	0.0385948
0.0322654	0.00571534	0.0383725
0.0316335	0.00916379	0.0383646
0.0125885	0.00915502	0.0354419
0.031566	0.0141973	0.0383324
0.0363828	0.0141325	0.039011
0.0288189	0.0126564	0.0378752
0.0270658	0.012714	0.0376981
0.0536882	0.0011649	0.0414104
0.0372587	0.00718435	0.0390192
0.0275401	0.00707615	0.0377504
0.0416654	0.0083673	0.0397698
0.032879	0.00821272	0.0385249
0.0420027	0.0156531	0.0400024
0.0378068	0.0130751	0.0391584
0.0405041	0.00624356	0.0396754
0.0121507	0.0141458	0.035667
0.0458786	0.0125809	0.0402429
0.0192795	0.0152689	0.0365014
0.0356001	0.00876295	0.0389403
0.0299252	0.0102661	0.0379599
0.0401113	0.00196273	0.0393505
0.0260658	0.00980892	0.0375108
0.0245016	0.0086749	0.0372495
0.00593949	0.0106603	0.0345495
0.0284752	0.0114417	0.0378797
0.0184702	0.0153121	0.0362779
0.0182213	0.00920307	0.0363209
0.032303	0.0084908	0.0384487
0.0383332	0.00899693	0.039219
0.0176255	0.00888209	0.0363916
0.00684202	0.0123039	0.0349426
0.0294075	0.0117454	0.0380424
0.0250114	0.0176569	0.0373784
0.041483	0.00830109	0.0396841
0.041702	0.0163054	0.0397062
0.017084	0.0156995	0.0359703
0.0302629	0.0146583	0.0380004
0.0249607	0.00274286	0.0372083
0.0471322	0.00732217	0.0404516
0.0446696	0.0118677	0.040263
0.0358139	0.0166072	0.038905
0.0202716	0.0146466	0.0366684
0.0288986	0.00786185	0.0378423
0.000479542	0.0174869	0.0338544
0.0463457	0.0134474	0.0403711
0.0376626	0.00412923	0.0391963
0.0238828	0.00261932	0.0372384
0.0304144	0.00463387	0.0380972
0.0347836	0.0142926	0.0387863
0.03684	0.00990104	0.0390557
0.016075	0.00688059	0.03603
0.0264248	0.00735283	0.0376354
0.00974577	0.0143817	0.0350218
0.0205786	0.0109341	0.0367041
0.0289081	0.0106861	0.0379172
0.00186823	0.00674942	0.034109
0.037536	0.00696158	0.0391112
0.0223833	0.0161697	0.0369119
0.0251574	0.000416213	0.0373866
0.0354082	0.00575089	0.0388928
0.0273413	1.6438e-05	0.0377041
0.0275751	0.0084702	0.0376739
0.039717	0.00344782	0.0394802
0.0459403	0.0099312	0.0404727
0.0337918	0.00456435	0.0386942
0.0185815	0.0119417	0.0363453
0.0453064	0.00963085	0.040334
0.0314985	0.00858245	0.0384031
0.0320771	0.0110023	0.0383734
0.0267222	0.0140544	0.0376182
0.0273184	0.0154671	0.0376578
0.0258768	0.0124056	0.0374946
0.0428309	0.0112842	0.039858
0.0504569	0.0142291	0.0409396
0.0145825	0.012259	0.0358155
0.0281932	0.0159355	0.0376817
0.0233727	0.00139913	0.0371266
0.034343	0.00609982	0.0385977
0.0284863	0.0163277	0.0379118
0.00780785	0.0136886	0.0346598
0.0358442	0.00145765	0.0391863
0.0434846	0.00289245	0.039967
0.0360922	0.00723529	0.0390736
0.0338326	0.0106382	0.0386775
0.0265641	0.00832131	0.0375218
0.0356955	0.00381051	0.0387443
0.037683	0.0100324	0.0391901
0.031843	0.0136739	0.0382493
0.00615429	0.0122557	0.0345899
0.0257934	0.00816454	0.0375395
0.0393488	0.0143143	0.0394646
0.0294113	0.0143554	0.0380438
0.0288309	0.00291059	0.037987
0.0380969	0.00723452	0.0393846
0.0204	0.00439341	0.0366982
0.0367448	0.0025002	0.0390424
0.0316478	0.0149299	0.0381981
0.0116487	0.00977866	0.0353821
0.0378471	0.0133393	0.0392144
0.0279365	0.00669822	0.0376868
0.0151143	0.00777866	0.0358139
0.0207084	0.0112295	0.0366724
0.0328068	0.00592969	0.0386398
0.0234947	0.013401	0.0371175
0.0403397	0.0175695	0.0396279
0.0247228	0.00958581	0.0372255
0.0299242	0.00176629	0.0381297
0.0228622	0.0157531	0.0369693
0.0159729	0.00323628	0.0360212
0.013207	0.00527113	0.0355821
0.0272577	0.0116398	0.0377049
0.0433501	0.0116255	0.0400683
0.0271308	0.0165121	0.0375897
0.0295508	0.00968275	0.0379134
0.0375058	0.00305753	0.0391041
0.0426191	0.00817562	0.0399617
0.025145	0.00813539	0.0374461
0.0352875	0.0120407	0.0388491
0.0314044	0.00915389	0.0383304
0.0220708	0.00958588	0.0369116
0.0336176	0.0106391	0.0385356
0.0290959	0.0164165	0.0380005
0.0340234	0.00956583	0.0387146
0.0301506	0.0143598	0.0381637
0.025873	0.007984	0.0375262
0.0129386	0.00961532	0.0355557
0.0376563	0.00491924	0.0391406
0.0399936	0.00661959	0.0395065
0.0345849	0.00428077	0.0389286
0.0209476	0.0111795	0.0366239
0.0353639	0.00767977	0.0388983
0.0371834	0.0134315	0.0390007
0.0302353	0.0177916	0.0378979
0.0314502	0.0167903	0.0382914
0.0310145	0.0130013	0.0382125
0.0189315	0.0109992	0.0363364
0.0298171	0.00729836	0.0380932
0.0311711	0.0161091	0.0381406
0.0232751	0.0067501	0.0372227
0.0244552	0.0132952	0.0372864
0.0325341	0.0108378	0.0384314
0.0170024	0.00981094	0.0360942
0.048146	0.0128073	0.04068
0.0180779	0.00219243	0.0362201
0.0399038	0.00944811	0.0395483
0.0468123	0.00775217	0.0406151
0.0221531	0.00668206	0.036839
0.017347	0.00976798	0.0362127
0.0235904	0.0119781	0.0370881
0.0307129	0.00799518	0.0381151
0.0367788	0.0163054	0.0391156
0.0435207	0.0157715	0.0399828
0.0223592	0.0115911	0.036903
0.0442226	0.011618	0.0401622
0.0304742	0.0145482	0.0380243
0.0277846	0.0153079	0.037616
0.0352011	0.0121527	0.0388914
0.0361066	0.0105131	0.0390153
0.0289679	0.0130291	0.0378157
0.0419375	0.013174	0.039818
0.0213112	0.00831922	0.0368313
0.0309561	0.00479489	0.0382072
0.0319234	0.00726241	0.038256
0.0376961	0.00756097	0.0392437
0.0304423	0.00798743	0.0380523
0.0370699	0.01659	0.039002
0.0401597	0.0113196	0.0395364
0.0201165	0.0110375	0.0366245
0.0251228	0.00326976	0.0372638
0.0126248	0.0115654	0.0353579
0.0402497	0.0121723	0.0394309
0.0370598	0.0103113	0.0391378
0.0293878	0.000337761	0.0380683
0.0216306	0.0154029	0.0367416
0.0318324	0.00111162	0.038358
0.0219248	0.00233809	0.0369778
0.0282027	0.0125595	0.0378358
0.0343237	0.00796177	0.0388232
0.0371133	0.0161155	0.0392452
0.0389329	0.00197303	0.0395514
0.0198431	0.0092641	0.0364898
0.0266738	0.00630133	0.0376133
0.0232922	0.0119257	0.0370897
0.0450006	3.19516e-05	0.0402131
0.00565495	0.0103202	0.0344257
0.0229666	0.011582	0.0371422
0.0289493	0.00328494	0.0378186
0.0226563	0.0164172	0.0369263
0.0306674	0.00695318	0.0382146
0.0373817	0.0148606	0.0388857
0.0255869	0.0115412	0.0373395
0.0461732	0.012315	0.0403766
0.0321716	0.0144189	0.0383726
0.0298848	0.00379568	0.0382322
0.0408878	0.014551	0.0397081
0.03148	0.00478824	0.0383478
0.0249113	0.00617392	0.0372926
0.0362749	0.0150932	0.0388948
0.0243867	0.0120028	0.0371458
0.0144396	0.00825404	0.03581
0.0321643	0.0157066	0.038285
0.0323767	0.0155522	0.0384648
0.0302533	0.0147705	0.0380202
0.0362706	0.00805841	0.0390437
0.0393913	0.00937297	0.0395804
0.0186433	0.0167088	0.0364391
0.038871	0.00896663	0.0394233
0.0119529	0.00400368	0.035434
0.0328903	0.00528554	0.0384242
0.0251013	0.0115598	0.0374278
0.0353875	0.0100823	0.0389015
0.0288155	0.0176002	0.0376958
0.0179865	0.011842	0.0363265
0.0295709	0.0036055	0.0380737
0.0273814	0.0125448	0.0377412
0.0285546	0.00678602	0.0378839
0.0296569	0.00886322	0.0380087
0.0290628	0.0122793	0.0379938
0.00185207	0.000671945	0.0338837
0.0196643	0.00367351	0.03646
0.03133	0.0157377	0.0380905
0.0405821	0.00649076	0.0397521
0.0321181	0.011878	0.0384543
0.0152119	0.00307158	0.0358931
0.0105716	0.00525907	0.035196
0.0349022	0.00540385	0.0389483
0.0260965	0.00795759	0.0374835
0.0182148	0.00391737	0.0364725
0.0322479	0.0153228	0.0384493
0.0283439	0.00557961	0.0378346
0.0317934	0.0137773	0.0383632
0.0348794	0.0018223	0.038863
0.0330327	0.00904284	0.0384371
0.0273342	0.00881717	0.0377163
0.031583	0.015936	0.0383051
0.0192129	0.0128747	0.0364947
0.0419248	0.012961	0.0399818
0.0280931	0.0163492	0.0378496
0.0437155	0.000216583	0.0403962
0.0174365	0.0106522	0.0362381
0.0279609	0.0115014	0.0376229
0.0370196	0.0130732	0.0391006
0.0365045	0.0117869	0.0390172
0.0163996	0.0151083	0.0359675
0.0396705	0.015067	0.0395411
0.0458973	0.00877262	0.0403145
0.0222337	0.0115666	0.0369236
0.0448062	0.0113515	0.0401092
0.018165	0.0111513	0.036307
0.0101043	0.00257688	0.0354143
0.0210443	0.011695	0.0366766
0.0224428	0.013703	0.0368872
0.0279335	0.0103543	0.037697
0.0259724	0.0160783	0.037516
0.0280292	0.00891698	0.0377725
0.0434547	0.0142142	0.0401244
0.0290656	0.0130894	0.0379043
0.0436789	0.00989885	0.0401002
0.0361123	0.00979476	0.0389965
0.0378829	0.00876713	0.0392144
0.00520053	0.0138167	0.0343076
0.0395618	0.00467885	0.0395491
0.0316489	0.0146334	0.038318
0.0389599	0.0145107	0.0393372
0.0344963	0.012358	0.0387549
0.0274369	0.0123524	0.0376563
0.0372226	0.0135518	0.0390396
0.0292935	0.0113742	0.038001
0.0327607	0.00263376	0.038537
0.0266122	0.00682926	0.037654
0.0165224	0.0119138	0.0360228
0.0237266	0.0141798	0.0371971
0.0389383	0.0018678	0.0396491
0.0203287	0.00259471	0.0365447
0.0314347	0.00426616	0.0383296
0.0464265	0.00749508	0.040632
0.0363736	0.00707169	0.0391067
0.0457016	0.0107117	0.0403629
0.0284762	0.00634397	0.037836
0.0253941	0.0135129	0.0374797
0.0378595	0.000508759	0.0395128
0.0216872	0.0104372	0.0368233
0.0228571	0.00159103	0.0369867
0.0242704	0.00609866	0.0372578
0.0264473	0.0104118	0.0375535
0.0225735	0.00660937	0.0371282
0.0249256	0.00131552	0.0374123
0.0464049	0.00412004	0.0406403
0.0169835	0.0134291	0.0361199
0.0406828	0.0155479	0.0395602
0.0211947	0.0162404	0.0369031
0.0439717	0.0154634	0.0401663
0.024752	0.0163437	0.037327
0.0403487	0.000258675	0.0396937
0.0161974	0.00468493	0.0359664
0.0108915	0.00965027	0.0355057
0.0336117	0.0103109	0.0384786
0.0426438	0.0103244	0.0399291
0.0335983	0.0126632	0.038623
0.0133617	0.00549467	0.0356099
0.039435	0.0158039	0.0392877
0.0236011	0.00617733	0.0373024
0.0474044	0.009944	0.040358
0.0237456	0.002581	0.037065
0.0301489	0.000712831	0.0380373
0.0236496	0.00883465	0.0370703
0.021978	0.00138522	0.0369583
0.020379	0.00460735	0.0367815
0.0327782	0.0102884	0.0384372
0.0327768	0.0146281	0.038256
0.0282039	0.0122491	0.0377809
0.0208447	0.00568151	0.0366728
0.0255823	0.0138045	0.0372629
0.0323357	0.00708671	0.0383537
0.0304827	0.0108223	0.0381489
0.0172734	0.010658	0.0361152
0.038715	0.012116	0.0393929
0.0408242	0.00917257	0.0396458
0.0393315	0.00965345	0.0395115
0.0402257	0.00856578	0.0396212
0.0294172	0.0024419	0.0380543
0.039463	0.00163458	0.0394957
0.0184233	0.0148392	0.0361974
0.0296879	0.00994029	0.0380975
0.0451501	0.00385314	0.0404944
0.0202512	0.0111505	0.036617
0.0300514	0.00133798	0.0381586
0.0330802	0.0110595	0.0385236
0.0367667	0.0124223	0.0388495
0.0174101	0.00705875	0.0361641
0.0396129	0.00891507	0.0395338
0.0258475	0.00656944	0.0374898
0.0324582	0.00258028	0.0385148
0.0291369	0.0170815	0.038023
0.0380216	0.0145583	0.0392997
0.0271333	0.0145136	0.0376804
0.045428	0.0141484	0.040196
0.0165269	0.00856137	0.036094
0.0256041	0.00516553	0.0374702
0.0323004	0.0113457	0.0384293
0.0321309	0.0141068	0.0384131
0.0295569	0.00608921	0.0381306
0.047639	0.015787	0.0408823
0.0311341	0.00892121	0.0382289
0.00771475	0.0168614	0.0346838
0.027995	0.0168925	0.0378061
0.0382442	0.0104258	0.0393214
0.0360189	0.00924417	0.0388374
0.0117505	0.0148314	0.0352334
0.0194095	0.0147654	0.0365289
0.0172245	0.0060925	0.03619
0.0474985	0.011476	0.0406936
0.0220682	0.00666048	0.0368005
0.0398196	0.0115034	0.0395692
0.0311013	0.00738059	0.0383278
0.0219471	0.00792542	0.036921
0.0368906	0.00722952	0.0391189
0.0262488	0.00993335	0.0375369
0.0186913	0.00676404	0.0364128
0.0401054	0.00909695	0.0395185
0.0341393	0.0123159	0.0385293
0.0259506	0.0113227	0.0374569
0.00393198	0.0124049	0.0341305
0.0155353	0.00578797	0.0358798
0.0366709	0.00161028	0.0393281
0.0278209	0.0125131	0.0377952
0.0313697	0.0108574	0.0381411
0.0276118	0.004138	0.0378711
0.036328	0.000887893	0.0392368
0.0253724	0.00987782	0.0373162
0.0228824	0.00105254	0.0370259
0.0363212	0.000298104	0.0389641
0.0394617	0.00504093	0.0395384
0.0415357	0.0135717	0.0396714
0.0380787	0.018516	0.0390976
0.0441289	0.0111732	0.0401859
0.032166	0.00517367	0.038542
0.0339585	0.00722671	0.0385893
0.0364501	0.014803	0.0390287
0.0353872	0.0131657	0.0387707
0.0312336	0.00636716	0.0383043
0.0317541	0.0118684	0.0382867
0.0278399	0.0155525	0.0376115
0.0246056	0.00942216	0.0372041
0.0297883	0.0136099	0.038067
0.0356659	0.010607	0.0388679
0.0319162	0.0165859	0.0383498
0.0495204	0.014713	0.0411657
0.0289167	0.0044876	0.0379371
0.0435608	0.00552192	0.0402102
0.0219681	0.0116578	0.0368929
0.0238154	0.00498376	0.0371502
0.04013	0.0124113	0.0395908
0.0130859	0.0158364	0.0355868
0.0302113	0.0125778	0.0381222
0.0382096	0.00707239	0.0393361
0.028267	0.00784273	0.0377448
0.0379971	0.0116526	0.0392524
0.0298384	0.00815566	0.0380333
0.027477	0.01312	0.0377737
0.0193267	0.0118736	0.0366579
0.0487993	0.0158845	0.0408467
0.0217808	0.00975983	0.0368907
0.0119355	0.0047483	0.0354587
0.00667272	0.00751633	0.0345675
0.0316949	0.00243216	0.0385423
0.0358962	0.0136545	0.0389901
0.0421211	0.00770306	0.039881
0.024062	0.00646523	0.0372116
0.0297454	0.0155506	0.0380213
0.0351772	0.0115262	0.0388514
0.0419679	0.0110963	0.0399879
0.0263474	0.00837877	0.0376368
0.0352922	0.00846886	0.038917
0.0337384	0.00171681	0.03871
0.0273225	0.0114647	0.0375729
0.0448685	0.0112826	0.0403184
0.0235983	0.0118174	0.0372026
0.00685351	0.00552477	0.034622
0.0306707	0.014171	0.0382056
0.0359145	0.0151153	0.0389661
0.0219762	0.00417404	0.0368441
0.032114	0.00841651	0.0384552
0.031824	0.015672	0.038298
0.0380102	0.0100858	0.0393021
0.0296862	0.00468456	0.0380581
0.0184425	0.0098708	0.0364965
0.025527	0.00813294	0.0373135
0.019275	0.00666759	0.0364975
0.0330959	0.0106228	0.0385723
0.0322242	0.0144411	0.0383883
0.0409105	0.00548493	0.0395086
0.0368821	0.0160169	0.0389877
0.037039	0.0181169	0.0391103
0.0279185	0.005199	0.037736
0.0232672	0.00695362	0.0372194
0.0364258	0.0106298	0.0390429
0.0264989	0.00882838	0.0376579
0.0348325	0.0122144	0.0387891
0.0288551	0.0126227	0.037932
0.0370077	0.00358922	0.0391423
0.0394146	0.00907768	0.0395456
0.035367	0.00599301	0.038897
0.0221349	0.0111488	0.0369219
0.0267929	0.00415012	0.0376117
0.0172514	0.0100902	0.0362037
0.0250237	0.00824557	0.0373524
0.0358742	0.0141494	0.0389272
0.0309105	0.0153036	0.0382465
0.0295583	0.00457391	0.0380192
0.0399036	0.00858027	0.0393631
0.0481223	0.0103958	0.0407211
0.0279132	0.0168932	0.0376076
0.0306991	0.0141745	0.0381944
0.0418002	0.0156705	0.0398456
0.0297915	0.00123118	0.0381234
0.0351529	0.00644267	0.0387537
0.0211096	0.0112426	0.0366481
0.0394319	0.0053681	0.0395132
0.0319675	0.0119115	0.0383808
0.0356328	0.0144978	0.0389193
0.0381479	0.00761213	0.0393843
0.0288063	0.00364998	0.0380482
0.0305512	0.00529648	0.0382329
0.0337945	0.0109997	0.0385478
0.0380952	0.0155033	0.039236
0.0404578	0.0131017	0.0396726
0.0340777	0.00951664	0.0386897
0.0363525	0.013247	0.0390565
0.0312609	0.00368789	0.0383185
0.0224361	0.0116815	0.0368792
0.0345624	0.0116152	0.0388024
0.0433614	0.0106904	0.040026
0.0318124	0.00524246	0.0384252
0.0206532	0.00421612	0.0367174
0.0310582	0.0128543	0.0382577
0.0439711	0.0104409	0.0401414
0.0444018	0.0134231	0.0402002
0.047509	0.00706942	0.0407869
0.0295531	0.00430247	0.0380407
0.0358979	0.00969938	0.0389857
0.0454289	0.0170892	0.0403008
0.0406021	0.0106773	0.0396261
0.0189176	0.0180629	0.0365637
0.0321745	0.00486624	0.0385636
0.036547	0.0102222	0.0390706
0.0309823	0.00888495	0.0381542
0.0367817	0.00928741	0.0390938
0.00988428	0.0072443	0.035109
0.0240878	0.0142404	0.0370712
0.0289581	0.0135153	0.037948
0.0143235	0.00691693	0.0357332
0.0362958	0.0150982	0.0388942
0.0100216	0.0131408	0.0350983
0.0247555	0.0122114	0.0372724
0.0383849	0.0107514	0.039294
0.0265035	0.015087	0.0375845
0.0322708	0.0112427	0.0384369
0.0243627	0.00189058	0.0373306
0.0309306	0.00263226	0.0381917
0.0281211	0.00941201	0.0377247
0.0380523	0.0122662	0.0393201
0.0382479	0.0145762	0.0392847
0.0423873	0.000364981	0.040124
0.0240443	0.00981576	0.0372208
0.0264264	0.0105106	0.037487
0.0311808	0.00720699	0.0382324
0.0239734	0.0119383	0.0372717
0.0205525	0.0146453	0.0366153
0.0288734	0.00633073	0.0380182
0.0224972	0.0149583	0.0368976
0.0440273	0.00489028	0.0402785
0.0415002	0.0139356	0.0396512
0.0366515	0.00622018	0.0389597
0.0183505	0.0161284	0.0363062
0.0332588	0.00833927	0.0386007
0.0208879	0.0119878	0.0366782
0.0228003	0.016738	0.0369854
0.031543	0.0048626	0.0384698
0.0350546	0.014749	0.0388075
0.0239169	0.00699604	0.0372558
0.0338344	0.00553233	0.0385244
0.0286146	0.00800704	0.0378003
0.0528062	0.0156917	0.041221
0.0355317	0.0126305	0.0387359
0.0321788	0.00793729	0.0384764
0.0352035	0.00727935	0.0389084
0.0268093	0.0179841	0.0374932
0.0381071	0.00554284	0.0392924
0.0293398	0.00366906	0.0381354
0.0426834	0.0114739	0.0399717
0.0100142	0.0156187	0.0352276
0.0434676	0.00348093	0.0398499
0.0257818	0.00488178	0.0376089
0.0362544	0.0113261	0.038999
0.0241638	0.0148581	0.0372431
0.0269489	0.0113967	0.0375721
0.0103331	0.00542334	0.0351728
0.0131622	0.00870871	0.0355259
0.0267293	0.010491	0.037594
0.0270142	0.0119742	0.0375275
0.0336099	0.0169555	0.0385944
0.0234743	0.0150104	0.0370193
0.0333317	0.00673399	0.0384969
0.00393808	0.0164325	0.0345328
0.0332712	0.0147648	0.0386433
0.014397	0.00621075	0.03575
0.041727	0.0156456	0.0398099
0.0177217	0.0107615	0.0363897
0.0538238	0.0151833	0.0415272
0.0133996	0.000506806	0.0356969
0.0439779	0.0119657	0.0399849
0.0348783	0.00847791	0.0388949
0.0418951	0.0115276	0.0398194
0.0487839	0.00866958	0.0408874
0.0256167	0.00306845	0.0374951
0.0308754	0.0091322	0.0382381
0.0258046	0.0103338	0.0374429
0.0280136	0.00114347	0.0378533
0.0327684	0.014968	0.038394
0.0321454	0.011084	0.0384137
0.0171059	0.0103864	0.036357
0.00589915	0.00152517	0.0345086
0.0349956	0.0145631	0.0388022
0.0205254	0.015459	0.0365872
0.0266219	0.0015351	0.0375909
0.033774	0.0114637	0.0386608
0.020215	0.00970687	0.0365434
0.0303755	0.000670732	0.0382139
0.0344866	0.00713658	0.0387923
0.022451	0.0162589	0.0368094
0.0163393	0.0146048	0.036009
0.0374376	0.0021484	0.0392491
0.0396226	0.00713765	0.0396144
0.00998339	0.00742633	0.0353065
0.0325587	0.0105232	0.0384788
0.0215984	0.00971811	0.0368288
0.0370043	0.0173324	0.0390709
0.0335679	0.0136134	0.0386401
0.0304908	0.0110003	0.0382156
0.0466997	0.0113754	0.0404333
0.0318378	0.00725032	0.0384533
0.0381352	0.000131543	0.039231
0.0258931	0.00914359	0.0374656
0.02759	0.0166873	0.037793
0.0290425	0.013737	0.037927
0.0312068	0.0158183	0.0383213
0.0238426	0.0100302	0.0370936
0.0263027	0.0162908	0.0376158
0.0220916	0.0144233	0.0368394
0.0426209	0.0115043	0.0400877
0.0288782	0.01519	0.0379262
0.0343446	0.00635862	0.0387617
0.0332509	0.00427864	0.0384037
0.0438938	0.00393583	0.0401915
0.0363238	0.0141928	0.038986
0.0233302	0.000648653	0.0371699
0.0133665	0.0129379	0.0354563
0.0323421	0.00151427	0.0383597
0.0462437	0.0100822	0.0405401
0.0332335	0.00251282	0.0385928
0.0230415	0.00649891	0.0370907
0.0309964	0.00641007	0.0383358
0.0256672	0.00844429	0.0374685
0.0335826	0.00440328	0.0386647
0.017477	0.0037308	0.036383
0.0331552	0.0108255	0.0386046
0.0197691	0.0144356	0.0364727
0.031381	0.0130807	0.0382426
0.0155802	0.0144416	0.035823
0.0316183	0.00214787	0.0385316
0.0256978	0.00942021	0.0374661
0.0447578	0.0102094	0.0402837
0.0350285	0.012931	0.0388413
0.0400124	0.0097574	0.0395317
0.0123304	0.0118643	0.0353922
0.0322816	0.00354018	0.0386319
0.0228881	0.00990317	0.0371349
0.038174	0.00934312	0.0393448
0.0138557	0.0049527	0.0355488
0.0318643	0.00755405	0.0383246
0.00880591	0.0136649	0.0348788
0.0161739	0.00810263	0.0360361
0.0291488	0.0102675	0.0379716
0.0327531	0.0161549	0.0385064
0.026224	0.00567317	0.0376354
0.0137221	0.00993551	0.0355971
0.0225084	0.00734801	0.037122
0.0211115	0.00716469	0.0367817
0.0338958	0.0133917	0.0384376
0.0375413	0.0156221	0.0390819
0.02926	0.0141471	0.0379865
0.0233254	0.0102067	0.0371924
0.0313274	0.0106038	0.038319
0.00665618	0.000541251	0.0350028
0.0256372	0.00568173	0.0373349
0.0401598	0.0134633	0.0394723
0.0403557	0.00317653	0.0393969
0.0028281	0.00840279	0.0339681
0.0310099	0.00745326	0.0381665
0.0227848	0.0020768	0.037159
0.0242989	0.0103558	0.0372592
0.0215302	0.0113008	0.0368169
0.0321761	0.00223851	0.0386151
0.0328722	0.00865523	0.0385635
0.0163898	0.0137135	0.0359061
0.0367046	0.00526771	0.0392094
0.037555	0.00752539	0.0391121
0.0390536	0.00866331	0.0394455
0.0126647	0.00798277	0.0356502
0.034635	0.010584	0.038791
0.0294813	0.0102498	0.0379816
0.0314562	0.00783533	0.0382204
0.0342324	0.00767653	0.038674
0.0229531	0.00966636	0.0369528
0.0319692	0.011824	0.0383685
0.0284917	0.000927078	0.0378773
0.0137249	0.00831147	0.0356542
0.0231941	0.00590647	0.0372385
0.0354067	0.011606	0.0389278
0.0181326	0.00615662	0.0362753
0.0245201	0.00199196	0.037554
0.031258	0.00385227	0.0384721
0.0413664	0.0128329	0.0397502
0.0395673	0.00534236	0.0395529
0.0291589	0.00348557	0.0381305
0.0135402	0.0122442	0.0355903
0.0291081	0.0080154	0.0380636
0.0225636	0.0113262	0.0368827
0.0246836	0.011269	0.0373774
0.038054	0.000577395	0.0390406
0.0438533	0.0124117	0.0401551
0.0135014	0.0089992	0.0357672
0.028818	0.00970526	0.0379137
0.0295664	0.00616935	0.0380736
0.0475522	0.0127738	0.0408544
0.0226485	0.0091479	0.0370165
0.0206885	0.0138919	0.0366975
0.0212318	0.00498835	0.0368706
0.0163775	0.0130364	0.0359824
0.0229885	0.000288258	0.036896
0.0306536	0.0134669	0.0381449
0.0191096	0.00457819	0.036518
0.0359479	0.00159702	0.0389324
0.0288696	0.0172229	0.0379398
0.043613	0.0165571	0.0398483
0.0357212	0.0148352	0.0388832
0.0125894	0.0046712	0.0355156
0.0193022	0.00323154	0.0366439
0.0344811	0.0119601	0.0387936
0.0264956	0.0114953	0.0376284
0.0474198	0.0135777	0.0405409
0.0287227	0.00720903	0.0378966
0.0325824	0.0064513	0.0385736
0.0196241	0.00955776	0.0365271
0.0347208	0.00935469	0.0388122
0.0321194	0.011673	0.0383766
0.0102961	0.014581	0.0349714
0.0126941	0.00748892	0.0355173
0.0159345	0.00867332	0.0361354
0.0265104	0.0147338	0.0374506
0.0339602	0.0120736	0.0386439
0.0415244	0.0094961	0.0396916
0.0350079	0.00716735	0.0387849
0.0227976	0.0159718	0.0368686
0.0281446	0.0134003	0.0377657
0.0265993	0.0096749	0.0376625
0.0460261	0.00880983	0.0405475
0.0414132	0.00884483	0.039766
0.0290787	0.000104676	0.0380216
0.0239224	0.0131917	0.0372417
0.0479083	0.0109443	0.040718
0.0161105	0.0113282	0.0361468
0.0285289	0.0107329	0.0378856
0.0236242	0.0164202	0.0371249
0.0230597	0.00707955	0.0369533
0.0419361	0.00691703	0.0399282
0.0424664	0.010311	0.0398293
0.0381373	0.0152782	0.0393199
0.017603	0.012437	0.0362211
0.0383458	0.0121549	0.0392688
0.026533	0.0116273	0.0375934
0.0275655	0.00351334	0.0376667
0.0337336	0.00118438	0.0385622
0.0356924	0.0156169	0.0389361
0.0110006	0.0162285	0.035201
0.0337113	0.00739348	0.0385045
0.0419367	0.00731665	0.0398891
0.0276205	0.00635812	0.0377712
0.0408428	0.00263862	0.0396162
0.0281431	0.00922075	0.0378818
0.0175429	0.00216819	0.0362754
0.0212014	0.0100842	0.0367622
0.040268	0.007531	0.0396338
0.0274785	0.00754341	0.0376854
0.0315907	0.015486	0.0383054
0.0279252	0.00977893	0.0378445
0.0356786	0.00632601	0.0390479
0.0276571	0.0085472	0.0378108
0.0196769	0.00840997	0.036554
0.0282699	0.0144821	0.0378479
0.0238264	0.0111244	0.0372558
0.0178919	0.00898088	0.0364364
0.0506942	0.0135877	0.0411261
0.0206135	0.0127638	0.0366945
0.026687	0.0107377	0.0375965
0.0318707	0.00928574	0.0383118
0.034043	0.0152729	0.0386615
0.0345998	0.00946132	0.0388022
0.0246622	0.0151976	0.0372552
0.02807	0.0153802	0.0378147
0.00722456	0.0110438	0.0346632
0.0360673	0.00248808	0.0390944
0.044423	0.0124759	0.0402252
0.0202289	0.00874589	0.0366551
0.0348977	0.00644634	0.0387161
0.0384668	0.0107948	0.039354
0.0219589	0.0112881	0.0368842
0.0223964	0.0100532	0.0370704
0.0456919	0.0142434	0.0402346
0.0190423	0.0185231	0.0364713
0.0207414	0.0135141	0.0367348
0.020273	0.0143662	0.0366709
0.019128	0.00571085	0.0364184
0.0281195	0.00141126	0.0378965
0.0431692	0.0102918	0.0400817
0.0277158	0.00982453	0.0377588
0.0435224	0.0109442	0.0400504
0.0121678	0.00134892	0.0353558
0.0188848	0.00244945	0.0363591
0.0412349	0.0136735	0.0397575
0.0318393	0.0166299	0.0382972
0.0255913	0.00966876	0.0373017
0.0141534	0.00956966	0.0356753
0.0270699	0.0132864	0.037526
0.0336466	0.0123399	0.0384228
0.0263685	0.0126137	0.0374348
0.0352195	0.0145459	0.0389459
0.0194798	0.00788595	0.0366896
0.024983	0.0124628	0.0373463
0.0256485	0.00736993	0.0375074
0.0351567	0.010699	0.0387502
0.037979	0.00834359	0.0393097
0.0419404	0.0103753	0.0398365
0.0195346	0.000183953	0.0363707
0.0253703	0.0157852	0.0374245
0.0143266	0.00435979	0.0357201
0.0209265	0.00270545	0.0367367
0.0306641	0.00681858	0.0382289
0.0366177	0.016935	0.0390185
0.00284081	0.012507	0.0341972
0.0285756	0.00890674	0.0378829
0.0295341	0.00794585	0.0380463
0.0410099	0.0120451	0.0397059
0.0367793	0.0145422	0.0388791
0.031892	0.0166985	0.0383576
0.052334	0.0155619	0.0414119
0.0453675	0.00271808	0.0402884
0.0281004	0.00758934	0.0378214
0.0384126	0.00621685	0.0393862
0.0351762	1.45906e-06	0.039083
0.0240516	0.0139174	0.0372143
0.0481126	0.0131022	0.0407675
0.0318747	0.00788092	0.0384344
0.03256	0.0156606	0.0382078
0.0251494	0.0138686	0.0373979
0.00619084	0.0148617	0.0344881
0.0274019	0.00794577	0.0375881
0.0357005	0.0123223	0.0388217
0.0278878	0.0120539	0.037833
0.00931314	0.00894447	0.0348899
0.0140552	0.00456711	0.0359538
0.0190781	0.00511165	0.0364259
0.029201	0.000826859	0.0378346
0.0424161	0.00988554	0.0399702
0.0397478	0.00926721	0.0395386
0.026717	0.00503601	0.0374931
0.0324196	0.00636942	0.0384647
0.0263992	0.00955941	0.0376377
0.0201885	0.000340676	0.0366388
0.0260854	0.00722335	0.037535
0.0278112	0.0118019	0.0377662
0.0343065	0.015879	0.0387372
0.0349613	0.00954149	0.0388938
0.0156517	0.0126779	0.035922
0.0373386	0.0108935	0.0392069
0.000234522	0.013063	0.0335524
0.0357101	0.0150156	0.03896
0.0126756	0.000437045	0.0354201
0.0463611	0.00561916	0.0405219
0.0184485	0.0110696	0.0363785
0.0360523	0.0127772	0.0389417
0.039802	0.0136998	0.0395289
0.0201564	0.00744779	0.0365895
0.0394989	0.0147087	0.0394606
0.0205532	0.00757281	0.0367939
0.0280432	0.0111439	0.0378567
0.0482925	0.0010365	0.0406282
0.0236437	0.00517063	0.0372592
0.023745	0.0157777	0.0369877
0.0275286	0.00306643	0.0378015
0.0338779	0.00967761	0.0386054
0.0263616	0.00270448	0.0376254
0.0329132	0.00788986	0.0384467
0.0429736	0.00700914	0.0398149
0.0126825	0.0157452	0.0354062
0.0461429	0.00781106	0.0405818
0.0353968	0.0127333	0.0388622
0.0273555	0.00766788	0.0377571
0.037058	0.00745072	0.0392016
0.0424323	0.0112893	0.0398681
0.0336421	0.0146223	0.0383765
0.0260592	0.00319658	0.0376709
0.0437751	0.00740698	0.0401559
0.0355651	0.00851486	0.0389798
0.0387402	0.0137562	0.0393597
0.0318889	0.0150998	0.0382504
0.031346	0.00165588	0.0382974
0.0372932	0.00480298	0.0391441
0.0215046	0.0140249	0.0367214
0.0211629	0.0162947	0.0366308
0.0260594	0.00884179	0.0375285
0.0277513	0.0120201	0.0376338
0.026718	0.0143969	0.0376661
0.0253556	0.0126438	0.037352
0.0115821	0.0119605	0.035407
0.0498306	0.0167167	0.0409198
0.0239215	0.0128877	0.0371311
0.0151907	0.00973636	0.0357861
0.0280549	0.00549441	0.037682
0.0240771	0.0168467	0.0372969
0.0242133	0.00887236	0.0371411
0.032319	0.0130796	0.0383952
0.0339684	0.0112215	0.03857
0.0345051	0.00766592	0.0387901
0.0330355	0.00925613	0.0385902
0.0243349	0.00741048	0.0371942
0.0271725	0.0161627	0.037654
0.0402373	0.0071375	0.0397052
0.0490131	0.00697198	0.0410343
0.0341382	0.00392346	0.0386023
0.034124	0.00148507	0.038756
0.0213376	0.0117605	0.0368117
0.0354998	0.0108279	0.0387119
0.0232378	0.0136697	0.0370923
0.0149303	0.0100802	0.0359084
0.0223383	0.0131216	0.0368126
0.0353314	0.0102199	0.0389508
0.0271423	0.015046	0.0376638
0.0231062	0.00955069	0.0370568
0.0382931	0.00762853	0.0394046
0.036684	0.0098538	0.0390878
0.0242759	0.0044428	0.0372885
0.016863	0.0166829	0.0359342
0.0330225	0.0127655	0.0384992
0.026074	0.00352376	0.0374469
0.0235551	0.00140685	0.0372665
0.0372622	0.0116871	0.0389322
0.0258003	0.00629761	0.0374294
0.0488849	0.010178	0.040895
0.020822	0.0142298	0.0367501
0.0339203	0.0147489	0.0386727
0.030745	0.00524118	0.0383459
0.0278867	0.0107817	0.037789
0.032569	0.0101216	0.0385327
0.0513592	0.00334118	0.04134
0.0343936	0.00559338	0.0388765
0.0411423	0.00838623	0.0395846
0.0202499	0.00805641	0.0365364
0.0222192	0.0105947	0.0368331
0.0334456	0.00887895	0.0386371
0.0252415	0.00878968	0.0374482
0.0287271	0.00288602	0.0377785
0.0272503	0.016898	0.0377131
0.0373822	0.0128054	0.039086
0.0156281	0.0132116	0.0358769
0.0225507	0.00883697	0.0371014
0.0322847	0.0151319	0.0384418
0.0323129	0.0136545	0.0382159
0.0284105	0.00338369	0.0379982
0.0337112	0.0118429	0.0385605
0.0216481	0.0120607	0.0369323
0.0386853	0.00959196	0.0394157
0.0231047	0.0137	0.0370051
0.0290154	0.0146079	0.037945
0.0391861	0.0161231	0.0392471
0.0378942	0.0137018	0.0390699
0.0244048	0.0135143	0.0371188
0.0176714	0.00888271	0.0362146
0.0369272	0.00459235	0.0391246
0.0288737	0.0129163	0.037963
0.0275066	0.0143603	0.0375842
0.0270236	0.00136868	0.0377091
0.0317433	0.0103181	0.038358
0.0398017	0.00818361	0.0395506
0.0199419	0.00788888	0.0366999
0.0391453	0.00650418	0.0395393
0.00501802	0.00615282	0.0345592
0.0376555	0.0100007	0.0390264
0.00863834	0.00636143	0.0351332
0.030094	0.00758309	0.0381202
0.0280893	0.00767508	0.0377557
0.034962	0.00452508	0.038979
0.0301108	0.0146536	0.0379724
0.0339228	0.00834251	0.0385755
0.0302484	0.0147506	0.0381527
0.0218813	0.00886394	0.0368774
0.0331565	0.00101589	0.0384325
0.0225828	0.00832246	0.036987
0.035133	0.00204909	0.0388466
0.0362344	0.0142787	0.038741
0.0246784	0.00688259	0.0374213
0.0187005	0.00677841	0.0363946
0.026662	0.0116495	0.0376658
0.0247551	0.0158742	0.0371363
0.0344325	0.00801729	0.0388088
0.0300101	0.0046037	0.0381486
0.0351512	0.00809148	0.0387568
0.0295039	0.0167672	0.0380703
0.0351427	0.0104099	0.0388208
0.0288046	0.0230629	0.0379755
0.0380188	0.0157018	0.039205
0.032602	0.0122539	0.0383381
0.0425373	0.00330865	0.0398631
0.0368688	0.0124639	0.03908
0.0305593	0.0097849	0.0380545
0.0321534	0.00866589	0.038306
0.0215149	0.0114168	0.036807
0.0359612	0.00665772	0.0390849
0.026306	0.0165679	0.0374939
0.0152048	0.0122491	0.035936
0.0315924	0.011773	0.0383114
0.0375187	0.00878617	0.0392149
0.0285852	0.0153683	0.0378886
0.0328407	0.0118627	0.0385732
0.0456031	0.00461656	0.0404259
0.0354753	0.00729042	0.0389327
0.026164	0.00905878	0.0376227
0.0211024	0.0127739	0.0366913
0.0296389	0.0103875	0.0379603
0.035865	0.00643505	0.03887
0.0282972	0.00740566	0.0378934
0.023186	0.00929113	0.0370593
0.0278472	0.0132517	0.0376463
0.0342994	0.00329231	0.0388974
0.0360256	0.0163609	0.0389387
0.0405873	0.0115813	0.0396272
0.0223692	0.0104475	0.0369668
0.0476509	0.0134218	0.0407117
0.023254	0.00893497	0.0370129
0.0339101	0.0144558	0.0385535
0.0370551	0.0105485	0.0391795
0.0209522	0.00920448	0.0368711
0.0397775	0.00898207	0.0396014
0.0298921	0.0153765	0.0380838
0.0455167	0.0152272	0.0401967
0.0261808	0.00397812	0.0375341
0.0390314	0.01523	0.0392544
0.0475582	0.00522039	0.040481
0.0449416	0.00541658	0.0402032
0.022589	0.00666932	0.0368796
0.021737	0.0103937	0.0368449
0.0319799	0.0114753	0.0383421
0.0203937	0.0143586	0.0367981
0.00951214	0.00492263	0.0352777
0.0361011	0.00863583	0.0390117
0.0333211	0.0186688	0.0385875
0.0370361	0.0132527	0.0392258
0.0317488	0.0123043	0.038403
0.013426	0.0135617	0.0356275
0.0259315	0.0154867	0.0373521
0.0287614	0.0057768	0.0380121
0.0251074	0.016251	0.0373694
0.0388036	0.00901655	0.0392532
0.0231525	0.0130081	0.0370147
0.0342032	0.01628	0.0386917
0.0315236	0.00932207	0.038255
0.0436584	0.0156648	0.040056
0.0271028	0.00478986	0.0377892
0.0333259	0.00941693	0.0386029
0.027694	0.0105029	0.0377389
0.00778632	0.0171082	0.0349565
0.0323801	0.0168039	0.0382996
0.0410352	0.0130955	0.0397604
0.0239611	0.00924559	0.0371781
0.0217729	0.0122111	0.0367427
0.0285911	0.00867316	0.0378035
0.0204086	0.0127127	0.0366029
0.027712	0.0157914	0.0377766
0.0270262	0.00451778	0.0375379
0.0176889	0.0142764	0.0363879
0.0372338	0.00740329	0.039245
0.0451297	0.00931201	0.040301
0.0240524	0.0158298	0.0370369
0.0266139	0.0164943	0.037575
0.0289065	0.0170437	0.0379906
0.0497281	0.0104627	0.0409802
0.0229056	0.0121644	0.0369121
0.0474302	0.0065255	0.040784
0.0367949	0.0107175	0.0391037
0.0271337	0.0140528	0.0376353
0.0320879	0.0142056	0.0384639
0.0425236	0.0135823	0.0399387
0.0284357	0.00126485	0.0380361
0.0160311	0.0109999	0.0359197
0.0309336	0.0122332	0.0382761
0.0254939	0.00745889	0.037423
0.0386442	0.0142216	0.0392895
0.0351497	0.00689664	0.0389175
0.00230293	0.00200675	0.0339664
0.0336856	0.00925672	0.0386527
0.0402699	0.00526246	0.0394133
0.0527669	0.0082075	0.0411311
0.0524205	0.0163744	0.0416162
0.0058258	0.0116668	0.0345393
0.0307939	0.00667598	0.038081
0.0397081	0.00745242	0.0396093
0.0348917	0.00793823	0.0388681
0.02473	0.0133388	0.0372086
0.00555452	0.0112047	0.0343528
0.0222216	0.0103597	0.0369006
0.0296653	0.00958566	0.0380913
0.00859362	0.0117083	0.0349282
0.0280597	0.0134003	0.0378278
0.0353644	0.0128426	0.0387942
0.0152194	0.0056165	0.0359405
0.0300491	0.0129722	0.038094
