0.0354462	0.00498485	0.0388214
0.0343067	0.0110261	0.0385925
0.0194361	0.0090257	0.0364959
0.0281579	0.0114017	0.0377555
0.0149959	0.00778739	0.0358557
0.0350601	0.0155973	0.0386798
0.0248329	0.0140961	0.0372495
0.0237071	0.015014	0.0372028
0.022593	0.0110579	0.0368345
0.0282769	0.0102564	0.0377571
0.0335471	0.00550443	0.0385359
0.0339686	0.0115196	0.0386847
0.0412984	0.0122567	0.039539
0.0316686	0.0138243	0.0382654
0.0192707	0.00505269	0.0363572
0.0263961	0.0063393	0.0372793
0.0493914	0.00632696	0.0409636
0.0443313	0.00268647	0.0399542
0.0246826	0.0111235	0.0371571
0.0214479	0.00776354	0.0368412
0.0472778	0.00331118	0.0403763
0.0365548	0.00710443	0.0390224
0.0232292	0.0125948	0.0370929
0.0382744	0.0172583	0.0390488
0.0217943	0.0166967	0.0366382
0.0306686	0.008244	0.0381009
0.0343788	0.00556869	0.0387482
0.0473731	0.00864328	0.0405493
0.0219341	0.00873983	0.0366659
0.0314233	0.00219049	0.0383032
0.0337639	0.0103216	0.0385584
0.0315814	0.00309421	0.0383236
0.0376321	0.0142444	0.039001
0.0249535	0.0125289	0.0372459
0.0389727	0.00948294	0.0393243
0.0285043	0.0134912	0.0377917
0.0204773	0.00839269	0.0366882
0.0265119	0.00428726	0.0375594
0.0342467	0.012115	0.0384365
0.019848	0.0118504	0.0363825
0.0270492	0.0033476	0.0376906
0.0384544	0.0100286	0.0392018
0.0307405	0.00924316	0.0380973
0.0245064	0.0167566	0.0372502
0.0271494	0.00870718	0.0376259
0.0208576	0.0110411	0.0364514
0.0382621	0.016023	0.0392064
0.02896	0.010568	0.0376858
0.0198873	0.0147724	0.0364597
0.0355231	0.0111726	0.0388156
0.0477153	0.01682	0.0404444
0.030756	0.0125263	0.0381142
0.0272004	0.0161139	0.0374506
0.019694	0.00643053	0.0366498
0.0297594	0.0102958	0.0378341
0.0142985	0.0142161	0.0356267
0.029941	0.00331163	0.0378625
0.0235547	0.00514102	0.0371182
0.036638	0.0121769	0.0389203
0.0393046	0.00405928	0.0393843
0.0433479	0.0121184	0.0399622
0.0396138	0.00833482	0.0393763
0.0233203	0.00975099	0.0370307
0.0157494	0.0110071	0.0360556
0.0325016	0.00420347	0.0385136
0.0518341	0.00859488	0.0412257
0.0356552	0.0128155	0.0388441
0.0101376	0.00909628	0.0349842
0.0239499	0.0149006	0.0370623
0.0250824	0.00657607	0.0373161
0.0314727	0.0148534	0.0383045
0.0389682	0.00370722	0.0393291
0.0383391	0.015989	0.0390561
0.0431788	0.0106594	0.0399334
0.042525	0.0108647	0.0398095
0.0356118	0.00850133	0.0387707
0.0327947	0.00980333	0.0383904
0.0440539	0.0150646	0.0401234
0.0158161	0.00963252	0.0360317
0.0223525	0.00936205	0.0368891
0.0283848	0.014666	0.037747
0.0316815	0.00710568	0.0380911
0.0522547	0.0112262	0.0411559
0.0406156	0.0134957	0.039551
0.0164299	0.0166205	0.0362007
0.0382871	0.00646976	0.0392989
0.0404948	0.00665804	0.0395611
0.0258747	0.00755775	0.037411
0.00758712	0.0140296	0.0346272
0.0117871	0.00754768	0.0351321
0.0238116	0.00546765	0.0369462
0.0473567	0.0141125	0.0403987
0.0389553	0.00675503	0.0392881
0.00412761	0.0150917	0.0337789
0.0294191	0.0104566	0.0379871
0.0355369	0.0145755	0.0386502
0.0155599	0.0158186	0.0355915
0.0349238	0.0144219	0.03854
0.05251	0.0115029	0.0412853
0.0334688	0.0129185	0.0385231
0.032916	0.00920803	0.0384277
0.0289961	0.012819	0.0377064
0.0462883	0.0107341	0.0403731
0.0385006	0.00950156	0.0392084
0.0351672	0.00367122	0.0386821
0.0483021	0.00441714	0.0407355
0.0303497	0.00688051	0.0380686
0.0445783	0.00538466	0.0401953
0.0196186	0.0012632	0.0364109
0.0274008	0.0106988	0.037562
0.030086	0.0077769	0.0380577
0.0351849	0.0127267	0.0387753
0.0224119	0.00835206	0.036903
0.0147837	0.00492091	0.0356181
0.00626775	0.0107458	0.0347308
0.0261155	0.00800964	0.0374503
0.0255599	0.00882706	0.0373487
0.0327036	0.0145662	0.0384473
0.0321066	0.011237	0.0383292
0.0246777	0.0160084	0.0369339
0.0255531	0.0122519	0.0373922
0.0327915	0.00740872	0.0384158
0.0405712	0.012928	0.0395286
0.0280944	0.00830433	0.0375919
0.0317897	0.0184369	0.038233
0.0408569	0.00850419	0.0395906
0.04183	0.00742672	0.0398046
0.0311251	0.00410543	0.0382347
0.028686	0.0143858	0.0375845
0.0318775	0.0122882	0.0382663
0.0355936	0.00536147	0.0388537
0.0211372	0.00740006	0.0367304
0.0233853	0.0104272	0.0369361
0.0317109	0.00301141	0.0383241
0.0276352	0.00946362	0.0377822
0.03082	0.0108593	0.0381379
0.0447916	0.00990662	0.0401181
0.0397222	0.00474307	0.0394251
0.0283652	0.00982318	0.0377387
0.0414433	0.0117084	0.0396886
0.0384617	0.0127541	0.0391261
0.0367722	0.0165486	0.0389532
0.0445129	0.00692999	0.0400578
0.0370304	0.00207115	0.0390823
0.0241023	0.0077262	0.0371573
0.0261465	0.00839523	0.0373198
0.0212763	0.00717636	0.0367344
0.0297708	0.0146145	0.0379767
0.015004	0.010951	0.0358843
0.0416698	0.01406	0.039712
0.0267019	0.0100298	0.0375288
0.00150358	0.00831818	0.0338345
0.0179444	0.0151694	0.0362094
0.0313826	0.0155582	0.0381148
0.0355927	0.0150659	0.0387944
0.0318602	0.00696595	0.038286
0.0304694	0.00831385	0.0380808
0.0320786	0.011106	0.0382562
0.0103767	0.00800549	0.0352772
0.0372076	0.00277462	0.0390859
0.0368941	0.0137191	0.0389851
0.0385329	0.0149585	0.0391188
0.0338122	0.00743011	0.0385716
0.0242302	0.00461535	0.0371754
0.0320637	0.0160542	0.0380666
0.0145445	0.000612131	0.0356431
0.0259802	0.00861011	0.0373785
0.0390534	0.00541084	0.03928
0.0427781	0.000740906	0.0398595
0.0352326	0.0128048	0.0386094
0.0387702	0.00326119	0.0390816
0.0315588	0.00316532	0.038293
0.0486941	0.0121005	0.0404432
0.0406857	0.0097553	0.0396418
0.0408246	0.00781084	0.0395926
0.0336948	0.0140059	0.038514
0.0417203	0.00760037	0.0397329
0.0138715	0.013448	0.0357799
0.0221217	0.00151373	0.0367001
0.030249	0.01253	0.0379922
0.0310408	0.0131228	0.0380993
0.0315994	0.0110526	0.0381855
0.0064832	0.000284423	0.0347054
0.0517292	0.00863699	0.0412323
0.0397402	0.0141353	0.0395087
0.023806	0.0136022	0.0369289
0.0242781	0.000813648	0.0371997
0.035901	0.0165292	0.0389679
0.0307516	0.00459205	0.0381777
0.0207488	0.00398599	0.0366096
0.0394981	0.0182839	0.0392899
0.0313447	0.0136055	0.0382078
0.0392434	0.00741935	0.039396
0.0241589	0.0163435	0.0372777
0.0192561	0.0137672	0.0362307
0.0210766	0.00593787	0.036812
0.0277111	0.0103625	0.037518
0.0287883	0.00291198	0.0378493
0.0455985	0.00805674	0.0403415
0.0256148	0.0149844	0.0374958
0.0265605	0.0153601	0.0375414
0.0400629	0.00040019	0.0392633
0.0364093	0.00799219	0.038948
0.0394027	0.0108505	0.0394507
0.0360586	0.013181	0.0387546
0.0371663	0.0170751	0.0389835
0.0286548	0.00396806	0.037677
0.0290089	0.016679	0.0378753
0.0309064	0.0139704	0.0379331
0.0300908	0.0058243	0.038102
0.0301702	0.0165736	0.0378597
0.0326012	0.00959375	0.0383546
0.0416162	0.0076517	0.0397192
0.0433581	0.0125721	0.0398707
0.0263721	0.00540519	0.0375274
0.0458817	0.00905021	0.0400791
0.0284139	0.0125005	0.0377749
0.0369543	0.0056307	0.038957
0.0513562	0.00578923	0.0412726
0.0137358	0.0108982	0.0355036
0.0514102	0.00652811	0.0411754
0.0267925	0.0133681	0.037663
0.027414	0.0104655	0.0377506
0.0293157	0.0133131	0.0377525
0.0285119	0.00842442	0.0379072
0.0276504	0.0144961	0.0376541
0.00177202	0.0137362	0.0334027
0.0241818	0.0048927	0.0371714
0.0281562	0.00458881	0.0378532
0.0535291	0.0155252	0.0411067
0.0299526	0.00140612	0.0378517
0.0412793	0.0168481	0.0396487
0.0384373	0.00442899	0.0392509
0.0213762	0.00670538	0.0366611
0.0361319	0.013813	0.0387424
0.0514347	0.0140346	0.0412657
0.046483	0.0138294	0.0404122
0.0126737	0.0025315	0.0356635
0.0273287	0.0108761	0.037481
0.0406286	0.00904507	0.0393289
0.00749957	0.0135475	0.0349148
0.0363565	0.0140411	0.0389301
0.0207539	0.0139054	0.0364878
0.0364818	0.0112321	0.0390085
0.041622	0.00994785	0.0397217
0.0189663	0.011917	0.0364007
0.0227928	0.0130537	0.0369907
0.02737	0.0111116	0.0376765
0.027963	0.0122324	0.0375779
0.046181	0.0152932	0.0402748
0.0240757	0.0120477	0.0370297
0.0145409	0.0166684	0.0354336
0.0125751	0.0085225	0.0353802
0.0326982	0.0134453	0.0383707
0.0269834	0.013708	0.0374006
0.0156123	0.0110548	0.0359598
0.0166247	0.0169213	0.0362296
0.0240872	0.0109949	0.0370563
0.0190285	0.0159748	0.0365045
0.0196725	0.00781144	0.0365469
0.0473625	0.00130956	0.0405388
0.0132759	0.00701255	0.0356717
0.0469346	0.011578	0.0404911
0.0270282	0.00870039	0.0375831
0.030941	0.00655459	0.0381682
0.0271061	0.0131501	0.0375711
0.0347003	0.0113858	0.0386333
0.0534618	0.0120545	0.0414424
0.0413704	0.0160404	0.039679
0.044177	0.0137765	0.0400975
0.0348695	0.00544831	0.038646
0.0388284	0.0083337	0.039323
0.0260895	0.0116732	0.0372488
0.0415641	0.0128933	0.0396755
0.0323299	0.010357	0.0383786
0.0204032	0.00949455	0.0366041
0.00248521	0.00984431	0.0339684
0.0364134	0.00836683	0.0389534
0.0230219	0.0127799	0.0369555
0.0388737	0.0135264	0.0393851
0.0159733	0.0106616	0.0356408
0.0470394	0.00742172	0.0404442
0.0148403	0.011217	0.0359317
0.036324	0.0120624	0.0388505
0.0230646	0.00431379	0.0371052
0.0390757	0.00992337	0.0391098
0.0381174	0.00650518	0.0391875
0.0307684	0.00739612	0.0380154
0.0325396	0.00779796	0.0384157
0.0376292	0.00976524	0.0390758
0.0404064	0.00465067	0.0396656
0.0287571	0.0104868	0.0378483
0.0196974	0.0104031	0.0364153
0.0265078	0.00163557	0.0376469
0.0355089	0.0121656	0.0387517
0.0329783	0.00596747	0.0383678
0.0255084	0.00483115	0.0373571
0.0321776	0.0142604	0.0383335
0.0289623	0.0115401	0.0379719
0.0465919	0.0126507	0.0404698
0.0297047	0.00411003	0.0379786
0.016512	0.00836177	0.0361375
0.030761	0.0153242	0.0381842
0.0280761	0.00194165	0.0375345
0.0486633	0.00933701	0.0407565
0.022554	0.0137262	0.0368521
0.0303512	0.0135499	0.0379984
0.0357111	0.00587788	0.0388611
0.0108093	0.00427816	0.0352659
0.025487	0.00017247	0.0375051
0.0464739	0.0167451	0.0403924
0.0383846	0.00675082	0.0391751
0.0286838	0.0144994	0.0379327
0.0216251	0.00517845	0.0368208
0.0280495	0.013739	0.0376751
0.0244146	0.00481264	0.0373224
0.035596	0.0109483	0.0388486
0.0278365	0.0126441	0.0376864
0.00216472	0.00961101	0.0341478
0.0459358	0.0121995	0.0402545
0.0301116	0.0138653	0.0380149
0.0222855	0.0126305	0.036874
0.0306264	0.0206949	0.0380378
0.000726059	0.00444397	0.0340038
0.0280464	0.0168481	0.0377357
0.0313031	0.0112143	0.0381966
0.0100513	0.0122707	0.0352744
0.0284613	0.00274168	0.0379026
0.00601836	0.00784859	0.0343448
0.0240786	0.00780013	0.0371775
0.0392343	0.0130886	0.039227
0.0217348	0.0146104	0.0365731
0.0477717	0.0102803	0.0406018
0.03138	0.0115224	0.0381544
0.0472966	0.016796	0.0405469
0.0420476	0.01218	0.0397438
0.0363622	0.016858	0.03879
0.0486987	0.00948626	0.0407217
0.0447206	0.00471356	0.0401875
0.0226067	0.013105	0.0367808
0.0313745	0.0178703	0.0383175
0.0292614	0.00956083	0.0378693
0.0163475	0.0146741	0.036036
0.0371244	0.007929	0.0388959
0.0389038	0.00809744	0.0393534
0.0394425	0.00341704	0.0395726
0.0224174	0.0119331	0.0367962
0.0116739	0.00930761	0.0352133
0.0376647	0.00319071	0.0391473
0.0330894	0.0128122	0.038578
0.0333883	0.0131869	0.0384351
0.0167069	0.00780808	0.0361751
0.0441887	0.00948555	0.0398959
0.0385017	0.0149445	0.039181
0.0214296	0.0048045	0.036876
0.0286539	0.00923909	0.0377895
0.0245833	0.00201904	0.0372385
0.0232105	0.0130831	0.0370192
0.04091	0.0109844	0.0395737
0.0285507	0.00889129	0.037843
0.0471695	0.0145258	0.0403254
0.034659	0.0120482	0.038619
0.0306496	0.00975803	0.0380594
0.0401953	0.0159466	0.0394013
0.00248041	0.0117136	0.0341985
0.0351119	0.0101191	0.0387097
0.0236577	0.00211074	0.0371539
0.0443032	0.0119357	0.0401578
0.0346558	0.0132052	0.0386992
0.0310693	0.0130427	0.0379778
0.0420825	0.00921843	0.0397045
0.0222004	0.00604119	0.0369066
0.0353615	0.00701717	0.038766
0.0211685	0.0143687	0.0366484
0.0272483	0.00562137	0.0376856
0.0429251	0.00768708	0.0398298
0.0462165	0.0152226	0.040259
0.03108	0.0109357	0.0382732
0.0376764	0.00823464	0.0391742
0.023486	0.00576029	0.0370215
0.0317373	0.00733063	0.0383666
0.0325771	0.0137302	0.0383579
0.0347025	0.0168815	0.0384553
0.0444968	0.00570825	0.0401954
0.0407975	0.0119872	0.0394219
0.0337432	0.0130464	0.0384977
0.0247796	0.0143159	0.0372387
0.0426158	0.0129948	0.0397366
0.0342358	0.01121	0.0385046
0.0191807	0.0156443	0.0364176
0.0230663	0.015971	0.0370566
0.0148364	0.0130485	0.035745
0.0409311	0.0104544	0.0395893
0.0310955	0.012964	0.0380401
0.0252041	0.00442209	0.0374051
0.0392123	0.0127802	0.0393603
0.0284803	0.0020991	0.0378948
0.041348	0.0149035	0.0397078
0.0398575	0.0149248	0.0394341
0.0116215	0.010597	0.035379
0.0326728	0.0148948	0.0382421
0.015447	0.0118163	0.0357489
0.0236067	0.00565203	0.0371672
0.0348371	0.0154925	0.0387374
0.0390215	0.00926258	0.0394049
0.0352301	0.0130671	0.0386912
0.0387612	0.00868697	0.0392516
0.0309859	0.0123176	0.0381392
0.0230237	0.00882597	0.036823
0.0149682	0.0152883	0.0354946
0.031628	0.00480807	0.0382382
0.039663	0.00800012	0.0394058
0.0261235	0.0153316	0.0375679
0.0346707	0.00285007	0.0387485
0.0234956	0.00878494	0.0369693
0.0128247	0.00450675	0.0355853
0.0254171	0.00658913	0.0374088
0.0461546	0.0116647	0.0404034
0.033306	0.013375	0.0384979
0.0221329	0.0107082	0.0368175
0.0229503	0.0116693	0.0369979
0.0450173	0.00634511	0.0402627
0.013982	0.00151063	0.0355787
0.0434634	0.00877868	0.0397872
0.0292442	0.0138438	0.0378359
0.0468578	0.00533112	0.040568
0.0187718	0.00737971	0.0363659
0.035234	0.0109159	0.0386125
0.0399198	0.013315	0.0394406
0.0155348	0.0101672	0.0356532
0.0051859	0.0128605	0.0343961
0.0273682	0.0160456	0.0374812
0.0471679	0.0149743	0.0405672
0.0381961	0.00443164	0.0391712
0.0278318	0.0069154	0.037687
0.039307	0.00360505	0.039457
0.0320928	0.00858778	0.0383502
0.0467376	0.00725554	0.0404652
0.0286868	0.00591314	0.0378433
0.0279267	0.0127149	0.0376591
0.0379901	0.0128921	0.039192
0.0391864	0.00465978	0.0391388
0.00396122	0.013283	0.0337472
0.0310158	0.00632922	0.0382251
0.0248445	0.00899329	0.0371081
0.0239002	0.0133171	0.0372078
0.024953	0.00971896	0.0372188
0.0259286	0.00259943	0.0375549
0.0368889	0.00177233	0.0391123
0.0325999	0.0128768	0.0382835
0.0433989	0.0138323	0.039906
0.0175444	0.0154536	0.0359648
0.0390269	0.00973869	0.0394058
0.0208863	0.00946281	0.0367782
0.0310827	0.0101626	0.0380318
0.0381723	0.00367013	0.039294
0.0280412	0.0144495	0.0375628
0.00721938	0.00840677	0.0345101
0.0162176	0.0108493	0.0359921
0.042906	0.010688	0.039827
0.0323712	0.0115433	0.0381826
0.0511323	0.014457	0.0410738
0.0307413	0.00988374	0.0381521
0.030299	0.00888119	0.0380549
0.0339749	0.0167586	0.038347
0.0305073	0.00800312	0.0380091
0.0294843	0.00690152	0.0378896
0.0297064	0.0104739	0.0379116
0.0289209	0.00326832	0.0377855
0.0298512	0.0102194	0.0378397
0.0470207	0.010749	0.0403406
0.0374469	0.0101447	0.0390342
0.00925169	0.00849096	0.0351092
0.0290346	0.00865987	0.0378644
0.0195198	0.0114513	0.036398
0.0228772	0.0103015	0.0369605
0.0205963	0.0089585	0.0367392
0.0346686	0.004496	0.0386982
0.0434274	0.00606029	0.0400314
0.0302754	0.0147507	0.0379189
0.0287488	0.0113314	0.0378675
0.0247742	0.00838376	0.0372781
0.0317699	0.0164761	0.0382477
0.0308645	0.0148854	0.0379695
0.0165645	0.016724	0.0362217
0.0388696	0.0011382	0.0393792
0.027634	0.0179622	0.0376266
0.025552	0.0074657	0.0374158
0.0274693	0.0123291	0.0376524
0.0296092	0.00945619	0.0379727
0.026849	0.00757141	0.0373784
0.0328741	0.00872669	0.0382537
0.0328135	0.011592	0.0383339
0.0306868	0.00462655	0.0382144
0.0424711	0.0148987	0.0396529
0.0219882	0.00309572	0.0367871
0.0251355	0.0125944	0.0372939
0.0147958	0.00803898	0.0359524
0.0312241	0.0124575	0.0382112
0.0128239	0.0136759	0.0356726
0.0361672	0.0119984	0.0389183
0.0122393	0.00550876	0.0353464
0.0225376	0.0114773	0.0369145
0.0274917	0.0127813	0.0376266
0.0289329	0.00159128	0.0376933
0.0123606	0.0145231	0.0352553
0.0221493	0.010362	0.0369385
0.0295934	0.00815856	0.037956
0.0378804	0.0151565	0.0390213
0.0329164	0.00264663	0.0384816
0.0240953	0.0126018	0.0370191
0.0149785	0.010523	0.0358983
0.0180393	0.0145786	0.0362268
0.027887	0.011481	0.0376784
0.0228929	0.00866655	0.0369385
0.03064	0.00987472	0.037932
0.032613	0.00942531	0.038416
0.0132634	0.00405422	0.0354256
0.0455225	0.0108873	0.040306
0.0355994	0.0113533	0.0387095
0.00699219	0.0143327	0.0348418
0.0367444	0.0077505	0.0390801
0.0332121	0.0107081	0.0384966
0.0171129	0.00822823	0.0361574
0.0348857	0.0166238	0.0388176
0.0099678	0.00631358	0.0352662
0.0200195	0.0146042	0.0366364
0.0248613	0.00266305	0.0373894
0.0439482	0.0161417	0.0398773
0.0358929	0.00980937	0.0387912
0.0277704	0.00584748	0.0377001
0.0192848	0.00812679	0.0364429
0.0503015	0.00617478	0.0409496
0.0382772	0.00525634	0.0390143
0.038502	0.00674378	0.0392697
0.0117917	0.00731242	0.0351856
0.0410976	0.0119978	0.0395788
0.0366439	0.00925163	0.0389457
0.0211191	0.0143003	0.0364233
0.0375646	0.00911493	0.0391272
0.0281598	0.0152831	0.0375554
0.037771	0.0140338	0.039038
0.0063879	0.016117	0.0345362
0.0164557	0.0175809	0.0360058
0.0197562	0.0153822	0.0364438
0.0216352	0.00946535	0.0369278
0.0374528	0.0159036	0.0390571
0.0351992	0.0120593	0.0387508
0.00469547	0.0146454	0.0342001
0.0289316	0.015317	0.0379754
0.0399021	0.00827781	0.0394418
0.0225055	0.0137352	0.0367475
0.0385383	0.0038129	0.0393201
0.0475429	0.0106679	0.0405552
0.0164858	0.011326	0.0360242
0.0405974	0.0143026	0.039551
0.0166273	0.0044206	0.0362055
0.0286309	0.0126772	0.037644
0.0258466	0.0152993	0.0373906
0.0169375	0.0168038	0.0357879
0.0253545	0.0123558	0.0373492
0.0354907	0.00946176	0.0388077
0.0251422	0.00631985	0.0370825
0.0272526	0.00593517	0.0377266
0.0372274	0.000650427	0.039101
0.0361034	0.0152474	0.038746
0.0310978	0.013186	0.038013
0.0247185	0.0127571	0.0372439
0.0366213	0.0132879	0.0389871
0.0351016	1.23388e-05	0.0386435
0.0289445	0.0100508	0.0377061
0.015341	0.00658116	0.0358802
0.0494494	0.0105123	0.0408372
0.0226733	0.00950405	0.037006
0.0346031	0.0137285	0.0386787
0.0264937	0.0019827	0.0376897
0.0356983	0.00550427	0.0389026
0.0330711	0.0151377	0.0385056
0.00133772	0.013094	0.0334105
0.0261346	0.015224	0.0373919
0.0385035	0.0145298	0.0392591
0.0426611	0.00817437	0.0398598
0.035124	0.0139137	0.0387109
0.03254	0.0170959	0.0381958
0.0171746	0.0155314	0.0360677
0.0339732	0.00658671	0.0386499
0.0227081	0.0150949	0.0369292
0.0169808	0.0112545	0.0358041
0.0401739	0.0103218	0.0394747
0.0297619	0.00976653	0.0379397
0.0288601	0.00917206	0.0378205
0.0352488	0.00647825	0.0387834
0.0343527	0.0105633	0.0386445
0.0373314	0.0160688	0.0391067
0.0372088	0.00684447	0.0390427
0.0417217	0.00593077	0.0397057
0.0304329	0.00770267	0.0380778
0.0351239	0.000549899	0.0388647
0.0339095	0.00737404	0.0385766
0.0325085	0.0165033	0.0381255
0.0355724	0.00895002	0.0387411
0.0235852	0.00827786	0.0372054
0.0346167	0.00679814	0.0387413
0.0306624	0.0105281	0.037941
0.00190699	0.013773	0.0337813
0.0471061	0.00857992	0.0405646
0.00818786	0.00972896	0.0349869
0.0467411	0.00998552	0.0403279
0.0336816	0.0151236	0.0385525
0.0353547	0.0106861	0.0387452
0.0360819	0.009634	0.0389211
0.0205475	0.0119283	0.036667
0.0435126	0.0117927	0.0399266
0.0222007	0.0151241	0.0369677
0.0248956	0.01296	0.0372755
0.00826366	0.0100338	0.0347173
0.0379331	0.00949521	0.0392112
0.0228994	0.00661269	0.037055
0.0536731	0.0066362	0.0412939
0.0269841	0.00765264	0.0376297
0.0380208	0.0123663	0.0389584
0.0345676	0.0165137	0.0387722
0.0274105	0.00809447	0.0376624
0.0380525	0.00856524	0.0391925
0.0178372	0.011548	0.0361814
0.00970573	0.00583498	0.0349048
0.0378965	0.00711684	0.0392262
0.0424429	0.011191	0.0397138
0.0323804	0.0168977	0.0384215
0.0227168	0.00917533	0.036844
0.0263475	0.0093913	0.0375004
0.0439158	0.0119523	0.0397794
0.0454366	0.0121968	0.0402667
0.0386181	0.0159196	0.0392611
0.0266313	0.005291	0.0376379
0.029203	0.0151713	0.0377252
0.0385247	0.0159408	0.0392731
0.0328427	0.00375492	0.0383717
0.0267665	0.00597771	0.0376027
0.0263744	0.0118236	0.0374724
0.029678	0.0153387	0.0377994
0.0301836	0.0153087	0.0378659
0.0330796	0.015139	0.0385069
0.0167402	0.00602831	0.0357495
0.0215681	0.0086485	0.036522
0.0227096	0.0146396	0.0367602
0.0340299	0.00757371	0.0385731
0.0287873	0.013419	0.0377832
0.0311573	0.0166023	0.0379165
0.0072246	0.0132741	0.0344779
0.0336177	0.0145002	0.0385533
0.0279647	0.0143745	0.0376452
0.0338657	0.012358	0.0385799
0.0377204	0.0130005	0.0390038
0.0321337	0.00102433	0.038417
0.0348848	0.011477	0.0387275
0.0341138	0.0146885	0.0385562
0.0114958	0.0160445	0.035439
0.0382849	0.00128466	0.0392916
0.0308665	0.0149944	0.0380122
0.0204385	0.0103143	0.0365322
0.0263305	0.0168775	0.0375985
0.0362639	0.0104013	0.0388558
0.0393632	0.00877818	0.0394316
0.0503102	0.014601	0.0408671
0.0208374	0.00893447	0.036663
0.0271076	0.0126466	0.0376517
0.0273597	0.0120507	0.037524
0.0191494	0.00548697	0.0363081
0.0490894	0.00831266	0.040727
0.031711	0.0150479	0.0380445
0.0263885	0.00421618	0.0373795
0.0511447	0.00609358	0.0411597
0.0105715	0.0120962	0.0347939
0.0371098	0.0141257	0.0388826
0.0248278	0.00585021	0.0370305
0.0282449	0.00447894	0.0375889
0.0249724	0.00641828	0.0372587
0.0316851	0.00602435	0.0383178
0.0366839	0.00884339	0.0389999
0.0038248	0.011511	0.034397
0.0210859	0.00588858	0.0367463
0.0307042	0.00590918	0.0380876
0.0360173	0.0139578	0.0388555
0.0355749	0.0149965	0.0388085
0.0182676	0.0079497	0.036297
0.0338465	0.0149345	0.0384093
0.0319733	0.00503957	0.038305
0.0165491	0.00118751	0.0359287
0.0284783	0.00317719	0.0378029
0.000838626	0.0123289	0.0332525
0.0477932	0.0073373	0.0405772
0.0434605	0.0119282	0.0397193
0.0269043	0.0199692	0.0376813
0.0215272	0.0168184	0.0365406
0.028582	0.00995176	0.0376554
0.015117	0.00880866	0.0359447
0.0213689	0.0129423	0.0367348
0.0182329	0.000740288	0.036366
0.0260773	0.0157936	0.037152
0.043949	0.0105615	0.0400201
0.0343228	0.000144134	0.0384417
0.0320301	0.0129766	0.0381926
0.0389255	0.00452514	0.039154
0.019093	0.0114332	0.0365235
0.0351339	0.00574269	0.0388108
0.01222	0.0100198	0.0351469
0.0261329	0.0161024	0.0373764
0.0487278	0.0115877	0.0406606
0.0226773	0.0123883	0.0368636
0.0393628	0.0157057	0.0393665
0.0157409	0.0145599	0.0358895
0.0280016	0.017015	0.0376823
0.0378208	0.00918316	0.0391023
0.0171787	0.0134266	0.0362426
0.0204319	0.0125365	0.0366392
0.0395491	0.0120654	0.0394228
0.0207114	0.0125629	0.0366385
0.0121456	0.00678587	0.0355605
0.0396988	0.0107149	0.0395018
0.0277641	0.0131477	0.0375536
0.0332954	0.0150396	0.0384803
0.0420389	0.0147007	0.0396869
0.0321668	0.0119047	0.0383361
0.0510185	0.0153433	0.0410725
0.0385324	0.00968227	0.0392109
0.0368427	0.0116741	0.0388034
0.0322749	0.0149645	0.0382542
0.0217852	0.0124214	0.0369498
0.0354718	0.00665358	0.0388649
0.0243091	0.0103481	0.0372535
0.0371935	0.0138502	0.0389739
0.00636284	0.0111374	0.0345441
0.0485644	0.0128243	0.0404185
0.0231593	0.0103897	0.0370386
0.0262936	0.00894404	0.0373323
0.0446522	0.0143073	0.0401584
0.0183943	0.00364234	0.0364321
0.0288809	0.0107391	0.0378899
0.0289989	0.011762	0.0378476
0.0302878	0.00902776	0.0380382
0.012787	0.00198216	0.0356931
0.048447	0.00540687	0.0408093
0.0147652	0.0201825	0.0358159
0.0231093	0.0142405	0.0369974
0.00606726	0.0126787	0.0346922
0.0337281	0.0175466	0.0385846
0.0373292	0.0149972	0.039067
0.0390694	0.00995059	0.0393941
0.0253696	0.00904704	0.0374592
0.00333896	0.00225358	0.0339419
0.0157794	0.0132676	0.035756
0.0381071	0.00170372	0.0391114
0.0384502	0.0162045	0.0390873
0.023085	0.00930258	0.0370292
0.0178629	0.0118375	0.0363539
0.0200967	0.0112681	0.0364541
0.0160038	0.0154019	0.0356614
0.046473	0.0129159	0.0402462
0.0190099	0.0136206	0.0364246
0.00828264	0.00357607	0.0347461
0.041408	0.00515982	0.0397433
0.0310019	0.0082034	0.038123
0.0137518	0.0122739	0.0355751
0.0302752	0.011878	0.0380125
0.0393614	0.00908097	0.0392107
0.024982	0.0148585	0.0372624
0.024544	0.00591867	0.0371813
0.040315	0.0159239	0.0393571
0.0181103	0.0129408	0.0362781
0.0368784	0.00570417	0.0389469
0.0344459	0.0143469	0.0384645
0.035895	0.00300882	0.0389637
0.0192267	0.0101128	0.0365849
0.0142135	0.0103246	0.0356349
0.0501882	0.0117875	0.0409646
0.0327501	0.00429215	0.038437
0.00535895	0.0149725	0.0342365
0.0398491	0.00738573	0.0392801
0.0444795	0.000542411	0.0398293
0.014463	0.00259327	0.0357872
0.0170119	0.00677037	0.0359963
0.018185	0.0146578	0.0363777
0.0275136	0.00755611	0.0376816
0.0235237	0.0162776	0.0370505
0.0349014	0.0118768	0.0387252
0.0201127	0.00678308	0.0365777
0.0327471	0.00683283	0.0384147
0.037809	0.0142754	0.0391531
0.0270425	0.0134339	0.0373507
0.0399665	0.00796938	0.0392732
0.0158371	0.00818455	0.0360057
0.014251	0.0038462	0.0358915
0.0388959	0.0145497	0.0393173
0.0405073	0.0105229	0.0395549
0.0141881	0.0140289	0.0357156
0.00993864	0.012474	0.0346932
0.0281643	0.00654505	0.0377861
0.0230959	0.00535496	0.0369744
0.0303491	0.0085398	0.0380698
0.0358651	0.0111507	0.0388633
0.0257597	0.0124101	0.0372637
0.0319673	0.00805183	0.0382902
0.039989	0.0122334	0.0395428
0.0314345	0.012787	0.0382567
0.0407516	0.00325998	0.0395485
0.0271387	0.00296662	0.037491
0.0367995	0.0129883	0.038901
0.0270788	0.00984664	0.037569
0.0386552	0.0196591	0.0392739
0.0380377	0.0123038	0.0392566
0.0346626	0.0099324	0.0387028
0.0199788	0.00641687	0.0365747
0.0221961	0.00681484	0.0369011
0.0374247	0.00820653	0.0390688
0.0224318	0.0109665	0.0369318
0.0343037	0.0077997	0.0386275
0.021201	0.00971157	0.0368308
0.0382793	0.0164369	0.0391277
0.0329079	0.0136381	0.038332
0.0298026	0.0137811	0.037767
0.0342049	0.0108538	0.0387183
0.0194579	0.0166255	0.03638
0.0343526	0.0067237	0.0386442
0.0252142	0.00541956	0.0372612
0.0308184	0.0061481	0.0381645
0.0174142	0.0109327	0.0362342
0.0162528	0.0160368	0.0359251
0.046924	0.0168564	0.0403871
0.0165547	0.00746957	0.0360305
0.0104764	0.0150896	0.0351469
0.0222996	0.00949	0.0369775
0.0387148	0.0113466	0.039288
0.0163207	0.00769678	0.0360692
0.0342444	0.00810013	0.0386524
0.0242685	0.0149902	0.0370459
0.0181178	0.00882611	0.0362205
0.0344065	0.0118028	0.0386585
0.0457966	0.00364555	0.0401549
0.0198591	0.00226811	0.0366203
0.0138332	0.00472867	0.0355141
0.0393216	0.00669143	0.0393135
0.0294324	0.0142089	0.0378565
0.0256361	0.00495253	0.0372703
0.0278295	0.00688996	0.0376114
0.0261844	0.0152253	0.0375485
0.0315227	0.00898304	0.0382569
0.0380118	0.00865879	0.0392039
0.037612	0.0104865	0.0390384
0.0226938	0.0124111	0.0370792
0.038447	0.00424851	0.0390529
0.031548	0.0123605	0.0382375
0.000827937	0.0102164	0.0339724
0.0299639	0.00253198	0.0380895
0.026394	0.00312323	0.0374071
0.0438838	0.0104262	0.0399227
0.0471326	0.0042934	0.0406885
0.0196208	0.00699174	0.0364206
0.0288399	0.0143182	0.0379548
0.0210079	0.0140331	0.0367229
0.0381324	0.000519458	0.0391231
0.025061	0.00727146	0.0373264
0.0333297	0.0144108	0.0385782
0.0312491	0.0082226	0.0382061
0.026545	0.0120402	0.0375134
0.0309568	0.0161243	0.037974
0.0178772	0.0149516	0.036268
0.0164176	0.00832344	0.0359142
0.0360217	0.0149735	0.0388688
0.0449485	0.00481007	0.0402484
0.0431741	0.0127345	0.0398412
0.0377202	0.0104161	0.0391363
0.00417261	0.0137934	0.0343185
0.0184122	0.0112584	0.0364244
0.0344004	0.00521646	0.0387025
0.0374345	0.0111445	0.0390785
0.0266454	0.00048302	0.0376112
0.026275	0.0126252	0.0372511
0.0361406	0.0124576	0.0389103
0.0436571	0.00230488	0.0397297
0.0395982	0.0133598	0.0393853
0.0208554	0.0110773	0.0366638
0.0108056	0.012262	0.0354231
0.0132858	0.00920855	0.0355588
0.0480257	0.00121896	0.0408946
0.0267483	0.0162627	0.0374898
0.0366709	0.00443537	0.0390389
0.0117293	0.00376943	0.0351684
0.038118	0.0122528	0.039217
0.023695	0.00866433	0.0370633
0.0357677	0.00693221	0.038787
0.0465964	0.00254957	0.0404465
0.041746	0.000574504	0.039502
0.0418915	0.012246	0.0395015
0.0443476	0.00712615	0.0400631
0.0333403	0.00905558	0.0385947
0.0471701	0.0146376	0.0404222
0.0365993	0.0157589	0.0389984
0.0424408	0.0135642	0.039838
0.0285888	0.0161424	0.0377607
0.0287409	0.0120888	0.0378224
0.00660759	0.004781	0.03464
0.0404281	0.013162	0.039547
0.0307613	0.0152467	0.038112
0.0350874	0.0147567	0.0387521
0.0216313	0.00284449	0.0368547
0.0249425	0.00666693	0.037256
0.028187	0.0129415	0.0377331
0.0312445	0.0101478	0.0380669
0.035196	0.0115156	0.0386474
0.0426121	0.00766276	0.0397851
0.0107025	0.00711981	0.035092
0.0224444	0.0114544	0.0367807
0.0309668	0.013476	0.0379805
0.0364574	0.0107499	0.0388925
0.0336549	0.0102934	0.0384877
0.0318186	0.014845	0.0381113
0.0509046	0.00497261	0.0410288
0.0360771	0.0125526	0.0389005
0.0326019	0.00675255	0.0384418
0.0116073	0.0123865	0.035003
0.0293496	0.00852446	0.0379658
0.0367009	0.0119362	0.0390074
0.0433691	0.0119485	0.0399049
0.0331181	0.0106142	0.0385641
0.0338058	0.0106214	0.0385818
0.0430356	0.0107099	0.039929
0.0406816	0.0125389	0.0394991
0.026572	0.0110354	0.0373742
0.0445985	0.0150864	0.0401372
0.033973	0.0109254	0.0385825
0.043538	0.00893988	0.0400483
0.01447	0.0164031	0.0356621
0.0381718	0.0102539	0.0391635
0.0443145	0.0132691	0.0400861
0.041076	0.00767665	0.0396507
0.027561	0.0124871	0.0374909
0.0336694	0.0103252	0.0385642
0.0240451	0.0105934	0.0371582
0.02841	0.00177157	0.0379841
0.0446579	0.0111345	0.0400993
0.0327668	0.00888759	0.0383262
0.0295249	0.0136188	0.0379232
0.0474542	0.00914342	0.0406155
0.0369324	0.0159767	0.0390557
0.0277997	0.0105651	0.0376641
0.0406015	0.00961133	0.0395104
0.0283011	0.0112228	0.0376196
0.0214195	0.0134247	0.0367344
0.0430087	0.0168064	0.0399019
0.0436329	8.3523e-05	0.0400598
0.0412865	0.00910134	0.0395939
0.0221213	0.00832757	0.0367033
0.0458846	0.0137807	0.0403323
0.0211807	0.010968	0.0367116
0.0228019	0.0134075	0.0368017
0.0211114	0.0144873	0.0368542
0.031882	0.0112341	0.0383001
0.0142708	0.0141782	0.0357516
0.0346235	0.012511	0.0385993
0.0416721	0.00914218	0.039719
0.0395286	0.00684791	0.0393602
0.0292517	0.00456687	0.0378762
0.00624003	0.00444827	0.034373
0.0313039	0.00946128	0.0380364
0.0128408	0.000549026	0.0353465
0.0413182	0.0136436	0.0396596
0.0431351	0.0103477	0.0398982
0.0292414	0.0157529	0.0379612
0.0327	0.0147972	0.0383581
0.043605	0.00450657	0.0400134
0.0368581	0.0142279	0.0388374
0.0274689	0.010703	0.0375055
0.0372263	0.0141034	0.0389473
0.0265339	0.0151772	0.0375006
0.0373073	0.0122555	0.03897
0.020858	0.011616	0.0364396
0.0332123	0.0129609	0.038414
0.0333204	0.00646408	0.0383754
0.0188852	0.0093218	0.0363242
0.0132478	0.00598261	0.0356598
0.0233812	0.0146409	0.0370269
0.0238989	0.0168591	0.0370661
0.0154153	0.0107452	0.0360415
0.0366511	0.0128291	0.0389807
0.0260283	0.0030161	0.0374936
0.02307	0.0144372	0.0369882
0.0412952	0.0143871	0.0395534
0.0123553	0.0100314	0.0355286
0.0391785	0.00689536	0.0393382
0.0282732	0.00551072	0.0378279
0.033669	0.0104312	0.0385611
0.0441258	0.0107529	0.0400228
0.0430949	0.00207182	0.0399223
0.020783	0.0153074	0.0365647
0.0161312	0.0110432	0.0359763
0.0348507	0.00528886	0.0388094
0.0231938	0.00454707	0.0370288
0.0277175	0.0118687	0.037503
0.0381513	0.011654	0.039163
0.0383264	0.0124162	0.039243
0.0281135	0.0106397	0.0377327
0.0310618	0.0149214	0.0379525
0.019747	0.0137325	0.0362244
0.0154896	0.00935418	0.0358419
0.0286887	0.0120403	0.0376721
0.0409429	0.0169226	0.0394231
0.0260761	0.00876877	0.0375604
0.0492345	0.015447	0.040703
0.0280368	0.00948381	0.037754
0.0466028	0.00867764	0.0404698
0.00920423	0.0139533	0.0349641
0.0122992	0.00991213	0.0355323
0.0425657	0.011909	0.0398198
0.0437269	0.0162987	0.0397444
0.0258941	0.0136016	0.0372196
0.035324	0.0119352	0.038785
0.039076	0.00913776	0.0392958
0.0351249	0.0124888	0.0387626
0.0281378	0.0122509	0.0377571
0.0402299	0.00493241	0.0394924
0.009413	0.0137958	0.0351959
0.0177822	0.00754659	0.0363237
0.0372434	0.0117971	0.039057
0.035558	0.0151087	0.038671
0.00254932	0.0154662	0.0339341
0.029903	0.00559005	0.0379863
0.0170555	0.0118795	0.0362365
0.0272918	0.00905504	0.0376423
0.030072	0.00342319	0.0379906
0.0145838	0.0090281	0.0358102
0.0382451	0.013886	0.0391865
0.0302306	0.0104624	0.0378985
0.0280511	0.00717925	0.0376631
0.0211474	0.011151	0.0367108
0.0357103	0.011894	0.0386436
0.0248805	0.0101293	0.0373353
0.0299108	0.009102	0.0379828
0.03212	0.00509056	0.0384021
0.0205608	0.00189991	0.0365999
0.0145356	0.0153062	0.0358654
0.00630056	0.00846412	0.0345749
0.0314884	0.016856	0.0382444
0.0249596	0.0143506	0.0373097
0.0410217	0.0125911	0.0396236
0.0154166	0.00959654	0.035885
0.0335775	0.00240441	0.0384083
0.0305858	0.000725917	0.0381127
0.0389853	0.010568	0.0392821
0.0241942	0.0107749	0.037179
0.0304615	0.0164418	0.0379089
0.0342005	0.00615052	0.0386732
0.043598	0.0146414	0.0400038
0.0332148	0.00796115	0.0384118
0.0110636	0.00835876	0.0352381
0.0380385	0.00617689	0.0391797
0.0316843	0.000420505	0.0381488
0.0258659	0.0117392	0.0373354
0.0224258	0.00553151	0.0369463
0.0467512	0.00707577	0.040464
0.0305972	0.0055371	0.0381223
0.0263742	0.00475812	0.0375826
0.022512	0.01016	0.0369124
0.0323569	0.00194966	0.0384457
0.0251251	0.0123856	0.0372862
0.015021	0.00964505	0.0359837
0.0108812	0.00770707	0.0348303
0.0261478	0.0100665	0.0374714
0.0233157	0.0091682	0.0370569
0.0283491	0.0116593	0.0378062
0.0378398	0.00929425	0.0391489
0.0415518	0.00648871	0.0397091
0.0238507	0.0117881	0.0369804
0.0229424	0.0107157	0.0371331
0.0404786	0.0123795	0.039425
0.0281054	0.0125696	0.0376985
0.024112	0.00958511	0.037145
0.0276004	0.0157948	0.0376682
0.0307008	0.0149555	0.0381765
0.0295492	0.0103197	0.0379651
0.0276698	0.00807557	0.0377029
0.0388844	0.00995665	0.0393481
0.0417767	0.0108628	0.0396266
0.0412821	0.0134726	0.0396696
0.0199964	0.0159907	0.0366952
0.0156723	0.0069479	0.0359565
0.0378304	0.0168231	0.0391159
0.0265482	0.0109797	0.0373155
0.0136695	0.015041	0.0355878
0.0376689	0.0083425	0.0391389
0.0418178	0.0104512	0.0398052
0.0296254	0.0107402	0.0379557
0.0179466	0.00399599	0.0362531
0.00519543	0.0113734	0.0344137
0.00606142	0.0126119	0.0344933
0.0301809	0.0068764	0.0380819
0.0265829	0.00801042	0.0373441
0.027567	0.0128759	0.0377055
0.0220215	0.00912776	0.0368535
0.0227427	0.00935681	0.0369426
0.0198232	0.00253425	0.0365675
0.0266329	0.01723	0.0372068
0.00643553	0.0145701	0.0345555
0.0229393	0.0166735	0.0368084
0.0333468	0.0135758	0.0383069
0.0345818	0.0140043	0.0387018
0.045762	0.00665308	0.040408
0.0305042	0.00200486	0.0380261
0.00659455	0.000875135	0.0346677
0.0155532	0.0205771	0.0361132
0.0319454	0.0113169	0.0382931
0.021901	0.0123274	0.0367486
0.0361915	0.00663547	0.0389541
0.0220267	0.0124088	0.0366869
0.0250299	0.0145378	0.0370857
0.0289316	0.0078802	0.0377737
0.0436768	0.00869549	0.0399614
0.0231214	0.0152591	0.0369427
0.0240988	0.016364	0.0371182
0.0141184	0.00767904	0.0358219
0.0173005	0.00915237	0.0360864
0.0185809	0.00376129	0.0364804
0.00912216	0.0108543	0.0349588
0.0357261	0.00725907	0.0389342
0.0468497	0.0101946	0.0404557
0.0446911	0.0157575	0.0402007
0.0429814	0.0032606	0.0399221
0.046035	0.0052104	0.0403695
0.03913	0.0121333	0.0393213
0.0325224	0.00917479	0.0384108
0.0315319	0.00231174	0.0381709
0.0338315	0.00981747	0.0384722
0.0447364	0.00858474	0.04007
0.0362856	0.0138461	0.0388077
0.0192605	0.0120929	0.0364876
0.0326539	0.0129695	0.0383725
0.0265267	0.00464828	0.0374352
0.0350681	0.00909444	0.0386594
0.022805	0.0056585	0.0368641
0.032899	0.00443958	0.0382784
0.0300885	0.010885	0.0380518
0.0187084	0.00714289	0.0362047
0.0294893	0.00752138	0.037951
0.0344319	0.010995	0.0386734
0.000740606	0.0128504	0.0335031
0.0305542	0.00754575	0.0381369
0.00966182	0.0107322	0.0351302
0.038692	0.0148075	0.0392726
0.0416945	0.00325605	0.0396875
0.0150568	0.000963134	0.0357955
0.0494888	0.0111418	0.0408487
0.0180015	0.00867868	0.0362353
0.0308552	0.00901749	0.0381046
0.0393864	0.0156183	0.0393327
0.0451592	0.0130641	0.0401562
0.0298198	0.0126609	0.0379282
0.0318747	0.0121176	0.0381189
0.0320943	0.0117596	0.0384183
0.0346068	0.00829498	0.0387091
0.0368605	0.0127975	0.039098
0.0234779	0.00888841	0.0370642
0.0228797	0.00394465	0.0370826
0.0294054	0.0109425	0.0379187
0.0325773	0.0152355	0.0384357
0.0375339	0.0149249	0.0390849
0.0304734	0.00472614	0.038196
0.0277652	0.0091154	0.0377164
0.0314076	0.00574762	0.038185
0.0339579	0.0168378	0.0384534
0.0431562	0.00530632	0.0398782
0.0358589	0.0109679	0.0388847
0.0449153	0.00370807	0.0401928
0.0330567	0.0132677	0.0384486
0.0090875	0.0081553	0.0350949
0.0349052	0.00471188	0.0386831
0.0381097	0.0100937	0.039145
0.0186841	0.011353	0.0362422
0.039641	0.00837219	0.0393853
0.0413409	0.00876833	0.0396775
0.0163587	0.00891147	0.0361176
0.0309426	0.0148973	0.03792
0.0357987	0.00879802	0.0389454
0.00273299	0.00103296	0.0340917
0.0353337	0.00587842	0.0387973
0.0197536	0.0100544	0.0365132
0.028612	0.00903286	0.0377906
0.0412108	0.00902918	0.039605
0.0213608	0.00156021	0.0366443
0.0425642	0.0093123	0.0396801
0.0194939	0.010128	0.0362625
0.0398055	0.00232049	0.0395288
0.0266069	0.0055882	0.0374504
0.0335709	0.00278351	0.0385477
0.0262108	0.0120919	0.0373248
0.0399791	0.00469753	0.0393673
0.0275672	0.0115994	0.0377733
0.0394882	0.0118576	0.0393402
0.0333001	0.0121893	0.0384837
0.0328595	0.0149176	0.0383392
0.0301542	0.0165319	0.0378224
0.0370915	0.00868753	0.0390469
0.0247095	0.0160268	0.0372918
0.0342548	0.0030725	0.0387182
0.020108	0.0124471	0.0365931
0.0387461	0.0159559	0.0390534
0.0372653	0.00408358	0.0389968
0.0322825	0.0057658	0.0383744
0.021168	0.0166094	0.0368223
0.0347539	0.00700686	0.0387105
0.0359434	0.00955282	0.038929
0.040491	0.0100647	0.039513
0.025185	0.0151235	0.0372917
0.00972399	0.0143583	0.0351017
0.0462208	0.0016696	0.040396
0.029438	0.0149812	0.037767
0.0205256	0.0124346	0.0366412
0.0318635	0.0078896	0.0381659
0.0372275	0.0121002	0.0390266
0.0250361	0.00800678	0.0372845
0.0278675	0.00898041	0.0376896
0.0369088	0.0158456	0.0391057
0.0261297	0.0148674	0.0372625
0.0379638	0.0149685	0.039069
0.0260488	0.0132977	0.0372651
0.0376769	0.0136106	0.0389591
0.0338446	0.0139093	0.0385994
0.0393226	0.0139275	0.0393856
0.0411412	0.01555	0.0394347
0.0297253	0.0138679	0.037962
0.0258179	0.0121171	0.0372378
0.0360674	0.014494	0.0387134
0.0317464	0.0155933	0.03837
0.00476168	0.00992893	0.0345223
0.03422	0.0124915	0.0384591
0.0394373	0.00823161	0.0393777
0.0250357	0.0140907	0.0370819
0.026294	0.00870525	0.0372702
0.0384195	0.0103099	0.0393195
0.0421826	0.00790115	0.0398339
0.0163779	0.00259202	0.0361763
0.0434116	0.0107134	0.0399406
0.0273506	0.0106802	0.0376341
0.0299335	0.0137038	0.0379988
0.0235693	0.00851608	0.0370825
0.0163339	0.0144488	0.0357757
0.0322897	0.0135768	0.0383196
0.0364493	0.000953328	0.0388467
0.0399405	0.0143445	0.0393931
0.00491968	0.000523615	0.0342268
0.0426245	0.00376696	0.0397914
0.0491838	0.00920146	0.0406765
0.048386	0.00557443	0.0407481
0.0310151	0.0111901	0.0381251
0.0312647	0.00379653	0.0382058
0.0331169	0.00931103	0.03843
0.0167286	0.0124257	0.0361208
0.0350386	0.0139535	0.038838
0.0431303	0.0126415	0.0399074
0.0148726	0.016562	0.0358325
0.0269945	0.0109643	0.0375434
0.0306246	0.00895035	0.0379454
0.0263775	0.00357699	0.037406
0.0238664	0.0109355	0.0370106
0.0174747	0.00601295	0.0360614
0.0137436	0.011999	0.035612
0.0429617	0.00262435	0.0396875
0.0218408	0.0104663	0.036838
0.0159369	0.016228	0.0357766
0.0391624	0.0135411	0.0391216
0.0287507	0.0171038	0.0378429
0.00561721	0.000361933	0.0345454
0.0186445	0.0136042	0.0363128
0.0390251	0.0117395	0.0394062
0.051732	0.00815921	0.0412138
0.0277677	0.00634599	0.0376887
0.0465963	0.0115991	0.0404379
0.0183228	0.0142407	0.0364012
0.0213636	0.00635491	0.0367523
0.0370542	0.00745997	0.0389799
0.0292774	0.00785373	0.0380154
0.0366068	0.0139942	0.0388086
0.0310668	0.00670266	0.0381762
0.020905	0.00556161	0.0367176
0.0181462	0.00958657	0.0363944
0.0471599	0.0121806	0.0404389
0.00909976	0.0168117	0.0346685
0.0157362	0.0162162	0.0361033
0.0415309	0.00913536	0.0396267
0.0165935	0.0120573	0.0361074
0.034336	0.0150638	0.0384823
0.0341705	0.000970131	0.0385213
0.00422029	0.0141752	0.0344475
0.0306892	0.0114389	0.0381393
0.00375958	0.00333849	0.0343537
0.0405902	0.00450362	0.0394929
0.0357258	0.0159528	0.0388351
0.00670236	0.00896457	0.0344728
0.0334254	0.014094	0.0384304
0.0405294	0.00170805	0.0394709
0.0270452	0.00328119	0.0373724
0.0388128	0.0141759	0.0392645
0.0377703	0.0053803	0.0389386
0.0247943	0.0139162	0.0371864
0.0376503	0.0123194	0.0391434
0.0165529	3.4416e-05	0.0360092
0.0319284	0.011481	0.0381233
0.0360079	0.00255159	0.0389309
0.0337764	0.013913	0.0385228
0.0293432	0.00931049	0.0379364
0.0286231	0.0107995	0.0378248
0.0311721	0.0105156	0.0381833
0.0421794	0.0130615	0.0396492
0.0223244	0.0089382	0.0368458
0.0268397	0.013307	0.0375934
0.0368671	0.00880864	0.0390181
0.0334071	0.0143618	0.0384637
0.0314394	0.0120447	0.0382724
0.0374559	0.0130203	0.0390485
0.0369203	0.0107242	0.0389752
0.0441879	0.0136326	0.0400418
0.0440603	0.0120114	0.0401575
0.0182962	0.00277581	0.0362292
0.0384135	0.00769324	0.0392182
0.0383728	0.0147191	0.0392601
0.0168637	0.00492713	0.0361354
0.0222683	0.0110998	0.0369203
0.0454304	0.00503736	0.0402299
0.0355715	0.0113357	0.0387479
0.0219328	0.014619	0.036812
0.0159903	0.0140611	0.0359068
0.0445309	0.0151134	0.0400986
0.0464513	0.0131317	0.0404573
0.048072	0.0106863	0.0406924
0.0312036	0.0167201	0.038154
0.0448549	0.0100716	0.0401523
0.0228719	0.00739662	0.0369061
0.0219469	0.00906222	0.0368963
0.0343113	0.0117222	0.0386422
0.0308701	0.00612777	0.0382425
0.0257996	0.0133719	0.0374487
0.0326759	0.0138589	0.0382971
0.0339663	0.0132681	0.0386858
0.0371808	0.0145179	0.0389013
0.0358872	0.00723277	0.0388452
0.0453409	0.0102974	0.0402548
0.0399116	0.00634586	0.0394266
0.0299537	0.000878868	0.0382406
0.0418155	0.00639195	0.0397381
0.0339922	0.00852099	0.0385742
0.0269214	0.00587334	0.0373941
0.0217658	0.00644052	0.0369449
0.0163465	0.0161782	0.0361611
0.0321703	0.0115441	0.0384286
0.0240537	0.0113096	0.0372125
0.0379898	0.014088	0.0390862
0.0151568	0.0149273	0.0358258
0.0350585	0.0167777	0.0387266
0.0342739	0.00540009	0.0386368
0.0322834	0.00422972	0.0384606
0.028242	0.00704602	0.037787
0.0246486	0.0125966	0.0372471
0.0281865	0.01204	0.0377943
0.0369165	0.00190115	0.0388257
0.0498087	0.0133315	0.0407274
0.0175523	0.00244222	0.0361267
0.0385412	0.0121141	0.0391842
0.0230365	0.00779009	0.0369892
0.0400458	0.00659937	0.0394874
0.0306519	0.0146711	0.0379003
0.0251269	0.0105605	0.0373125
0.0206569	0.00593359	0.0366794
0.0284301	0.000507901	0.0376506
0.0293637	0.0102494	0.0379603
0.0392481	0.00611499	0.0392051
0.0445753	0.00919567	0.0401607
0.0435421	0.00923975	0.0399461
0.0360108	0.0103436	0.0388574
0.0362223	0.00189049	0.0390176
0.026769	0.00466718	0.0376579
0.015684	0.0153745	0.0359398
0.0411607	0.00402122	0.039485
0.0245279	0.00275716	0.0373167
0.0259262	0.00516371	0.0374964
0.041427	0.017095	0.039732
0.0144756	0.0126392	0.0356452
0.0248517	0.00902065	0.0371385
0.0422601	0.0147705	0.0397778
0.046278	0.0152834	0.0404533
0.0319525	0.00783306	0.0383456
0.0247948	0.00361209	0.0371402
0.0142196	0.0131041	0.0357082
0.0230691	0.00406736	0.0370536
0.0356753	0.0105455	0.0388323
0.017883	0.010449	0.0361821
0.0469012	0.0144755	0.0404267
0.0184355	0.00474248	0.0363229
0.0196193	0.00903439	0.0365075
0.0336793	0.00365203	0.0385766
0.0359444	0.00689221	0.0386847
0.0482708	0.015907	0.0406657
0.0368541	0.00978462	0.0390107
0.0434264	0.0151704	0.0398739
0.0215587	0.0114339	0.036608
0.0188284	0.00247115	0.0364922
0.0302949	0.0137939	0.0381082
0.0394211	0.0162491	0.039148
0.0434981	0.00918289	0.0400025
0.025029	0.0101979	0.0374116
0.0316634	0.0194159	0.0378976
0.038637	0.00824276	0.0392905
0.0310304	0.00978805	0.0380224
0.0290799	0.0082728	0.0379327
0.019809	0.0121134	0.0365898
0.0157755	0.0146255	0.0358472
0.0367788	0.00902313	0.0387914
0.0322388	0.0133684	0.0383599
0.0397505	0.0162717	0.0394216
0.0443715	0.00990158	0.0400271
0.0525423	0.0124799	0.0411909
0.0350048	0.00856326	0.038627
0.0373714	0.00892866	0.0390982
0.0307389	0.00843082	0.0379714
0.0174745	0.0164161	0.0361685
0.0063545	0.0076471	0.034715
0.0279816	0.0102091	0.0376737
0.0456657	0.0138286	0.0401898
0.00240509	0.0137026	0.0337447
0.0227999	0.0153742	0.037013
0.0381789	0.012386	0.0391041
0.0221767	0.0142007	0.0367047
0.0390152	0.0105181	0.039167
0.0394671	0.000789343	0.0394681
0.0264564	0.014836	0.037475
0.0353531	0.00879043	0.0387982
0.0398435	0.0104021	0.0394803
0.0246062	0.0109469	0.037235
0.0291096	0.0123093	0.0379934
0.0331267	0.0150751	0.038282
0.0247629	0.00986117	0.0371922
0.0242545	0.0140138	0.0371685
0.0213913	0.00977624	0.0368129
0.0357989	0.0142345	0.0387623
0.017044	0.00728873	0.0361148
0.022495	0.0134846	0.0369085
0.0335419	0.0148484	0.0383544
0.0510204	0.0133705	0.0410251
0.0343553	0.00443073	0.0384706
0.0331365	0.0141194	0.0384621
0.0329085	0.00678908	0.038489
0.0247963	0.00738384	0.0372534
0.0269822	0.0124717	0.0375628
0.0290198	0.0113841	0.0378434
0.0170169	0.0116718	0.0361263
0.0369532	0.0110106	0.0389663
0.033393	0.00672523	0.0385658
0.0383872	0.0119375	0.0391402
0.051608	0.0157231	0.0411766
0.0382238	0.0158046	0.0391209
0.0493726	0.0123472	0.0408798
0.0350832	0.0133171	0.0387527
0.0151484	0.00842909	0.0358339
0.0321172	0.0157654	0.0383211
0.0254678	0.00737299	0.0372326
0.0230697	0.0088489	0.036907
0.0186314	0.0141768	0.0365008
0.0307905	0.0126167	0.0380169
0.0455533	0.00211922	0.0403032
0.0488321	0.00655008	0.0407429
0.0264628	0.0109767	0.0373662
0.0254447	0.00692555	0.037286
0.0198489	0.00036059	0.0365671
0.0233568	0.0131263	0.0371889
0.0233973	0.00924727	0.0369571
0.0311294	0.00905504	0.0381614
0.0335252	0.0123827	0.0385249
0.0440514	0.0133313	0.0399622
0.0419142	0.0151568	0.0395999
0.00323766	0.0138204	0.0341623
0.0391352	0.0109073	0.0393071
0.00147756	0.0149605	0.0341339
0.0377657	0.0159199	0.0392404
0.00868681	0.0138817	0.0348858
0.049044	0.0163533	0.0405597
0.0227743	0.0120545	0.0370908
0.032394	0.00835815	0.0382012
0.041294	0.0148247	0.0396518
0.034494	0.00606491	0.0386972
0.0421941	0.00940316	0.0396271
0.0300859	0.0111691	0.0379609
0.0231462	0.0111067	0.0370349
0.036463	0.00296244	0.0389855
0.0134088	0.00405936	0.0357462
0.0174461	0.00696371	0.0360619
0.0200995	0.00267654	0.0365826
0.0174423	0.0104366	0.0362365
0.0077948	0.0100829	0.0345964
0.0400584	0.00903978	0.0395313
0.0226038	0.0048425	0.0368366
0.0308403	0.00471454	0.0381891
0.0393111	0.000577992	0.0393911
0.0330663	0.0112749	0.0384626
0.0259674	0.0147788	0.0373697
0.0225237	0.00188242	0.0367585
0.0325839	0.0103187	0.0383538
0.0246657	0.0135459	0.0372442
0.0188472	0.00969538	0.0363771
0.0301018	0.0099964	0.0380462
0.0156168	0.0171872	0.0360949
0.0313786	0.0130711	0.0381483
0.0299682	0.0158972	0.0380153
0.0410504	0.00696235	0.0394607
0.0340155	0.00610803	0.0386124
0.0453736	0.0090839	0.0402287
0.0465916	0.00757063	0.0404776
0.0242929	0.00690223	0.0371948
0.0319348	0.00721382	0.0381581
0.0366842	0.0140321	0.0389938
0.0260047	0.00965204	0.037442
0.0284495	0.0120958	0.0376556
0.0278612	0.00143672	0.0378305
0.0425405	0.00714691	0.0399147
0.027641	0.00855247	0.0377141
0.0284387	0.0116885	0.0377883
0.0296116	0.00408647	0.0379966
0.0367603	0.0162833	0.0388275
0.0215706	0.0100426	0.0367289
0.0218791	0.00224356	0.0369775
0.0273295	0.00324313	0.0377068
0.0310626	0.0124778	0.0381965
0.0267868	0.00496097	0.0374227
0.00948174	0.0115668	0.0349969
0.032606	0.0127837	0.0383914
0.0309009	0.00733706	0.0379882
0.0357347	0.0057059	0.0386797
0.0248066	0.0123521	0.0371345
0.0162989	0.00707067	0.036121
0.00894598	0.0145693	0.0350884
0.031919	0.0107757	0.0382138
0.0268118	0.00657832	0.0376007
0.0408478	0.00925659	0.0395959
0.030561	0.0111689	0.0379513
0.0305996	0.0157928	0.0381093
0.0298641	0.0168731	0.0380386
0.0396407	0.010312	0.0394248
0.0101546	0.0104347	0.0351589
0.0433266	0.00684146	0.0400177
0.0400894	0.0132434	0.0394659
0.0390559	0.0114158	0.0392553
0.00763041	0.00983536	0.0344451
0.0272187	0.00750279	0.037669
0.020699	0.00632723	0.036686
0.042661	0.00860789	0.0398872
0.0144427	0.006525	0.0353904
0.0298883	0.0127303	0.037946
0.0124015	0.00344748	0.0355386
0.0249148	0.0117708	0.0373404
0.0290079	0.0138939	0.037643
0.024479	0.00510061	0.0371321
0.0123915	0.0170567	0.0353547
0.0143002	0.00656826	0.0357158
0.0440148	0.0125741	0.040088
0.0242636	0.0108364	0.0371859
0.0168034	0.00792051	0.0357659
0.0309873	0.00286346	0.0381662
0.0212679	0.0128259	0.0365607
0.0232075	0.0073782	0.0370227
0.0219367	0.00985405	0.0369043
0.00731833	0.00843621	0.0342693
0.0251691	0.0100136	0.0373592
0.0342124	0.0131425	0.0385559
0.0390775	0.00847511	0.0392864
0.0257015	0.0118775	0.0373967
0.0322094	0.0126046	0.0381978
0.0377854	0.0119419	0.0389802
0.0158244	0.00794496	0.0357442
0.0213692	0.0112697	0.0367423
0.0380184	0.00854537	0.0391892
0.0305862	0.0132762	0.038078
0.0232533	0.00725428	0.0370006
0.0271926	0.0116126	0.0375976
0.0445066	0.010586	0.0401578
0.0423417	0.0121058	0.0397678
0.0216882	0.00994727	0.0367949
0.0360609	0.0125387	0.0388261
0.0214819	0.00728491	0.0368707
0.0401247	0.00453778	0.0395003
0.028861	0.00867087	0.0378579
0.0260354	0.0125005	0.0374384
0.0235204	0.00919485	0.0371488
0.0233945	0.00843368	0.0371779
0.0225495	0.00300537	0.036913
0.0279528	0.00554953	0.0375257
0.041991	0.0100247	0.0397422
0.0283666	0.0112593	0.0376927
0.0318534	0.00402733	0.0381381
0.0278552	0.00880491	0.0376175
0.016234	0.0105521	0.0361244
0.0387072	0.000599876	0.0391327
0.0246086	0.0139042	0.0369672
0.038781	0.0119519	0.0393188
0.0303359	0.00332753	0.038138
0.012686	0.014107	0.0352418
0.0315126	0.00794896	0.0380688
0.022898	0.0123452	0.0368214
0.0318664	0.011998	0.038302
0.0340114	0.0105621	0.0385936
0.0252664	0.00383008	0.0372546
0.0307983	0.00949195	0.0380587
0.0317535	0.0145592	0.0381121
0.0219142	0.0130526	0.0368316
0.0244311	0.00749424	0.0372153
0.0135523	0.00780837	0.0355755
0.0276364	0.00452097	0.0376001
0.0270793	0.0104669	0.0375205
0.0220396	0.0113751	0.0368716
0.0139047	0.00520898	0.0355551
0.0350068	0.014201	0.038745
0.0209723	0.00701055	0.0366916
0.0393966	0.0147085	0.039392
0.0301063	0.0161407	0.0380374
0.0286155	0.0150292	0.0378319
0.0273097	0.00899269	0.0376274
0.0295028	0.00306931	0.0377611
0.0347924	0.0161973	0.0385785
0.0336557	0.0114468	0.0384946
0.0366558	0.0130075	0.0389672
0.0165038	0.000884325	0.0361526
0.0276116	0.00125802	0.0377426
0.0325618	0.0107855	0.0384846
0.0377662	0.00626837	0.0390808
0.0151218	0.0106487	0.0359077
0.0289609	0.0151261	0.0378824
0.0304448	0.00026315	0.0380164
0.0321982	0.01451	0.0382409
0.041706	0.0141612	0.0396112
0.0350128	0.00488002	0.0386076
0.0348009	0.0160617	0.038805
0.0187424	0.0155129	0.0361451
0.0315927	0.0157231	0.0382286
0.0264122	0.00581989	0.0373158
0.0395857	0.0156491	0.0392889
0.0369289	0.00582538	0.0390293
0.0254993	0.00675749	0.0374343
0.0186136	0.0106008	0.0361175
0.0284545	0.0117496	0.0378213
0.0170497	0.00958209	0.0362194
0.0334614	0.00339404	0.0386113
0.0145318	0.0150719	0.0359198
0.0338054	0.015813	0.0385871
0.0355252	0.0173995	0.03857
0.0345561	0.0168656	0.0386497
0.0430383	0.00933007	0.0397508
0.0319586	0.00354207	0.0382448
0.0424391	0.0130867	0.0397741
0.034799	0.0160827	0.0386945
0.0138609	0.0153113	0.0352862
0.0283446	0.00458661	0.0378438
0.030539	0.0102993	0.0379228
0.0131542	0.00763192	0.0356858
0.0303597	0.0123348	0.0379309
0.0457392	0.00126625	0.04036
0.0328725	0.0109185	0.0384192
0.0290774	0.0106239	0.0379198
0.0280007	0.0113184	0.0376862
0.0139288	0.00617387	0.0357101
0.0203732	0.00843521	0.0366766
0.0481546	0.00595344	0.0405785
0.0185756	0.0141934	0.0363066
0.0416319	0.0151499	0.0397782
0.0364172	0.0143171	0.0389564
0.0372729	0.0149764	0.0389399
0.0436678	0.011979	0.0400033
0.030217	0.00680648	0.0378833
0.0249022	0.00348371	0.0373916
0.0326078	0.0121859	0.0383017
0.030524	0.0127024	0.0380301
0.0485436	0.00966223	0.0407524
0.0295142	0.0126793	0.0377859
0.0331933	0.0157749	0.0384718
0.0416415	0.00926636	0.0397106
0.0263607	0.015918	0.0375171
0.0290959	0.0144969	0.0379386
0.0255686	0.0127417	0.0371691
0.0295746	0.00376137	0.0379617
0.0238827	0.000480759	0.037064
0.0317323	0.00638812	0.038323
0.0503336	0.0172796	0.041058
0.0307887	0.011074	0.0381519
0.0165191	0.00489004	0.0357129
0.0325796	0.0129334	0.038305
0.0396203	0.015965	0.03942
0.0367851	0.00974375	0.0389443
0.0473234	0.0161599	0.0404982
0.0220447	0.0100241	0.0368894
0.0271643	0.0129246	0.0376411
0.0264693	0.0132842	0.0375297
0.0375405	0.00097632	0.0389215
0.0211672	0.000412636	0.0367947
0.0360473	0.00234512	0.0387436
0.03361	0.0127128	0.0384915
0.0357973	0.0152032	0.0388821
0.0164669	0.013717	0.0358468
0.0213111	0.012238	0.0367593
0.0282562	0.00958735	0.0377239
0.035996	0.011643	0.0388962
0.0364041	0.0118302	0.038781
0.0286004	0.0142179	0.0377974
0.0143892	0.00857182	0.0356135
0.0237825	0.0151058	0.037213
0.0190353	0.0147279	0.036443
0.0479578	0.00446497	0.0405887
0.0219828	0.0135419	0.0368852
0.0247841	0.00373319	0.0373503
0.023259	0.00920753	0.0370286
0.0292891	0.0128706	0.0377092
0.0402628	0.0124235	0.0394296
0.039457	0.00717816	0.039168
0.0200709	0.00577351	0.0366128
0.0392186	0.0157833	0.0393482
0.0285782	0.0161721	0.0378724
0.0218152	0.0110471	0.0368193
0.0520735	0.0046332	0.041285
0.0366711	0.00981734	0.0389849
0.00661077	0.00571911	0.0346107
0.0148023	0.00379621	0.0354368
0.0417784	0.00362602	0.039796
0.0406596	0.0110943	0.0396378
0.039034	0.0105476	0.0392071
0.0266512	0.0116199	0.0375166
0.0370243	0.00489374	0.0391072
0.0373202	0.0131137	0.039078
0.0327471	0.0139651	0.0383337
0.0318696	0.010681	0.0381599
0.0398421	0.0155942	0.0394338
0.0308467	0.0133384	0.0379366
0.0386062	0.0107215	0.0393054
0.0397465	0.0104375	0.03941
0.030015	0.0122864	0.0378311
0.0168742	0.0101062	0.036172
0.0177915	0.0137743	0.0359404
0.033811	0.00010164	0.0388001
0.025714	0.011819	0.0372795
0.0376805	0.010589	0.0391372
0.0318696	0.00831606	0.0382008
0.0325496	0.00708347	0.0382224
0.00884732	0.00610832	0.0348438
0.0159727	0.00911831	0.0359547
0.0288418	0.0116752	0.0377536
0.0311737	0.0136735	0.0381788
0.0281151	0.0125154	0.0375713
0.0242769	0.0165603	0.0370468
0.0204401	0.00604429	0.0366571
0.0245936	0.000141663	0.0373371
0.0172763	0.0130208	0.0362584
0.0230566	0.0127667	0.0370854
0.0303222	0.0138021	0.0378905
0.0409196	0.014611	0.0394972
0.0404236	0.013362	0.039373
0.0475688	0.0142489	0.0405565
0.0183968	0.0164803	0.0360407
0.0219649	0.0154022	0.0367713
0.0240159	0.00677281	0.037139
0.0315357	0.00632958	0.0382126
0.0312128	0.00164345	0.0381996
0.0360303	0.01546	0.0388649
0.0176154	0.0158999	0.0358502
0.0250205	0.0126365	0.0371566
0.0414561	0.0115946	0.0395695
0.0091844	0.00978892	0.035073
0.0332578	0.0117772	0.0385087
0.0414151	0.0137535	0.0394271
0.0257119	0.0107991	0.0373986
0.0290863	0.008185	0.0377979
0.0402504	0.0120205	0.0395095
0.0253458	0.0160018	0.0374574
0.0373171	0.00958835	0.0390862
0.0279734	0.0107249	0.0377544
0.0322285	0.0109648	0.0382961
0.0224414	0.0114711	0.0368251
0.0450091	0.0126775	0.0403095
0.0346687	0.00386886	0.0387305
0.0309692	0.0104847	0.0381817
0.0271383	0.012066	0.0376
0.0344394	0.0144409	0.0385776
0.0313205	0.0091585	0.0380355
0.0343821	0.00505625	0.0386556
0.031501	0.00971178	0.0382458
0.0234707	0.00858172	0.0370019
0.0461387	0.0126789	0.0401756
0.03253	0.0101647	0.038205
0.0383311	0.00658959	0.0392268
0.0301031	0.00552187	0.0381329
0.00673723	0.0148905	0.0343623
0.00949203	0.00834804	0.0349543
0.0390641	0.00330605	0.0391231
0.0305129	0.0127414	0.037916
0.0314188	0.0139306	0.0380424
0.00914048	0.0106179	0.0349843
0.0203341	0.0133493	0.0363403
0.0319504	0.0117953	0.0382413
0.0442936	0.00702163	0.0398644
0.0303809	0.0144759	0.0379081
0.0293672	0.00922524	0.037797
0.0249733	0.0148456	0.0371071
0.0266256	0.0101685	0.0374456
0.0296865	0.0153057	0.0378017
0.0251545	0.0127264	0.0372934
0.029431	0.0130185	0.0379568
0.0227256	0.00969859	0.0367096
0.0171162	0.00566278	0.0360788
0.0268631	0.00818591	0.0374228
0.0430305	0.00531232	0.0399067
0.0416985	0.0117662	0.0396908
0.0389275	0.0107953	0.039392
0.0262779	0.00398942	0.0374564
0.0186667	0.011619	0.0361911
0.0370666	0.0118917	0.0389826
0.0225066	0.0115229	0.0366773
0.0130505	0.0109366	0.0356104
0.0275849	0.0137028	0.0376488
0.0282125	0.0074419	0.0377581
0.0279158	0.0129816	0.0377471
0.0277038	0.00103978	0.0378039
0.0369943	0.0124695	0.0390984
0.0135655	0.0122522	0.0355491
0.0346204	0.00990384	0.0386692
0.0300833	0.01321	0.0379626
0.0188123	0.00781607	0.0363035
0.00589813	0.00562564	0.0344069
0.0299902	0.000641775	0.0380887
0.0357086	0.0134738	0.0386361
0.0287605	0.00508877	0.0378098
0.028404	0.0153575	0.0376074
0.0346431	0.00933771	0.0387129
0.0309478	0.014107	0.0381713
0.0158304	0.00405508	0.035999
0.0218223	0.0100693	0.0368308
0.014153	0.0074989	0.0358264
0.0432753	0.0150224	0.0398566
0.0355523	0.0103957	0.0387749
0.04056	0.00594567	0.0396563
0.0215154	0.00728615	0.0368201
0.0269388	0.00925799	0.0375817
0.0422954	0.0105873	0.0397814
0.0335674	0.0134969	0.0384589
0.0247417	0.0107051	0.0370326
0.0342581	0.00508892	0.0387251
0.0242901	0.00855929	0.036955
0.0392593	0.00323701	0.0393807
0.0189643	0.000276622	0.0365506
0.0286431	0.00874702	0.0376413
0.0363513	0.0106421	0.0389344
0.0155137	0.00746784	0.035878
0.0272899	0.00642516	0.0376888
0.0238586	0.00440468	0.0368731
0.0402342	0.00749292	0.0395658
0.0305642	0.0127855	0.0380949
0.0335998	0.0145498	0.0385351
0.0386695	0.0076596	0.0393195
0.0272682	0.00163787	0.0374987
0.0334629	0.00735068	0.0385555
0.00581508	0.0115912	0.0345029
0.0314705	0.0109089	0.0381561
0.0307614	0.0118066	0.0379537
0.0320517	0.00812416	0.0382387
0.0383906	0.0150407	0.0392013
0.03919	0.0108631	0.0393602
0.0287296	0.0133187	0.0376483
0.013317	0.000575853	0.0357876
0.0296501	0.0150172	0.0379479
0.024508	0.00931259	0.0372587
0.0273831	0.0129992	0.0374564
0.0169552	0.00616078	0.0361336
0.0285199	0.0099138	0.0379089
0.0244975	0.00946968	0.0370446
0.033414	0.00711079	0.0386047
0.0313271	0.0167248	0.037992
0.0312677	0.00863024	0.038195
0.0209584	0.0149755	0.0365181
0.0285768	0.0112261	0.0376562
0.0409366	0.00584014	0.0396471
0.0292176	0.0109695	0.037914
0.02792	0.00374847	0.0376415
0.0304246	0.0125259	0.0379379
0.0353879	0.0123166	0.0385925
0.0256205	0.0116915	0.0373897
0.0336179	0.0137344	0.0385353
0.0361608	0.0132581	0.0388116
0.0168102	0.0114821	0.035943
0.0426449	0.00716753	0.0398101
0.0455292	0.00507766	0.0402958
0.0257435	0.0100187	0.0374103
0.0160453	0.00776687	0.0359486
0.0351922	0.0136729	0.038732
0.0269868	0.0148769	0.0375631
0.0308487	0.0124522	0.0381251
0.0296072	0.00603202	0.037937
0.0116746	0.00189938	0.0353877
0.0385895	0.00855201	0.0392809
0.0416209	0.0199482	0.0394785
0.00853656	0.0184223	0.034402
0.0280433	0.00870203	0.0377354
0.0311633	0.0129372	0.0381793
0.0234146	0.0154963	0.0369791
0.0335895	0.00619884	0.0384956
0.0278216	0.00723617	0.0377583
0.0131636	0.0160479	0.0357417
0.0312534	0.00896528	0.0381929
0.037659	0.0189321	0.0390821
0.0449188	0.00795265	0.0402521
0.0386721	0.0129981	0.0392792
0.0394992	0.00522057	0.0395182
0.00877403	0.0141705	0.0349628
0.0291234	0.00180935	0.0378992
0.0197321	0.00554377	0.0365604
0.0273949	0.00995672	0.0376454
0.0437888	0.0164163	0.040021
0.0257565	0.0165988	0.0373167
0.0508683	0.0146397	0.0409021
0.0262291	0.00867714	0.0374132
0.0299912	0.0146244	0.038119
0.0251544	0.0032698	0.0374159
0.0343055	0.0165144	0.0386906
0.0220438	0.0123476	0.0368181
0.0242067	0.00443396	0.037062
0.0281854	0.0108201	0.0377179
0.041142	0.0132672	0.0396182
0.0220876	0.0163632	0.0368757
0.030604	0.00381884	0.0381412
0.0150413	0.00945024	0.035988
0.0339948	0.0122295	0.0384012
0.0302905	0.0165617	0.0377835
0.0457958	0.0140118	0.0403631
0.0354107	0.01673	0.0385928
0.026522	0.0118564	0.0374339
0.0357461	0.00397988	0.0388766
0.0324114	0.0143172	0.0384085
0.0235269	0.00634065	0.0370962
0.040989	0.000327283	0.0397724
0.0380748	0.0145708	0.0391643
0.0243259	0.0159215	0.0371693
0.0157103	0.00550584	0.0359743
0.0265012	0.0151311	0.0373633
0.0322865	0.0118618	0.0384001
0.0358409	0.00585352	0.038829
0.000571217	0.015114	0.0337632
0.048267	0.0121802	0.0406416
0.00472773	0.0115658	0.0343222
0.0192301	0.0125633	0.0365333
0.0357797	0.015229	0.0387842
0.0361631	0.0118161	0.038998
0.0393048	0.00862889	0.0394223
0.0208207	0.0143232	0.0365964
0.0326124	0.0161725	0.0383592
0.0134443	0.012841	0.0356407
0.0327241	0.015644	0.0383967
0.0394872	0.0155641	0.0394005
0.0431886	0.0153405	0.0399428
0.0232126	5.21195e-05	0.0371024
0.0220129	0.00795396	0.036844
0.0347031	0.00906601	0.0387019
0.0327007	0.0108813	0.0384139
0.0189261	0.00539532	0.0364479
0.0119293	0.0141711	0.0353467
0.0130274	0.0100515	0.0354321
0.036597	0.00200805	0.0388741
0.0255747	0.00210272	0.0374918
0.0355787	0.0121702	0.0389151
0.0285184	0.0126236	0.037793
0.0339504	0.0157218	0.0386695
0.0234938	0.0166332	0.0370335
0.0489498	0.0151683	0.0406691
0.0343639	0.012987	0.0385784
0.0221022	0.0114846	0.0368783
0.00554892	0.00909427	0.0339906
0.0319974	0.0164309	0.038365
0.0281292	0.00708391	0.0377401
0.0422856	0.00945092	0.0396626
0.0369895	0.0059819	0.0391183
0.0295469	0.00599783	0.0380033
0.0237807	0.00616041	0.0371944
0.025541	0.0138934	0.0373227
0.00291674	0.00683183	0.0341086
0.0430447	0.00581497	0.0399117
0.0168917	0.0112454	0.0360842
0.0336732	0.00852602	0.0385235
0.0432835	0.0139117	0.039974
0.00447646	0.00462886	0.0345078
0.0317466	0.0117227	0.0383145
0.0329333	0.017661	0.0384108
0.0282506	0.010669	0.0377892
0.00848523	0.0159754	0.0344729
0.00867016	0.0116248	0.0347269
0.0325242	0.00890492	0.0383637
0.0364405	0.00710495	0.038986
0.018337	0.00239342	0.0363465
0.0184382	0.00140598	0.03647
0.0308049	0.0129991	0.038068
0.0138929	0.00934526	0.0358243
0.0196332	0.00162989	0.0366403
