0.0341064	0.00704038	0.0372229
0.0437967	0.00645576	0.0361923
0.0340724	0.00334816	0.037095
0.0406324	0.0166824	0.0363979
0.0286028	0.0128128	0.0376723
0.0326764	0.0141201	0.0372877
0.0380375	0.0147127	0.0368148
0.0468672	0.0132594	0.0358011
0.0323981	0.00508088	0.0373433
0.0310128	0.000766275	0.0374705
0.025823	0.00941823	0.0379235
0.039055	0.0155658	0.0366849
0.0341765	0.00825636	0.0370961
0.0166775	0.0150273	0.0391793
0.0301577	0.0157348	0.0375107
0.0323037	0.0036114	0.0373455
0.00932128	0.00603837	0.0394547
0.0201263	0.0119195	0.0385527
0.0175886	0.0158778	0.0386897
0.0267332	0.0140219	0.0379837
0.0325246	0.00746576	0.037293
0.00988262	0.0168298	0.0399526
0.0235807	0.00887541	0.0383023
0.0137198	0.0014997	0.0392077
0.0297827	0.016469	0.0376747
0.0145101	0.011175	0.0391286
0.0268642	0.0150738	0.0378363
0.0516565	0.00779958	0.035435
0.0328879	0.00406597	0.0373001
0.0398463	0.00925035	0.0365186
0.0252953	0.00406717	0.0379739
0.0531875	0.00767663	0.0352778
0.0280708	0.0092455	0.0376949
0.0439879	0.014641	0.0362554
0.0163971	0.00655429	0.0390084
0.036655	0.0128279	0.0369409
0.0317633	0.00493589	0.0373087
0.0174076	0.0112082	0.038847
0.0415614	0.0136415	0.0365855
0.0250824	0.0152714	0.0380608
0.039855	0.0122224	0.0365961
0.00836561	0.0114532	0.0398597
0.0308531	0.0132915	0.0376315
0.0416993	0.00331985	0.036225
0.0225448	0.0158503	0.0384363
0.0217445	0.0166757	0.038348
0.0125369	0.0166668	0.0394555
0.0238708	0.0155426	0.0382055
0.0296901	0.0111191	0.0375565
0.0232589	0.0114959	0.0381262
0.0408608	0.0140051	0.0364511
0.041753	0.00539987	0.0363161
0.0416438	0.00560826	0.0364165
0.0141252	0.0117478	0.0391092
0.0066502	0.0133335	0.0396644
0.0221503	0.00988329	0.0382558
0.0366089	0.0076522	0.0368144
0.0312187	0.00561515	0.0374594
0.049888	0.0127127	0.0355214
0.0160004	0.0104651	0.0389842
0.041306	0.00555796	0.0364276
0.0356465	0.0151167	0.0370118
0.0288683	0.00636204	0.0375834
0.0382675	0.0102201	0.0367663
0.00636026	0.00103434	0.0400909
0.0326953	0.00859707	0.0372533
0.0194794	0.0149513	0.0387388
0.0271771	0.0129527	0.0378142
0.0184483	0.00602349	0.0387655
0.0327911	0.0040437	0.0372985
0.0380873	0.012806	0.0368107
0.0397877	0.0109962	0.0364784
0.0345977	0.00241713	0.0371167
0.0303889	0.00959843	0.0375844
0.0296874	0.0105404	0.0376177
0.0338437	0.0080448	0.0371378
0.0336907	0.0129579	0.0371787
0.0287663	0.0130882	0.0376831
0.0292739	0.00861811	0.0376468
0.0225792	0.0135343	0.0384073
0.0226899	0.014808	0.0384029
0.0173895	0.0157761	0.0389533
0.017024	0.00271552	0.038872
0.0262595	0.0139383	0.0379738
0.0383847	0.010111	0.0366663
0.0307763	0.00947848	0.0374748
0.0262207	0.00128511	0.0378323
0.0447682	0.0147415	0.0363052
0.0355968	0.0105386	0.0369557
0.0402193	0.00929078	0.0365042
0.0150485	0.0158127	0.0390068
0.0391144	0.00741997	0.0366445
0.0218475	0.0108386	0.0383153
0.0387013	0.0115788	0.0366498
0.017794	0.010995	0.0389882
0.0245362	0.00745582	0.0381146
0.0427181	0.0126316	0.0362575
0.0244587	0.00596655	0.0382501
0.0304149	0.0160882	0.0375177
0.0426724	0.010355	0.0362858
0.0184632	0.00653017	0.0386763
0.0291422	0.00980892	0.0376609
0.028343	0.00680484	0.0376586
0.0303965	0.0109927	0.0375777
0.0436951	0.0126246	0.0363035
0.0294329	0.00564905	0.037852
0.0327522	0.00935036	0.0372761
0.0265626	0.000878791	0.0381493
0.0165764	0.00870004	0.0388718
0.042305	0.00591005	0.0363248
0.0197143	0.0128624	0.0384995
0.0164001	0.00292361	0.0389047
0.0213946	0.00317511	0.0382439
0.0267554	0.0155805	0.0379221
0.0358199	0.0119907	0.0370834
0.035903	0.00123342	0.0369382
0.0388574	0.0031835	0.0366632
0.0369606	0.016511	0.036901
0.0242208	0.0165039	0.0382351
0.0314565	0.0106161	0.037372
0.0396877	0.0113211	0.0367452
0.0349051	0.0112102	0.0371005
0.0195022	0.0136708	0.0384951
0.0322133	0.0145661	0.0373265
0.0210901	0.0141034	0.0384675
0.0391795	0.00699137	0.0366565
0.033318	0.0169214	0.0372076
0.0350675	0.00615615	0.0371418
0.0227115	0.0107248	0.0382667
0.0281527	0.000177488	0.037629
0.0178597	0.0156034	0.0386621
0.0327079	0.0161941	0.037331
0.0403727	0.0133498	0.0365485
0.0190733	0.00672235	0.0387279
0.0416439	0.0132216	0.0363545
0.0288976	0.0120468	0.0377327
0.0181378	0.0139898	0.0389807
0.0285747	0.0163471	0.0376461
0.0444103	0.0158747	0.0360318
0.0312576	0.0163807	0.0374184
0.0358422	0.0151049	0.0369361
0.0309174	0.0123875	0.0374428
0.0377048	0.00389462	0.0366946
0.0390619	0.0035531	0.0366091
0.000952366	0.0161408	0.0407087
0.0371513	0.00801253	0.0368983
0.0241915	0.0135473	0.0381571
0.00499359	0.00860067	0.0400519
0.0242119	0.0111905	0.0381691
0.0369187	0.0159889	0.0368832
0.0393846	0.011045	0.036591
0.00907788	0.0111248	0.0398487
0.0320156	0.0104865	0.0373571
0.0431724	0.00691893	0.0362248
0.0172863	0.00212692	0.0388881
0.0146815	0.0107989	0.0390821
0.0236075	0.00971184	0.0381508
0.020911	0.0092546	0.0384338
0.026389	0.00745272	0.0378418
0.0501547	0.00464271	0.0352997
0.0201459	0.0131485	0.0384171
0.0337686	0.0167492	0.0372081
0.0438505	0.00723678	0.0360981
0.0386701	0.00304931	0.0369341
0.022686	0.0121944	0.0383076
0.0250334	0.00404539	0.0379539
0.0329358	0.00208272	0.0371738
0.0319178	0.013602	0.0373697
0.0322638	0.00330857	0.0372581
0.0343829	0.0123836	0.0371728
0.0290756	0.00634187	0.0376432
0.0112467	0.00931989	0.0395711
0.0471822	0.0164954	0.0360984
0.025405	0.0134828	0.0380327
0.0314654	0.000174769	0.0373469
0.0218402	0.0147059	0.0386376
0.0408339	0.0048361	0.0364879
0.0305815	0.0134593	0.0374593
0.0453764	0.00316164	0.0362928
0.0116078	0.00357851	0.0394995
0.0275726	0.00835307	0.0377221
0.0355794	0.0108955	0.0369944
0.0430977	0.0102945	0.0362096
0.0445509	0.00926084	0.0361289
0.0465905	0.00527142	0.0359396
0.0336659	0.00710656	0.0370934
0.0164771	0.00574008	0.038763
0.031966	0.0162292	0.0374392
0.0246519	0.0134951	0.0382069
0.0246501	0.0145816	0.0381173
0.0234524	0.00591462	0.0382441
0.025116	0.00119849	0.0380439
0.0317707	0.0056184	0.0373693
0.0253096	0.0143116	0.0381401
0.0386599	0.0113402	0.0367754
0.0309841	0.0123166	0.0374826
0.030849	0.0147769	0.0375633
0.0471346	0.00181401	0.0357041
0.0402978	0.0137923	0.0366695
0.0207373	0.00780026	0.0385686
0.0357123	0.0123782	0.0370278
0.0263247	0.00938061	0.0380022
0.0175345	0.00279122	0.0388705
0.0201474	0.0149715	0.0384355
0.0186778	0.0108226	0.0387964
0.0190133	0.00665454	0.0386286
0.0472427	0.00504102	0.0358981
0.0310502	0.00715924	0.0374912
0.0427962	0.0173953	0.0361833
0.0468813	0.0103732	0.036016
0.0176989	0.0147811	0.0387568
0.0465713	0.012437	0.0358558
0.0483791	0.00921805	0.0357071
0.0253326	0.0153072	0.0379791
0.0160173	0.00453505	0.0390387
0.0437593	0.0103473	0.0361686
0.0225246	0.0138885	0.0382214
0.011488	0.0128276	0.0393614
0.0242287	0.00948703	0.0381198
0.0327548	0.00636757	0.0372722
0.0304717	0.00928884	0.0375279
0.0333461	0.00980217	0.0372227
0.0289219	0.00571423	0.0376962
0.0379033	0.0127535	0.0367629
0.0399102	0.00163621	0.0365454
0.0281303	0.0164849	0.0378177
0.0195783	0.0121996	0.038595
0.0295676	0.0174302	0.0379212
0.0416029	0.00962032	0.0364278
0.0323667	0.0101067	0.0372821
0.0346632	0.0173522	0.0370548
0.0241516	0.0105295	0.0382154
0.0379639	0.0141849	0.0367557
0.0273088	0.0133624	0.037756
0.00399958	0.0169769	0.0402062
0.0286883	0.0139926	0.0377052
0.0250464	0.00603348	0.0379887
0.0395419	0.00574966	0.0365346
0.0384882	0.0124156	0.0367668
0.0246482	0.00412929	0.0380061
0.0361475	0.0150351	0.036893
0.0301316	0.00600748	0.037535
0.0466742	0.0145693	0.0361346
0.0241395	0.0156027	0.0382521
0.019321	0.0106731	0.0386479
0.0349912	0.00505752	0.0370905
0.0323889	0.015563	0.0372678
0.0380683	0.00850865	0.0367298
0.0378467	0.00392047	0.0367946
0.0263666	0.00461127	0.0379372
0.0254138	0.0163865	0.03813
0.0407617	0.00692165	0.0365
0.0530242	0.0117477	0.0352753
0.0457351	0.0106299	0.0359172
0.0283291	0.016605	0.0377507
0.0403955	0.0169283	0.0365344
0.0182563	0.00907136	0.0387348
0.0457482	0.013111	0.0359422
0.0341019	0.000904238	0.0370364
0.0316717	0.00938048	0.0373452
0.0195011	0.0115889	0.0387558
0.0338965	0.0106945	0.0372313
0.0394887	0.0160749	0.0366084
0.0187911	0.0178814	0.0387201
0.0203289	0.0117708	0.0385525
0.0312106	0.0103679	0.0374991
0.0312806	0.0077529	0.0374276
0.00125107	0.0114513	0.0401485
0.025564	0.00700854	0.0379727
0.0340577	0.00936249	0.037105
0.0236442	0.0163942	0.0382938
0.0346946	0.0151646	0.037082
0.0426012	0.00940898	0.0364348
0.0351398	0.00838782	0.0370274
0.018456	0.0104923	0.0387188
0.046911	0.0132172	0.0358914
0.0191721	0.00893377	0.0386124
0.0291362	0.0143569	0.0376321
0.0287741	0.00983273	0.0378138
0.0504261	0.00910693	0.035551
0.0422301	0.00246943	0.0362366
0.0288519	0.005721	0.0376275
0.0245052	0.00746033	0.0381131
0.0272683	0.0106136	0.0378055
0.00512363	0.0129597	0.040236
0.0317101	0.00468505	0.0374258
0.0350816	0.00915761	0.0370052
0.0370894	0.00275988	0.0368487
0.0306426	0.0110685	0.0374977
0.0268849	0.00656959	0.03778
0.0339727	0.0138652	0.0371819
0.0145066	0.0146955	0.039375
0.0498524	0.0102928	0.035638
0.0286321	0.0173425	0.0377693
0.0285306	0.0167565	0.0378126
0.0456756	0.00609879	0.0362052
0.0159747	0.0101031	0.038974
0.0263275	0.0103005	0.0380069
0.0309787	0.00568431	0.0375051
0.0409639	0.00550769	0.0363051
0.00232905	0.00567426	0.0401758
0.046694	0.00349128	0.0357771
0.0326395	0.0146576	0.0372887
0.0274131	0.0111043	0.037899
0.00633119	0.014109	0.0397831
0.0115805	0.013532	0.0393472
0.0435556	0.0101241	0.0362482
0.0302635	0.00882117	0.0375472
0.0476045	0.015915	0.0357453
0.0241664	0.000846164	0.0378579
0.0311092	0.0130747	0.0374217
0.0133046	0.00849292	0.0390928
0.0298655	0.00816544	0.037557
0.0257702	0.00920595	0.0380593
0.0344785	0.00889927	0.0371939
0.0286059	0.0102289	0.0376707
0.038205	0.00930149	0.0367162
0.0324704	0.0067686	0.0372661
0.0443262	0.0139689	0.0360868
0.0239017	0.012783	0.038134
0.0324961	0.00663912	0.0373511
0.0324371	0.0149163	0.0372646
0.0265339	0.0154106	0.0378318
0.0257922	0.00465361	0.0378793
0.0253546	0.0112504	0.0380568
0.0473798	0.0058661	0.0358325
0.0481414	0.00857766	0.0357852
0.031633	0.0100348	0.0373497
0.0335547	0.00782524	0.0371275
0.0290415	0.0111169	0.0377059
0.0293541	0.00570108	0.0376251
0.0357511	0.0130582	0.0369787
0.0448818	0.0127755	0.0361427
0.036086	0.0145428	0.036942
0.019989	0.0121207	0.0385571
0.0294995	0.00673534	0.0375672
0.0252714	0.00813295	0.0380418
0.0376359	0.00791703	0.0368548
0.0359233	0.0112898	0.0369978
0.0335357	0.0129782	0.0371689
0.0203762	0.00978063	0.0386473
0.0408097	0.00775598	0.0364587
0.035145	0.00415201	0.0372576
0.0307963	0.0120077	0.0374909
0.0393459	0.0107519	0.036638
0.0316072	0.00604226	0.0373139
0.0394695	0.0144914	0.0365503
0.0315098	0.0130731	0.0374391
0.0240332	0.00511476	0.0382167
0.036659	0.00814382	0.0368788
0.0197161	0.00210758	0.0386461
0.0309196	0.0106636	0.0375365
0.0215325	0.00900205	0.038519
0.0342519	0.0139685	0.0371357
0.041161	0.0141251	0.0364791
0.0380798	0.0126576	0.0367589
0.0180197	0.0167785	0.0389196
0.0424786	0.0142337	0.0363669
0.0356363	0.0105213	0.0369703
0.0311959	0.0121452	0.0374088
0.0420681	0.0118405	0.0363889
0.0156119	0.0103502	0.0389948
0.0452314	0.0106532	0.036087
0.0281935	0.00754901	0.0376854
0.0288139	0.00814778	0.0376943
0.0419882	0.0107668	0.0364013
0.0356002	0.0141631	0.0370364
0.0420964	0.0135982	0.0365382
0.0327072	0.0156385	0.0372953
0.0417753	0.00423951	0.0363875
0.0353545	0.00850726	0.0370553
0.0330591	0.012183	0.0373496
0.0423986	0.00438604	0.0365548
0.0256138	0.0120127	0.0380594
0.0239692	0.000867141	0.03824
0.0196044	0.012911	0.0385841
0.0257208	0.0164156	0.0379642
0.0384378	0.00369149	0.0367127
0.024056	0.00594093	0.0380861
0.0333719	0.0130493	0.0372116
0.0169913	0.005757	0.0388502
0.0231975	0.00684793	0.0381481
0.0258166	0.00238433	0.0383213
0.0351393	0.00623468	0.0369683
0.0421643	0.0147415	0.0365013
0.0180684	0.0128498	0.0389488
0.0334991	0.0108061	0.0372812
0.0253283	0.0104971	0.0381105
0.0211361	0.00976409	0.0385378
0.0261252	0.00957218	0.0379939
0.0354253	0.0107345	0.0370563
0.0156837	0.0128061	0.0389621
0.0173931	0.00541991	0.0387018
0.0324837	0.00796796	0.0372898
0.0439016	0.0130083	0.0362137
0.0275626	0.01231	0.0377666
0.0252494	0.00622178	0.0380965
0.023196	0.0163806	0.0382526
0.0312136	0.0115354	0.0374854
0.0394486	0.00208033	0.0366164
0.0317656	0.0152554	0.037375
0.0237522	0.0073916	0.0384096
0.0234271	0.0117667	0.0381119
0.0359023	0.000511762	0.0370525
0.0206229	0.00844574	0.038616
0.0260265	0.0113774	0.0380766
0.0391774	0.00789416	0.0367595
0.0442577	0.0122108	0.036096
0.0266928	0.00648781	0.0378593
0.0338956	0.00590847	0.0371845
0.0108887	0.00933816	0.0394888
0.0334475	0.00440412	0.0371196
0.0319581	0.0068006	0.0373653
0.0243863	0.0092207	0.0382011
0.023504	0.0145965	0.038194
0.0271969	0.00801166	0.0377675
0.0188292	0.0129538	0.0387847
0.0439128	0.0155273	0.036032
0.0530941	0.0117794	0.0351869
0.0187215	0.011063	0.0387003
0.0193496	0.00986627	0.0385888
0.013823	0.0128549	0.0390147
0.0233664	0.0185801	0.0382002
0.0329612	0.00888513	0.0372478
0.0413988	0.0129751	0.0364568
0.0469196	0.000510436	0.0354762
0.0271785	0.015436	0.0378397
0.0382237	0.0138402	0.0366567
0.0145238	0.0170706	0.039139
0.0271916	0.00844176	0.0377698
0.0519181	0.00454164	0.0354957
0.0256102	0.013419	0.0379807
0.0388012	0.0149024	0.0368289
0.0280755	0.0113661	0.0377489
0.0384836	0.0164104	0.0367469
0.00434367	0.00974427	0.0398708
0.0365828	0.0152505	0.0368927
0.0140714	0.00889694	0.0391308
0.0331894	0.0129548	0.037369
0.0387849	0.0103639	0.0366546
0.0309045	0.00948177	0.0374362
0.0250067	0.00763582	0.0380738
0.0467959	0.00783202	0.0359444
0.0294066	0.00859856	0.037637
0.0168531	0.00621072	0.0391684
0.0346187	0.00976336	0.0371189
0.0251329	0.00394957	0.0379432
0.0418861	0.0133032	0.0363118
0.0369896	0.00848821	0.0367578
0.00797394	0.00120236	0.0398485
0.0299344	0.0124129	0.0376411
0.0281259	0.00977913	0.0376942
0.0337867	0.0128123	0.0371386
0.0124987	0.00848323	0.0393553
0.038436	0.00640844	0.0367273
0.0479296	0.00787103	0.0357169
0.0377106	0.0112486	0.0368204
0.0358743	0.0152612	0.0370082
0.0183314	0.0165578	0.0386253
0.0341058	0.00675703	0.0370791
0.033709	0.01246	0.0372209
0.0360589	0.0147191	0.0369585
0.0210989	0.01274	0.0386199
0.0326484	0.00524365	0.0373314
0.026788	0.00772437	0.0379469
0.0384266	0.0119822	0.0367286
0.0334411	0.000686553	0.0375527
0.0343374	0.0121494	0.0371158
0.020522	0.00820878	0.0384202
0.0325155	0.0088435	0.0372769
0.020885	0.0141734	0.0386082
0.0169853	0.00884205	0.0388351
0.0330263	0.0100019	0.0372708
0.0334589	0.0126315	0.0372486
0.0307487	0.00514297	0.0375143
0.0300281	0.0129394	0.0375487
0.039959	0.0166267	0.0365447
0.0319424	0.0113168	0.0373321
0.0195378	0.0165147	0.0386564
0.0322897	0.00446382	0.0373579
0.034233	0.0124577	0.0371145
0.0296508	0.00299517	0.0378963
0.0375445	0.00812283	0.0367706
0.00893496	0.00882922	0.0396774
0.0345794	0.0100569	0.0371439
0.0423519	0.0147937	0.0364241
0.0138378	0.00528475	0.0392665
0.0306235	0.0107804	0.0374627
0.0291262	0.00627437	0.0377052
0.0361128	0.0137589	0.0369728
0.0216563	0.0113807	0.0384568
0.0307073	0.00967692	0.037613
0.0210767	0.0120915	0.0384722
0.0301733	0.0143152	0.0375275
0.0375068	0.0127968	0.0368139
0.0489408	0.0110338	0.0357524
0.042182	0.0130653	0.0363018
0.0203863	0.00762292	0.0384819
0.0270365	0.0108155	0.0378472
0.0350635	0.00503428	0.0371401
0.0284381	0.0129717	0.0377284
0.0238572	0.00382151	0.0380968
0.0347356	0.0163782	0.0371136
0.0317696	0.00597496	0.0373295
0.0253124	0.0108669	0.0380612
0.0334806	0.00249487	0.0371104
0.0223587	0.0104913	0.0383616
0.00190563	0.00774396	0.0402398
0.027477	0.00470513	0.0377204
0.0185419	0.0124991	0.0387006
0.0429371	0.0141965	0.036349
0.0404977	0.0103544	0.0365145
0.0347608	0.0133994	0.0372199
0.0204741	0.00373658	0.0386132
0.025336	0.0105396	0.0380033
0.0325485	0.00512336	0.0372376
0.0331899	0.0140602	0.0372328
0.0148848	0.0125868	0.0389646
0.0263153	0.0104586	0.0379358
0.040065	0.00531293	0.0366355
0.0215852	0.0124717	0.0383925
0.0315666	0.00902354	0.0374287
0.0301709	0.0167343	0.0375446
0.0168486	0.0177129	0.0388172
0.0305203	0.00482136	0.0374626
0.0304467	0.0131955	0.0374949
0.0318865	0.00346016	0.037294
0.0339705	0.00151855	0.0371847
0.0276771	0.00371536	0.0378494
0.0253378	0.00201611	0.0380089
0.0266738	0.00821817	0.0378861
0.0266478	0.0138717	0.0378479
0.02607	0.00968162	0.0379823
0.0161866	0.00672162	0.038828
0.0301218	0.000852258	0.0375212
0.034149	0.0159818	0.037138
0.0441256	0.0110447	0.0361803
0.0381827	0.0146767	0.0367757
0.00254326	0.000328845	0.040019
0.0125541	0.0131155	0.0392477
0.0215065	0.00351764	0.0383178
0.0290672	0.0017803	0.0376031
0.0163034	0.00135558	0.0389879
0.0350659	0.00744693	0.0370533
0.0146567	0.0124046	0.0389338
0.0411067	0.00972084	0.0363044
0.0408505	0.00611882	0.0365041
0.00598574	0.0016436	0.039778
0.0221018	0.0158875	0.0383614
0.0202764	0.0156164	0.038649
0.0335739	0.0144905	0.0372337
0.0289821	0.00623197	0.0376753
0.0359147	0.00891637	0.0370885
0.0240322	0.0170886	0.0380833
0.0181797	0.0124234	0.0388898
0.0252236	0.00742235	0.0379793
0.0246174	0.00777359	0.0380831
0.0350927	0.0115489	0.0370156
0.0314843	0.0102152	0.0374254
0.0181734	0.0146658	0.0387471
0.0357902	0.00600605	0.0369514
0.0285334	0.00981715	0.0376866
0.037159	0.0110555	0.0368437
0.0287729	0.0152274	0.0376495
0.0155426	0.0129529	0.0389635
0.0449547	0.0159453	0.0359327
0.0410521	0.00752067	0.0364799
0.02539	0.00515225	0.0380767
0.0191368	0.00108025	0.0385223
0.00150415	0.0114729	0.0406594
0.0392573	0.00395527	0.0368659
0.0324135	0.00794016	0.0373293
0.0301647	0.0115149	0.0375241
0.0405864	0.00471338	0.0364996
0.0253877	0.0160854	0.038139
0.033923	0.00591809	0.0372037
0.0101562	0.010703	0.0393426
0.027649	0.0111337	0.0377643
0.0336472	0.0109359	0.0371617
0.0331833	0.0091728	0.0373575
0.0308596	0.0106793	0.0374494
0.025139	0.00808556	0.0380293
0.0430029	0.00795515	0.0361734
0.0238977	0.000168325	0.0381741
0.0309413	0.0048978	0.037495
0.0277363	0.0121382	0.0377661
0.00878656	0.00908614	0.0398726
0.0191101	0.0100782	0.0386673
0.0218244	0.0107569	0.0383007
0.0459995	0.00860587	0.0359749
0.0386956	0.0132331	0.0367487
0.0212257	0.00608978	0.0383877
0.0453757	0.0155236	0.0360619
0.0330875	0.00750685	0.0372898
0.0261272	0.0106533	0.0379454
0.0248527	0.0135972	0.0380578
0.0216087	0.0137006	0.0384044
0.0294632	0.00738998	0.0375684
0.020107	0.00508724	0.0384342
0.0354373	0.0139827	0.0369699
0.0347584	0.0144985	0.0370697
0.0313983	0.00935082	0.0375459
0.00971251	0.0107254	0.0395847
0.0404622	0.00885548	0.0364544
0.0290972	0.00823262	0.037614
0.0493838	0.00948917	0.0355578
0.0234218	0.00816547	0.0381759
0.0172075	0.0154364	0.0388942
0.011582	0.0138949	0.0396604
0.0313938	0.0143064	0.0374159
0.0276787	0.0117401	0.0377771
0.0296455	0.0104088	0.0376485
0.0244089	0.0141259	0.0381152
0.0298175	0.00440304	0.0374139
0.03235	0.00646926	0.0372711
0.0331323	0.00915216	0.0372616
0.0191569	0.00457432	0.038715
0.020413	0.0134782	0.0385095
0.0369204	0.00602966	0.0367226
0.0310031	0.00927415	0.0374716
0.0315295	0.0098252	0.0373801
0.0202171	0.0128195	0.038452
0.0240476	0.00988563	0.0382206
0.0367282	0.00478244	0.0369378
0.029342	0.0144855	0.0376544
0.0357191	0.00115139	0.0369369
0.0377001	0.00991929	0.0368345
0.0268928	0.00819341	0.0378292
0.0401498	0.00721331	0.0364745
0.0257867	0.0123427	0.0379673
0.0416862	0.0119762	0.0363499
0.0459411	0.0148995	0.0362054
0.0383123	0.0124926	0.0367846
0.0237018	0.00714522	0.0382991
0.0355136	0.00675448	0.037018
0.0341104	0.0106711	0.0371178
0.0297291	0.011104	0.0376589
0.0261935	0.00699336	0.0378553
0.0363925	0.016319	0.0368943
0.0295675	0.0135219	0.0376361
0.0199045	0.00705048	0.0384613
0.0241571	0.0163856	0.0382669
0.032591	0.0162738	0.037375
0.0196618	0.00820027	0.0384931
0.0417335	0.0156649	0.0364486
0.0295681	0.00199842	0.0376026
0.0392019	0.00757665	0.0366047
0.0383776	0.0111645	0.0367297
0.0310877	0.0140381	0.037446
0.0262707	0.00902992	0.0379556
0.00464353	0.0157538	0.040131
0.0329495	0.00840918	0.0373295
0.0415753	0.0148812	0.0364329
0.0361984	0.00766532	0.0368854
0.0190385	0.011119	0.0387896
0.0269509	0.00812584	0.0378784
0.0245044	0.00979955	0.038076
0.0532966	0.008852	0.0352689
0.00760179	0.0067971	0.0399782
0.0321015	0.0140033	0.0373145
0.0317396	0.0101314	0.0373556
0.0174217	0.0105843	0.0386929
0.0351695	0.0156519	0.0371183
0.0363925	0.000992226	0.0369185
0.0201745	0.0169898	0.0385042
0.0480015	0.00723754	0.0357954
0.0478413	0.00850979	0.0359485
0.0285744	0.0108624	0.037802
0.031425	0.0128283	0.0373872
0.0281842	0.00715497	0.0377368
0.0240718	0.0150213	0.0381068
0.0435317	0.00850282	0.036248
0.0344735	0.0114173	0.0371591
0.0298471	0.00412482	0.0377683
0.0397833	0.00685731	0.0367166
0.0377585	0.00252626	0.0366772
0.0365093	0.0126927	0.0370307
0.0338558	0.0114569	0.0371487
0.02479	0.00864989	0.0381755
0.0209336	0.0160363	0.0383919
0.0287364	0.00862534	0.0376672
0.023443	0.00553569	0.0382468
0.0348681	0.00655719	0.037079
0.0210682	0.00463297	0.0383389
0.0297715	0.0158795	0.0376711
0.0348881	0.0126571	0.037054
0.0343576	0.00706744	0.0371522
0.0388329	0.0100376	0.0366898
0.0420996	0.00792068	0.0362808
0.0201587	0.0126603	0.0386803
0.0382079	0.0140581	0.0367027
0.0385825	0.0132325	0.0367344
0.0363335	0.00955206	0.0369088
0.0218329	0.0140185	0.0382831
0.0345126	0.0153935	0.0371243
0.0174767	0.00767384	0.0386805
0.0396659	0.00521724	0.0364919
0.0280287	0.00776015	0.0377616
0.0503055	0.00962321	0.0354578
0.0346389	0.00964065	0.037125
0.0316522	0.010156	0.0374073
0.0148573	0.00804299	0.0390871
0.0232604	0.00693709	0.038247
0.0266499	0.0133724	0.0378837
0.029841	0.0149507	0.0375594
0.022321	0.0116644	0.0382514
0.0199864	0.0115794	0.0385678
0.0364622	0.00785077	0.036908
0.0524408	0.0169338	0.0352903
0.0298749	0.0113888	0.0375148
0.0320789	0.00234309	0.0375889
0.0159613	0.0168765	0.038986
0.0163645	0.00801475	0.0390525
0.0381176	0.0138858	0.0367137
0.0367094	0.0146565	0.0368952
0.0217286	0.0123768	0.038486
0.0337039	0.0139351	0.0373735
0.0413662	0.00465206	0.0364174
0.0295379	0.00934549	0.0377406
0.0167172	0.0170108	0.0388355
0.0163776	0.00478168	0.0387814
0.0223928	0.0117581	0.038419
0.000453535	0.0121778	0.0407336
0.0352764	0.0142114	0.0370209
0.0404348	0.00963447	0.0366706
0.044655	0.0156201	0.0360903
0.0227442	0.00413333	0.0382514
0.0429456	0.0134164	0.0363709
0.0435439	0.00335928	0.0362397
0.0293429	0.0132015	0.0376214
0.0245817	0.00942691	0.0380984
0.0404565	0.011254	0.0366785
0.0413982	0.0060083	0.0364403
0.0379182	0.01538	0.0369046
0.0274137	0.00815182	0.0377991
0.0335763	0.0153213	0.0371597
0.0351436	0.00858994	0.0370779
0.0440126	0.0168314	0.0360949
0.0242498	0.0136839	0.0381282
0.0401576	0.0102912	0.036509
0.0201287	0.00397955	0.0385188
0.0163301	0.0110173	0.0390406
0.0224312	0.00228531	0.0381819
0.0266216	0.011999	0.0378798
0.0377853	0.00764221	0.0367682
0.0365042	0.0138006	0.0368366
0.0146674	0.00950933	0.0390243
0.03125	0.0169386	0.0374289
0.0286921	0.0147215	0.0376614
0.0143118	0.0119521	0.0391265
0.0351547	0.0098738	0.0370523
0.0318963	0.010235	0.0373346
0.0383777	0.00162593	0.0366097
0.019198	0.00196677	0.0386341
0.0365191	0.0152758	0.0368546
0.0258682	0.0110422	0.0379972
0.0295471	0.0134865	0.0375851
0.0382365	0.0140543	0.0367472
0.0361087	0.0111117	0.0369842
0.0337531	0.0138245	0.0372055
0.0313494	0.0130195	0.0374555
0.0343897	0.0109263	0.0371644
0.0354983	0.0157077	0.0369926
0.0263841	0.0162333	0.0378592
0.0235718	0.00395952	0.0382056
0.0355864	0.00795866	0.0370259
0.033461	0.00859993	0.0371988
0.0297805	0.0147226	0.0376341
0.0337904	0.00781626	0.03716
0.0465817	0.0147115	0.0358471
0.0415125	0.00911116	0.036405
0.0135823	0.0158211	0.0390997
0.0300178	0.0161455	0.0376696
0.0326834	0.0011711	0.0373425
0.0254882	0.0110191	0.0379855
0.0284988	0.0119802	0.0377186
0.0321457	0.0185329	0.0374142
0.0332408	0.0122321	0.0372907
0.0372876	0.0168651	0.0368406
0.0477092	0.00772638	0.03558
0.0311818	0.00977187	0.0374229
0.0236461	0.00607049	0.0381907
0.0137725	0.0141296	0.039317
0.0182231	0.0146109	0.0386099
0.0209335	0.00843035	0.038381
0.041901	0.0130366	0.0363777
0.00397799	0.0153597	0.0401797
0.0495891	0.0118534	0.035614
0.0395962	0.00716113	0.0366283
0.000924308	0.0125042	0.0401925
0.0183023	0.0110522	0.0388337
0.0296677	0.00896797	0.0375594
0.0330104	0.00732395	0.0372429
0.0329657	0.00236327	0.0372844
0.0364682	0.0147391	0.0369185
0.0439946	0.0109747	0.0361074
0.04079	0.00526998	0.0366317
0.0276421	0.00904088	0.0377579
0.0482845	0.0167847	0.0355607
0.0485546	0.00517054	0.0355836
0.0331637	0.00749256	0.0372623
0.0382889	0.00619079	0.0368989
0.0287896	0.0157018	0.0377085
0.0395962	0.0118272	0.0365896
0.0130505	0.0175155	0.0392906
0.0291729	0.0169628	0.0375764
0.0311616	0.00767234	0.0373916
0.0442758	0.0112942	0.0360932
0.00442124	0.0140138	0.0402785
0.0512746	0.00996511	0.0355023
0.0368142	0.0160465	0.0369042
0.0218703	0.000706458	0.0383495
0.0311083	0.00490891	0.0373767
0.0351049	0.0022593	0.0369616
0.0249225	0.00953454	0.0380406
0.0291538	0.0159884	0.0379065
0.0355696	0.0117559	0.0369854
0.0430378	0.0106558	0.0361105
0.0275475	0.00892989	0.037725
0.00954068	0.00200775	0.0397099
0.0383118	0.00852762	0.0366662
0.021261	0.0152298	0.0384417
0.0298038	0.00585858	0.0374915
0.0245343	0.0142674	0.0381218
0.0156031	0.0155634	0.0391491
0.0328814	0.0185258	0.0372049
0.0491488	0.0136807	0.0359155
0.0378534	0.0139352	0.0369088
0.0288651	0.00875849	0.0376228
0.0194411	0.0155098	0.0388075
0.046533	0.000709177	0.0357738
0.0303142	0.0108172	0.0374994
0.0233762	0.0105001	0.0383315
0.0311808	0.00665529	0.0375891
0.0373082	0.0148909	0.0368121
0.045558	0.00546978	0.0359998
0.019846	0.00808567	0.0388056
0.0343545	0.0118835	0.0370865
0.0343354	0.0078993	0.0371615
0.0305086	0.00342319	0.0374904
0.0319543	0.0110248	0.0373329
0.0350652	0.00529929	0.0369575
0.0137064	0.0130506	0.0393192
0.0399785	0.00947866	0.0365993
0.0364278	0.0106245	0.0370048
0.0123374	0.0125749	0.0395478
0.0280654	0.0181801	0.0378342
0.0363294	0.0049537	0.0368171
0.0374062	0.0151346	0.0368263
0.0281165	0.0122213	0.0378825
0.0314104	0.0100826	0.0374591
0.0356142	0.00966312	0.0370365
0.0321438	0.0142625	0.0373488
0.0219222	0.0132479	0.0384664
0.0527103	0.00915236	0.0352911
0.0392023	0.0132666	0.036603
0.0279625	0.0125069	0.0377776
0.0433181	0.00809225	0.0363921
0.0338562	0.0151115	0.0371349
0.0424431	0.0098543	0.036259
0.0411021	0.0165562	0.0364905
0.0303111	0.00706771	0.0374663
0.03165	0.013269	0.0374309
0.0407619	0.00706276	0.0364792
0.0390115	0.0166305	0.0366606
0.0161276	0.0103215	0.0389648
0.0498696	0.0118434	0.0354814
0.0237118	0.0184531	0.038211
0.0335392	0.0143979	0.0371588
0.0451999	0.0119458	0.0361338
0.0230978	0.0101924	0.0381741
0.0152166	0.0164091	0.0390631
0.0241364	0.0124912	0.0380753
0.018533	0.00742793	0.0388308
0.033175	0.00406036	0.0372712
0.0430559	0.00951061	0.0361935
0.0344267	0.010259	0.0370697
0.0403716	0.010765	0.0364866
0.00812865	0.0138703	0.039691
0.0243117	0.00739427	0.0381445
0.0125921	0.00507106	0.0391244
0.0395261	0.00936409	0.0366182
0.0357753	0.0163761	0.0372367
0.0388725	0.00949348	0.0367127
0.0316564	0.0169415	0.0373313
0.0342687	0.0145792	0.0371879
0.0493429	0.0128993	0.0357125
0.0460123	0.0110174	0.0360743
0.00967021	0.00990418	0.0397786
0.0378306	0.0157375	0.0368008
0.0185998	0.000275087	0.0385411
0.0418958	0.0147946	0.0363945
0.0394868	0.0060845	0.0365349
0.0366493	0.0105572	0.0369849
0.0280329	0.0128542	0.0377709
0.0456885	0.0116095	0.0359393
0.0357675	0.0127539	0.036977
0.0211021	0.0139341	0.0384804
0.0299382	0.0122143	0.0375823
0.034459	0.010868	0.0371829
0.0305618	0.00588155	0.0374332
0.0354213	0.0109473	0.0370113
0.0197347	0.0127213	0.0386959
0.0253521	0.0156004	0.0379738
0.0323655	0.0139191	0.037303
0.00684456	0.0134313	0.039894
0.0294539	0.00221111	0.0376543
0.0188007	0.0142483	0.038688
0.0370566	0.00368684	0.0367574
0.016853	0.00872664	0.038922
0.0302238	0.014374	0.0376266
0.0218387	0.00810055	0.0382512
0.0403913	0.0105899	0.0365429
0.0443099	0.0147782	0.0361476
0.00521062	0.00973387	0.0399355
0.0269148	0.00823256	0.037826
0.0355177	0.00417777	0.0367946
0.0343873	0.0155866	0.0370631
0.0329651	0.00149647	0.0372811
0.029932	0.00221906	0.0375484
0.0400848	0.0165596	0.0365877
0.0354417	0.00292943	0.0370261
0.0369905	0.00880958	0.0368377
0.0501125	0.0094632	0.0358261
0.0392668	0.0118006	0.0366653
0.0396933	0.0135613	0.0365743
0.0148105	0.00362848	0.038924
0.0412323	0.0150124	0.0363619
0.0466317	0.0122501	0.0361387
0.0117682	0.0125792	0.0393205
0.0342233	0.00864171	0.0372625
0.0451914	0.0103437	0.0360746
0.043246	0.0192957	0.0362644
0.0142935	0.0159371	0.0391145
0.0323255	0.00980263	0.0372819
0.0288561	0.00179003	0.0375424
0.0204287	0.00574366	0.0386107
0.0325168	0.0128766	0.0373387
0.0360095	0.007113	0.0369269
0.0205301	0.0169979	0.0383888
0.0316911	0.0140678	0.0373521
0.00217756	0.0114865	0.0403361
0.0423861	0.014048	0.0363211
0.0414869	0.00299239	0.0366703
0.029965	0.0138883	0.03757
0.0288677	0.011702	0.0376483
0.0424226	0.0151464	0.0362256
0.0160061	0.00854383	0.0391037
0.0254985	0.0050572	0.0379768
0.0351562	0.0151208	0.0370679
0.000364138	0.00343438	0.0402264
0.0358031	0.010243	0.0368939
0.0361059	0.0126713	0.0369192
0.0386092	0.0138777	0.0366426
0.0339919	0.00707358	0.0372026
0.0277326	0.00145727	0.0376454
0.0327087	0.0116416	0.0373438
0.02857	0.0126431	0.0376653
0.0451396	0.0123813	0.0360011
0.0264115	0.00228884	0.0378175
0.0374687	0.00961775	0.0369247
0.0376882	0.00914394	0.0368329
0.0304243	0.0104939	0.0374622
0.0470508	0.00507066	0.0359162
0.00933343	0.00471745	0.0397912
0.0266959	0.0157823	0.0378576
0.0235688	0.00711222	0.0380898
0.0388127	0.0141991	0.0367112
0.0398215	0.00568029	0.0364449
0.0292858	0.008378	0.0376106
0.0169982	0.00558446	0.0388467
0.0129893	0.0147818	0.0394002
0.0303162	0.0126812	0.0375522
0.0345744	0.0101419	0.0371841
0.0372335	0.0141539	0.0368439
0.0175122	0.0101395	0.0388144
0.0310636	0.0078425	0.0374498
0.027055	0.011838	0.0378117
0.0144321	0.0132938	0.0393476
0.02343	0.015159	0.0382421
0.0146352	0.0120861	0.0390677
0.0316951	0.0166561	0.0373206
0.0428653	0.00691258	0.0362598
0.0276504	0.0143685	0.0380007
0.0435819	0.0087607	0.0362652
0.0371149	0.00787874	0.0367943
0.019224	0.00722296	0.0386775
0.0388432	0.00578977	0.0366207
0.025174	0.00419557	0.0380616
0.0142441	0.0152165	0.0390428
0.0412317	0.0103525	0.0363781
0.019967	0.00870237	0.0386522
0.0368732	0.00924852	0.0369028
0.0442565	0.0169302	0.0361966
0.0381285	0.00801837	0.0366847
0.0312156	0.0137073	0.0374342
0.0226261	0.00746357	0.0382866
0.0231375	0.0056449	0.0382303
0.044074	0.0117772	0.0361129
0.0364659	0.00826472	0.0370355
0.033182	0.0133338	0.0372084
0.00691914	0.0141348	0.0398089
0.0222976	0.013721	0.0383953
0.0334387	0.0126808	0.0372708
0.0389034	0.0103597	0.0368086
0.0384981	0.00792038	0.0367203
0.0327126	0.0110323	0.0372995
0.0474404	0.00733961	0.0360105
0.0148186	0.0105439	0.0391048
0.0307806	0.0152251	0.0374767
0.0247621	0.00165939	0.0384527
0.0370046	0.0169194	0.0368777
0.026384	0.0158963	0.0380147
0.0186317	0.0123047	0.0387013
0.0476887	0.0112539	0.0357331
0.0308269	0.0166136	0.0375279
0.0297465	0.0155219	0.0375346
0.018543	0.00960495	0.0389035
0.0438807	0.00640097	0.0363644
0.0354303	0.0132977	0.0371213
0.0158352	0.00787659	0.0390417
0.0270668	0.00418446	0.0376934
0.0327118	0.0161716	0.0372618
0.0374162	0.0119531	0.0367818
0.0329967	0.00615618	0.0372756
0.0128613	0.00915589	0.0392554
0.0220103	0.0149811	0.0383051
0.0286929	0.0120916	0.0378014
0.0298568	0.00287838	0.0375263
0.0427238	0.0143413	0.0362794
0.0388567	0.0125328	0.0366951
0.0398343	0.0127464	0.0365964
0.0264291	0.00507079	0.0378954
0.000245653	0.0154643	0.0407998
0.036235	0.015373	0.0369284
0.0230047	0.00886905	0.0382344
0.0324002	0.00231019	0.0372297
0.0232303	0.014303	0.0382016
0.0379851	0.0125751	0.0368207
0.0261644	0.0145421	0.0380454
0.0296746	0.0126093	0.0375728
0.0323307	0.00310036	0.0373365
0.0181118	0.00838782	0.0385959
0.0277053	0.00792886	0.0377767
0.0439599	0.00677283	0.0362789
0.0145202	0.00308339	0.0390855
0.0216647	0.0127603	0.0384987
0.0220518	0.0165332	0.0382479
0.0243009	0.00730111	0.0380428
0.0384451	0.0139755	0.0367113
0.0354119	0.0124513	0.0371155
0.0378527	0.0107805	0.0368332
0.03041	0.00896128	0.0375146
0.0485153	0.0132088	0.0357001
0.0377154	0.0114295	0.0368234
0.0237168	0.012039	0.0382667
0.0141296	0.0102839	0.0391499
0.0292383	0.0157385	0.0376413
0.0360006	0.00761217	0.0371061
0.0268605	0.0115791	0.0379066
0.0494826	0.0062889	0.0355868
0.024573	0.0114414	0.038084
0.0400656	0.008332	0.036515
0.0290486	0.00201547	0.0375987
0.0262558	0.0153073	0.0379176
0.0436275	0.0129269	0.0362833
0.0323059	0.0108404	0.0373101
0.0246231	0.0127198	0.0380597
0.0189016	0.0107582	0.038768
0.0386435	0.0145449	0.0367602
0.0467894	0.0143582	0.0361258
0.0336837	0.00446921	0.037136
0.0388101	0.0164292	0.0366689
0.0358519	0.00803764	0.0368884
0.0171791	0.00851792	0.0389386
0.0397127	0.0146478	0.0365244
0.0196281	0.00730155	0.0384981
0.030812	0.00235836	0.037488
0.0282332	0.0115047	0.0376886
0.0238814	0.0109883	0.0382765
0.0361521	0.00150731	0.0368262
0.0349526	0.0140769	0.0372335
0.0409488	0.00443991	0.036362
0.0133688	0.0124846	0.039435
0.0111284	0.0111855	0.0396304
0.0272976	0.00587673	0.0380713
0.0381681	0.00486676	0.0369523
0.0194086	0.00459588	0.0385628
0.0192349	0.013431	0.0386271
0.0176532	0.0047433	0.0387082
0.030069	0.0146512	0.0375449
0.0246086	0.01126	0.0381888
0.0364817	0.0146763	0.036861
0.0304356	0.000142649	0.0374236
0.040431	0.00182059	0.0364097
0.0389997	0.0146282	0.036677
0.042854	0.00160266	0.0359382
0.0397907	0.00209924	0.0364464
0.0296107	0.00494626	0.0375967
0.0453994	0.00910093	0.0360763
0.0383222	0.0114829	0.0367523
0.0204347	0.0165221	0.0384262
0.0340301	0.00599005	0.0370596
0.02992	0.0114213	0.0375111
0.0178185	0.00665835	0.0386497
0.029037	0.0120328	0.0376316
0.0347207	0.0100449	0.0370122
0.0165909	0.0141936	0.0387479
0.0265008	0.00405751	0.0378654
0.0468468	0.0154552	0.0358468
0.043088	0.00964335	0.0362782
0.0362644	0.0138809	0.0370026
0.0292342	0.00581308	0.0376398
0.0373005	0.0069859	0.0368439
0.0288224	0.0130455	0.0376393
0.00397709	0.0121055	0.0400987
0.0185184	0.00225043	0.0385685
0.0234809	0.0065297	0.0381438
0.0310904	0.0095855	0.0374007
0.0235578	0.0153761	0.0381484
0.0269432	0.00673247	0.0380836
0.0105433	0.0168896	0.0395926
0.0306263	0.00353381	0.0374179
0.0340844	0.00492808	0.0371592
0.025967	0.010884	0.0379358
0.0162523	8.78744e-05	0.0389612
0.021788	0.00352259	0.0382686
0.0440437	0.0148567	0.0361175
0.030283	0.00981582	0.0374921
0.0245024	0.0128185	0.0381894
0.0364579	0.00220979	0.0368027
0.0369985	0.0164304	0.0369462
0.0338754	0.0156348	0.0371138
0.0036952	0.0100241	0.0403325
0.0243119	0.00611494	0.0380733
0.0356639	0.00989949	0.037032
0.0332925	0.00614881	0.0371042
0.0256721	0.0142663	0.0379782
0.0423348	0.010304	0.0362854
0.0168011	0.0078508	0.0388508
0.0268507	0.0123442	0.0379709
0.0128971	0.0169464	0.0394633
0.0336399	0.0126115	0.037197
0.0380994	0.0124598	0.0368401
0.0509401	0.0118866	0.035758
0.0246225	0.0122491	0.0381085
0.0271736	0.0048118	0.0377628
0.0262075	0.0116054	0.0378545
0.041927	0.0131825	0.0365533
0.0355739	0.0146633	0.037182
0.0255662	0.0147039	0.0380377
0.0328843	0.00992529	0.0372691
0.0165672	0.00931996	0.039048
0.0345756	0.0111324	0.0371462
0.0196178	0.00914703	0.0384999
0.0278552	0.0124798	0.0377437
0.0242706	0.00434018	0.0379726
0.022962	0.00494386	0.038147
0.0329712	0.00320208	0.0371422
0.02389	0.0013312	0.0379027
0.0404909	0.0111843	0.0365369
0.024158	0.0103001	0.0381401
0.0365028	0.0150122	0.0369842
0.0302274	0.00583682	0.0376974
0.0245696	0.00984562	0.0380679
0.0200078	0.0110533	0.0386894
0.040219	0.00841318	0.0365368
0.0279347	0.015663	0.0377374
0.053449	0.0107469	0.0352196
0.0209025	0.00766608	0.0385352
0.0470933	0.0120347	0.0358858
0.0358644	0.00773903	0.0369773
0.00519259	0.00467159	0.039751
0.01572	0.00738399	0.0389921
0.0335559	0.0113094	0.0371568
0.020499	0.00888216	0.0383763
0.00241025	0.0114467	0.0405217
0.0217555	0.0105685	0.0383067
0.0347428	0.0110437	0.037101
0.0235423	0.0136291	0.0381669
0.039192	0.0101336	0.0366542
0.0125914	0.00513424	0.0392813
0.0300396	0.0117144	0.0375473
0.0428586	0.00719317	0.0362819
0.0504948	0.0111343	0.0356881
0.0119819	0.00664637	0.0394632
0.039842	0.0155404	0.0365774
0.0353818	0.0088066	0.0369666
0.0340146	0.00160109	0.0370602
0.0289616	0.00134218	0.0376915
0.0393668	0.0112216	0.036646
0.0170648	0.00972732	0.0388127
0.0305157	0.0114276	0.0374893
0.0329224	0.0124471	0.0373047
0.030312	0.0146428	0.0375723
0.0147985	0.0116551	0.0390659
0.0260348	0.00919026	0.0380004
0.0457538	0.0129151	0.0359159
0.0328037	0.011287	0.0372908
0.0234796	0.00282663	0.0382736
0.0401443	0.0126807	0.03651
0.0242452	0.0103385	0.0381954
0.0373741	0.0143108	0.0367628
0.0328851	0.0049572	0.0372242
0.0306885	0.0108077	0.0374498
0.0200186	0.00517746	0.0384537
0.0170249	0.0132312	0.0389029
0.0443947	0.000546299	0.035938
0.0313327	0.014014	0.0374805
0.0321446	0.0110405	0.0373026
0.0376265	0.0164156	0.036883
0.0113933	0.0138985	0.0393834
0.0228948	0.0126417	0.0381945
0.0136926	0.00971409	0.0393024
0.0387645	0.0177725	0.0367262
0.0251932	0.00971782	0.0380158
0.0203012	0.0114892	0.0386682
0.0382139	0.013516	0.0367295
0.0343362	0.00865234	0.0371057
0.012936	0.00935965	0.0392484
0.0249132	0.00141576	0.0380566
0.0185824	0.00237863	0.0386234
0.0431426	0.0153235	0.0363036
0.0219121	0.0155748	0.0384142
0.0410512	0.0153871	0.0363983
0.0497396	0.0124398	0.0355522
0.0118455	0.00924119	0.0395283
0.0529822	0.00502459	0.0353674
0.0396424	0.0156948	0.0364995
0.0326007	0.00747696	0.0373397
0.00291092	0.0141854	0.0400122
0.0332463	0.00715058	0.0374048
0.0104852	0.0114307	0.0397295
0.0379077	0.0164511	0.0368116
0.0133063	0.0107708	0.039363
0.017903	0.0101845	0.0387407
0.0356377	0.00956493	0.0369687
0.0404679	0.0165453	0.036688
0.0278041	0.00609128	0.0377164
0.0185609	0.00933691	0.0386521
0.0275059	0.00699473	0.0380191
0.0332963	0.000145092	0.0372504
0.0352154	0.0079897	0.0369854
0.035508	0.00877153	0.0371247
0.0256445	0.0121305	0.0380124
0.0209566	0.0118227	0.0384851
0.0331448	0.0105246	0.037329
0.0186405	0.0017202	0.0385777
0.0291943	0.00725741	0.0376537
0.0194271	0.00273074	0.0386638
0.0297629	0.016079	0.0375637
0.0161689	0.00965578	0.038974
0.02466	0.0159619	0.0382121
0.0254295	0.00895672	0.0379764
0.023712	0.0151773	0.0382207
0.00684357	0.00860678	0.039934
0.0314127	0.00899958	0.0374241
0.0258332	0.013352	0.038031
0.0449624	0.0144003	0.0361886
0.0315956	0.00896259	0.0373511
0.0227228	0.0113426	0.0382992
0.0402598	0.0117334	0.0366136
0.0395731	0.000285858	0.0366476
0.0238555	0.0109817	0.0380703
0.0201458	0.0112407	0.0384578
0.0386824	0.015685	0.0366264
0.0211077	0.0048414	0.0385019
0.0442432	0.0107072	0.0360699
0.0246457	0.0187062	0.0380121
0.0338915	0.00696178	0.0371807
0.0361165	0.000764957	0.0368609
0.0432926	0.0167547	0.036246
0.0363357	0.0162472	0.0369189
0.0352479	0.0109046	0.0369951
0.029055	0.0133373	0.0377406
0.0230747	0.00682447	0.0382453
0.0208836	0.00412252	0.0384351
0.0345147	0.00746427	0.0371925
0.0176385	0.0048915	0.0388726
0.0158807	0.01243	0.0389256
0.0183182	0.0138616	0.0388469
0.0355401	0.00176768	0.0373044
0.0263334	0.0102354	0.0379843
0.00801644	0.0156996	0.0396378
0.0296364	0.00997548	0.037595
0.0150091	0.0106451	0.0390557
0.0277696	0.0164174	0.0378889
0.0324815	0.0138765	0.0373516
0.0412166	0.00625832	0.0362895
0.0448345	0.00315671	0.035861
0.0318818	0.0113806	0.0374414
0.00400481	0.0125552	0.0399924
0.0247272	0.0133879	0.0381972
0.0357598	0.00466014	0.0368048
0.0312117	0.00863336	0.0373784
0.00665066	0.00658565	0.0398779
0.0304737	0.00536056	0.03775
0.0261403	0.00599791	0.0378963
0.0239554	0.0096187	0.0380783
0.02353	0.0108131	0.0381819
0.0315382	0.00740259	0.0373497
0.0327754	0.0139653	0.037248
0.0449305	0.0139508	0.03605
0.0291634	0.00624312	0.0376511
0.0337238	0.00773768	0.0372233
0.0298711	0.00523495	0.0375294
0.0061592	0.014875	0.0399591
0.0455179	0.0134134	0.0360537
0.0332033	0.00177329	0.0372588
0.0318905	0.0152508	0.0373719
0.0206391	0.0141665	0.0384537
0.0383847	0.0101255	0.0366936
0.0360874	0.00170479	0.0368328
0.038564	0.000237565	0.0367025
0.0244986	0.0108638	0.0380584
0.0276158	0.0155722	0.0377585
0.030758	0.014654	0.037471
0.040807	0.0104515	0.036429
0.0298977	0.0112575	0.0375129
0.0357425	0.00852575	0.0369967
0.0160541	0.0115531	0.0388929
0.0394996	0.0141428	0.0366828
0.0308762	0.0015677	0.0373876
0.0307358	0.0144882	0.0375171
0.0432318	0.0122123	0.0362411
0.0424825	0.0125575	0.0362649
0.02984	0.0113486	0.0376514
0.0315949	0.00923525	0.0373874
0.0410219	0.00180568	0.0364266
0.0270139	0.015065	0.0378587
0.0323403	0.00599277	0.0371918
0.0295174	0.00927113	0.0375652
0.0349231	0.0125663	0.037051
0.0263181	0.0115429	0.0378436
0.0224246	0.0128026	0.038281
0.0446506	0.0156498	0.036111
0.0290193	0.00863972	0.0376507
0.0228483	0.00561845	0.0381947
0.0356687	0.0114425	0.0370979
0.0451982	0.0137595	0.0360794
0.0229468	0.00434543	0.0381865
0.00975839	0.00601689	0.0396639
0.0147289	0.0128249	0.0390932
0.0242233	0.00858845	0.0381532
0.00934263	0.0140924	0.0394145
0.0311756	0.0174061	0.0373587
0.0293734	0.0164033	0.0376552
0.0270838	0.0169922	0.0377937
0.0270876	0.0146701	0.0379495
0.012957	0.00600306	0.039418
0.0265022	0.00746666	0.037975
0.013905	0.00766455	0.039196
0.0426588	0.000587888	0.0359323
0.0342642	0.0125214	0.0370932
0.0317011	0.0126394	0.0374189
0.0474149	0.01085	0.0358668
0.039203	0.0135456	0.0366438
0.0229271	0.00944166	0.0381866
0.0277778	0.00835194	0.0377361
0.025064	0.0160267	0.0380411
0.0283139	0.00206306	0.0377764
0.0524713	0.0117152	0.0352516
0.0224401	0.0149668	0.0382897
0.0349352	0.0120044	0.0370307
0.0160648	0.0090353	0.0389496
0.0270426	0.013585	0.0378299
0.0398052	0.00700686	0.0367519
0.0295661	0.0151795	0.0376
0.0251257	0.00566931	0.0380433
0.0217997	0.0082973	0.0384904
0.0403473	0.0108432	0.0364875
0.0342747	0.0110413	0.037215
0.0295241	0.0145182	0.0376912
0.0275894	0.0140347	0.0377573
0.0226422	0.0124466	0.0382221
0.0345078	0.00341305	0.0370209
0.0257699	0.00885884	0.0379607
0.0447404	0.0120881	0.0360244
0.0213178	0.0143776	0.0384029
0.0265657	0.00906753	0.0378564
0.0408395	0.0116374	0.0364826
0.022696	0.00643072	0.0381687
0.0400901	0.00509956	0.0365425
0.0293407	0.0110775	0.0376145
0.0275832	0.00651779	0.0377261
0.0189129	0.00353574	0.0387364
0.0358431	0.00199521	0.0368548
0.01967	0.0160531	0.0385039
0.036132	0.0146627	0.0368992
0.0206187	0.0059997	0.0383882
0.0401361	0.0143092	0.0366252
0.0220656	3.65478e-05	0.0383688
0.0342331	0.0039547	0.0371633
0.0257517	0.0103248	0.038053
0.0487705	0.0132345	0.0354889
0.0267051	0.0102975	0.0378378
0.0263578	0.0113755	0.0379771
0.0320798	0.0118472	0.0373118
0.0106259	0.0135862	0.0396366
0.0337187	0.00765433	0.0371165
0.0478069	0.00865104	0.0357514
0.0313646	0.00841648	0.0374228
0.02044	0.00719105	0.0384731
0.0345471	0.0123658	0.0371508
0.0187112	0.0078242	0.0385736
0.0106622	0.0108818	0.0394886
0.0324524	0.0153717	0.037321
0.0217889	0.00774633	0.0383699
0.0187973	0.0110751	0.0386423
0.0219331	0.00881079	0.0382798
0.0200206	0.00577104	0.0388485
0.0432972	0.0140342	0.0361924
0.0323683	0.0120455	0.0374371
0.0483232	0.0102418	0.0357447
0.0430515	0.0110393	0.0362665
0.0318282	0.0114866	0.0373945
0.0400982	0.00603065	0.0364873
0.0237463	0.00626858	0.0381069
0.0408439	0.0115935	0.0364367
0.0339185	0.0137837	0.0373259
0.0384021	0.00480747	0.036931
0.044408	0.00959538	0.0361445
0.0319085	0.0117931	0.0374245
0.0382171	0.0118233	0.0367006
0.0398625	0.00313655	0.0363009
0.0213472	0.00980778	0.0383463
0.0341724	0.0119546	0.0371856
0.0484662	0.0131958	0.0357413
0.0208802	0.00222738	0.0384846
0.0217014	0.0123295	0.0384703
0.0316355	0.00585285	0.0374391
0.0329874	0.0104144	0.0372843
0.0273061	0.00962964	0.0377913
0.0416921	0.00734518	0.036487
0.0261057	0.0129678	0.0380108
0.0159004	0.010471	0.0389476
0.0250082	0.0138249	0.0380336
0.0168497	0.00882423	0.0389252
0.0423289	0.00650436	0.0364989
0.0268375	0.0129398	0.0378499
0.0270562	0.0120894	0.0379133
0.0385194	0.0126608	0.0367987
0.0186534	0.0117153	0.0386848
0.0451876	0.0146448	0.0361369
0.0391879	0.0113965	0.0366005
0.0407952	0.00611261	0.0364733
0.0249926	0.00259752	0.038105
0.025811	0.0113054	0.0380902
0.0372088	0.0116739	0.0368256
0.0339524	0.00880244	0.0372853
0.0519156	0.00709192	0.0352775
0.0387977	0.0117035	0.0366667
0.0381846	0.00722104	0.0367723
0.0430719	0.010395	0.03621
0.042209	0.0110222	0.0364402
0.0286368	0.00952157	0.0376971
0.0418343	0.0130617	0.036411
0.0231698	0.00294488	0.0382558
0.0252088	0.0153568	0.0380135
0.0299462	0.00903983	0.0375507
0.0275782	0.0149813	0.0378253
0.0230289	0.0081617	0.0382433
0.0232618	0.011031	0.0382498
0.0474685	0.0115563	0.0357477
0.00508508	0.0129467	0.0400505
0.0359768	0.0109661	0.0369333
0.036116	0.00133212	0.0372206
0.0453657	0.00797375	0.0359424
0.0164859	0.00380269	0.0388882
0.0309599	0.013301	0.03746
0.0359459	0.00400473	0.0369654
0.0206039	0.0133694	0.0385982
0.0217586	0.0146246	0.0384322
0.0315219	0.0105364	0.037361
0.035369	0.0045325	0.0370226
0.0385452	0.0109942	0.0367537
0.0120566	0.0109633	0.0391604
0.0248358	0.0130418	0.0381458
0.0507485	0.0103584	0.0355616
0.0309817	0.0134376	0.0374622
0.0133789	0.0124862	0.0393494
0.0401506	0.00179706	0.0365817
0.0353799	0.0120243	0.0371286
0.0360776	0.0033665	0.0371835
0.0148366	0.00692217	0.0390822
0.0285886	0.0084063	0.037686
0.0320999	0.010999	0.0374135
0.0289916	0.0125537	0.0377405
0.0374	0.00461756	0.0368341
0.0163196	0.015738	0.0390964
0.0306882	0.0126973	0.0375157
0.0312548	0.0103755	0.0373956
0.0268725	0.0122186	0.0378545
0.0187441	0.00741136	0.0387965
0.0149754	0.00632523	0.0390704
0.0243069	0.010586	0.0381042
0.0370712	0.00305277	0.036611
0.0272838	0.00738802	0.0378167
0.0249448	0.00960354	0.0381623
0.0222366	0.0154051	0.038298
0.0226806	0.0138147	0.0384159
0.0311489	0.00961464	0.0374381
0.0338035	0.010286	0.0371495
0.0176896	0.0119481	0.0386424
0.0303672	0.0116698	0.0375153
0.0428144	0.0070935	0.0362291
0.0488026	0.0136113	0.0357502
0.0516121	0.0092728	0.0353652
0.0249564	0.00278112	0.0379873
0.0445364	0.0145543	0.0360533
0.0338685	0.0113009	0.0372433
0.0271794	0.0063119	0.0378336
0.0245757	0.0158304	0.0380793
0.0311068	0.00969967	0.0374907
0.0245968	0.00446692	0.0379893
0.0292534	0.00273373	0.0375396
0.0048939	0.00624826	0.0402811
0.0275504	0.0159202	0.0378081
0.0146561	0.00238398	0.0391822
0.0192562	0.012922	0.0385169
0.0247047	0.0116316	0.0381128
0.0251296	0.0105566	0.0379929
0.0373864	0.00952294	0.0368764
0.047243	0.0130421	0.0357643
0.00713457	0.00953647	0.0399726
0.0430616	0.0125952	0.0362863
0.0513018	0.0169124	0.0354661
0.0174845	0.0128816	0.0389326
0.0285167	0.0159141	0.0377299
0.016531	0.00876467	0.0390493
0.0267013	0.0143053	0.037842
0.0304338	0.0135225	0.0376013
0.0323543	0.00811096	0.0373725
0.024905	0.0114825	0.0381828
0.0305852	0.0143339	0.0374996
0.0343202	0.000221957	0.037158
0.0485368	0.00243069	0.0355915
0.0205407	0.00739247	0.0383701
0.0340866	0.00875895	0.0372315
0.0188129	0.00463227	0.0386594
0.0272023	0.0104476	0.0378377
0.0429839	0.01714	0.0363147
0.0268789	0.014242	0.0379014
0.0426355	0.00688449	0.036277
0.0239681	0.0150153	0.0382209
0.0330043	0.00981478	0.0372149
0.0257887	0.0122347	0.0379841
0.0226773	0.0155597	0.0383062
0.0273931	0.00778552	0.037766
0.0210253	0.0117846	0.0383834
0.0235036	0.00703504	0.0384432
0.0251667	0.0074512	0.0379661
0.00626932	0.00588911	0.0399003
0.038762	0.0109126	0.036693
0.0348196	0.0166952	0.0371047
0.0189134	0.00825933	0.0386803
0.0383881	0.0149466	0.0367951
0.0193787	0.0153726	0.0386717
0.00522997	0.0107437	0.0400559
0.0279269	0.00725329	0.0376891
0.0336573	0.0105748	0.0372299
0.0264958	0.00500638	0.0377613
0.0234603	0.0165228	0.0381744
0.0432206	0.0125782	0.0363118
0.0330228	0.0114559	0.037319
0.040934	0.00893484	0.036498
0.0246841	0.0155657	0.0381157
0.0288108	0.0105411	0.0377918
0.0366402	0.0117935	0.0368797
0.0320291	0.00880677	0.0374944
0.0205336	0.0128621	0.0384641
0.0451057	0.00797403	0.0361773
0.0231255	0.00760546	0.0382566
0.0246934	0.0119722	0.0379946
0.0162859	0.0157268	0.038941
0.0450302	0.00949063	0.0360796
0.0374304	0.0145623	0.0368853
0.0113148	0.0134443	0.0393765
0.0158577	0.0127135	0.0388635
0.0458191	0.0146422	0.0358965
0.0172312	0.0114173	0.0389484
0.0321333	0.00244831	0.037354
0.0162904	0.00808721	0.0389711
0.0183502	0.00319056	0.0388935
0.0188456	0.0153013	0.0386279
0.0346504	0.000377535	0.0370525
0.0345342	0.014617	0.0370582
0.0485946	0.00765414	0.0358619
0.022779	0.0133362	0.0382424
0.0349258	0.0108775	0.0370333
0.0263292	0.00840436	0.0379318
0.0206816	0.00979732	0.0384442
0.000150208	0.0133082	0.0407787
0.0313564	0.00776096	0.0375897
0.0209704	0.0164276	0.0384308
0.035059	0.00216488	0.0369734
0.0387959	0.012164	0.0366419
0.0326719	0.00593793	0.037232
0.0430669	0.0137171	0.0363004
0.0212389	0.0110522	0.0385606
0.0326593	0.0108882	0.0373594
0.0293396	0.0147403	0.0375792
0.0392192	0.00417239	0.0366082
0.0332393	0.0166801	0.0371688
0.0310402	0.0133868	0.0374118
0.00914342	0.00530958	0.039603
0.026916	0.00958202	0.037875
0.0204037	0.0121982	0.0384864
0.0303701	0.0143229	0.0375005
0.0454652	0.0143444	0.0359711
0.0369415	0.00853529	0.0368365
0.0235461	0.0164778	0.038217
0.00418987	0.00738027	0.0401376
0.0349621	0.00494432	0.0372803
0.00584965	0.00382829	0.0401651
0.0231675	0.0161426	0.0381984
0.0282135	0.000761207	0.0374462
0.0328173	0.0120819	0.0373204
0.0375879	0.00863821	0.036687
0.029002	0.00602073	0.0376569
0.0304757	0.0141752	0.0375051
0.0465814	0.00265331	0.0357898
0.0191488	0.00596781	0.0385363
0.0389158	0.0111352	0.0368064
0.0293207	0.0113242	0.0376096
0.0245728	0.000873944	0.0380137
0.0266716	0.0166941	0.0378515
0.0232187	0.0134634	0.0382211
0.0244317	0.0121619	0.0381287
0.0244042	0.0167781	0.0381592
0.0183857	0.0143424	0.0385952
0.0206083	0.00502156	0.0383797
0.0332026	0.0150345	0.0372704
0.0272261	0.0137668	0.0378268
0.0384583	0.00634347	0.0366475
0.00526083	0.0129612	0.0399729
0.0286839	0.00146712	0.0375998
0.0302416	0.00835004	0.0376937
0.0234993	0.00740291	0.0383021
0.0328067	0.0129459	0.0374173
0.03267	0.0122504	0.0374106
0.0183999	0.0135078	0.0387135
0.0302427	0.00712159	0.0375922
0.0367924	0.00571234	0.0369079
0.0394346	0.0106959	0.0365788
0.0325895	0.0163504	0.0373768
0.0351047	0.00676098	0.0370363
0.0264316	0.0114276	0.0380172
0.0416509	0.0169358	0.0363308
0.0292735	0.00331956	0.0376437
0.039484	0.00959531	0.0365346
0.0392936	0.00892376	0.0366534
0.0206972	0.00980839	0.0384629
0.0497079	0.00775409	0.035861
0.0152552	0.01138	0.0390086
0.0286629	0.0163972	0.0377961
0.0128317	0.0127441	0.0390921
0.0249236	0.00764565	0.0380338
0.015951	0.0142605	0.0389272
0.0312534	0.00690645	0.0373791
0.0111112	0.0122029	0.0394526
0.0224612	0.0157484	0.0383233
0.0129616	0.000808963	0.03923
0.0173886	0.0148496	0.0387012
0.0337944	0.0101107	0.0372382
0.0345978	0.0167339	0.0370987
0.0354944	0.0119679	0.0370429
0.0273122	0.0149985	0.03785
0.0435777	0.0147999	0.036411
0.00581562	0.00493782	0.0397259
0.0135311	0.000198915	0.0392319
0.0385638	0.0140834	0.0366555
0.0258037	0.0169127	0.0380938
0.0357875	0.00245911	0.0368808
0.0322409	0.0152744	0.0373374
0.02177	0.0143712	0.0382697
0.00605157	0.0138573	0.0399776
0.0534832	0.00610306	0.0354535
0.030845	0.0125421	0.0374635
0.0223691	0.0125413	0.0384239
0.0391357	0.00779115	0.0367643
0.0291639	0.00967553	0.0376689
0.0343446	0.012253	0.0371281
0.0293733	0.0101416	0.0376748
0.0487711	0.0104017	0.0356412
0.0299187	0.00368936	0.0375548
0.0510614	0.0111391	0.035391
0.0352592	0.00403618	0.036949
0.0279789	0.00264571	0.0377992
0.0223903	0.00804499	0.0384275
0.0449732	0.00916733	0.035996
0.0106102	0.00675983	0.0394964
0.0423861	0.00913694	0.0362921
0.0271658	0.0114935	0.0378416
0.0367815	0.0129276	0.0369247
0.0449469	0.0101182	0.0360225
0.0441456	0.0126892	0.0361669
0.0480932	0.0118501	0.0356788
0.0229458	0.0143485	0.0384854
0.0288945	0.0167988	0.0376555
0.0334906	0.00488698	0.0371605
0.0203858	0.00436226	0.0384866
0.0320957	0.00761976	0.0372813
0.0257311	0.0123363	0.037951
0.047466	0.00624733	0.0357622
0.044798	0.0132107	0.0360686
0.0493029	0.0147094	0.0355617
0.0399325	0.016577	0.0366608
0.0363904	0.015257	0.036929
0.0340785	0.0102134	0.0371757
0.0434115	0.0127646	0.0363291
0.0337625	0.00585254	0.0373567
0.0364704	0.00353636	0.0368229
0.0223044	0.00592773	0.038333
0.0353396	0.0162588	0.0369966
0.0354036	0.0105806	0.0370106
0.0357273	0.0117533	0.036953
0.0344173	0.0147493	0.0371804
0.0390175	0.00625009	0.036664
0.0331487	0.0131229	0.0372359
0.0385723	0.016884	0.0367464
0.0373847	0.0166447	0.0368569
0.0375964	0.0125523	0.0368068
0.0277939	0.00747924	0.0376996
0.0338509	0.00331157	0.037066
0.026151	0.0139721	0.0379375
0.0363943	0.0131951	0.0369237
0.0250807	0.0165997	0.0379776
0.0393552	0.0101433	0.0365888
0.0367617	0.0116214	0.0369183
0.0396995	0.0137381	0.0365976
0.0326121	0.0101571	0.0373025
0.0345757	0.00895628	0.0370825
0.0238628	0.0152057	0.0381397
0.0488296	0.00531597	0.0355796
0.0318632	0.00504969	0.0374135
0.0244772	0.00424867	0.0381138
0.0295167	0.0144908	0.0375925
0.031912	0.0147597	0.0373575
0.0407304	0.00302827	0.0365178
0.00872653	0.0041197	0.0394553
0.0169571	0.00562921	0.038944
0.0307381	0.0150814	0.0375663
0.0299986	0.0136319	0.0376406
0.0391312	0.00155583	0.0369262
0.016435	0.00741206	0.0388141
0.0370912	0.00893814	0.0368431
0.0390761	0.00995506	0.0366238
0.0233373	0.00653703	0.0382701
0.0297452	0.00933939	0.0375298
0.0189556	0.0158866	0.0386014
0.0373064	0.0107582	0.0367843
0.0392979	0.0135922	0.0366486
0.0223321	0.00786018	0.0383145
0.0327943	0.00103781	0.037276
0.0300703	0.0136884	0.0375102
0.039532	0.0102472	0.0365788
0.0343283	0.0060677	0.0369979
0.0430704	0.0123816	0.0362069
0.0358487	0.00707235	0.0370696
0.032527	0.012137	0.0372857
0.0247817	0.0108393	0.0380574
0.0272768	0.0103288	0.0378916
0.0314905	0.00424256	0.0374241
0.0282986	0.0161687	0.0376784
0.0125893	0.0105587	0.0392205
0.0522994	0.0126177	0.0356379
0.0183399	0.00786225	0.0385738
0.0395174	0.0104897	0.0365789
0.027504	0.00633996	0.0378756
0.0246883	0.000910251	0.0380235
0.0224587	0.0145362	0.0382063
0.0369071	0.0133472	0.0368177
0.0390345	0.00654573	0.0367279
0.0268404	0.0117903	0.0378617
0.00900169	0.0116959	0.0398227
0.0286923	0.00891124	0.0378468
0.0378812	0.0107088	0.0367419
0.0294938	0.011441	0.0376448
0.0202076	0.00759883	0.0384708
0.0422331	0.0101378	0.0363043
0.0372673	0.0138053	0.0367769
0.0272801	0.0161439	0.037876
0.0387741	0.0158624	0.0367697
0.0409005	0.00598664	0.0363771
0.0237993	0.0139732	0.0381582
0.0276326	0.00800737	0.0377486
0.0358001	0.0140545	0.0369278
0.0385508	0.00634178	0.0365702
0.00700826	0.0107435	0.0397698
0.0430581	0.0162106	0.0362915
0.0313713	0.0101586	0.0375241
0.0334613	0.0100446	0.0371853
0.0259034	0.00921718	0.0379569
0.0325549	0.00875532	0.0374149
0.0366421	0.00543877	0.036922
0.0350177	0.012906	0.0370162
0.0401892	0.0167694	0.0365722
0.0166963	0.0117243	0.0388984
0.0421991	0.0104149	0.0364405
0.0314434	0.0137588	0.0374186
0.0318422	0.0160197	0.0373756
0.0326382	0.00269181	0.0375282
0.0201268	0.0105434	0.0386385
0.0302748	0.0117699	0.0375023
0.0101004	0.0119712	0.039512
0.0399581	0.0143265	0.0365892
0.0434959	0.0127676	0.0362482
0.030291	0.00446403	0.0374562
0.0394966	0.0156922	0.03664
0.0329604	0.0132908	0.0373403
0.0392172	0.000387979	0.0364963
0.0280925	0.0133917	0.0377518
0.0436127	0.00598672	0.0361898
0.0398147	0.0142029	0.0366057
0.0526025	0.0166852	0.0354878
0.0241794	0.00379574	0.0380407
0.0317808	0.0121819	0.0374374
0.0269845	0.00298809	0.0377431
0.0344914	0.0150201	0.0371911
0.01952	0.0134274	0.0386012
0.034709	0.0151447	0.0370756
0.0170474	0.00856038	0.0388395
0.0251493	0.00164301	0.0380612
0.0437548	0.00473814	0.0361952
0.0161163	0.010443	0.0389245
0.0261807	0.013707	0.037959
0.0344091	0.0137306	0.0371098
0.020962	0.0103879	0.0385449
0.0391212	0.0121374	0.0367939
0.0135397	0.00778933	0.039216
0.0245122	0.0105536	0.0380831
0.0392859	0.00972865	0.0366228
0.0413632	0.00707472	0.0363373
0.0305294	0.00702784	0.0374302
0.0266667	0.00997969	0.0378085
0.0312015	0.0159472	0.0376972
0.0304789	0.00395015	0.0374012
0.0338576	0.0117712	0.0371509
0.0410338	0.00908451	0.0364088
0.0317877	0.00467707	0.037391
0.0123134	0.0114592	0.0391454
0.0322624	0.00828579	0.0372883
0.0426808	0.0161787	0.036394
0.0228452	0.00120359	0.0383541
0.0272369	0.0126842	0.0378543
0.0402656	0.0139488	0.036568
0.0222456	0.0116478	0.0383345
0.0239027	0.00780535	0.0381552
0.0415684	0.0120526	0.0363063
0.0303119	0.0117	0.0375454
0.0467223	0.0118006	0.0358603
0.0470227	0.00659316	0.0358683
0.0181265	0.0117078	0.0388571
0.0308039	0.0100906	0.0374704
0.0171534	0.00708556	0.0387924
0.0421355	0.0160865	0.0363335
0.0376481	0.00564704	0.0368072
0.033033	0.0167736	0.0372338
0.0394181	0.012441	0.0365843
0.0212575	0.00369369	0.0383045
0.0306828	0.00810342	0.0374235
0.000176079	0.00830277	0.0406026
0.0350453	0.00911822	0.0370767
0.0408944	0.0119963	0.0366418
0.0381779	0.00673335	0.0369141
0.0518862	0.0123417	0.0355618
0.0274832	0.0125212	0.0378419
0.0124547	0.0109325	0.0393148
0.0299475	0.00236356	0.0375441
0.0208048	0.00346661	0.0383454
0.0267678	0.0132472	0.0378609
0.0327814	0.0161137	0.0372457
0.0342938	0.0155123	0.0370705
0.0176232	0.00731059	0.0386391
0.0259837	0.0167215	0.0380085
0.013805	0.00923361	0.039108
0.00939763	0.00760503	0.0396794
0.0458583	0.00814025	0.0359501
0.0174258	0.00115936	0.0386578
0.0210564	0.0138871	0.0384393
0.0227484	0.00877775	0.0383908
0.0100761	0.0151392	0.0397728
0.0428508	0.00232534	0.036237
0.0369526	0.0075717	0.0368998
0.0269669	0.00854002	0.0378577
0.0383388	0.0113743	0.0367771
0.0299671	0.013769	0.0375638
0.0313924	0.00453333	0.0373443
0.0216866	0.00800526	0.0384725
0.0324905	0.00787663	0.0372886
0.0278224	0.0134511	0.0378366
0.0399125	0.0162919	0.0365967
0.0238752	0.000273548	0.0381077
0.0299458	0.00031747	0.0375852
0.0345192	0.0157633	0.0370855
0.0437278	0.0155563	0.0361532
0.0197025	0.0191355	0.0386631
0.0150171	0.0109745	0.0390347
0.0133349	0.00212739	0.0390774
0.0338625	0.0112244	0.0371724
0.0196001	0.00648348	0.0385944
0.0197703	0.0025193	0.0385971
0.036032	0.0143306	0.0369616
0.0345283	0.0168259	0.0371702
0.0314889	0.012153	0.0374613
0.0392286	0.00898691	0.0366448
0.035448	0.0126945	0.0369886
0.0309558	0.00889811	0.0374617
0.046491	0.00903304	0.0358242
0.0287934	0.00501524	0.0375225
0.0345773	0.0127739	0.0371399
0.0333705	0.00498308	0.0371498
0.0372763	0.00660298	0.0367636
0.0240697	0.0110713	0.0382181
0.0471629	0.00333768	0.0358619
0.0264263	0.0146263	0.0380185
0.0370819	0.0138658	0.0368276
0.0333503	0.0138217	0.037207
0.0386827	0.00572914	0.0366796
0.0222629	0.0113225	0.0383058
0.0172339	0.013335	0.0387979
0.0328777	0.0102522	0.0372221
0.0410115	0.0155771	0.0365457
0.0179076	0.0121297	0.0386218
0.0454552	0.00813927	0.0360825
0.0418745	0.00788358	0.0363774
0.0261722	0.0126612	0.03786
0.0238439	0.00604964	0.0381041
0.0381056	0.00518308	0.0366629
0.0244209	0.00835883	0.0380765
0.0434235	0.00417556	0.036249
0.0192747	0.00724306	0.0386056
0.0309475	0.00718289	0.0374623
0.0337962	0.00939118	0.0372925
0.0273151	0.0115622	0.0378632
0.0372463	0.0120982	0.0368351
0.0275131	0.0106265	0.0377817
0.0404968	0.00917886	0.0364819
0.0358967	0.0150254	0.0369705
0.0333376	0.00675266	0.037293
0.015852	0.00102495	0.0390778
0.0249721	0.0047589	0.0381068
0.0382192	0.0149579	0.0366755
0.0315725	0.0117467	0.0373687
0.0164993	0.00830715	0.0389241
0.0210585	0.00460495	0.0383317
0.0189564	0.00109924	0.0385452
0.0353122	0.0102959	0.0370358
0.023606	0.0150309	0.0382922
0.0326904	0.00885675	0.03727
0.039556	0.000186219	0.0366838
0.0218552	0.0163152	0.0384044
0.0269691	0.0142131	0.0379461
0.0189368	0.00171269	0.0385142
0.0268771	0.00706956	0.0377833
0.0423117	0.0148507	0.0363025
0.0374676	0.017668	0.0367636
0.0312369	6.50967e-05	0.037407
0.0278237	0.00391763	0.0376986
0.0185327	0.00992159	0.0388063
0.0227242	0.0128575	0.0382776
0.0334977	0.0063355	0.0371315
0.0215292	0.000902705	0.038316
0.0264363	0.0141948	0.0378785
0.0258696	0.0129731	0.0380767
0.028767	0.00546554	0.0375876
0.0117524	0.00350121	0.0393328
0.0489751	0.00934108	0.0355621
0.0368087	0.0104018	0.036786
0.0331421	0.0117642	0.0372359
0.0356072	0.0164456	0.0370305
0.0424021	0.01116	0.0363404
0.0385103	0.0162755	0.0366557
0.028852	0.0141682	0.0377081
0.024647	0.0127211	0.0381145
0.0337596	0.0104184	0.0371959
0.016695	0.00814325	0.03903
0.0338319	0.00901455	0.0371549
0.040415	0.0160932	0.0365646
0.0255497	0.00712322	0.0379177
0.0137382	0.00888056	0.0390459
0.0171982	0.00308341	0.0388529
0.0347141	0.0155376	0.0370756
0.031045	0.0162649	0.0375068
0.0265651	0.00964974	0.0378889
0.0362937	0.00706939	0.0370355
0.0273807	0.010224	0.0377941
0.0413081	0.015739	0.0364942
0.0267305	0.00989861	0.0378675
0.0342658	0.00512713	0.0371281
0.028875	0.00804852	0.0376478
0.0383131	0.0100451	0.0366969
0.038805	0.0169586	0.0367558
0.0349994	0.00618534	0.0370295
0.0192122	0.00398712	0.0387944
0.0311633	0.0154513	0.0375359
0.0421165	0.0148519	0.0363909
0.0306287	0.0161653	0.0374521
0.0192396	0.00830024	0.0386159
