0.0333692	0.00628011	0.0377139
0.0294555	0.00420977	0.0379025
0.00594353	0.000901649	0.0401041
0.0181925	0.013015	0.0389465
0.0270037	0.0160828	0.0383679
0.0399521	0.013224	0.0368354
0.0191706	0.00811755	0.0392293
0.017719	0.013203	0.0393125
0.0276568	0.00617337	0.0381398
0.0359101	0.0138671	0.0373871
0.0360671	0.012112	0.0372212
0.0256359	0.0100044	0.0385501
0.0450452	0.00861888	0.0365965
0.0299249	0.0139778	0.0378977
0.0350052	0.0133488	0.0374718
0.026911	0.0137026	0.0381479
0.0426024	0.00661654	0.03648
0.0480605	0.0101173	0.0361391
0.0254029	0.00640207	0.0383091
0.0229883	0.0102075	0.0386419
0.0471317	0.00654955	0.0361206
0.029661	0.0118393	0.0378597
0.0247267	0.0165833	0.0388272
0.0405687	0.0143642	0.036928
0.0191666	0.00906334	0.0391183
0.0313978	0.0161581	0.0379849
0.0359521	0.00283178	0.0373106
0.0446422	0.0165937	0.0363763
0.0339741	0.0131752	0.0374739
0.0361565	0.0113413	0.0373605
0.0270997	0.00910125	0.0382242
0.0339976	0.00359866	0.037312
0.0372737	0.0108359	0.0372937
0.0216567	0.0143862	0.038642
0.0240731	0.0100564	0.038531
0.0187698	0.0125029	0.0389574
0.0291441	0.00471513	0.0380487
0.0267291	0.0063319	0.0382999
0.0346571	0.00663091	0.0373805
0.0383962	0.0129799	0.0370882
0.0085382	0.0130031	0.0403728
0.0403886	0.00917315	0.0368077
0.0381084	0.0059172	0.0371319
0.0317613	0.0159609	0.0377988
0.0342612	0.0122573	0.0376844
0.034939	0.0135356	0.0374803
0.0386779	0.00288962	0.0371174
0.0361365	0.0132594	0.0374172
0.0180108	0.0111862	0.0391716
0.0358193	0.0123292	0.0374145
0.0317301	0.0113557	0.0378641
0.0256442	0.0134245	0.0385086
0.03261	0.0144989	0.0378762
0.0206991	0.01103	0.0390514
0.0334768	0.00935508	0.0375514
0.0158049	0.00881254	0.0396663
0.0204275	0.000328568	0.0387754
0.0270101	0.00300537	0.038187
0.0255032	0.0127856	0.0383456
0.0472959	0.00882744	0.036233
0.0296235	0.0161022	0.0379763
0.0314195	0.00634978	0.0378064
0.0170082	0.0119044	0.0394857
0.0127838	0.013706	0.0398257
0.0357841	0.0136888	0.0372989
0.0525661	0.00887986	0.0356023
0.0395751	0.0074523	0.0370205
0.0213225	0.00649052	0.0390453
0.0223264	0.0177843	0.0385526
0.0232925	0.00833811	0.0385277
0.0248988	0.0134104	0.0384693
0.0346646	0.0015259	0.0375385
0.044204	0.00933781	0.0365247
0.0444572	0.00264798	0.0367633
0.030945	0.0139884	0.0377169
0.0304082	0.0131962	0.0380615
0.0296107	0.0125365	0.0380957
0.0436658	0.0121527	0.0366025
0.0067754	0.0132093	0.0401657
0.0284918	0.0130658	0.0382177
0.0374844	0.0133549	0.0370315
0.0351421	0.0161259	0.0373524
0.045108	0.010821	0.0363606
0.0288117	0.00708966	0.0380662
0.0148268	0.0131519	0.0392611
0.036534	0.011422	0.0373928
0.0431759	0.00276189	0.0366869
0.0218868	0.0171267	0.0389487
0.0166122	0.0091125	0.0391708
0.0255411	0.00514451	0.038282
0.0128154	0.00932366	0.0395027
0.0364795	0.0128456	0.0373157
0.0358226	0.006885	0.0373361
0.0205049	0.00490434	0.0388437
0.0387395	0.00480653	0.0371943
0.0206396	0.0150106	0.0389597
0.0288796	0.0123235	0.0379981
0.0351193	0.00784507	0.0373961
0.0537286	0.0101475	0.0355113
0.0322173	0.0156778	0.0376655
0.0432426	0.0159057	0.0365422
0.0184323	0.0133242	0.0390724
0.046688	0.0126389	0.0363978
0.0445819	0.0121036	0.0364307
0.0323251	0.00392699	0.0376047
0.0427296	0.00335382	0.0366787
0.0273558	0.0157309	0.0384416
0.0435805	0.00292445	0.0368397
0.02495	0.00413283	0.0383626
0.0179295	0.0111694	0.0392374
0.0255316	0.0128051	0.0383376
0.0414192	0.0180601	0.0368958
0.0351649	0.0104856	0.0374603
0.0433932	0.00634486	0.0366204
0.0407793	0.0121136	0.036978
0.0329626	0.00818617	0.0376209
0.0358318	0.00436593	0.0373844
0.0301415	0.00455938	0.0379445
0.0341349	0.0018378	0.0375046
0.0249207	0.0145505	0.038336
0.0276773	0.00882917	0.0383603
0.0314064	0.0113432	0.0377447
0.0260186	0.00800184	0.0384569
0.0239488	0.00920926	0.0384481
0.0254707	0.0164682	0.0385341
0.047252	0.0120999	0.0363131
0.0485989	0.00771987	0.0360097
0.0409919	0.0103408	0.0367388
0.031289	0.0142677	0.0377267
0.0369738	0.00960319	0.0371344
0.0393559	0.00771775	0.0371478
0.0256149	0.00683338	0.0383269
0.0167475	0.0109757	0.0392605
0.0359201	0.00507201	0.0374161
0.0272956	0.00883186	0.0382702
0.0198682	0.00979078	0.0388649
0.030257	0.0156227	0.0379611
0.048632	0.00115729	0.0359194
0.0181118	0.0159187	0.0391004
0.0412052	0.0152011	0.0369972
0.0319503	0.0113249	0.0376498
0.0482839	0.0133278	0.0359612
0.0455628	0.00892788	0.0362585
0.0283871	0.00848347	0.0380295
0.0183651	0.0131502	0.0389994
0.0217334	0.0101612	0.03877
0.0260053	0.000395328	0.0385154
0.0176385	0.01239	0.0391493
0.0103816	0.00982004	0.0401811
0.0365238	0.0114234	0.0373939
0.0340809	0.0129788	0.0376604
0.0077834	0.0121882	0.0400936
0.0313635	0.00647052	0.0378743
0.0214151	0.0172497	0.0388292
0.0377607	0.0145353	0.0372267
0.0257481	0.00337536	0.0383174
0.0331177	0.0120727	0.037756
0.0295208	0.00308585	0.0381044
0.0119942	0.00728745	0.0401363
0.0359342	0.00307273	0.0375221
0.02826	0.0168691	0.0383827
0.0166805	0.0145502	0.0392249
0.036201	0.0044378	0.0374789
0.0217018	0.00864333	0.0388168
0.0349852	0.0163099	0.0373566
0.0405415	0.0145671	0.0366559
0.0243561	0.00540166	0.0385552
0.0367999	0.0014107	0.0372996
0.0454331	0.0096936	0.0361302
0.0240902	0.0136024	0.0384251
0.0401553	0.00869678	0.0370578
0.0355581	0.00723407	0.0374096
0.0380602	0.0120519	0.0371835
0.0318153	0.0105877	0.0378395
0.0357581	0.00552619	0.0375021
0.0359014	0.0146233	0.0372137
0.0442244	0.00638478	0.0366649
0.0191851	0.0139108	0.0393617
0.0377452	0.0060034	0.0370255
0.0323262	0.0102923	0.0377855
0.0240149	0.0161667	0.0385708
0.0454499	0.0117517	0.0365048
0.0149669	0.00815357	0.0395312
0.0477952	0.0104787	0.0360288
0.0160861	0.00483063	0.0396882
0.0318183	0.0148671	0.0377153
0.024974	0.0155247	0.0387667
0.0239777	0.0153678	0.0386199
0.0424891	0.0110275	0.0367513
0.0387204	0.0143097	0.0372541
0.0284161	0.015431	0.0381456
0.0233188	0.0101081	0.0384903
0.0425481	0.0112823	0.0367729
0.0181452	0.00946519	0.039365
0.0193455	0.00743008	0.03898
0.0312863	0.00501191	0.0377944
0.0210031	0.00890407	0.0387625
0.0371583	0.0149002	0.0373776
0.0450636	0.0144446	0.0365721
0.0353247	0.0149903	0.0376275
0.0188558	0.0143666	0.0388829
0.0397515	0.00682559	0.0368783
0.0372646	0.0111575	0.0372415
0.030484	0.00268364	0.0379998
0.0405337	0.0124308	0.0367278
0.0263087	0.0032218	0.038334
0.0313861	0.00909596	0.0377659
0.0387716	0.0131286	0.037052
0.0386765	0.0103106	0.0370813
0.0336853	0.0123807	0.0374892
0.0186848	0.0150349	0.0394506
0.0322347	0.0124323	0.0377417
0.0350076	0.0102901	0.0375148
0.0446268	0.00869248	0.0363623
0.0224353	0.0101902	0.0386165
0.0412997	0.000610946	0.0369473
0.0245594	0.00951471	0.038639
0.02838	0.0101162	0.0380623
0.0334885	0.00534309	0.0374376
0.00966086	0.014621	0.0399801
0.0476069	0.0087641	0.036288
0.0291637	0.0157145	0.0380404
0.0358753	0.010576	0.0373155
0.0387634	0.014898	0.036862
0.0339161	0.00659919	0.0376519
0.0308372	0.0121701	0.0378262
0.00594548	0.0136789	0.0403817
0.0131984	0.00302559	0.0397384
0.0324706	0.00621997	0.0377099
0.0481731	0.0120812	0.0361013
0.0238117	0.0119665	0.0386427
0.0354403	0.0123503	0.0374417
0.0219296	0.00644125	0.0388266
0.0250162	0.0106463	0.0383927
0.0277904	0.0128409	0.0382091
0.0450566	0.0111714	0.0365255
0.0528006	0.00984633	0.035439
0.032201	0.00989882	0.0378147
0.0271849	0.00484059	0.0380943
0.0411184	0.0154182	0.0367828
0.00302878	0.0036578	0.0411017
0.0407284	0.0149272	0.0369454
0.0233487	0.00634663	0.0386435
0.0224317	0.011803	0.0388717
0.039553	0.0130849	0.0370756
0.0364648	0.015104	0.0372753
0.0223807	0.00472117	0.0390213
0.0348035	0.00243159	0.0375966
0.0189361	0.0134045	0.0390315
0.0458955	0.016719	0.0363038
0.0219898	0.0145541	0.0389497
0.0311971	0.0124504	0.0377554
0.0131318	0.0100735	0.0396033
0.0295676	0.0141089	0.0379624
0.0193436	0.00047872	0.0390618
0.0459555	0.00126869	0.036102
0.02323	0.00364417	0.0386524
0.0348308	0.00407535	0.0372726
0.0328184	0.0150869	0.0376979
0.0208117	0.005139	0.0388873
0.0468882	0.00559803	0.036143
0.00446816	0.00575295	0.0407694
0.0510516	0.00487654	0.0359555
0.0158573	0.013898	0.0396018
0.0412227	0.00923869	0.0369582
0.01985	0.0120255	0.0391147
0.0379055	0.016911	0.0370822
0.0361155	0.0125115	0.0372739
0.0319461	0.0162288	0.0376347
0.0403394	0.01508	0.0370735
0.0225679	0.00800464	0.0388706
0.0459684	0.0156359	0.0363734
0.0291151	0.0150904	0.0382459
0.0417081	0.0147011	0.036515
0.0337622	0.0135717	0.03776
0.015051	0.0107558	0.0395421
0.0242215	0.00840899	0.0385959
0.0267354	0.00517124	0.0382319
0.0166468	0.0148112	0.0394935
0.0308627	0.011285	0.0380207
0.00188604	0.00573175	0.0409711
0.0456911	0.0139829	0.0364845
0.0120654	0.0134702	0.0397424
0.0331418	0.0102635	0.0375782
0.019272	0.0127553	0.0389994
0.0344406	0.0114132	0.0375127
0.0353847	0.00959792	0.0373354
0.0279037	6.3858e-06	0.0382312
0.0295245	0.00337211	0.0378449
0.0274945	0.0127487	0.0382354
0.0365604	0.00437557	0.0371901
0.0286626	0.00942047	0.0379899
0.0264049	0.0129759	0.0384593
0.00410309	0.00728191	0.0408698
0.0337591	0.00712349	0.0375866
0.0425753	0.0154539	0.0366228
0.0167037	0.0114298	0.03923
0.0396633	0.0166519	0.0369026
0.0333692	0.0102702	0.0376858
0.0488767	0.0151008	0.0360366
0.0294618	0.00438004	0.0379066
0.00963672	0.0126473	0.0397966
0.0367299	0.00810372	0.0371896
0.0336837	0.0097462	0.0376408
0.0427532	0.00848038	0.036745
0.00967116	0.0163317	0.0401514
0.043552	0.0165344	0.0364344
0.0330713	0.00818182	0.0376365
0.0197221	0.00917949	0.0388618
0.0367073	0.00490435	0.0374955
0.042537	0.0159006	0.0367778
0.0408054	0.0125482	0.0369808
0.0185274	0.0119916	0.0390728
0.0236946	0.00617901	0.0385143
0.0355642	0.00277186	0.0375207
0.0160512	0.00585118	0.0394923
0.0250888	0.0131055	0.0383438
0.0212838	0.0140393	0.03877
0.0100844	0.00711404	0.0397789
0.0425883	0.00815676	0.0365851
0.0293075	0.0070832	0.0380016
0.0264302	0.0123264	0.0384383
0.029235	0.0149852	0.0381337
0.0224409	0.0058982	0.0386582
0.0232786	0.0146765	0.0386878
0.0370732	0.0123079	0.0373636
0.0170582	0.0137305	0.0392226
0.0343665	0.00541235	0.0375885
0.00917297	0.0131279	0.0399787
0.0122078	0.0118538	0.040075
0.0354028	0.0124409	0.0373326
0.0359445	0.0127089	0.0372577
0.0415403	0.00621067	0.036744
0.0376791	0.00246701	0.0371368
0.0308853	0.0150108	0.0377585
0.0223718	0.0130353	0.0387382
0.0335749	0.00670973	0.0377883
0.0416476	0.0168772	0.0367484
0.041737	0.00961869	0.0365772
0.0258473	0.0102452	0.0384305
0.0330608	0.0157373	0.0375902
0.0220551	0.0129674	0.0387819
0.0196662	0.0125104	0.038945
0.0363335	0.0106243	0.0373359
0.0433531	0.0103707	0.0365125
0.0393484	0.00549078	0.0369851
0.0218034	0.00075206	0.0387974
0.0103223	0.013415	0.0400351
0.033905	0.0038808	0.037444
0.0290331	0.0134052	0.0380703
0.0276499	0.0187033	0.0379724
0.0246658	0.0151208	0.0386186
0.0446349	0.00640761	0.0364921
0.0406749	0.0167445	0.0366203
0.0343227	0.0125724	0.0375667
0.0306114	0.0111227	0.037971
0.0309023	0.01203	0.0379068
0.0332814	0.0106421	0.0376197
0.0360151	0.0136061	0.0375073
0.0425798	0.00375283	0.0366994
0.0398039	0.00932177	0.0368648
0.0317822	0.00444204	0.0377184
0.0380121	0.00981814	0.0371455
0.022649	0.0160428	0.0384844
0.0142997	0.0137061	0.0398748
0.0394599	0.00498081	0.0370209
0.0229725	0.0173875	0.038577
0.0393429	0.0162297	0.0371044
0.0315839	0.00569724	0.0378531
0.0315197	0.00482082	0.037759
0.0277403	0.00845028	0.0382213
0.013584	0.00746512	0.0395341
0.0380494	0.00727982	0.0372994
0.0257059	0.0155318	0.0386025
0.023326	0.00623912	0.0385278
0.0448778	0.0115992	0.0364778
0.0512233	0.0160962	0.0357053
0.0339087	0.012533	0.0377135
0.0409861	0.00445761	0.0366151
0.023034	0.00474042	0.0385321
0.0349518	0.00083866	0.0375836
0.0234728	0.0142614	0.0385228
0.0440055	0.0136474	0.0365215
0.0328314	0.00902144	0.0376115
0.0276356	0.00886649	0.0380997
0.0442905	0.00721633	0.0365475
0.0307931	0.0147336	0.0378095
0.0389625	0.0148284	0.0370912
0.0320437	0.00562881	0.0377222
0.0226465	0.00996025	0.0386016
0.0299971	0.0142366	0.0381922
0.0238277	0.0095134	0.0387559
0.0458713	0.0117939	0.0362354
0.0347686	0.01171	0.0373515
0.0228725	0.00772313	0.0388998
0.0443437	0.0109886	0.0365652
0.0313072	0.00758593	0.0377655
0.0408267	0.00663399	0.0370327
0.0379438	0.0130848	0.0369849
0.0117291	0.00551351	0.0395048
0.0310029	0.016327	0.0380904
0.0239683	0.00183462	0.0387026
0.0221105	0.00715155	0.0386343
0.0240958	0.00515875	0.0385778
0.0352003	0.000513807	0.0372877
0.0447245	0.0109131	0.0363961
0.049943	0.0113003	0.0359801
0.0302741	0.0145604	0.0378831
0.03661	0.00863255	0.0373794
0.0193953	0.0127856	0.0389856
0.0359098	0.00662109	0.0372924
0.0364257	0.0123179	0.0373221
0.0117649	0.00876776	0.0400531
0.0406731	0.00485302	0.0370311
0.0283126	0.0105622	0.0381521
0.0116927	0.013294	0.0401698
0.0216171	0.0136265	0.0387692
0.0484017	0.0116577	0.0360803
0.0456876	0.011491	0.0364125
0.0319149	0.010978	0.0377003
0.0285248	0.0124669	0.0382
0.0418956	0.0104107	0.0367625
0.0281639	0.00467939	0.037982
0.0407492	0.0123078	0.0367782
0.0281881	0.0061595	0.038166
0.0229512	0.00813657	0.0385765
0.0319055	0.00722345	0.0377175
0.0188612	0.0100089	0.0391638
0.0302913	0.0169227	0.0378061
0.0203801	0.00632092	0.038995
0.00125306	0.0111003	0.0413719
0.0319331	0.0114335	0.0377102
0.0378442	0.012537	0.0373095
0.0413076	0.00518817	0.036973
0.0327918	0.00957671	0.037743
0.043333	0.00846096	0.0366163
0.0348987	0.00143501	0.0375841
0.0463509	0.0158957	0.036285
0.0278124	0.0107226	0.0381352
0.0318397	0.0114866	0.037716
0.0381683	0.0146305	0.037169
0.0443163	0.00287879	0.0366963
0.00401593	0.0112714	0.0403498
0.032653	0.0150543	0.0377463
0.0290457	0.00142222	0.0380391
0.0316014	0.0111639	0.0378882
0.0194778	0.00960245	0.0390228
0.0245156	0.00540071	0.0384454
0.0470516	0.00526708	0.0361141
0.0242215	0.0100268	0.0385898
0.0499585	0.00798246	0.0358608
0.0407219	0.0156295	0.0370449
0.0365412	0.0122885	0.037337
0.0200695	0.0130304	0.0387972
0.0410458	0.00918628	0.0367417
0.0346636	0.009858	0.0374602
0.0297503	0.0156091	0.0378701
0.0245063	0.00656189	0.0384945
0.0177554	0.00355786	0.0391187
0.0356153	0.012458	0.0372958
0.0288791	0.0112653	0.0379948
0.0403891	0.012792	0.0369194
0.041954	0.0132391	0.0367588
0.036408	0.0162104	0.0370868
0.0140289	0.00646214	0.0396116
0.0359523	0.0087479	0.0373983
0.0302838	0.0106781	0.038042
0.0169494	0.0156895	0.0394154
0.0346735	0.00522891	0.0373655
0.0245164	0.00909571	0.0385433
0.05117	0.00996787	0.0358727
0.0305578	0.0030621	0.0378731
0.016314	0.0104817	0.0391848
0.0360068	0.0133023	0.0372941
0.035375	0.0117533	0.037498
0.0162599	0.00889351	0.0393797
0.0282986	0.0055582	0.0379261
0.0344254	0.00518208	0.0376283
0.0417492	0.00736569	0.0367407
0.0259889	0.0146125	0.0382759
0.0312777	0.0115285	0.0377462
0.0210835	0.0101061	0.0387355
0.0157427	0.0113091	0.039603
0.0213413	0.00951299	0.0387035
0.0128799	0.0128511	0.0398379
0.0429547	0.000359195	0.0365319
0.0283174	0.0132552	0.038112
0.0371283	0.00762914	0.0372193
0.0175126	0.0124156	0.0390331
0.0346905	0.0114199	0.0376216
0.0159379	0.00577637	0.0394716
0.0337595	0.0110573	0.0375049
0.0332906	0.0077998	0.0376656
0.0321965	0.00951552	0.0377835
0.032847	0.016539	0.0377151
0.0273969	0.00605529	0.0382002
0.0319104	0.0147516	0.0375725
0.00675687	0.0122473	0.0400026
0.0469094	0.014348	0.0363971
0.01433	0.0130146	0.0394824
0.0442816	0.0102965	0.0365646
0.0017769	0.00979149	0.0411196
0.0210255	0.0110323	0.0389471
0.0353021	0.0137679	0.0373805
0.0275497	0.00705767	0.038262
0.00129553	0.0127006	0.0412629
0.0300011	0.0149612	0.0379593
0.0287828	0.00751179	0.0380641
0.0370925	0.0143652	0.0371731
0.0378428	0.00240269	0.0370045
0.0154309	0.0144104	0.0395452
0.0172323	0.00819927	0.0391407
0.012855	0.0118274	0.0396026
0.0205486	0.0103308	0.0388268
0.0213192	0.00690445	0.0388846
0.0291938	0.0132888	0.0380803
0.0122643	0.0118515	0.0395479
0.0165151	0.000650193	0.0396869
0.0416114	0.0158539	0.0367578
0.0372048	0.0126987	0.0373614
0.0116665	0.00376659	0.0396286
0.0426333	0.0123265	0.0367589
0.0231033	0.0142213	0.0389413
0.0235538	0.00283602	0.0386347
0.0417373	0.0114797	0.0368548
0.0222125	0.0065426	0.0389947
0.0338395	0.0151589	0.0375285
0.0270708	0.00268462	0.038405
0.0388033	0.0111106	0.0370792
0.0426747	0.0129424	0.0366666
0.0206293	0.00383737	0.0386047
0.0165289	0.00252289	0.039397
0.0411015	0.0114426	0.036885
0.0419099	0.000961772	0.0366822
0.0318942	0.00801164	0.0377431
0.0158995	0.00698377	0.0391473
0.0388774	0.0120069	0.0369603
0.0253357	0.00369364	0.0383014
0.0289483	0.0122169	0.0379823
0.0317546	0.0100665	0.0377085
0.030681	0.00981248	0.0378266
0.0376197	0.00754615	0.0372214
0.0168527	0.0121667	0.0391438
0.0276563	0.0107611	0.0381436
0.0345229	0.015141	0.0373626
0.0266281	0.0131141	0.0383709
0.0447356	0.010765	0.0363126
0.0193506	0.0146078	0.0389023
0.0237037	0.0141782	0.0386221
0.0280925	0.00894869	0.0381098
0.0309326	0.0121213	0.0378515
0.0324102	0.0129725	0.0377635
0.0319208	0.00247828	0.0378383
0.0253799	0.00443961	0.038292
0.0207439	0.0103845	0.0387732
0.0342149	0.0129971	0.0375295
0.0147514	0.0126743	0.0398244
0.0285402	0.0120168	0.038143
0.0259367	0.0144165	0.0384818
0.0159226	0.0109824	0.0392196
0.0347426	0.00173997	0.0374459
0.0330332	0.0111696	0.0377389
0.031849	0.00102093	0.0375703
0.0361974	0.00918094	0.0374322
0.0306407	0.00188423	0.0378083
0.0332489	0.0138845	0.0377578
0.042612	0.00654365	0.0365925
0.00335556	0.0163515	0.0409376
0.0396457	0.0154747	0.0370031
0.0280795	0.00408788	0.0381761
0.0394607	0.012812	0.0368843
0.0356851	0.0026677	0.0373381
0.0418826	0.00627494	0.0367075
0.035661	0.00615153	0.0375785
0.0366799	0.0158686	0.0373529
0.0323635	0.0113892	0.0377184
0.0299874	0.00990091	0.0379053
0.0277668	0.0117773	0.0382006
0.0372309	0.0167746	0.0372812
0.0283451	0.0123933	0.0380927
0.0313932	0.0141697	0.0376317
0.0462696	0.00742716	0.036349
0.0401714	0.0153073	0.0369317
0.0198487	0.00960833	0.0388916
0.0135538	0.0156065	0.0396137
0.0134328	0.00524126	0.0393491
0.0125302	0.0168939	0.0397232
0.0377764	0.00828022	0.0371782
0.041057	0.0144517	0.0368408
0.0189798	0.0156857	0.0392144
0.0360533	0.0140533	0.0371683
0.0457068	0.012918	0.0365096
0.0398563	0.0112323	0.0368237
0.0364801	0.0168041	0.0375532
0.0248615	0.0109074	0.0384893
0.045495	0.00726196	0.0362922
0.0331401	0.00376902	0.0376867
0.0264913	0.00036859	0.038362
0.0366697	0.0152755	0.0374433
0.0380598	0.0121717	0.0372601
0.0425519	0.0152268	0.0365402
0.0303272	0.0148527	0.0379382
0.0320635	6.13533e-05	0.0378064
0.0379119	0.0131076	0.0371726
0.0126626	0.0130107	0.0397752
0.0409133	0.0103969	0.036726
0.0244036	0.00950876	0.0386917
0.0539555	0.00508943	0.0356623
0.0310428	0.0171631	0.0376941
0.0235122	0.00514457	0.0385712
0.0300454	0.0143663	0.0380405
0.0179152	0.0117275	0.0390264
0.027655	0.012116	0.0382126
0.0353638	0.0120863	0.0373093
0.0278319	0.0131881	0.0380034
0.0172299	0.0185236	0.0390388
0.0241074	0.00653566	0.0387116
0.0244135	0.00559874	0.0384125
0.0352716	0.00931746	0.0375085
0.0256083	0.0105392	0.0385223
0.0343581	0.0130203	0.0374879
0.0259422	0.0105157	0.0383857
0.0211032	0.0134334	0.0387584
0.0400961	0.0125541	0.0367679
0.0172266	0.00910146	0.039465
0.0172925	0.00646783	0.0390748
0.0355295	0.00842762	0.0374319
0.0423421	0.0101451	0.0366417
0.0320299	0.0147748	0.0379834
0.0232715	0.0157137	0.0386592
0.0345173	0.00875874	0.0374208
0.0514426	0.000593864	0.0360389
0.0332448	0.016549	0.0378072
0.0315356	0.00971166	0.0377513
0.0269902	0.0112431	0.0383778
0.0420107	0.0169665	0.0367383
0.0429937	0.0161738	0.0368365
0.0337353	0.00455589	0.0376824
0.0219037	0.00593831	0.0386784
0.0351341	0.0167376	0.0372328
0.0315965	0.0157757	0.0376853
0.0308663	0.0159969	0.0376486
0.0248071	0.0163624	0.0384576
0.0220809	0.00796352	0.0387567
0.0277291	0.00818346	0.0381148
0.0257126	0.0131756	0.0382882
0.0353175	0.0131758	0.0374442
0.0290183	0.0159184	0.038065
0.033087	0.0107586	0.0375865
0.00843504	0.0120248	0.0402459
0.0235073	0.00695853	0.0385612
0.033738	0.00890689	0.0374681
0.0361331	0.0152031	0.0373132
0.0368752	0.00878701	0.0372914
0.0341386	0.00715177	0.03743
0.0403763	0.0122784	0.0370246
0.0500965	0.0105182	0.0355679
0.0346678	0.0151304	0.0374582
0.0288922	0.00397949	0.0380041
0.0362074	0.014694	0.0372579
0.0220461	0.0149875	0.0388517
0.0474128	0.0122717	0.0362604
0.0349961	0.0126393	0.0375827
0.0415238	0.0108792	0.0367242
0.0416039	0.00825091	0.0368968
0.0207426	0.00860584	0.0390547
0.00469331	0.0127999	0.0403693
0.0228062	0.00753114	0.038687
0.0232774	0.00916543	0.038604
0.0333623	0.00681927	0.0376397
0.0207951	0.0155063	0.0389019
0.0284565	0.00592025	0.0380934
0.051358	0.00403176	0.0357768
0.0258045	0.0145754	0.0383986
0.0384038	0.00947922	0.0370133
0.0241951	0.0106918	0.0385252
0.0272948	0.000217357	0.0378557
0.0280772	0.0111509	0.0381753
0.0230914	0.000841982	0.0386903
0.0335158	0.00672728	0.0377903
0.0115896	0.00771233	0.0397337
0.0320193	0.00334505	0.0378179
0.0289347	0.0111194	0.0381064
0.0222199	0.0143302	0.0387757
0.042329	0.0118207	0.0367765
0.0258969	0.0105609	0.0383228
0.028464	0.00564883	0.0381548
0.0401827	0.00374345	0.0371306
0.0244039	0.00313581	0.0383928
0.0181937	0.00139144	0.0392374
0.0165535	0.0105424	0.0393269
0.0340532	0.0107856	0.0376241
0.0341782	0.0103198	0.0375283
0.0183376	0.0106911	0.0390604
0.0267597	0.00347852	0.0382377
0.0405806	0.00871375	0.0367913
0.0304814	0.0167908	0.037932
0.0118018	0.0162989	0.0398648
0.0158587	0.00350969	0.0393156
0.0342585	0.0146981	0.0374398
0.0352404	0.0145321	0.0373882
0.026949	0.00861217	0.0383176
0.0391342	0.0117434	0.0369791
0.0428096	0.00358524	0.0365315
0.0270628	0.00792233	0.0382907
0.0302665	0.00976204	0.0380178
0.00690943	0.00878864	0.0402277
0.0326877	0.0162891	0.0376989
0.0509939	0.0109687	0.0360377
0.0237135	0.0110433	0.0386572
0.0410733	0.0088972	0.0368508
0.0335798	0.0139995	0.037488
0.0333523	0.0143408	0.0376387
0.0474199	0.00470874	0.035935
0.035239	0.015066	0.0374102
0.0335184	0.0144022	0.0376596
0.0408669	0.0106974	0.0368895
0.0316119	0.0138454	0.0377471
0.0196763	0.0107303	0.0389741
0.0333941	0.00567381	0.0377105
0.035363	0.00549112	0.0373959
0.0282997	0.00913816	0.0380962
0.046608	0.0159719	0.0364004
0.0300434	0.00399765	0.0380374
0.0381969	0.0132049	0.0372039
0.0202276	0.0134929	0.0390483
0.0335321	0.01266	0.037612
0.0134328	0.012775	0.0396033
0.0213689	0.00933982	0.038817
0.0343031	0.00288301	0.0375576
0.0347248	0.0145136	0.037581
0.0466367	0.0142243	0.0364527
0.00230133	0.0126065	0.0408816
0.041091	0.0140205	0.0368725
0.0254043	0.0112892	0.0384834
0.0285521	0.00797559	0.0380073
0.0476528	0.0215137	0.0359386
0.0325744	0.008737	0.037783
0.0376467	0.0128202	0.0371352
0.0347912	0.00982035	0.0374054
0.0316988	0.0105715	0.0378528
0.0231448	0.00977946	0.0385379
0.0402231	0.00693733	0.0368777
0.0216562	0.0156069	0.0391373
0.0278787	0.0138121	0.0381242
0.0094919	0.017287	0.0400986
0.0325065	0.0147335	0.0377329
0.0508193	0.0147039	0.0360076
0.0202664	0.00687824	0.0391534
0.036442	0.0108704	0.0373846
0.00597972	0.00703712	0.0401486
0.0270425	0.011334	0.0382984
0.0296248	0.00262359	0.0378032
0.026753	0.0130604	0.0383586
0.0250506	0.00128871	0.0384211
0.0052651	0.0104389	0.0407783
0.0170745	0.00776553	0.0395314
0.0232164	0.0135122	0.0385752
0.034506	0.0106268	0.0374934
0.0223786	0.0135921	0.0387559
0.0158153	0.00880485	0.0393677
0.034388	0.0174452	0.0375679
0.0360778	0.000134845	0.0372548
0.0323183	0.0156721	0.0377671
0.0449258	0.0106707	0.0363839
0.0384343	0.00850834	0.0372158
0.03377	0.0148553	0.0376091
0.0210786	0.011826	0.0390125
0.037248	0.0132523	0.0373488
0.0226938	0.0118749	0.0388439
0.0299695	0.00817295	0.0378663
0.0253865	0.0180943	0.0384617
0.039886	0.0120419	0.0369761
0.0226762	0.00804326	0.0389128
0.0125533	0.0118439	0.0396459
0.0472869	0.0093784	0.036242
0.0301503	0.0153606	0.0379319
0.00272509	0.01415	0.040882
0.0351899	0.0157054	0.0374008
0.0351419	0.00424193	0.0374755
0.0235922	0.00230051	0.0386352
0.0214437	0.0105816	0.038876
0.0234623	0.0126357	0.0386069
0.0331663	0.000186076	0.0376
0.0254463	0.00337997	0.038347
0.0381592	0.0113465	0.0370681
0.0231069	0.0039933	0.0385921
0.0279532	0.0106633	0.038205
0.0299854	0.0143716	0.0379826
0.0267605	0.00969083	0.0382143
0.033406	0.0132859	0.0374695
0.0237178	0.00199726	0.038601
0.00981295	0.0095217	0.0399429
0.0310009	0.0146466	0.0378806
0.0307335	0.0139426	0.0379228
0.0144897	0.0168219	0.0397712
0.0156614	0.0125642	0.0393737
0.0287275	0.00181021	0.037992
0.0290422	0.00794654	0.037944
0.0297538	0.000720398	0.0376417
0.0352109	0.0111477	0.037505
0.0297521	0.00724736	0.0378737
0.0384264	0.00940507	0.0371445
0.0436727	0.0161285	0.036698
0.0214783	0.0139637	0.0390947
0.0474777	0.00520427	0.0363953
0.00541653	0.000420041	0.0405726
0.042264	0.0166076	0.036754
0.0308318	0.00804948	0.0378429
0.0262863	0.00758138	0.0384532
0.0421725	0.0064506	0.0367288
0.0164893	0.00926272	0.0392699
0.0151662	0.0147615	0.0395484
0.0307965	0.0139908	0.0379092
0.0438464	0.010747	0.0364582
0.0180962	0.0141746	0.0389625
0.0198648	0.00853877	0.0389982
0.0239695	0.00983672	0.0384866
0.0372065	0.00673025	0.0370671
0.0266884	0.0116908	0.0381911
0.0384302	0.0148729	0.036974
0.0203616	0.00678626	0.0388717
0.0280145	0.0158947	0.0381465
0.032412	0.00782209	0.0377093
0.0249894	0.00838924	0.0383999
0.026494	0.0120319	0.038319
0.0318065	0.0112981	0.0377161
0.0168406	0.0116432	0.0392598
0.0436441	0.0106335	0.0366215
0.027783	0.00943219	0.0380912
0.0259469	0.0165828	0.0383146
0.0274001	0.00984655	0.0381851
0.0111586	0.00842365	0.0396564
0.0203543	0.0129692	0.038894
0.0282596	0.0136462	0.0381914
0.0369313	0.00845639	0.0372685
0.0175755	0.0135462	0.039314
0.0404509	0.00918088	0.0369238
0.0423444	0.00182669	0.0364592
0.0166487	0.00467938	0.0396237
0.0226845	0.0115333	0.0387939
0.0246082	0.00843387	0.0385219
0.0258709	0.0114109	0.0384505
0.0171946	0.00822338	0.0392539
0.0361232	0.00583035	0.0372996
0.0304373	0.0104626	0.0380546
0.022032	0.00959611	0.0389144
0.0241388	0.0118935	0.0386324
0.0416234	0.00468804	0.036815
0.0275999	0.014676	0.0380946
0.0477384	0.00374739	0.0362566
0.032496	0.0161296	0.0377159
0.0245309	0.010839	0.0384386
0.021353	0.0031263	0.0389223
0.030796	0.0110262	0.0378725
0.0277018	0.000670489	0.0381165
0.0516318	0.00512154	0.0357523
0.0257261	0.0107093	0.0383992
0.0255782	0.00914421	0.0383333
0.0182861	0.00983416	0.0389884
0.0294075	0.0084457	0.0379893
0.0214119	0.00887792	0.0388943
0.0173397	0.0156276	0.039402
0.0233684	0.00210911	0.0385329
0.0325328	0.0150087	0.0377023
0.0365362	0.0102482	0.0373618
0.0194917	0.0137184	0.0391674
0.022627	0.00285831	0.038926
0.0289243	0.0160939	0.0383493
0.0459888	0.00848702	0.0363262
0.0356229	0.0124252	0.0374969
0.0380263	0.013315	0.0371817
0.0274635	0.00849188	0.0382887
0.0343263	0.00762937	0.0375524
0.0440868	0.00485458	0.0366079
0.0327446	0.00575525	0.0376332
0.0200832	0.00780288	0.0389087
0.0267944	0.0117384	0.0382753
0.0357563	0.00491252	0.0372533
0.0484549	0.0108074	0.0361705
0.0379452	0.0167008	0.037138
0.0260795	0.0118268	0.0382969
0.016637	0.0108596	0.0391956
0.0143659	0.0137602	0.0396399
0.0493312	0.00492757	0.0359528
0.0167315	0.0133578	0.0395072
0.0347209	0.00415079	0.0374536
0.0175064	0.00715229	0.0391136
0.0352675	0.00182723	0.0371438
0.0329385	0.013066	0.037773
0.0366969	0.0179298	0.0370776
0.0406069	0.000255073	0.0368146
0.0475258	0.0129011	0.0363465
0.0501121	0.0146484	0.0358848
0.0442172	0.0122032	0.0362504
0.0362706	0.00688001	0.0372251
0.0531572	0.015468	0.0351452
0.0287998	0.0142391	0.0380952
0.0451134	0.00975508	0.0363362
0.0152768	0.0149738	0.0396615
0.0227481	0.00931906	0.0387245
0.00595041	0.0099966	0.0404392
0.0409847	0.0109629	0.0368932
0.0361531	0.0139617	0.0375035
0.0265091	0.0100718	0.0382308
0.0315986	0.0039294	0.0378497
0.0255374	0.00978174	0.0383213
0.031417	0.00635444	0.0377095
0.0291908	0.00580421	0.0380405
0.0320955	0.0135578	0.0375891
0.0332584	0.00275975	0.0375592
0.0161158	0.00750723	0.0395416
0.0211679	0.0102753	0.0387176
0.0264616	0.0137931	0.0383251
0.0317201	0.0153478	0.0377599
0.0311322	0.0140169	0.0379729
0.0384517	0.013438	0.0372028
0.0414432	0.0105426	0.0365918
0.0163685	0.0127975	0.0392744
0.0334363	0.00812628	0.0376867
0.0232278	0.0101023	0.0386116
0.0302819	0.0066888	0.0378785
0.0391553	0.00952384	0.0370136
0.0407583	0.0125913	0.0368787
0.0211482	0.0129283	0.0389569
0.0300064	0.0113885	0.0379176
0.0495906	0.0133114	0.0359108
0.0390002	0.00577007	0.0369834
0.0323996	0.0144375	0.0377054
0.0418022	0.0141622	0.0367548
0.0256824	0.00351288	0.0385299
0.0343106	0.0119203	0.0375289
0.0125242	0.00923439	0.0397424
0.0431958	0.0145918	0.0366339
0.0367595	0.0104066	0.0371545
0.0390712	0.00983585	0.0370891
0.0219969	0.0152777	0.0385906
0.0328656	0.0136289	0.037727
0.0339182	0.0114983	0.0375457
0.0316915	0.00411748	0.0377987
0.0412835	0.0133523	0.0366888
0.0205041	3.67588e-05	0.0388699
0.038381	0.0152655	0.0371345
0.0303665	0.0124643	0.0379298
0.0319025	0.014806	0.0377338
0.0293095	0.00863312	0.0379377
0.0264639	0.00046977	0.0381068
0.0321687	0.0056903	0.0378282
0.0237833	0.0138111	0.0384496
0.0366301	0.0149305	0.0371243
0.0393775	0.00728827	0.036999
0.0270524	0.0113983	0.0383651
0.0271058	0.0147835	0.0382456
0.0530908	0.0126428	0.0353862
0.0310904	0.0150394	0.0379949
0.0375045	0.0154326	0.0370641
0.0376019	0.0129738	0.0372105
0.0380579	0.0083881	0.0371643
0.0231586	0.0148361	0.0389466
0.0368133	0.0158919	0.0371319
0.0228543	0.00872233	0.0386415
0.0415102	0.0150368	0.0366559
0.0313099	0.00556095	0.0379055
0.0179614	0.00817066	0.0393408
0.0374498	0.0106016	0.0372308
0.0171567	0.00346309	0.0391765
0.0295892	0.0164168	0.0378773
0.0372319	0.015398	0.0370466
0.0462257	0.0145692	0.036233
0.0207211	0.0121461	0.0390507
0.0411677	0.0095072	0.0367137
0.0308822	0.0162007	0.0378767
0.0285843	0.0153241	0.0380006
0.0133294	0.0154101	0.0395432
0.0323682	0.0130577	0.0376753
0.0396324	0.013976	0.0370174
0.0162908	0.0147515	0.0394651
0.0408173	0.0104628	0.0367413
0.0387678	0.0166898	0.0368955
0.032652	0.00915101	0.0376343
0.0192182	0.00397435	0.0388847
0.0216368	0.0107963	0.0387796
0.0231328	0.0157411	0.0387847
0.0265626	0.0153741	0.0381765
0.0365399	0.00992936	0.0373595
0.0351649	0.00224853	0.0374393
0.0216258	0.0124687	0.0387961
0.041108	0.0123946	0.0367221
0.0204922	0.0114562	0.0390752
0.0360258	0.0103438	0.037277
0.00835576	0.00320555	0.0405458
0.0417884	0.00944028	0.0368051
0.0426704	0.00926569	0.0368255
0.0270765	0.00744628	0.0383039
0.0236961	0.00979778	0.0385932
0.0196115	0.0153991	0.0390521
0.0341908	0.00576113	0.0374279
0.0168386	0.000400372	0.039171
0.021832	0.00439241	0.038508
0.0343799	0.0131047	0.0374065
0.0252773	0.0110988	0.038495
0.0256736	0.0107536	0.0383498
0.0370518	0.0118836	0.037207
0.0236072	0.00490284	0.0386749
0.027055	0.00113	0.0383834
0.039295	0.00614144	0.0370251
0.0337782	0.00878777	0.0375376
0.0265521	0.00830953	0.0384934
0.0327865	0.0145855	0.0375665
0.0179339	0.00968066	0.0390331
0.036624	0.00913619	0.0373946
0.00420954	0.0145791	0.0408502
0.0272642	0.0112099	0.0382784
0.0425894	0.00770912	0.0364899
0.0433836	0.00798489	0.0365368
0.00554057	0.00633274	0.0402475
0.0204118	0.0110058	0.039168
0.029062	0.00491848	0.0378952
0.0332461	0.0115295	0.0377777
0.0396714	0.00429793	0.0368799
0.0365759	0.0130448	0.0373174
0.000441842	0.0149028	0.0407544
0.0305781	0.0110663	0.0379813
0.0351544	0.00874713	0.0375708
0.0309319	0.0133183	0.0380121
0.00887687	0.0158911	0.0397549
0.0301532	0.00494948	0.0380124
0.0244905	0.00961264	0.0384434
0.0132338	0.00858441	0.0397427
0.0310442	0.0129188	0.0379255
0.0163826	0.00611368	0.03923
0.031965	0.0123549	0.0377771
0.0362592	0.0089168	0.0373684
0.035203	0.0087671	0.0373816
0.0353525	0.0157574	0.0375834
0.0322073	0.00882753	0.0376656
0.0261109	0.0118747	0.0385497
0.0198502	0.0104985	0.0390325
0.0297813	0.0113328	0.038073
0.0252784	0.00498169	0.038346
0.0234803	0.0153367	0.0385931
0.0131474	0.00784522	0.0394766
0.0291959	0.0123824	0.0380753
0.0328368	0.0121827	0.037618
0.0379985	0.0166574	0.0371656
0.0317691	0.0100246	0.0377421
0.0273293	0.0112025	0.0381729
0.0255057	0.0057659	0.0384559
0.0441277	0.0055488	0.0365242
0.039029	0.0071277	0.0370779
0.0366667	0.011139	0.0373833
0.0332465	0.0016569	0.0377105
0.0457133	0.00117861	0.0364051
0.0259994	0.010958	0.0383135
0.0331668	0.00824628	0.0376141
0.0350054	0.0102903	0.0373691
0.0271797	0.00129163	0.038036
0.0306157	0.00896217	0.0378991
0.0280864	0.0129915	0.0381848
0.0324025	0.00997802	0.0376527
0.0236912	0.0116476	0.0386955
0.0312851	0.00792872	0.0377662
0.0298849	0.00663603	0.0380166
0.035269	0.00855293	0.0374684
0.0350684	0.00903417	0.0373658
0.0280363	0.00751321	0.0381209
0.0295477	0.00159143	0.0378188
0.0360196	0.00948538	0.0373129
0.0203994	0.00128578	0.039025
0.0389263	0.0123585	0.0369648
0.0226266	0.0103355	0.0386523
0.033776	0.00726563	0.0375532
0.0412623	0.00389172	0.0367715
0.0343511	0.00264454	0.0376879
0.0330173	0.0126926	0.0376019
0.0364926	0.0121199	0.037273
0.0370779	0.002635	0.0372547
0.0413417	0.00999492	0.0367528
0.0359712	0.0121258	0.0372331
0.027798	0.0143109	0.0382188
0.0297567	0.0103494	0.0379127
0.0419273	0.0153662	0.0367464
0.0457553	0.0129245	0.0365203
0.0344545	0.014349	0.0375264
0.0182147	0.0100787	0.0393385
0.0259237	0.0102075	0.038283
0.0422011	0.0131502	0.036717
0.027576	0.0118588	0.0380977
0.00981686	0.00969258	0.0400185
0.0402805	0.00239804	0.0369427
0.0372076	0.00124899	0.0369787
0.0287519	0.0130081	0.0381916
0.0319031	0.0145255	0.0376726
0.016322	0.00819496	0.0392644
0.0110072	0.0139121	0.0396651
0.0338133	0.01561	0.0376274
0.0372618	0.0109773	0.0372843
0.0319943	0.00622549	0.0377714
0.0231998	0.0188508	0.0384668
0.0217351	0.0114622	0.0388618
0.0270033	0.0073053	0.0382595
0.0225225	0.0125102	0.038639
0.0175528	0.0149285	0.0394081
0.0211296	0.00991329	0.0387475
0.0464832	0.0164265	0.0361308
0.0335945	0.00751225	0.0376754
0.0482089	0.016628	0.0359487
0.035491	0.00824573	0.0373187
0.0170269	0.00929931	0.0391122
0.0122581	0.0169988	0.0396319
0.0380669	0.00894866	0.0371884
0.023851	0.00670816	0.038539
0.0347631	0.00888007	0.0374682
0.0216956	0.0118648	0.0389031
0.0199089	0.015133	0.0391762
0.0333719	0.00485214	0.0374462
0.0369866	0.00542225	0.0371768
0.0257287	0.00720733	0.0385067
0.0267516	0.00936105	0.0384018
0.0415669	0.0158502	0.0368403
0.0240537	0.00338274	0.0384772
0.0220412	0.00227888	0.0386267
0.0244471	0.00613788	0.0384903
0.047678	3.92812e-05	0.0364469
0.0412422	0.00547905	0.0368482
0.0296817	0.0147213	0.0378926
0.0459583	0.00450037	0.0360905
0.0421639	0.00847446	0.0366578
0.0305509	0.0091857	0.037821
0.031054	0.0164401	0.0380885
0.0387305	0.00686545	0.0372034
0.0426209	0.00936033	0.0365679
0.0500829	0.0125662	0.0358954
0.0397475	0.00539326	0.0367694
0.0182942	0.00660582	0.0392828
0.0390304	0.00877635	0.0370919
0.0371038	0.012907	0.0373896
0.0282637	0.00532784	0.0381419
0.0267421	0.0131863	0.0382589
0.0214232	0.0104975	0.0388888
0.0292273	0.00213874	0.0381179
0.0265651	0.0141972	0.0382794
0.0381236	0.00692805	0.0370188
0.0355748	0.0131602	0.0374034
0.000534777	0.0123992	0.0409496
0.0303539	0.0103393	0.0379128
0.0199884	0.00718596	0.0391828
0.0431918	0.0139007	0.0367913
0.0440273	0.00926952	0.0366928
0.00668045	0.00265742	0.0401973
0.0478768	0.0136609	0.0361099
0.0199263	0.0125829	0.0390647
0.0171171	0.0043026	0.0391744
0.0359731	0.00260655	0.0374741
0.043514	0.0115217	0.0364609
0.0396829	0.00607823	0.0367905
0.0225034	0.010066	0.038632
0.0270962	0.0128486	0.0383276
0.0383959	0.00780888	0.0369929
0.0263148	0.0115855	0.038512
0.0322826	0.0130639	0.0376614
0.0289571	0.0078481	0.0380757
0.0303205	0.0101766	0.0378552
0.0210878	0.0120655	0.0389829
0.0416072	0.016154	0.0367755
0.0319877	0.00804227	0.0377084
0.0171724	0.0120423	0.0393221
0.02485	0.00757649	0.0384381
0.0373514	0.00816666	0.0371964
0.0427831	0.00807142	0.0367052
0.0209894	0.0101551	0.0387579
0.0385401	0.00790777	0.0370906
0.0368076	0.0111263	0.0373568
0.0148468	0.00463456	0.0394549
0.0409982	0.00881618	0.0368601
0.034909	0.0122832	0.0373706
0.0251565	0.00635141	0.0384318
0.0351654	0.0119883	0.037356
0.0420592	0.0090484	0.0368287
0.0116641	0.00528423	0.0397046
0.033619	0.0123655	0.0374606
0.0436598	0.0131547	0.0366095
0.0160619	0.00224026	0.0394481
0.0391517	0.00610211	0.0370297
0.00710811	0.00912214	0.0402806
0.0346211	0.00866672	0.0374315
0.0336586	0.0129323	0.0374939
0.0133935	0.00323083	0.0395145
0.0458215	0.0145442	0.0365174
0.0262277	0.00873432	0.0383075
0.0345645	0.00299939	0.0374707
0.0354066	0.00840585	0.037321
0.0177773	0.00922665	0.0393841
0.0354382	0.0117835	0.0373706
0.0382596	0.00535216	0.0370641
0.0262403	0.00818076	0.0383011
0.0346211	0.0113297	0.0374142
0.0267761	0.0114948	0.0384001
0.0323428	0.0112429	0.037667
0.00309324	0.0141948	0.0408468
0.0400521	0.00747462	0.0369264
0.0388612	0.00962884	0.0369122
0.0314097	0.0131605	0.0377831
0.025487	0.0101241	0.0383645
0.0369782	0.0104853	0.0371856
0.0318159	0.00627099	0.0377358
0.0305287	0.00334894	0.0380023
0.0317127	0.0141148	0.0376755
0.0242316	0.0106332	0.0384494
0.0355207	0.0147936	0.0373605
0.0383703	0.00291225	0.0371367
0.00913257	0.00311783	0.0399704
0.0377641	0.0166051	0.0369612
0.0445514	0.0128958	0.0363654
0.0348997	0.0158303	0.0374842
0.0160357	0.016116	0.0395151
0.037484	0.0147751	0.0372216
0.0378561	0.009457	0.0370405
0.0270463	0.0142097	0.0383819
0.0274012	0.0119644	0.0383078
0.035284	0.0152006	0.0376503
0.0189256	0.00417253	0.0390113
0.0381051	0.0098323	0.0370148
0.022937	0.0117492	0.0387269
0.0368251	0.00571852	0.0371073
0.0257511	0.00501623	0.0382461
0.0408494	0.012399	0.0367452
0.0431611	0.0125112	0.0366551
0.0326228	0.0132845	0.0375302
0.0358156	0.00382284	0.0374085
0.0350223	0.0153414	0.0373597
0.0221037	0.0090759	0.0389467
0.0145007	0.0137012	0.0392855
0.0358844	0.0108254	0.0374125
0.0315402	0.012249	0.0377801
0.0170535	0.0113611	0.0391887
0.0381577	0.0090382	0.0370439
0.0339375	0.012384	0.0375051
0.0439356	0.00599851	0.0365413
0.0156313	0.00477056	0.039415
0.044698	0.00732339	0.0365001
0.0167949	0.00381839	0.0391339
0.0289088	0.0107078	0.0379997
0.0394323	0.0147759	0.036871
0.0129538	0.0154489	0.0396617
0.0380944	0.0102095	0.0371686
0.0356377	0.00394885	0.0373387
0.0324109	0.0162605	0.0377817
0.0192258	0.0106523	0.0389095
0.048952	0.0119861	0.0361597
0.0445272	0.0040111	0.0366777
0.0342913	0.0105907	0.03758
0.0370032	0.00401833	0.0371129
0.0222033	0.00942689	0.0387826
0.020283	0.00446782	0.0389142
0.0296733	0.0125273	0.0380848
0.0404994	0.0154854	0.0368688
0.0326965	0.00832333	0.0376634
0.024242	0.0101132	0.0386506
0.01438	0.0147105	0.0398875
0.0254568	0.00825858	0.0382726
0.0424145	0.00113592	0.0365479
0.0261782	0.00496696	0.0383165
0.0117165	0.0108294	0.0398356
0.0131928	0.00849573	0.0397389
0.0361721	0.00522539	0.0373785
0.0310571	0.0156731	0.0379271
0.0188831	0.0172115	0.0391752
0.0363025	0.0147775	0.0372003
0.0361531	0.0154378	0.0375655
0.0216123	0.0146655	0.0387908
0.0181382	0.0160449	0.039143
0.0410246	0.0115909	0.0369316
0.0469734	0.00940306	0.0364208
0.0373194	0.0102647	0.0371418
0.0497477	0.0116588	0.0357596
0.0250409	0.00758301	0.0384764
0.0281592	0.0140925	0.038054
0.0284642	0.00680933	0.0381078
0.0221712	0.00793033	0.0387521
0.0161362	0.0165332	0.0392439
0.0395457	0.013755	0.0371552
0.0110005	0.00529978	0.0397245
0.0248169	0.00825334	0.0386785
0.0404467	0.013129	0.0368535
0.0240268	0.0156605	0.0387756
0.0195408	0.00535652	0.0389432
0.0504376	0.0150324	0.0359197
0.0199799	0.0133857	0.038954
0.0238439	0.0135081	0.0386279
0.0279923	0.00610674	0.0382528
0.0169741	0.0120892	0.0395598
0.0289224	0.00608411	0.038106
0.0129242	0.00595679	0.0395984
0.0402481	0.00796164	0.0367649
0.037226	0.0148627	0.0373708
0.0216006	0.0102945	0.0388568
0.0244006	0.0158577	0.0385625
0.0383346	0.00737916	0.037002
0.0336632	0.00661327	0.0374731
0.0282881	0.0131715	0.0381505
0.0288338	0.00599832	0.0380248
0.0244164	0.0106522	0.0384826
0.0424649	0.0123632	0.0367971
0.0114398	0.00277947	0.0394447
0.0423529	0.0119111	0.0367826
0.0343864	0.00658925	0.0374898
0.0284853	0.0115643	0.0380287
0.0253139	0.0133219	0.038323
0.0356514	0.0145658	0.0372398
0.039916	0.0119254	0.0368006
0.0406366	0.00410534	0.0368791
0.00808971	0.00581853	0.0403091
0.0198118	0.0108757	0.038851
0.0463504	0.00905071	0.0363347
0.0325992	0.0125568	0.0376811
0.0432208	0.00751312	0.036607
0.0418207	0.0144581	0.036626
0.0287861	0.0089404	0.0381044
0.044262	0.0132375	0.0364939
0.0335082	0.00973198	0.0376672
0.018305	0.00246373	0.0390018
0.0399552	0.0109146	0.0368226
0.0259871	0.0143794	0.0383782
0.0387891	0.00439612	0.0368478
0.0281559	0.0112703	0.0383262
0.0445852	0.00530379	0.0366533
0.0160573	0.0114558	0.0393447
0.0294055	0.0168003	0.0380119
0.0268019	0.016237	0.0385118
0.0425178	0.0164662	0.0368937
0.0305888	0.0109618	0.0379456
0.0396244	0.0110051	0.0370004
0.0246857	0.00186737	0.0385788
0.0377567	0.014297	0.0373511
0.0233349	0.00828007	0.0388377
0.0358561	0.0149647	0.0375874
0.0364772	0.00977494	0.0373115
0.0288414	0.00494265	0.0381322
0.0226162	0.0141853	0.0385497
0.0351203	0.0136489	0.0373326
0.0325729	0.0123748	0.0378611
0.0237183	0.016533	0.0386283
0.0388343	0.00116621	0.0369893
0.0269534	0.00541924	0.0382342
0.0286496	0.0171737	0.038094
0.0164749	0.0121755	0.0391535
0.0457871	0.0127295	0.0364955
0.0379685	0.00444336	0.0370908
0.0358108	0.00489586	0.0373435
0.0222571	0.00156735	0.03864
0.018082	0.0113379	0.0392425
0.0307628	0.00224491	0.0378212
0.027934	0.015224	0.0381817
0.0348319	0.0116483	0.0375711
0.0160826	0.00957324	0.0394045
0.0372609	0.0129354	0.0372545
0.0496727	0.00980198	0.0359147
0.0214219	0.00642317	0.0387427
0.0324608	0.00622625	0.0376991
0.023246	0.0114061	0.0385332
0.0333235	0.00554127	0.0377166
0.038536	0.00308215	0.0371294
0.0285841	0.0164744	0.0379034
0.0160915	0.0151343	0.0392718
0.0219446	0.00688988	0.0387839
0.0185351	0.010832	0.0390887
0.0368873	0.0108424	0.0373214
0.0249151	0.0165871	0.0383757
0.035718	0.00896861	0.0374088
0.0162906	0.00124063	0.0391468
0.0326303	0.00287381	0.0375303
0.0324541	0.014093	0.0377267
0.0441941	0.00893513	0.0365267
0.033594	0.0110506	0.0375787
0.0429591	0.0128841	0.0367473
0.0361495	0.0129224	0.0374519
0.0291011	0.00779235	0.038149
0.0274614	0.00999245	0.0383653
0.0242557	0.0165351	0.0386566
0.0261796	0.00119741	0.0379908
0.0333595	0.00768805	0.0376709
0.0323505	0.00725834	0.0376835
0.0484651	0.0154472	0.0360656
0.0127654	0.0123265	0.0397553
0.0299781	0.0096079	0.0379422
0.0446099	0.00962879	0.0364977
0.0261604	0.0160986	0.0382391
0.0214136	0.0151715	0.0385871
0.023049	0.0058654	0.0385759
0.0168342	0.0114253	0.0394831
0.0177012	0.00572413	0.0390542
0.0424157	0.0127753	0.036684
0.00654008	0.0141558	0.0402825
0.0417157	0.00555157	0.036659
0.0122908	0.00623657	0.0397959
0.0362606	0.00848518	0.0373493
0.0399556	0.00244376	0.0369888
0.0354652	0.00265125	0.0374206
0.0327764	0.0145545	0.0376347
0.0314207	0.0133921	0.037771
0.0422912	0.00827123	0.0365221
0.0224402	0.0122199	0.038702
0.00802721	0.0093576	0.0401932
0.0323004	0.0111931	0.0378139
0.0412474	0.0130942	0.0366965
0.0397197	0.00563882	0.0370195
0.0252221	0.00873901	0.0383657
0.0407177	0.0158112	0.0366368
0.0360988	0.0132879	0.0373777
0.0312545	0.00981928	0.0378802
0.0375027	0.00677469	0.0372396
0.0111969	0.014212	0.0395942
0.0204559	0.0147411	0.0388482
0.0422149	0.00538838	0.0366899
0.0241262	0.0150429	0.0385921
0.0275958	0.0102385	0.0382447
0.0400926	0.00494129	0.0371372
0.0453738	0.0118643	0.0363797
0.0324787	0.00891834	0.0376259
0.0469545	0.00997771	0.0361648
0.0215113	0.00704613	0.0387913
0.0212045	0.00618251	0.0387542
0.0138689	0.0101749	0.0395195
0.0220337	0.0022008	0.0387639
0.0388411	0.010552	0.0371412
0.0171001	0.0147121	0.0393289
0.0358825	0.0110476	0.0373923
0.0325248	0.00774643	0.0376702
0.0258809	0.0165815	0.0384138
0.0444752	0.0156077	0.0366793
0.0369004	0.0129043	0.0372951
0.0271251	0.0105068	0.0381855
0.037247	0.00478111	0.0371643
0.0430543	0.0120432	0.0367157
0.0330228	0.0108767	0.0376496
0.0352247	0.00905454	0.037495
0.0350863	0.0140399	0.037469
0.0339511	0.015014	0.0374392
0.0323337	0.0123699	0.0376967
0.0340547	0.0155288	0.0375948
0.0265918	0.0110671	0.0381769
0.024785	0.00864829	0.0384999
0.0399937	0.0109236	0.037002
0.0266335	0.0158803	0.0386002
0.0346792	0.0161723	0.0374805
0.0293452	0.00849009	0.0379934
0.0328412	0.0104524	0.0376549
0.0367263	0.00862594	0.0372829
0.0096017	0.0158092	0.0399678
0.0396126	0.00432746	0.0369181
0.0313029	0.00267244	0.0377965
0.0193036	0.0047724	0.0388863
0.0331504	0.00667402	0.0375995
0.0349381	0.0120968	0.0374205
0.0363694	0.00760672	0.0372204
0.0428544	0.0161932	0.036653
0.0323196	0.00152936	0.0378016
0.0468674	0.00511416	0.0364523
0.023484	0.0115477	0.0387571
0.0220656	0.0111061	0.0388249
0.0301071	0.016718	0.037916
0.0347715	0.00944808	0.0373974
0.0182944	0.00379556	0.0394326
0.0102743	0.0160336	0.0403851
0.0294901	0.00829874	0.0380151
0.0374228	0.00884825	0.0371286
0.0485453	0.0130009	0.0362189
0.0302696	0.0110654	0.0378705
0.0264143	0.0136348	0.0383824
0.0282486	0.00744383	0.0379924
0.029722	0.0119412	0.0379044
0.0243559	0.0102326	0.0384761
0.0237474	0.0102892	0.0386422
0.02255	0.0107513	0.0388998
0.0537813	0.00902856	0.0354125
0.0443422	0.0117171	0.0365312
0.0311013	0.00962069	0.0378938
0.0278838	0.010055	0.038097
0.0072084	0.0134542	0.0400291
0.0394162	0.00904433	0.0368521
0.00676911	0.0125111	0.0404032
0.036577	0.0158672	0.03752
0.0338178	0.00911065	0.0375075
0.0381402	0.00981736	0.0371627
0.0502053	0.0111286	0.0359149
0.0160856	0.00752402	0.0393277
0.0360589	0.0151573	0.0374865
0.0383544	0.0069328	0.0370816
0.0316676	0.0122837	0.0378024
0.0247476	0.00647482	0.0385679
0.0160768	0.00193922	0.0395759
0.0338742	0.0012367	0.037469
0.0302128	0.0113865	0.0379148
0.011973	0.00945861	0.0396263
0.00166939	0.00890633	0.0405062
0.0280429	0.00590057	0.038226
0.0206186	0.00660596	0.038815
0.0312441	0.00480052	0.0376157
0.0443832	0.0100918	0.0365585
0.0217399	0.00665472	0.0387401
0.0257343	0.015371	0.0383713
0.026994	0.0118898	0.0384609
0.042034	0.0140712	0.0369129
0.0181673	0.01436	0.0392246
0.0145458	0.00815185	0.0395196
0.0136245	0.00788797	0.0394098
0.0250566	0.0155635	0.0384382
0.0413754	0.0139446	0.0368456
0.028089	0.0158994	0.0381643
0.0244802	0.0094971	0.0384221
0.0433264	0.0137274	0.0365854
0.0400557	0.00972323	0.0368069
0.0336599	0.00334429	0.037604
0.0277153	0.0102679	0.0382501
0.0297821	0.003978	0.0380416
0.0236125	0.008694	0.0384803
0.0344103	0.0119207	0.0374178
0.0299708	0.00977306	0.0378854
0.00764168	0.00954475	0.040235
0.0272531	0.00745994	0.0381223
0.0175613	0.00155251	0.0394178
0.0243132	0.0108699	0.0384514
0.0323575	0.00160734	0.0375356
0.0344536	0.0138175	0.0375334
0.0281753	0.00916543	0.0381161
0.0428626	0.00757894	0.036645
0.0300402	0.00609447	0.0379804
0.0268172	0.00909021	0.0381984
0.0288872	0.00825629	0.0379836
0.0272584	0.000320584	0.0383056
0.032846	0.0124683	0.0375742
0.0341019	0.00941774	0.037465
0.0248006	0.0139744	0.0383558
0.0319887	0.0144758	0.0377303
0.0212333	0.0108987	0.038999
0.0326146	0.0121966	0.0377454
0.0269819	0.00884249	0.0382371
0.0389998	0.0113138	0.0369831
0.0444282	0.0032785	0.0363642
0.0271219	0.00891869	0.0382205
0.0221119	0.00892531	0.038661
0.0411191	0.0147338	0.0367156
0.0311328	0.0081544	0.0378117
0.0239938	0.0131747	0.038442
0.0385194	0.00979704	0.0371449
0.0393449	0.0124482	0.0369664
0.0482693	0.0079971	0.03599
0.0319929	0.00555268	0.0376428
0.0201466	0.00595864	0.0389233
0.0274661	0.00225795	0.038317
0.0323495	0.00180575	0.0378147
0.0186284	0.00520851	0.0390015
0.024483	0.0146046	0.0383685
0.0295684	0.00800699	0.0379989
0.0358062	0.0165106	0.0374318
0.0251321	0.00866408	0.0384025
0.0237821	0.0113986	0.0385372
0.0180679	0.00218706	0.0394822
0.0200367	0.00981107	0.0390122
0.0482097	0.0102304	0.0360374
0.0209835	0.00828084	0.0389396
0.0165519	0.00291383	0.0392155
0.0250412	0.00840758	0.038414
0.0214747	0.00665525	0.0388729
0.0279196	0.00642482	0.0381203
0.028025	0.0101606	0.0380859
0.00749949	0.00698883	0.0402876
0.0239394	0.0112721	0.038566
0.0322753	0.000402768	0.0377802
0.0287257	0.00867219	0.0379879
0.0323623	0.00315662	0.0378039
0.0257967	0.012374	0.0383398
0.034274	0.0120654	0.0375833
0.0218151	0.0104216	0.038757
0.0277165	0.00785916	0.0380979
0.0365485	0.00946854	0.037208
0.0362746	0.0108935	0.0373272
0.0318032	0.00705336	0.0377795
0.0199465	0.0129601	0.0391106
0.0478395	0.0132452	0.0360078
0.0420401	0.0113836	0.036818
0.0068339	0.00629034	0.0402998
0.0345507	0.0145052	0.0373829
0.0229517	0.012841	0.0385407
0.040098	0.0044636	0.0368355
0.017952	0.00469219	0.0390103
0.0234036	0.000679107	0.0387876
0.029807	0.0127956	0.0379281
0.0249921	0.0232313	0.0381997
0.0247268	0.00532805	0.0384615
0.0338518	0.0107167	0.0376434
0.0342915	0.0131629	0.0374148
0.0128562	0.00979527	0.0396977
0.0437053	0.00678656	0.0365373
0.0230496	0.0135081	0.0386706
0.029791	0.000530613	0.0383358
0.0314934	0.000760423	0.0378796
0.0313584	0.0132344	0.0376843
0.0104928	0.0147823	0.0400209
0.0277981	0.00386072	0.0380598
0.0265262	0.0163547	0.038302
0.0389423	0.0112316	0.0369492
0.0172151	0.00969671	0.0391888
0.0290456	0.0147739	0.0379631
0.0369139	0.008823	0.0372999
0.0244915	0.0123717	0.0383503
0.0378669	0.0120769	0.0372768
0.0445693	0.00807658	0.0364869
0.0260942	0.0115176	0.0384638
0.0287848	0.00711704	0.037971
0.0127216	0.014447	0.0396961
0.0266611	0.0131085	0.0383006
0.0350456	0.00936392	0.0373336
0.0225637	0.00322294	0.038732
0.00165773	0.00141965	0.0406974
0.0273994	0.00305069	0.0382818
0.0191651	0.0173785	0.0389519
0.0226323	0.0160545	0.0387448
0.0417356	0.00774157	0.0369104
0.0391297	0.0136118	0.0371693
0.0335322	0.0114867	0.0375862
0.0315271	0.00446073	0.0377781
0.0403421	0.0130334	0.0369383
0.0451101	0.0165683	0.0366237
0.0359552	0.0164239	0.0375835
0.0132829	0.00528702	0.0395955
0.0298347	0.0130455	0.0378915
0.0344208	0.00387052	0.0373839
0.0423901	0.00435779	0.0366012
0.000894246	0.0134504	0.0412063
0.0306233	0.0154601	0.0377795
0.037248	0.0109304	0.0372581
0.0380699	0.00570019	0.0370354
0.0458479	0.0132573	0.0365049
0.0328818	0.00564532	0.0376836
0.0347166	0.015117	0.0374631
0.0340439	0.00997846	0.0376031
0.0304294	0.0163225	0.0378974
0.0481041	0.0113287	0.0362104
0.0322535	0.00466037	0.0376533
0.0399864	0.000582136	0.0369827
0.0336689	0.00794552	0.0376544
0.0315277	0.00954435	0.0377541
0.0379508	0.00869279	0.037005
0.0156664	0.0104485	0.0393503
0.0451776	0.00812216	0.0366192
0.0285563	0.00788893	0.0381861
0.0318442	0.0121589	0.0378195
0.0450154	0.0129761	0.0363106
0.0298836	0.0139625	0.0378609
0.0286899	0.01337	0.0381359
0.0442849	0.0106526	0.0366665
0.0528914	0.00710689	0.0357271
0.038806	0.0154932	0.0370795
0.0288201	0.0145872	0.0379792
0.03074	0.0127943	0.0379436
0.0192826	0.0117108	0.0389838
0.0247311	0.00343354	0.0384113
0.0327335	0.00767102	0.0376166
0.0227966	0.00244582	0.0385496
0.0294038	0.00801849	0.0379234
0.0206778	0.0141096	0.0388651
0.0223364	0.015052	0.0385734
0.0110867	0.011659	0.0400977
0.0282828	0.00268192	0.0381051
0.0403337	0.0150901	0.0370192
0.0121703	0.0167728	0.0397703
0.0405596	0.0114715	0.0368325
0.0381068	0.0011562	0.0369989
0.0306278	0.00844714	0.0378121
0.0407881	0.0160939	0.0370694
0.0250976	0.002577	0.0385237
0.0255745	0.00560019	0.0384143
0.0414364	0.0145211	0.0369861
0.0359997	0.012318	0.0372132
0.0529999	0.0149291	0.0356987
0.0359803	0.0139611	0.0372822
0.0452993	0.0109942	0.0365701
0.0379636	0.00601224	0.037126
0.0360068	0.0139026	0.0375266
0.0242853	0.00994556	0.0386384
0.0292254	0.0140499	0.0379423
0.0153334	0.0109973	0.0392492
0.0213746	0.00775398	0.0387279
0.0270083	0.0104524	0.0381864
0.0475441	0.0145162	0.0362072
0.0382386	0.0109596	0.0372243
0.0236315	0.00943051	0.0385776
0.0215048	0.00530061	0.0389001
0.0333021	0.00768258	0.0376902
0.0425557	0.0133753	0.0368173
0.0461154	0.0116206	0.0363544
0.0144971	0.0122436	0.0394862
0.0360811	0.0127772	0.037362
0.0323764	0.00836469	0.0377606
0.0385299	0.0066919	0.0371139
0.0222708	0.00211952	0.0386239
0.02255	0.00230884	0.0387923
0.0208227	0.0133754	0.0388248
0.0337988	0.0112418	0.0375752
0.0257533	0.0138395	0.0385055
0.0289514	0.0121593	0.0380171
0.0394328	0.0120472	0.036893
0.024413	0.0124655	0.0384505
0.032894	0.01431	0.0376266
0.0310465	0.00975967	0.0379408
0.0231468	0.00647798	0.0386314
0.0281425	0.00974365	0.038289
0.0373186	0.0149499	0.0370301
0.0515119	0.00675031	0.0354508
0.0316591	0.0169378	0.0378341
0.032974	0.00239947	0.0373729
0.0297558	0.0102375	0.0379009
0.0135072	0.0115024	0.0394419
0.0444187	0.00872007	0.0362617
0.0349493	0.0124508	0.037355
0.016876	0.013668	0.0390992
0.0209911	0.0104455	0.0390737
0.0278672	0.00865651	0.0382308
0.0222874	0.00618079	0.0388945
0.0435306	0.00267502	0.0365971
0.0415062	0.0126702	0.0369178
0.0235951	0.0101818	0.0385536
0.0158495	0.00857575	0.0394286
0.0176526	0.0105859	0.0394323
0.0381423	0.0150466	0.0371542
0.0443978	0.0120598	0.0364136
0.00636555	0.000239853	0.0404824
0.031328	0.0020068	0.0379114
0.0259013	0.0109481	0.0383237
0.0398201	0.0114099	0.0368621
0.0277232	0.0165201	0.0380466
0.0302023	0.00878647	0.0379697
0.0361231	0.0144265	0.0375197
0.04041	0.00586978	0.036951
0.0416111	0.0144334	0.0369389
0.0345137	0.0052973	0.0375066
0.024214	0.00457708	0.0385784
0.0295869	0.0166481	0.0378058
0.0219119	0.00419582	0.0388163
0.0226439	0.0127529	0.0386442
0.043766	0.0143498	0.0367295
0.0255962	0.00355909	0.0382809
0.0301616	0.00438996	0.0377177
0.0205075	0.00600648	0.0388243
0.0248754	0.0108421	0.0384362
0.0333607	0.0126206	0.0375584
0.0363076	0.00349326	0.0373838
0.0256088	0.00971876	0.03837
0.0349295	0.00510713	0.0374499
0.0206774	0.0083748	0.0388671
0.0314687	0.00599298	0.0378794
0.0296335	0.0138596	0.0382245
0.024857	0.0151824	0.0384718
0.0264021	0.0134786	0.0383299
0.0363538	0.0106851	0.037238
0.0380567	0.0137378	0.0371735
0.0451265	0.0150748	0.0365462
0.0152851	0.00559281	0.0394469
0.0181041	0.0104492	0.0391491
0.0296525	0.0118325	0.0378968
0.0400619	0.012309	0.0369205
0.0302541	0.00675563	0.0377704
0.044273	0.0159498	0.0364496
0.011246	0.0142944	0.0398409
0.0327261	0.0146119	0.0375129
0.0346526	0.00734197	0.0375277
0.0180987	0.00842925	0.0393432
0.0328719	0.0114565	0.0376713
0.0252682	0.0122668	0.0383169
0.0331559	0.0176306	0.0374987
0.0271399	0.00168893	0.0380604
0.0399442	0.0115296	0.0370169
0.0262279	0.0111424	0.0384606
0.0404113	0.011853	0.0369731
0.0461297	0.0114329	0.0362602
0.0397018	0.0113349	0.0368336
0.038997	0.0157868	0.0372208
0.0363995	0.0125501	0.0374385
0.0389198	0.0133251	0.0370603
0.0329074	0.0103228	0.0377273
0.0244111	0.0115971	0.0384239
0.0342972	0.00680311	0.0375002
0.0298663	0.0104081	0.0380229
0.0299602	0.00428601	0.0377944
0.028828	0.00871747	0.0382408
0.0225894	0.0111704	0.0386952
0.021705	0.0128128	0.0388636
0.0219432	0.0141538	0.0387431
0.0315271	0.00963677	0.0379349
0.0333645	0.0144177	0.0376431
0.00827644	0.0152949	0.0399087
0.00874891	0.00974275	0.0400005
0.0303481	0.00357778	0.0378541
0.0309956	0.0129938	0.0379965
0.036855	0.0136509	0.0373645
0.0147496	0.0151568	0.0396981
0.025725	0.0103064	0.038313
0.0353103	0.00537168	0.0372488
0.0355555	0.00902614	0.0373605
0.0288553	0.0161737	0.0381087
0.0257505	0.000412972	0.038538
0.033314	0.0148549	0.0377236
0.0246947	0.012781	0.0384289
0.0213899	0.0160962	0.0387474
0.0296391	0.010509	0.0379398
0.022145	0.00680063	0.0386205
0.0238658	0.00252734	0.0384012
0.027863	0.0137519	0.0382763
0.0340075	0.00622895	0.0375292
0.0404935	0.0115067	0.0369946
0.0406638	0.000283333	0.0367772
0.0360908	0.0037086	0.0372589
0.00858002	0.0134307	0.0400978
0.0146844	0.00715889	0.0396026
0.0419775	0.0150109	0.0367012
0.0292668	0.01624	0.0379239
0.0160963	0.00700744	0.039189
0.0306035	0.0159309	0.038059
0.0199239	0.0105635	0.0389579
0.0284094	0.0125284	0.0383132
0.0353134	0.0040928	0.0372733
0.0415598	0.0114306	0.0367903
0.0256407	0.0108911	0.038582
0.0201405	0.0129139	0.0390656
0.0273541	0.0038706	0.0382988
0.0279127	0.0128127	0.0380935
0.0098675	0.00863975	0.0403718
0.0415233	0.00966938	0.0368737
0.0328733	0.0154927	0.0376453
0.0294229	0.00487446	0.0379792
0.0286675	0.00750156	0.038174
0.0511993	0.0164141	0.0359974
0.034219	0.0146814	0.0375014
0.024644	0.00182062	0.038494
0.0217905	0.0149591	0.0388402
0.0421815	0.00676144	0.0367475
0.0323673	0.0122207	0.037661
0.0287498	0.0162201	0.0383148
0.04433	0.00779694	0.036541
0.0331864	0.00861677	0.037716
0.0216097	0.0121037	0.0387815
0.0502977	0.0137534	0.0358399
0.0335376	0.0148872	0.0377936
0.0279808	0.00414379	0.0381079
0.0264888	0.00988346	0.0382323
0.0284629	0.00250878	0.038211
0.0365053	0.00959424	0.037291
0.0276482	0.00546895	0.0381669
0.0311688	0.0130023	0.0378717
0.0442533	0.00768226	0.0365059
0.0291441	0.00810909	0.0380273
0.0387739	0.000360997	0.0370322
0.0189314	0.0117589	0.0389263
0.0357613	0.00135693	0.0373829
0.0286997	0.00736378	0.0380306
0.03351	0.0168747	0.037864
0.030578	0.01215	0.0378179
0.02022	0.000541224	0.0385543
0.0293324	0.0101663	0.0381251
0.022792	0.0121887	0.0385573
0.0289063	0.0105511	0.0381157
0.0258626	0.0142507	0.0382392
0.0262583	0.0175306	0.0383201
0.03767	0.00722096	0.0373389
0.0420133	0.00266634	0.0367985
0.0328135	0.0157732	0.0378018
0.0117553	0.0108713	0.0396049
0.0332459	0.014664	0.0378168
0.00892871	0.010749	0.0404695
0.0183397	0.0143798	0.0390747
0.0159473	0.0137421	0.0393657
0.0228302	0.0115478	0.03881
0.0381096	0.0103734	0.0371151
0.0381438	0.00898667	0.0372465
0.0435	0.0162549	0.0368271
0.0240402	0.00821915	0.0385671
0.0169214	0.00926377	0.0394923
0.0245296	0.0153453	0.0384178
0.0417051	0.00655271	0.0369307
0.0270987	0.0070849	0.0383207
0.0301731	0.00901714	0.0378549
0.017146	0.0144562	0.0391955
0.0238574	0.0143625	0.0384599
0.0290445	0.00981098	0.0379464
0.0247831	0.0165006	0.0383206
0.0278241	0.0134811	0.0382341
0.0289726	0.0145451	0.0380286
0.0468387	0.00621211	0.0360021
0.0413904	0.0143933	0.0368077
0.0215475	0.0157244	0.0389551
0.010922	0.00444168	0.0399083
0.0429752	0.0084223	0.0364641
0.0342271	0.0153362	0.0375092
0.0281385	0.0168271	0.0381841
0.0354692	0.00238728	0.0373106
0.0250353	0.00502873	0.038522
0.0336512	0.00667748	0.0375598
0.0399523	0.00691443	0.0369263
0.0170324	0.00788462	0.0392267
0.0202355	0.0117163	0.039084
0.0264232	0.0130468	0.0383286
0.0105334	0.0122722	0.0399938
0.0171638	0.0155808	0.0392896
0.02045	0.0117506	0.0390854
0.0150192	0.00705019	0.0397492
0.016895	0.000934137	0.0390771
0.0423677	0.0111223	0.0366476
0.0350717	0.00139794	0.0374583
0.0443156	0.0111686	0.0366518
0.0298478	0.00527557	0.0378931
0.00502467	0.0140291	0.040882
0.0291261	0.0113516	0.038001
0.0311779	0.00454602	0.037807
0.0322141	0.0121671	0.0377695
0.0356328	0.00655502	0.0373607
0.0243766	0.0164904	0.0385287
0.0498239	0.00972251	0.0361776
0.0163514	0.0104379	0.0393415
0.0295882	0.0125838	0.0380387
0.0428708	0.0058099	0.0365447
0.0341809	0.00574737	0.0376269
0.0303652	0.0135345	0.03804
0.0109606	0.0112197	0.0399002
0.025774	0.0126635	0.038263
0.0455389	0.016833	0.0365035
0.0159632	0.014599	0.0394662
0.0323931	0.0020521	0.0375447
0.0282619	0.00629142	0.0379567
0.0298271	0.0176128	0.0379931
0.0353955	0.0130537	0.0374314
0.0393126	0.0151699	0.0370604
0.0285652	0.015693	0.0380004
0.0282453	0.0111804	0.0382226
0.0372724	0.00438004	0.0371183
0.0287398	0.010685	0.0381155
0.0242232	0.00194545	0.0384454
0.0371402	0.0155677	0.0371099
0.0210353	0.00960684	0.0389006
0.0121158	0.0140565	0.0397195
0.0181057	0.00965625	0.039016
0.0243624	0.0166764	0.0385432
0.0283588	0.0102334	0.0381806
0.0460667	0.00568845	0.0363933
0.000136623	0.0165855	0.0409654
0.0490111	0.0145779	0.0359145
0.00773827	0.00450531	0.0399721
0.0286822	0.0132613	0.0381161
0.0370311	0.0116324	0.0372876
0.0209109	0.0158177	0.0388764
0.032845	0.0136027	0.0377944
0.0203425	0.0159163	0.0390922
0.0132924	0.000142252	0.0394944
0.0205854	0.0160021	0.0390591
0.0373462	0.0113933	0.0371277
0.0428376	0.014514	0.0367339
0.0364195	0.0110155	0.0373995
0.0206754	0.00196701	0.0387529
0.0236109	0.000548102	0.03842
0.031479	0.00969743	0.0377458
0.0317185	0.0128078	0.0378142
0.00405467	0.0132508	0.0404274
0.0133451	0.0131378	0.0398483
0.0140568	0.0127053	0.0396979
0.031953	0.00624439	0.0378464
0.0419561	0.00635726	0.0366429
0.0399647	0.013326	0.0369098
0.0179866	0.0127673	0.0390461
0.0270157	0.0166542	0.0381313
0.0252084	0.0121188	0.0383679
0.0494203	0.0156405	0.0359244
0.0311512	0.0102057	0.0379004
0.0189972	0.012057	0.0388806
0.0304273	0.00388051	0.037795
0.0401896	0.0150844	0.0370219
0.0208617	0.00330992	0.0389359
0.0278769	0.0129949	0.038037
0.0360515	0.0107883	0.0374236
0.0267206	0.00522837	0.0382547
0.0166338	0.000800906	0.0391543
0.0337878	0.0166414	0.0375284
0.00672945	0.0127799	0.0404931
0.0474358	0.0119664	0.0362374
0.0265295	0.0140339	0.0384768
0.0345375	0.00560547	0.0376054
0.0403604	0.0154737	0.0368529
0.00495143	0.0146291	0.0409269
0.0291712	0.0128004	0.0381448
0.0302229	0.0137973	0.0379001
0.0290193	0.00356208	0.0381359
0.0134014	0.0146752	0.039585
0.00427953	0.0106003	0.0403846
0.0414986	0.0106691	0.0368037
0.0335647	0.0150996	0.0375999
0.0273844	0.0016689	0.0383105
0.0207919	0.000740732	0.0387374
0.0340909	0.00496888	0.0374562
0.0114115	0.0174716	0.0397137
0.0267112	0.00490392	0.0383418
