0.0303811	0.00968791	0.15062
0.0336381	0.0110425	0.183498
0.0294665	0.00895704	0.164198
0.0281997	0.00884484	0.145896
0.0285129	0.0106419	0.0795052
0.0309237	0.0106509	0.159636
0.0268677	0.00757962	0.219554
0.0264432	0.00921985	0.161978
0.0269574	0.0112232	0.094975
0.0319549	0.0111834	0.162993
0.0304395	0.0117826	0.138655
0.0315181	0.0116225	0.165261
0.0320796	0.00797744	0.157185
0.027455	0.00901764	0.182317
0.0364241	0.00796123	0.140034
0.0293549	0.0125962	0.165167
0.0324944	0.0101072	0.0887761
0.0301267	0.0100749	0.162795
0.0234146	0.0106357	0.165123
0.0288891	0.0103481	0.153983
0.0334905	0.00984554	0.185453
0.0288357	0.00751929	0.222477
0.0296003	0.00887593	0.104907
0.0290204	0.0105116	0.194422
0.0321914	0.0098197	0.139318
0.0267037	0.00983314	0.197305
0.0305661	0.00984358	0.182497
0.0276449	0.0101243	0.112251
0.0293034	0.0069786	0.140079
0.0281638	0.0120357	0.238332
0.0317314	0.0096761	0.176348
0.0290953	0.011319	0.188417
0.0304648	0.0102268	0.162946
0.0308677	0.00753643	0.153208
0.0306423	0.00936063	0.107529
0.0284696	0.00851296	0.105176
0.0284608	0.0107823	0.108893
0.0324173	0.0095254	0.17209
0.0294919	0.0106903	0.107827
0.0291387	0.00998508	0.180632
0.0338229	0.00989023	0.137656
0.0305642	0.00885484	0.173272
0.0264174	0.00735212	0.185727
0.0274747	0.0118881	0.167918
0.0343693	0.0119088	0.15746
0.0262214	0.00953975	0.109886
0.0240318	0.0133027	0.103582
0.0306799	0.00999465	0.145731
0.0292561	0.00725517	0.158248
0.0330159	0.0103249	0.188965
0.0264359	0.0125907	0.1373
0.029669	0.00959332	0.0929576
0.031729	0.0083218	0.180262
0.0316845	0.0095035	0.184547
0.0331308	0.00906937	0.159071
0.0329577	0.0115267	0.169321
0.0250072	0.0124829	0.194701
0.0314116	0.00891741	0.181045
0.0251337	0.00746806	0.131555
0.0309934	0.00942268	0.155205
0.0289065	0.00912686	0.151592
0.0290253	0.0113885	0.181776
0.0296007	0.0107046	0.224962
0.0275546	0.0110131	0.165649
0.034884	0.00960977	0.185685
0.0246579	0.00927959	0.159396
0.026896	0.00930524	0.166885
0.0311361	0.0117772	0.182089
0.0274922	0.00872217	0.183056
0.0317363	0.00732455	0.156063
0.0228372	0.0126369	0.116647
0.032841	0.00786334	0.0989992
0.027647	0.00933088	0.115947
0.0316842	0.0112637	0.165029
0.0240541	0.0110036	0.113704
0.0277056	0.00698524	0.13599
0.0287596	0.0106402	0.182661
0.0272169	0.00941743	0.170772
0.0396691	0.0115856	0.120708
0.0298851	0.00762355	0.179295
0.0269335	0.00893173	0.161031
0.0329681	0.0119761	0.0971774
0.0285086	0.00833092	0.157267
0.0278079	0.00795602	0.178467
0.0321363	0.0117302	0.104965
0.0275219	0.0128627	0.0713769
0.0298717	0.0100129	0.0832866
0.0287062	0.0108273	0.114377
0.0299659	0.008802	0.165821
0.0331261	0.00964703	0.18261
0.0278322	0.00853642	0.153228
0.0362084	0.00913794	0.154027
0.0287928	0.00951855	0.173057
0.0311573	0.00909513	0.17329
0.0277305	0.00712269	0.168275
0.0301439	0.00954884	0.111555
0.0282711	0.0118611	0.182401
0.0319528	0.00995488	0.183241
0.0322461	0.0109203	0.103258
0.0306749	0.00770867	0.15614
0.0318795	0.0100079	0.178597
0.0233123	0.00943383	0.121643
0.0303906	0.0103291	0.162085
0.0279305	0.0136266	0.210972
0.0254945	0.0108933	0.111979
0.0299267	0.00855546	0.116559
0.0291797	0.0102836	0.162225
0.0288443	0.0103966	0.185103
0.0300173	0.0112779	0.140707
0.0319171	0.00867665	0.153127
0.0279523	0.0103383	0.151277
0.0272672	0.0113257	0.186604
0.0343746	0.0104934	0.132178
0.0309827	0.00749775	0.155795
0.0250698	0.0120575	0.189221
0.033673	0.00773046	0.160496
0.0295803	0.0100621	0.228556
0.030701	0.0100284	0.145378
0.0292406	0.00969433	0.112264
0.0314389	0.00967421	0.178853
0.0372706	0.00931803	0.102615
0.0283505	0.0123749	0.19942
0.029826	0.0113882	0.117923
0.0308816	0.00770336	0.0995202
0.0317566	0.0100559	0.139217
0.0327472	0.0103826	0.111143
0.0279765	0.009913	0.181075
0.0291496	0.00760092	0.160247
0.0292182	0.0141428	0.1272
0.0358795	0.00940812	0.157655
0.0289925	0.00935795	0.107563
0.0307493	0.00894099	0.14534
0.0342779	0.00840776	0.168165
0.0324842	0.00920097	0.158676
0.0310611	0.00980035	0.18542
0.0310811	0.0102506	0.184289
0.0257687	0.00537665	0.135302
0.0301691	0.0102609	0.228514
0.0294125	0.00868501	0.149231
0.0269077	0.0142117	0.186454
0.0303403	0.00944183	0.159772
0.0293488	0.0090853	0.149387
0.0304603	0.011971	0.165241
0.0319973	0.00917937	0.147963
0.0293098	0.00987791	0.228692
0.0315825	0.0100641	0.181029
0.0291617	0.012212	0.10185
0.0298863	0.00764588	0.152556
0.0340816	0.011507	0.116004
0.0247409	0.0113612	0.219003
0.0276907	0.0099116	0.148547
0.0292839	0.00725356	0.163695
0.0294867	0.0121227	0.198168
0.0299977	0.0095003	0.171193
0.0315205	0.00979906	0.086618
0.0288136	0.0084072	0.0829179
0.030289	0.0104524	0.157852
0.0317283	0.0115979	0.139285
0.0282427	0.0081402	0.155789
0.027219	0.00995417	0.148228
0.0316761	0.0111561	0.102343
0.0311573	0.0100659	0.166645
0.0239516	0.0102905	0.141353
0.0340491	0.0119611	0.188319
0.0234471	0.00891413	0.134394
0.0303765	0.0102158	0.157294
0.027603	0.0130106	0.169051
0.030851	0.0104884	0.186575
0.024398	0.00957484	0.119121
0.0274742	0.00460469	0.0869557
0.0289359	0.00915808	0.169801
0.0262095	0.00746077	0.10159
0.033052	0.0105985	0.163033
0.0289455	0.00991359	0.150043
0.0316072	0.00887859	0.159639
0.0354585	0.0101884	0.161091
0.0305568	0.0119361	0.201458
0.0296858	0.00381393	0.126491
0.0273491	0.0120281	0.114216
0.0292042	0.00734782	0.12224
0.028061	0.0102001	0.176451
0.0292915	0.00837293	0.146116
0.0297931	0.00954571	0.152683
0.0278563	0.0106806	0.114878
0.0285631	0.00806067	0.119924
0.0328952	0.0100336	0.105593
0.0274156	0.0105957	0.110582
0.0296935	0.0109488	0.163827
0.0291434	0.00936604	0.149728
0.028907	0.0101164	0.162594
0.0349734	0.0117042	0.109528
0.0271075	0.0114907	0.141115
0.0321862	0.009583	0.185241
0.0316698	0.00910913	0.182013
0.0280812	0.00777557	0.15034
0.0286937	0.0104005	0.150204
0.0324525	0.00968211	0.185773
0.0289243	0.00831708	0.159533
0.0302726	0.00939059	0.184763
0.028541	0.0107104	0.182972
0.0262272	0.00883877	0.181162
0.0283076	0.0100024	0.184196
0.0315975	0.0112425	0.183115
0.0330177	0.010036	0.168707
0.0294881	0.0114762	0.143933
0.0248519	0.0113991	0.110515
0.0336359	0.00937498	0.107554
0.0283781	0.0120952	0.167809
0.02946	0.0105501	0.14203
0.0309845	0.0106852	0.112648
0.0265467	0.00842893	0.184847
0.0308042	0.00759724	0.1462
0.029153	0.00900586	0.115049
0.0278615	0.0111326	0.182273
0.0298224	0.0102418	0.108964
0.0306523	0.011862	0.165359
0.031105	0.0105361	0.162282
0.0348873	0.00858524	0.101503
0.0308152	0.0117414	0.1373
0.0265215	0.00911289	0.161024
0.0287232	0.00897089	0.159492
0.0319005	0.00822775	0.228678
0.0281715	0.0108212	0.164686
0.0270467	0.00648204	0.128796
0.0279118	0.0115241	0.166242
0.0284123	0.00849466	0.118604
0.0322661	0.0103136	0.16217
0.0303784	0.0117134	0.18652
0.033323	0.00916097	0.165369
0.0249456	0.0130575	0.156741
0.0243265	0.00659062	0.180849
0.0295557	0.00841845	0.146149
0.0265042	0.0111533	0.109456
0.0292927	0.00954769	0.184549
0.0307935	0.00807388	0.147739
0.0284763	0.0105897	0.197544
0.0307094	0.00713384	0.150988
0.0298991	0.0101638	0.142181
0.0319559	0.0110281	0.102518
0.0268406	0.0116015	0.154924
0.0299376	0.0100822	0.181629
0.0338761	0.0111388	0.181492
0.0326574	0.00786663	0.160211
0.0301266	0.011332	0.141008
0.0277401	0.00624508	0.154477
0.0290266	0.00909998	0.18383
0.037977	0.0120138	0.115254
0.0299833	0.0124024	0.167328
0.0309606	0.0119574	0.13533
0.0222581	0.00766065	0.12636
0.0270927	0.00759799	0.0811555
0.032239	0.00947409	0.159431
0.0314041	0.0117731	0.185444
0.0274246	0.0133157	0.207516
0.0335523	0.00741684	0.155874
0.0320522	0.00771875	0.09896
0.027079	0.0112377	0.161171
0.0275099	0.00800198	0.151684
0.0284509	0.0139226	0.130231
0.0334722	0.0109668	0.0899247
0.0323067	0.00987818	0.107018
0.0280172	0.0104981	0.0710739
0.0325484	0.0118791	0.165382
0.031525	0.0109473	0.186428
0.0307991	0.0116306	0.134703
0.0326285	0.0119541	0.155736
0.0306392	0.0103206	0.161706
0.0336038	0.00754691	0.153073
0.0251807	0.00845674	0.0744198
0.0294355	0.011275	0.230974
0.0303148	0.00868178	0.149347
0.0290741	0.0115204	0.192668
0.0306019	0.00946949	0.111155
0.0305672	0.0113683	0.164585
0.0275283	0.00912481	0.116879
0.0314388	0.00917729	0.170859
0.0280471	0.00837649	0.158477
0.027278	0.00954514	0.146739
0.0333253	0.00967056	0.160851
0.0343501	0.0116329	0.127412
0.0303663	0.00878643	0.105764
0.02812	0.00860923	0.223597
0.0330057	0.0108223	0.102023
0.0281891	0.010928	0.167218
0.0316962	0.00859459	0.102731
0.0314028	0.0092016	0.108779
0.0380807	0.00879026	0.187068
0.0360921	0.0144057	0.238045
0.0259926	0.0100583	0.148515
0.0301604	0.0112711	0.141612
0.0306832	0.0106149	0.106081
0.0273193	0.0118635	0.16651
0.0287674	0.00891588	0.146837
0.0340857	0.00966537	0.167011
0.028149	0.00968014	0.114101
0.03115	0.00951392	0.177351
0.0286782	0.01187	0.183584
0.0260793	0.00381037	0.103695
0.0289332	0.0094477	0.148868
0.0292702	0.0101233	0.161994
0.0327248	0.0109687	0.101844
0.0310955	0.00961433	0.178254
0.0316495	0.00922449	0.0900967
0.03445	0.0079288	0.182854
0.0340006	0.00873444	0.158834
0.0291239	0.00981218	0.162697
0.0292408	0.0128567	0.166232
0.0371451	0.00932653	0.157577
0.0308403	0.0130453	0.171139
0.0289767	0.00686322	0.15627
0.0310286	0.0128408	0.168659
0.0329247	0.00946683	0.182434
0.0287821	0.00799811	0.102408
0.0277243	0.00568412	0.130202
0.02941	0.0100567	0.161692
0.0225961	0.010382	0.139385
0.0303069	0.00953626	0.170628
0.0309652	0.00880719	0.105087
0.0291282	0.0105814	0.148705
0.0274494	0.00738057	0.137267
0.0344803	0.0102789	0.16023
0.0325988	0.0111338	0.163665
0.0316163	0.0131298	0.173317
0.031686	0.00878843	0.154049
0.0290082	0.00883077	0.17907
0.026675	0.0109931	0.182521
0.0260088	0.0103195	0.20461
0.0325377	0.00835324	0.093418
0.0308941	0.0107976	0.160728
0.0373351	0.00920451	0.103202
0.0307763	0.0107003	0.114238
0.0295171	0.0122919	0.168225
0.0300058	0.0106135	0.185453
0.0295367	0.0101105	0.154711
0.0329547	0.00826626	0.156706
0.0310664	0.00837861	0.157773
0.0290414	0.0125646	0.243585
0.0325937	0.00711585	0.149528
0.0284356	0.0087429	0.081627
0.0325201	0.010995	0.185161
0.0256598	0.010625	0.165869
0.0323798	0.0102962	0.110189
0.0314921	0.0128899	0.211531
0.0343994	0.00980689	0.181888
0.0358747	0.0101163	0.101459
0.0249571	0.00957436	0.0718177
0.0311914	0.0142124	0.226949
0.0278592	0.0104243	0.110656
0.0282089	0.00953356	0.162432
0.0297353	0.0129435	0.124256
0.0272036	0.0112379	0.153979
0.0321138	0.00916594	0.235556
0.0306023	0.0122241	0.166372
0.0274073	0.0104383	0.17908
0.0308279	0.00868521	0.150252
0.0283454	0.00929896	0.14818
0.0292413	0.0108124	0.163821
0.0271011	0.010116	0.164337
0.031703	0.0114952	0.165455
0.0322376	0.0111541	0.163558
0.0320276	0.0102312	0.0997072
0.0340557	0.00964856	0.163613
0.030169	0.00997746	0.161904
0.0282403	0.00982267	0.173699
0.0325402	0.0109165	0.102222
0.0325503	0.00838591	0.182955
0.030896	0.00895907	0.147753
0.0319014	0.0102637	0.167407
0.0325029	0.0106803	0.112906
0.0341276	0.00648563	0.119346
0.0305903	0.00848582	0.149289
0.0301373	0.0100446	0.155911
0.0333202	0.0115595	0.184136
0.0289274	0.0108468	0.140729
0.0304996	0.00871153	0.159531
0.031323	0.010817	0.161698
0.0297081	0.00823745	0.117764
0.0324385	0.00957762	0.185669
0.033425	0.00809343	0.157276
0.0307435	0.00834317	0.175555
0.0318571	0.00869361	0.183138
0.0260241	0.0120785	0.154632
0.0355582	0.0130842	0.182397
0.0284065	0.00778758	0.158123
0.026859	0.00586248	0.12897
0.0381248	0.00862722	0.141992
0.0286716	0.00982764	0.145173
0.0304433	0.00996284	0.1553
0.0321614	0.0102514	0.161727
0.0307539	0.010093	0.144791
0.0286186	0.0110215	0.107517
0.0353213	0.00831302	0.172248
0.035833	0.0129725	0.0910151
0.0333386	0.0104682	0.162063
0.028536	0.0118086	0.194343
0.0318822	0.0074905	0.118282
0.0311471	0.00957201	0.174798
0.0305084	0.00975882	0.109757
0.0300941	0.00955264	0.18284
0.031247	0.00653653	0.149211
0.0312562	0.011473	0.185066
0.0350252	0.00892867	0.184446
0.0319453	0.011471	0.164067
0.0298713	0.00779598	0.101025
0.0252567	0.00918352	0.155202
0.0308763	0.0127711	0.208545
0.0371404	0.00965203	0.186625
0.0278854	0.0108	0.165209
0.0352076	0.00909057	0.141487
0.0305104	0.00773986	0.156814
0.0277069	0.0084374	0.160432
0.0242637	0.0120338	0.168439
0.0317499	0.011501	0.199806
0.0315189	0.0100605	0.107505
0.0306007	0.0105559	0.185429
0.0286993	0.0127356	0.216132
0.0328545	0.00950727	0.16946
0.0276989	0.0111669	0.107719
0.0283562	0.0102512	0.149172
0.0299242	0.00970915	0.183724
0.0301301	0.00906727	0.170713
0.0308129	0.00868943	0.168144
0.0278987	0.00682569	0.165183
0.0295529	0.00955232	0.174131
0.0222636	0.0101369	0.171473
0.0295329	0.00979702	0.160763
0.0246418	0.0145444	0.173295
0.0302096	0.0109414	0.193955
0.030015	0.0106185	0.0976086
0.0283655	0.0124227	0.136373
0.0304789	0.00812755	0.160378
0.0284541	0.0122706	0.18637
0.0258945	0.0107237	0.177232
0.0319167	0.0106702	0.16307
0.0322224	0.00850171	0.0907846
0.0292659	0.0107723	0.167542
0.0315551	0.00995064	0.180547
0.0228779	0.00826089	0.178984
0.0270499	0.00856532	0.119865
0.0318488	0.0102391	0.137116
0.0271625	0.0083141	0.121353
0.0307821	0.00792899	0.147936
0.0242873	0.00996241	0.157498
0.0263893	0.00970925	0.162315
0.0336892	0.00980736	0.159818
0.0309405	0.00776638	0.11799
0.0294687	0.00747565	0.180549
0.0341155	0.00828867	0.0959147
0.0267832	0.00757817	0.176359
0.0277878	0.00960294	0.109665
0.0261062	0.00981842	0.145302
0.0271138	0.00774395	0.178367
0.0337857	0.00925196	0.138616
0.033281	0.0104886	0.162339
0.0299794	0.0107322	0.184074
0.0302661	0.00957797	0.152924
0.0305097	0.00837357	0.161566
0.0283574	0.011563	0.158452
0.0293662	0.0123411	0.20079
0.0261819	0.00833565	0.121943
0.0219639	0.0069745	0.173202
0.0292819	0.0106793	0.186169
0.0298366	0.0124229	0.205352
0.0258638	0.00911841	0.179339
0.0280928	0.0107373	0.184826
0.02687	0.0117849	0.167608
0.0353576	0.00942696	0.183159
0.0322257	0.00942014	0.141873
0.0311826	0.00973376	0.157007
0.0301819	0.0120917	0.100681
0.0338306	0.00874109	0.158835
0.0329282	0.0109534	0.0894688
0.0227371	0.00782602	0.0956148
0.0266814	0.0130813	0.136588
0.0281077	0.00936696	0.114894
0.0292927	0.00918294	0.14917
0.0246711	0.00862202	0.160087
0.029306	0.00895796	0.167789
0.0295446	0.00923954	0.170412
0.0310618	0.0116445	0.157393
0.0351711	0.00998368	0.186963
0.0306354	0.0116242	0.198306
0.0306689	0.00784422	0.183175
0.0286421	0.0103546	0.18162
0.0300449	0.0106068	0.110566
0.0297663	0.00846119	0.227505
0.0235696	0.0102195	0.165297
0.0278366	0.0104114	0.146143
0.0283334	0.0109071	0.11602
0.0326809	0.0115815	0.168167
0.0270877	0.0071697	0.125893
0.0289216	0.0137051	0.21655
0.0266998	0.0130741	0.227064
0.0303575	0.0108826	0.181168
0.030834	0.0091081	0.160334
0.0301785	0.00869177	0.146834
0.0333691	0.0101885	0.17475
0.0255503	0.0103283	0.149664
0.0291744	0.00933398	0.206852
0.0341716	0.00974451	0.182407
0.0290208	0.0088588	0.179254
0.0315759	0.00991164	0.181006
0.0294538	0.00807115	0.158751
0.0271685	0.0112641	0.186288
0.0321103	0.0108244	0.183623
0.0293284	0.0122195	0.120325
0.0298096	0.0105129	0.0835142
0.0274465	0.00847206	0.179695
0.0313964	0.00823226	0.115362
0.0315499	0.0108384	0.10392
0.0311302	0.00873693	0.159167
0.0298502	0.0106604	0.15702
0.0315629	0.00992034	0.107841
0.0318592	0.00936856	0.159721
0.0286545	0.00667188	0.138898
0.0289699	0.0116463	0.195635
0.0331515	0.00891539	0.17098
0.0293324	0.00971025	0.17553
0.0295984	0.0110524	0.161277
0.0310288	0.0114753	0.159131
0.0256834	0.00888186	0.160811
0.0305047	0.0106829	0.190184
0.0320387	0.00936791	0.182023
0.0310339	0.0113823	0.197082
0.0323296	0.00986895	0.108268
0.0351523	0.00861335	0.181894
0.0302507	0.00938823	0.17166
0.0323112	0.010299	0.161551
0.0333376	0.0103167	0.167618
0.0283131	0.0099482	0.112322
0.0333009	0.00888861	0.158454
0.0264	0.00832883	0.157791
0.0291955	0.00957974	0.172521
0.0256762	0.00979956	0.112067
0.0299499	0.00836093	0.157351
0.0305733	0.0115074	0.162755
0.0306551	0.00977006	0.0863789
0.0222121	0.0122349	0.146573
0.0333073	0.00971099	0.135981
0.0238036	0.0100055	0.113215
0.0326321	0.00949361	0.178097
0.0303008	0.01237	0.187043
0.0320137	0.010359	0.185365
0.0319322	0.00789694	0.162345
0.0312656	0.0116314	0.159119
0.0296552	0.00871613	0.223648
0.0287035	0.0119128	0.166339
0.0285713	0.0113203	0.164012
0.0300849	0.0107548	0.106255
0.029358	0.00812251	0.183583
0.0295344	0.00898068	0.17863
0.0317872	0.010876	0.186149
0.0248093	0.0128898	0.170187
0.0331444	0.00899803	0.171993
0.0245275	0.0104205	0.171932
0.0251711	0.0134084	0.158822
0.0274096	0.013213	0.0992977
0.0260516	0.0108687	0.146536
0.0247721	0.00930128	0.139391
0.0294509	0.0112036	0.190105
0.0329358	0.00805024	0.181295
0.0276594	0.00793735	0.162552
0.0350139	0.00667057	0.153562
0.0356662	0.00833986	0.109264
0.0231739	0.010166	0.138923
0.0294755	0.0112484	0.199542
0.0293876	0.00926313	0.180394
0.0290983	0.00924706	0.149452
0.0303329	0.0110242	0.188887
0.0289108	0.0093245	0.161266
0.0313826	0.010169	0.110455
0.0259049	0.00916747	0.160537
0.0249012	0.0100291	0.112835
0.0287787	0.0121658	0.161295
0.0262001	0.0110129	0.152728
0.0297121	0.00940737	0.16092
0.0319542	0.0124418	0.129154
0.0261506	0.0105531	0.179612
0.0270072	0.0102432	0.14828
0.0293931	0.0115169	0.144048
0.0301951	0.0115909	0.164553
0.0346398	0.00962243	0.166099
0.026441	0.0126573	0.201879
0.0255109	0.00979529	0.201423
0.0325139	0.0108693	0.184294
0.0338265	0.00811501	0.155985
0.0298649	0.00911806	0.159833
0.0284898	0.0101567	0.176202
0.0311478	0.0104879	0.11196
0.029241	0.00888176	0.165837
0.0311944	0.0110202	0.103755
0.0258728	0.0114751	0.18367
0.0283328	0.0109362	0.163924
0.0301604	0.00827491	0.157757
0.0270939	0.0111794	0.181035
0.0288771	0.00959401	0.112994
0.0338681	0.00892181	0.0939239
0.0318931	0.00733997	0.154899
0.0350026	0.0101972	0.159614
0.0293118	0.00809525	0.154027
0.0285634	0.0129866	0.169683
0.0270033	0.0118817	0.191002
0.0307305	0.0101706	0.18294
0.03262	0.00889665	0.1721
0.0330553	0.00845194	0.156575
0.0302712	0.00876785	0.158909
0.0344839	0.0148105	0.187756
0.0298381	0.0119833	0.101532
0.0252173	0.0121706	0.190009
0.0311188	0.00845006	0.102363
0.0275327	0.00863091	0.157557
0.0287699	0.00935095	0.149437
0.0344698	0.0106618	0.192502
0.0321462	0.0105992	0.187047
0.032069	0.0135233	0.220384
0.0300423	0.00983799	0.154346
0.0310302	0.0102974	0.184655
0.0288485	0.00837494	0.15865
0.0305114	0.0104684	0.181309
0.0279723	0.00939938	0.180964
0.0289292	0.0103246	0.145494
0.0259459	0.00978484	0.144747
0.0296527	0.0122689	0.202483
0.0311042	0.00913646	0.173152
0.0298726	0.00829331	0.182825
0.029257	0.0115398	0.137525
0.0297744	0.00963731	0.21367
0.0295964	0.0104424	0.155934
0.0294573	0.00942766	0.183021
0.0298713	0.0101375	0.162852
0.0322999	0.011643	0.199318
0.0297687	0.0120078	0.165718
0.0342872	0.00637121	0.151907
0.0300205	0.00902661	0.159969
0.0282171	0.00878965	0.181579
0.0335461	0.0130711	0.151202
0.029957	0.00961674	0.143956
0.0304331	0.0120694	0.165698
0.0293831	0.00833235	0.117655
0.0274519	0.00946648	0.162413
0.0310697	0.0102286	0.182867
0.0288608	0.0111883	0.164393
0.0314582	0.0123588	0.207359
0.0329867	0.0101221	0.16089
0.0328223	0.0111233	0.185166
0.0254119	0.0119686	0.167628
0.0312812	0.0123007	0.18737
0.0304898	0.00874349	0.15086
0.0306304	0.0109018	0.160005
0.0317421	0.0109596	0.113798
0.0337976	0.0112651	0.169943
0.0299101	0.00693199	0.122987
0.0289498	0.0108953	0.181068
0.0302646	0.0115973	0.196319
0.0277879	0.0118163	0.158341
0.0260124	0.0121473	0.141273
0.0301714	0.0076481	0.157177
0.0315537	0.0112285	0.115064
0.0271282	0.00959281	0.16123
0.032555	0.00705	0.106818
0.0292807	0.00830477	0.102686
0.0282301	0.0106399	0.153024
0.0250154	0.00994717	0.141975
0.028174	0.00918595	0.146196
0.0309666	0.00976648	0.175701
0.0277605	0.00792994	0.140228
0.0294807	0.0100958	0.110751
0.028124	0.0106703	0.163459
0.0304624	0.00845551	0.149379
0.0292533	0.012311	0.134845
0.0308626	0.0108881	0.084968
0.0290644	0.0118248	0.161078
0.0343496	0.0122192	0.124938
0.0307598	0.00831615	0.158679
0.0285723	0.00799746	0.158997
0.024103	0.00895673	0.199565
0.024572	0.00827965	0.161901
0.0319289	0.0109978	0.187486
0.0302992	0.00995953	0.109677
0.0292744	0.0107704	0.145486
0.0287551	0.00885028	0.116345
0.0344597	0.00676917	0.152666
0.0280064	0.0100441	0.150875
0.0290135	0.0083552	0.159682
0.0333161	0.0118042	0.0975017
0.0265945	0.00703911	0.126993
0.027753	0.00897261	0.145405
0.0289792	0.012069	0.162229
0.0329264	0.0116137	0.130905
0.0253252	0.00863257	0.181403
0.0308772	0.00923896	0.111763
0.0340761	0.00991353	0.186369
0.0331397	0.00895881	0.174231
0.0332386	0.00846517	0.156148
0.0332979	0.00969359	0.161843
0.0312017	0.00822053	0.0799262
0.0289856	0.00942445	0.184539
0.0358477	0.0120321	0.177971
0.0267728	0.00976334	0.221834
0.0326226	0.0102281	0.18843
0.0245653	0.00793588	0.188312
0.0277367	0.00799221	0.17621
0.0291893	0.0108522	0.156196
0.0289379	0.007377	0.184586
0.030927	0.00750468	0.155271
0.0335571	0.0120547	0.0961273
0.0322167	0.00939656	0.109488
0.028	0.0116573	0.157617
0.0343032	0.00777431	0.165574
0.030925	0.00976256	0.155282
0.0266049	0.0108019	0.149973
0.0253561	0.0112376	0.182697
0.0304685	0.00891085	0.174319
0.0266101	0.00806134	0.181392
0.0267551	0.0104052	0.148499
0.0279898	0.00957427	0.16857
0.032622	0.00948319	0.179354
0.0296452	0.00938145	0.18042
0.0320289	0.00986457	0.185404
0.030694	0.00651938	0.153401
0.0296935	0.00936995	0.16165
0.0296377	0.00908262	0.114254
0.0328129	0.00990341	0.106282
0.0301015	0.00939576	0.182724
0.0287717	0.0106346	0.108532
0.0296311	0.00845794	0.147588
0.0323341	0.0105264	0.18893
0.02832	0.00862582	0.144546
0.0309079	0.0129572	0.210196
0.0239908	0.012234	0.169654
0.0281242	0.012936	0.233574
0.0316185	0.01161	0.131966
0.0336052	0.00964939	0.166131
0.0314113	0.00999223	0.145809
0.0295315	0.0115541	0.164816
0.0312544	0.0114652	0.165521
0.0310866	0.0125719	0.09734
0.0315774	0.00985212	0.161625
0.0286042	0.0102753	0.162705
0.02723	0.00939016	0.0901595
0.0305963	0.0115277	0.196824
0.029444	0.0116177	0.136204
0.0308883	0.0102181	0.161635
0.0232517	0.00534238	0.153889
0.0285675	0.0123726	0.121461
0.0304666	0.0129838	0.169874
0.0310287	0.00943769	0.155337
0.0287625	0.0106234	0.1832
0.0278379	0.00746702	0.161358
0.0333877	0.00861862	0.171578
0.0334314	0.0114931	0.090337
0.0248514	0.0101575	0.180345
0.0314324	0.0101917	0.14064
0.0336668	0.00934008	0.136954
0.0304253	0.0102084	0.183734
0.0280883	0.00925218	0.160281
0.0302325	0.0129518	0.211374
0.0340361	0.00879268	0.175983
0.0296877	0.0110903	0.105305
0.0288949	0.01094	0.145799
0.0279071	0.0118048	0.210557
0.0304889	0.00707603	0.186354
0.0235244	0.0103949	0.202263
0.0315675	0.00970707	0.108783
0.0292097	0.00891737	0.148394
0.0349825	0.0109444	0.161743
0.0294746	0.011413	0.139818
0.0278563	0.0103343	0.180265
0.0331869	0.00974496	0.160667
0.029083	0.00778925	0.101765
0.0321452	0.0124493	0.167417
0.0291166	0.00901348	0.0901647
0.0269908	0.0104576	0.177259
0.0275656	0.00970158	0.192942
0.027659	0.00911305	0.183639
0.0321894	0.0116359	0.18478
0.0292245	0.0108128	0.146741
0.0323606	0.0106095	0.233077
0.0293992	0.00764813	0.12062
0.0283208	0.00777637	0.153252
0.0267311	0.00810061	0.159699
0.0286957	0.0111444	0.185863
0.0250348	0.0119482	0.189062
0.0317358	0.0106298	0.162771
0.0259637	0.0109321	0.147959
0.0308975	0.00971987	0.0850592
0.0304414	0.00767783	0.153728
0.0325338	0.0101408	0.161922
0.0259031	0.00957408	0.178716
0.0323064	0.00976514	0.10788
0.0381223	0.0096283	0.172939
0.0279453	0.0101653	0.112478
0.0281164	0.0116688	0.208808
0.0322927	0.0113016	0.162963
0.032377	0.00996773	0.0897604
0.0280056	0.00838457	0.156067
0.0318715	0.0103171	0.160338
0.02555	0.0107111	0.243653
0.0312024	0.00629909	0.105657
0.0312194	0.007568	0.147468
0.0322607	0.00697808	0.152466
0.0342555	0.00764446	0.155093
0.0281816	0.0109451	0.112142
0.0325353	0.0110046	0.164139
0.0314451	0.00822196	0.115382
0.0322511	0.0108368	0.0870323
0.0282826	0.0129492	0.0992502
0.0319145	0.00851591	0.152781
0.0267611	0.00689165	0.133731
0.0288968	0.00944318	0.160716
0.0293947	0.0107059	0.107386
0.0296076	0.0107407	0.142788
0.0240056	0.0095023	0.163619
0.0305985	0.0106223	0.162722
0.0352694	0.00945759	0.184768
0.0302906	0.0120474	0.237181
0.0319151	0.00742304	0.0974996
0.0297886	0.00951063	0.150232
0.0296378	0.0122938	0.166673
0.0307881	0.0116773	0.164774
0.0279387	0.007192	0.157673
0.0323375	0.00695823	0.119609
0.0312833	0.0135524	0.169778
0.0309662	0.00757888	0.146596
0.0246835	0.0135814	0.205502
0.0312643	0.0106074	0.0860031
0.0263924	0.00977749	0.170717
0.0339296	0.00976507	0.163831
0.0341707	0.0070221	0.154146
0.0268613	0.0110894	0.186045
0.0329884	0.00835026	0.145752
0.0294084	0.0106086	0.10786
0.0352382	0.00993408	0.0971479
0.0293463	0.00951159	0.109556
0.0309555	0.012919	0.184961
0.0242167	0.0109675	0.155579
0.0346246	0.0118319	0.256189
0.027973	0.00895505	0.153605
0.0289625	0.0126629	0.0767513
0.0301548	0.00844966	0.148305
0.0298864	0.00952334	0.107866
0.0310259	0.0117118	0.134379
0.0341616	0.00582725	0.146698
0.0349896	0.0101244	0.167939
0.0318921	0.00998917	0.159948
0.0286304	0.00852291	0.156337
0.0282857	0.0125791	0.168116
0.0284267	0.00929637	0.183268
0.0278583	0.0125369	0.232813
0.0243234	0.0109335	0.165813
0.0298083	0.00950147	0.0840876
0.0284125	0.00842611	0.159747
0.0262267	0.00915364	0.161045
0.0269306	0.00950689	0.161086
0.032411	0.00820147	0.11454
0.0339696	0.00861402	0.181101
0.0300773	0.0101868	0.183528
0.0242662	0.0109834	0.179569
0.0357132	0.0132832	0.168148
0.0305854	0.00996944	0.170697
0.027251	0.00998508	0.152691
0.025559	0.0111318	0.148835
0.0279079	0.0117127	0.10532
0.0254634	0.0125124	0.139736
0.0301264	0.0112625	0.115988
0.0285854	0.0108871	0.18486
0.0294283	0.0105961	0.183122
0.029771	0.00782219	0.15659
0.0291897	0.0100855	0.179734
0.0341609	0.00775916	0.184416
0.030224	0.00985632	0.162536
0.0227635	0.0100952	0.119042
0.030645	0.0121167	0.182966
0.0323138	0.00998044	0.160637
0.02684	0.00870913	0.14181
0.0305821	0.00926608	0.106566
0.0289821	0.012134	0.0755496
0.0241958	0.00907184	0.121763
0.0264868	0.00936553	0.193947
0.0304283	0.0102553	0.186601
0.0315874	0.0102001	0.181818
0.0285127	0.0102164	0.112144
0.0294971	0.0100115	0.110259
0.0269048	0.0107244	0.148084
0.0280638	0.00683991	0.16692
0.0298051	0.0128594	0.207311
0.0278261	0.0089913	0.226233
0.0334458	0.00999566	0.186151
0.03075	0.0126085	0.114515
0.0301205	0.0122049	0.16784
0.0346473	0.00838978	0.15933
0.0307758	0.0116516	0.117361
0.0320338	0.00825745	0.114407
0.0321415	0.0116271	0.167841
0.0316645	0.00832339	0.164214
0.030405	0.00895663	0.173444
0.0350865	0.011582	0.126644
0.0281742	0.00799524	0.15135
0.0319445	0.0108122	0.163261
0.0342263	0.00932381	0.159572
0.0294242	0.00923928	0.150269
0.0296113	0.0100729	0.165812
0.0251437	0.0114235	0.110053
0.0300479	0.00927388	0.151661
0.0278244	0.0112328	0.0757399
0.0305885	0.0119106	0.199567
0.0311818	0.00973368	0.183901
0.030608	0.0106084	0.14061
0.0297879	0.00985388	0.153769
0.0301059	0.0104002	0.163132
0.0297064	0.0107034	0.185573
0.0334606	0.0085037	0.171337
0.0301315	0.0100609	0.179254
0.027621	0.00800535	0.14051
0.0266857	0.0110437	0.109686
0.0312128	0.00715761	0.120343
0.0320535	0.011534	0.199593
0.0278541	0.0097621	0.114105
0.0266486	0.00578014	0.125977
0.0283887	0.0112874	0.164556
0.0346816	0.0113026	0.179759
0.0313503	0.0128953	0.184276
0.0309618	0.0106095	0.113754
0.0295035	0.0106614	0.145541
0.0275402	0.00935932	0.189541
0.0303412	0.00907808	0.145078
0.03528	0.0102349	0.190362
0.0291001	0.0124821	0.200813
0.026832	0.0089512	0.11855
0.0268158	0.00823218	0.121647
0.0327143	0.00966501	0.159713
0.0341132	0.011007	0.0997567
0.0286812	0.00961287	0.182848
0.0269313	0.00562986	0.0831021
0.0302987	0.00827297	0.158748
0.0314462	0.00864073	0.113904
0.0334519	0.0104567	0.191811
0.0310369	0.00937817	0.159606
0.030011	0.010158	0.182109
0.0322312	0.00974976	0.166215
0.0299701	0.00807347	0.156844
0.0305818	0.0109029	0.163819
0.026151	0.00777458	0.217524
0.0308902	0.00625592	0.153649
0.0267077	0.00946526	0.152072
0.0337582	0.0105346	0.176318
0.0284916	0.00606029	0.153681
0.0310777	0.0102093	0.165377
0.0297761	0.0109256	0.141384
0.0338649	0.00930281	0.164555
0.0302275	0.0101443	0.11217
0.0315809	0.00858612	0.168581
0.032952	0.0100896	0.162111
0.0264385	0.00853377	0.159438
0.0351129	0.00995672	0.159592
0.0326114	0.0108065	0.165318
0.0299403	0.0103613	0.112092
0.0327885	0.0125812	0.121054
0.0319568	0.00915514	0.155547
0.0271676	0.0117428	0.112869
0.0321284	0.00984387	0.160734
0.0312846	0.00886493	0.104935
0.0325327	0.00752365	0.153239
0.0294347	0.00931301	0.113462
0.0282001	0.00883943	0.173121
0.0305897	0.00634017	0.153449
0.0279352	0.0105383	0.164212
0.0288965	0.0114265	0.229962
0.0316913	0.00908903	0.18188
0.0298554	0.00983889	0.176698
0.0293156	0.00784224	0.100519
0.0321413	0.0101353	0.182866
0.0339939	0.0111698	0.113198
0.0293596	0.0116757	0.194206
0.0283779	0.0114172	0.165909
0.0304193	0.010651	0.163246
0.0316068	0.0124086	0.166935
0.0305485	0.00998084	0.179737
0.0307145	0.0117063	0.162031
0.0289113	0.0104385	0.230787
0.0322389	0.0127574	0.202594
0.0321755	0.00970579	0.141574
0.0299499	0.0126375	0.183545
0.0296239	0.0108934	0.157566
0.0303057	0.00997093	0.180521
0.0270023	0.00655753	0.128615
0.0313894	0.0110838	0.162962
0.0320011	0.0111075	0.164638
0.0335014	0.00939665	0.166955
0.0287048	0.0114601	0.141642
0.0307811	0.00962409	0.109397
0.0314953	0.0115048	0.239255
0.031928	0.00933289	0.172469
0.0327772	0.0115733	0.164233
0.0266069	0.0109906	0.109888
0.0340123	0.011497	0.134397
0.0300741	0.00925209	0.152219
0.0304128	0.0112569	0.19576
0.0304586	0.00839259	0.162767
0.0344666	0.00952271	0.184255
0.0317668	0.0113989	0.165377
0.0332675	0.0103319	0.185378
0.0337887	0.0102923	0.189
0.0305195	0.0103365	0.183634
0.0331202	0.00704514	0.18429
0.0237637	0.0110162	0.144889
0.0325265	0.0119462	0.202207
0.0313198	0.00829514	0.15864
0.0315973	0.00970791	0.157967
0.0353443	0.00842261	0.156458
0.0250865	0.0128609	0.199
0.0296953	0.0090692	0.167304
0.0329213	0.0111109	0.10146
0.029948	0.00947954	0.181585
0.0299638	0.0097705	0.177595
0.0292634	0.00875568	0.156034
0.0328861	0.0100145	0.184668
0.02757	0.0107794	0.183846
0.026421	0.0118264	0.0702141
0.0335501	0.0114686	0.114986
0.032553	0.00853952	0.149918
0.0284866	0.0123179	0.113413
0.03263	0.00968054	0.168974
0.0293325	0.0111125	0.1462
0.025597	0.0108591	0.166214
0.0227306	0.00909497	0.216175
0.0324681	0.0102267	0.141586
0.0287587	0.0065067	0.0946423
0.0296734	0.009569	0.148388
0.0304518	0.0117914	0.165729
0.0297696	0.011691	0.194625
0.0242414	0.0112806	0.180491
0.028254	0.0103233	0.14426
0.0280997	0.0105117	0.153165
0.028259	0.0102894	0.149489
0.0288635	0.0114397	0.105097
0.0305468	0.0118869	0.0798888
0.0267806	0.0122677	0.197309
0.0254725	0.0111469	0.214011
0.0225109	0.0107383	0.160514
0.026984	0.00976271	0.170533
0.0265821	0.0105562	0.165085
0.0281318	0.00824369	0.119731
0.0324862	0.0101955	0.182751
0.031782	0.0113686	0.101333
0.028865	0.0102245	0.152728
0.0305383	0.0111266	0.184992
0.0331839	0.00780346	0.0984395
0.0280126	0.0111838	0.184678
0.0351631	0.0087606	0.138965
0.0285801	0.00550292	0.125905
0.0292086	0.0120263	0.166212
0.0322538	0.0105863	0.163348
0.0305754	0.00876797	0.151227
0.0299833	0.0097008	0.144225
0.0272832	0.010999	0.149614
0.0322555	0.0100651	0.18587
0.0317646	0.00899942	0.184844
0.0310074	0.0116743	0.0815824
0.0251163	0.0106325	0.164409
0.033246	0.00734881	0.155446
0.0258042	0.0121566	0.155005
0.031333	0.00830093	0.115184
0.0283328	0.00818723	0.120322
0.0277255	0.0109388	0.2037
0.0264407	0.0117785	0.154409
0.0330457	0.0110726	0.240434
0.0309334	0.011669	0.182884
0.028005	0.0109328	0.115267
0.0256712	0.00697608	0.130342
0.0302605	0.00794354	0.145761
0.0302318	0.0106324	0.164035
0.0282051	0.011365	0.205713
0.0294881	0.00950115	0.173417
0.0340598	0.00972919	0.167646
0.0323493	0.010528	0.181614
0.0289327	0.0113544	0.0782129
0.0279057	0.00931294	0.167189
0.0293936	0.0089333	0.148998
0.0303786	0.00949521	0.172166
0.0306833	0.00895518	0.184757
0.0296032	0.0113863	0.190437
0.0322452	0.010573	0.111884
0.0271061	0.00963746	0.0782579
0.032255	0.0107513	0.133873
0.0342377	0.010072	0.170178
0.0295485	0.00876627	0.166567
0.0313036	0.00876022	0.105478
0.0279914	0.010304	0.111216
0.0307965	0.00790093	0.100485
0.030036	0.00969272	0.176515
0.0333331	0.0119257	0.158376
0.0324994	0.00903191	0.158236
0.0294543	0.0078084	0.10076
0.0284027	0.00953643	0.160801
0.0276837	0.00931246	0.146643
0.0276012	0.00865509	0.159798
0.0262771	0.00854334	0.139226
0.0315315	0.00831581	0.150506
0.0350292	0.0131695	0.221793
0.0310317	0.0103047	0.18483
0.0325653	0.00817473	0.16452
0.0331963	0.0119349	0.171645
0.027135	0.0127998	0.16075
0.0305262	0.0102989	0.110834
0.0250054	0.0108696	0.113053
0.0262775	0.0120767	0.190687
0.0267918	0.00937207	0.192896
0.0298938	0.00904683	0.106879
0.0269544	0.00894329	0.163166
0.0296756	0.00956868	0.183202
0.0303761	0.0110357	0.160729
0.0308317	0.00990623	0.108916
0.031093	0.00951685	0.143031
0.0279702	0.0130841	0.114179
0.029696	0.0100908	0.177988
0.0318815	0.0084001	0.182048
0.0296274	0.0132756	0.116494
0.0292228	0.0112972	0.159409
0.0280581	0.010314	0.144771
0.0295332	0.00820613	0.171185
0.0350936	0.0117803	0.253484
0.0322497	0.00874253	0.171253
0.0307117	0.0102817	0.144273
0.0262126	0.0124682	0.115519
0.0337348	0.00899787	0.159715
0.0304498	0.0105459	0.183745
0.0261786	0.00989139	0.182973
0.0318447	0.00895876	0.155187
0.0259702	0.0099325	0.145175
0.0317846	0.00747924	0.0895409
0.0328994	0.00952019	0.180059
0.0365261	0.0118584	0.114999
0.0293481	0.00957789	0.22595
0.0321968	0.0103631	0.162183
0.0328522	0.0122575	0.195587
0.0283905	0.00884801	0.164913
0.0266137	0.009642	0.110273
0.0327721	0.0109051	0.183495
0.0255074	0.011353	0.150297
0.0323933	0.00824701	0.152464
0.0300887	0.0101403	0.110527
0.0296993	0.0123019	0.201341
0.0299483	0.00994758	0.162704
0.0289664	0.00917951	0.171058
0.030381	0.0125251	0.12266
0.0302931	0.0124096	0.122482
0.0329755	0.00867568	0.14445
0.0328775	0.00910846	0.183433
0.0301295	0.00527286	0.127064
0.0345958	0.0121567	0.185527
0.0276121	0.00832625	0.154051
0.0355247	0.0103434	0.101109
0.0336156	0.0094321	0.23717
0.0234502	0.01365	0.143061
0.0298311	0.0075474	0.157329
0.0276471	0.00890653	0.0867817
0.0288147	0.0132354	0.136738
0.0317882	0.00836458	0.114545
0.0304233	0.0115574	0.102391
0.0299436	0.0108409	0.114281
0.0246399	0.0102302	0.114641
0.0294696	0.00941301	0.150798
0.030628	0.00914143	0.152776
0.0308687	0.00799999	0.157074
0.0306835	0.0117887	0.11285
0.0338596	0.00833345	0.157176
0.0362011	0.00892288	0.18245
0.0318638	0.0114929	0.164583
0.026791	0.0110392	0.148342
0.0351379	0.00918837	0.18186
0.0365797	0.0120076	0.0920562
0.0340897	0.0133138	0.090041
0.0301358	0.0101671	0.156502
0.029379	0.00951098	0.148362
0.030099	0.0112337	0.160952
0.0296924	0.0103814	0.183828
0.0327242	0.0133826	0.219151
0.0306628	0.00932699	0.0853046
0.0288428	0.00880783	0.11653
0.0319486	0.00906438	0.0965203
0.0291267	0.00947967	0.113028
0.027125	0.0107954	0.076199
0.0312563	0.0093543	0.148482
0.0267705	0.00924844	0.108381
0.0265429	0.00910416	0.162029
0.0232155	0.0117666	0.150491
0.0267182	0.0105777	0.204083
0.0275207	0.00782718	0.150191
0.0311215	0.0094889	0.108887
0.0261203	0.00867278	0.107499
0.0313201	0.00776338	0.10019
0.036238	0.0096384	0.158158
0.0349694	0.00805691	0.148723
0.0288554	0.0112078	0.105949
0.0293097	0.0127504	0.16615
0.0216988	0.00999587	0.170049
0.0292378	0.00950998	0.184366
0.0337964	0.009137	0.157808
0.025847	0.0125126	0.169983
0.0290941	0.0110172	0.157373
0.0303821	0.0129557	0.209021
0.0302216	0.00775723	0.11927
0.0329467	0.0092734	0.181295
0.0317831	0.00834376	0.165087
0.0280336	0.0122426	0.197044
0.0280446	0.0113091	0.165713
0.0276815	0.0075229	0.148062
0.0254297	0.00870965	0.17697
0.0320918	0.0107814	0.16366
0.0299005	0.0112032	0.104849
0.0282913	0.0105737	0.144642
0.0311638	0.00815891	0.162526
0.0248307	0.0110328	0.165493
0.0309073	0.0101391	0.181652
0.0283582	0.00932774	0.183495
0.0310508	0.009434	0.169766
0.0258875	0.0103369	0.156159
0.0276878	0.0113629	0.117471
0.0252726	0.00955074	0.162434
0.0282494	0.00977604	0.181553
0.0336852	0.0114955	0.163653
0.0299868	0.00910708	0.169284
0.0319336	0.00862717	0.153898
0.0295421	0.00981386	0.185906
0.0297577	0.0125663	0.166128
0.0318482	0.00857512	0.166748
0.0252213	0.0101101	0.205646
0.0288224	0.0106196	0.16452
0.0277917	0.00932594	0.0815043
0.0264578	0.0113075	0.151733
0.0304467	0.0114744	0.103014
0.0277813	0.0112099	0.184855
0.0262187	0.00836748	0.138975
0.0311462	0.00796715	0.116991
0.0308788	0.00976656	0.161025
0.0294021	0.0108325	0.181563
0.0308802	0.00964503	0.155862
0.026843	0.0119075	0.215865
0.0284463	0.00804044	0.153066
0.0300206	0.0117984	0.165159
0.0364435	0.0108387	0.198949
0.0297175	0.00910824	0.150733
0.0295659	0.0088324	0.15279
0.0323587	0.00881427	0.158535
0.0306191	0.0094501	0.111155
0.0260496	0.00827898	0.122389
0.0280823	0.0108654	0.114844
0.0349781	0.00923247	0.159654
0.0326665	0.0116675	0.0988861
0.0306058	0.00853176	0.15865
0.0294565	0.0112487	0.182707
0.0297724	0.0108156	0.188433
0.0276825	0.0109869	0.0762468
0.0339608	0.0106212	0.192563
0.0260638	0.00875609	0.15759
0.0295921	0.00960947	0.111852
0.0330398	0.0112153	0.183551
0.0324221	0.00773619	0.160088
0.0299435	0.0116449	0.117417
0.0318815	0.0119693	0.0986417
0.0293867	0.0102188	0.163352
0.0295479	0.00910175	0.179689
0.0298818	0.00661253	0.155565
0.0300665	0.00893436	0.150779
0.0314847	0.00955888	0.109225
0.0321006	0.00868635	0.166754
0.0315631	0.0107375	0.190894
0.0292166	0.0102109	0.162077
0.0281673	0.00902862	0.146702
0.0318627	0.00625829	0.143131
0.0325083	0.0108223	0.165056
0.03271	0.0107949	0.186441
0.0288297	0.0115484	0.165217
0.028258	0.00886973	0.116838
0.0282486	0.00698822	0.180548
0.0229528	0.0100878	0.16294
0.0324841	0.00899376	0.110643
0.029885	0.0107602	0.15729
0.0327121	0.00992001	0.161512
0.02831	0.0117923	0.159368
0.0266738	0.0123314	0.182445
0.0289365	0.0122739	0.0779956
0.0284747	0.0110891	0.115582
0.0291244	0.0108257	0.0808864
0.0324452	0.0101192	0.0877185
0.030009	0.00779473	0.151942
0.0281365	0.0115636	0.19143
0.0305872	0.00732581	0.156016
0.0302713	0.00948199	0.180261
0.0331756	0.00969501	0.180424
0.0314135	0.0108636	0.103961
0.0303978	0.00809845	0.166982
0.0338362	0.0109373	0.185581
0.0274216	0.0130381	0.206896
0.0296524	0.0110893	0.115104
0.028688	0.00995465	0.175847
0.0321138	0.00864913	0.144472
0.0284489	0.00773332	0.171308
0.0302376	0.00873194	0.15887
0.0312406	0.0118299	0.132706
0.0300919	0.0110229	0.160125
0.0345139	0.01088	0.176727
0.0309867	0.0099811	0.183742
0.0299322	0.00866329	0.158885
0.0310575	0.00997608	0.178225
0.0266469	0.0105477	0.179745
0.0322965	0.012453	0.166857
0.0322651	0.00970698	0.160499
0.0301696	0.0122027	0.120012
0.0320134	0.00884883	0.209529
0.0310154	0.00965724	0.156355
0.026191	0.00763236	0.134658
0.0262835	0.00858314	0.187479
0.0308138	0.0112843	0.103551
0.0310149	0.0112443	0.194537
0.0327866	0.0107535	0.165503
0.030143	0.00919028	0.110204
0.0347431	0.00870707	0.155547
0.0281309	0.00959566	0.149047
0.0286517	0.0105332	0.184632
0.0272422	0.00940642	0.167523
0.0375557	0.0100312	0.172737
0.0265784	0.00990259	0.151041
0.0294696	0.00940225	0.150601
0.0270636	0.0118562	0.141658
0.0306644	0.00880412	0.11389
0.0322272	0.0105004	0.140128
0.0322402	0.010391	0.162542
0.0259127	0.0109859	0.149251
0.0304412	0.0105948	0.186788
0.0279158	0.00710067	0.0826862
0.0308021	0.0077176	0.161896
0.0303209	0.00787042	0.15827
0.0333501	0.00777099	0.106221
0.0371113	0.00877659	0.183492
0.0260088	0.0122867	0.193194
0.0290512	0.00890321	0.0895113
0.0290847	0.0120432	0.16218
0.0289069	0.0105169	0.145481
0.0316438	0.0112986	0.185387
0.0304195	0.00990156	0.148752
0.0347326	0.010449	0.101398
0.0286876	0.0108691	0.185035
0.0282374	0.0117712	0.194194
0.0309576	0.0110052	0.186305
0.0279258	0.00892222	0.160808
0.0318582	0.00906514	0.155632
0.0271394	0.00891193	0.182993
0.033261	0.00783269	0.153472
0.0299831	0.0106192	0.191757
0.0278935	0.0101556	0.178067
0.0323094	0.0108353	0.164602
0.0313961	0.00992933	0.0860401
0.0264954	0.00942173	0.110683
0.0298357	0.00854392	0.116806
0.0319813	0.0110167	0.164142
0.0269084	0.00917722	0.222157
0.0255168	0.0106825	0.151397
0.0369062	0.00828741	0.142012
0.0300074	0.0105567	0.168
0.0252438	0.0093318	0.162069
0.0326851	0.0117335	0.158551
0.0335615	0.0120612	0.164469
0.0311932	0.00685874	0.157765
0.0282434	0.00690948	0.155469
0.0331275	0.00921673	0.139665
0.0340323	0.0112944	0.19929
0.0319493	0.00909497	0.170323
0.0311229	0.0102133	0.159114
0.0263188	0.00759641	0.160488
0.0323408	0.00950583	0.10686
0.0288405	0.011182	0.160839
0.0324796	0.0109605	0.164115
0.0254447	0.0102139	0.144222
0.0287087	0.00914465	0.148512
0.0308491	0.00891803	0.106278
0.0307854	0.0103328	0.186025
0.0290481	0.00842454	0.103521
0.0307631	0.00838737	0.160768
0.0223589	0.0108103	0.140435
0.0316294	0.00848333	0.183074
0.0278935	0.0124482	0.139247
0.0362518	0.00895476	0.178344
0.0302369	0.00982695	0.169234
0.0268349	0.00964968	0.111289
0.0301929	0.00879573	0.15838
0.038828	0.009045	0.186288
0.0319444	0.00937315	0.0902421
0.03076	0.0117076	0.196868
0.0315653	0.0126728	0.211222
0.029935	0.0109289	0.105847
0.0303161	0.0120818	0.165813
0.0292349	0.0106401	0.164669
0.0282234	0.0118223	0.230477
0.0345641	0.00775489	0.156275
0.0263717	0.00743077	0.126209
0.0249232	0.00856214	0.135656
0.0295876	0.00890216	0.163662
0.0334428	0.0100624	0.163292
0.0309961	0.011686	0.102812
0.0283195	0.0142049	0.237215
0.0314272	0.0104428	0.183861
0.0308766	0.0116084	0.116901
0.032091	0.00735138	0.155167
0.0312244	0.00944606	0.230892
0.0321446	0.0120223	0.15623
0.0302433	0.0081985	0.168436
0.0338477	0.00747403	0.154434
0.0285286	0.0102502	0.180109
0.029003	0.0116968	0.162495
0.028382	0.00730689	0.0989568
0.0283362	0.0110729	0.107273
0.0295222	0.00965631	0.18397
0.0289124	0.0114531	0.234119
0.0308277	0.0110234	0.114361
0.0337994	0.0102421	0.160364
0.0360707	0.0088865	0.164554
0.0299499	0.00759908	0.153839
0.0330765	0.0100643	0.182138
0.0303162	0.00980494	0.229554
0.0335609	0.0080906	0.147331
0.0286403	0.0109351	0.185762
0.0344434	0.00929128	0.143569
0.0295739	0.00925839	0.145594
0.0245936	0.0132129	0.138219
0.0293679	0.0101149	0.178113
0.0258003	0.00995823	0.201938
0.0302859	0.0115497	0.103096
0.0284815	0.0117737	0.208079
0.0378751	0.0104212	0.175783
0.0289277	0.0125583	0.205151
0.0379879	0.00847285	0.186155
0.0277169	0.00905814	0.224996
0.0259869	0.00930125	0.165251
0.0304885	0.00798746	0.180768
0.0315374	0.00750321	0.181621
0.0293742	0.0121355	0.182671
0.0296951	0.0104035	0.181801
0.0286072	0.010817	0.18468
0.0262164	0.0072601	0.133872
0.0263039	0.0104928	0.174616
0.0287538	0.00998082	0.162318
0.0329614	0.00952743	0.107652
0.0281019	0.0103697	0.182799
0.0305863	0.010183	0.110728
0.0290895	0.00805786	0.119246
0.0267859	0.00922063	0.191416
0.0316233	0.0127056	0.207938
0.0332486	0.0107902	0.166779
0.030104	0.00891772	0.114686
0.0294448	0.0111438	0.145858
0.0312086	0.0101803	0.182733
0.0259085	0.00914533	0.161414
0.0279549	0.0137206	0.0964563
0.0284896	0.0105313	0.146358
0.0341054	0.0107185	0.161139
0.0309511	0.0102141	0.158383
0.0336739	0.00846005	0.214125
0.031853	0.0106102	0.0856975
0.0275928	0.00853202	0.159252
0.0314424	0.0120422	0.203235
0.0279821	0.0124151	0.136257
0.0291537	0.0116804	0.103684
0.0289332	0.00912326	0.15442
0.0333676	0.00969839	0.161536
0.0316744	0.0110038	0.162568
0.0352078	0.0153956	0.1718
0.0272414	0.0130095	0.233705
0.0236196	0.0116873	0.18457
0.027969	0.012015	0.197406
0.0310814	0.0118006	0.132887
0.0270202	0.0112665	0.153993
0.0325011	0.00766549	0.107334
0.029559	0.00960992	0.175808
0.0253846	0.00821992	0.216749
0.0312135	0.00857422	0.158887
0.029073	0.00764325	0.182364
0.0287149	0.00814295	0.119366
0.0236532	0.00866304	0.163254
0.0343427	0.0123017	0.118982
0.0288943	0.00900898	0.18259
0.0278309	0.00949699	0.190061
0.0304421	0.0129648	0.167622
0.0299786	0.0112995	0.104076
0.0338379	0.0115996	0.171791
0.0332148	0.0116456	0.0984266
0.0298073	0.0084733	0.159528
0.0357039	0.00897114	0.158391
0.0283852	0.00839773	0.156913
0.0270588	0.011	0.147074
0.0285709	0.0101775	0.11097
0.0324863	0.0118518	0.164717
0.031442	0.00652348	0.153185
0.03072	0.0076102	0.145545
0.0323091	0.0109089	0.16454
0.0267753	0.0124514	0.196662
0.0221129	0.00909905	0.153565
0.0326544	0.00869263	0.149997
0.0337713	0.00958738	0.143431
0.024908	0.00819153	0.133834
0.0297038	0.00899532	0.146309
0.0284307	0.0124325	0.101231
0.0259799	0.00833213	0.186478
0.0317287	0.00838081	0.150339
0.0303562	0.0103408	0.111542
0.0281557	0.0124621	0.160949
0.0298593	0.0117695	0.233519
0.0287576	0.0112357	0.188115
0.0273293	0.00942442	0.191172
0.035082	0.0105093	0.161151
0.0327851	0.00972796	0.140282
0.0346429	0.00943082	0.13576
0.0293463	0.00929046	0.114221
0.0307634	0.00900605	0.0880287
0.0296273	0.0100241	0.153518
0.0259685	0.0068512	0.097819
0.0324848	0.00609189	0.14432
0.0295372	0.0104894	0.0812637
0.0294207	0.0125526	0.0996514
0.031462	0.00995279	0.141421
0.034472	0.0122578	0.186429
0.034174	0.00797262	0.155807
0.0286509	0.0131557	0.1838
0.034304	0.0110158	0.178701
0.0322264	0.0136672	0.115815
0.0294979	0.010388	0.109025
0.0292694	0.00836092	0.173971
0.0241413	0.00711809	0.127711
0.0301795	0.0093573	0.152386
0.0305941	0.00926349	0.109298
0.0339463	0.00492075	0.142001
0.0288886	0.0127998	0.215918
0.0290763	0.0104185	0.112569
0.0273475	0.0103697	0.111579
0.0326329	0.00995336	0.181995
0.0278195	0.00862619	0.142814
0.029023	0.00970651	0.182995
0.031134	0.0106924	0.13713
0.0322348	0.00929678	0.158917
0.0216543	0.0110334	0.167213
0.0323372	0.00791325	0.228465
0.0327387	0.0104531	0.138005
0.0258207	0.0109715	0.149637
0.0320699	0.0072079	0.183798
0.029389	0.00993255	0.175372
0.0295186	0.00813309	0.109061
0.0240449	0.0130834	0.117293
0.0303368	0.00680616	0.161072
0.0331302	0.0120458	0.0968084
0.0265362	0.00992284	0.111805
0.0327303	0.0101359	0.176562
0.031744	0.00955976	0.140184
0.0293131	0.0111568	0.164018
0.0244022	0.0114469	0.119577
0.0320185	0.00769387	0.155294
0.031638	0.00735608	0.156215
0.0314948	0.00882409	0.171713
0.0287087	0.00944302	0.113764
0.0309184	0.0110355	0.11537
0.0293834	0.00860501	0.147589
0.0351374	0.0117908	0.159588
0.0267303	0.00782633	0.137692
0.0314337	0.010138	0.111797
0.0266086	0.0106206	0.111491
0.0356171	0.00933575	0.184082
0.0337995	0.00978039	0.186515
0.0342898	0.0116165	0.130187
0.0326744	0.00913513	0.108382
0.0291488	0.0106254	0.163018
0.0325352	0.00967548	0.144177
0.0274919	0.00988554	0.183756
0.0297062	0.00975674	0.153628
0.0282343	0.0106171	0.144611
0.0310304	0.0102012	0.158327
0.0335266	0.01014	0.136643
0.0350016	0.0103575	0.135013
0.033242	0.0100231	0.134825
0.0311223	0.0109288	0.161889
0.0268713	0.0122343	0.122233
0.0265172	0.00970431	0.167909
0.0340885	0.00638838	0.0917928
0.0323118	0.00813241	0.159726
0.0295899	0.00779977	0.182487
0.0322516	0.00774612	0.158658
0.0306042	0.00967932	0.160817
0.0254638	0.00959684	0.162042
0.0294373	0.0131489	0.136963
0.0307439	0.0103361	0.145982
0.0257199	0.0100896	0.168226
0.0295289	0.0117628	0.161193
0.0332717	0.00981401	0.136804
0.0270532	0.0110679	0.207346
0.0340624	0.00890134	0.138539
0.0301899	0.00843276	0.104121
0.0291857	0.00551317	0.148017
0.0247671	0.0115096	0.110357
0.0307594	0.00782692	0.158118
0.0254665	0.0124665	0.232104
0.030621	0.00925928	0.10681
0.0328891	0.00828657	0.156283
0.0295526	0.0086614	0.15058
0.0268047	0.0113647	0.165446
0.0304599	0.00859122	0.115501
0.0300526	0.0086377	0.165589
0.0289373	0.0112037	0.164059
0.0321995	0.0106179	0.162355
0.0330844	0.00917238	0.166607
0.032991	0.0077059	0.0995468
0.0308198	0.00873515	0.150812
0.0282983	0.00806801	0.175021
0.0267612	0.0114304	0.144516
0.0293281	0.0114006	0.139481
0.0320265	0.00890344	0.155301
0.0326099	0.009864	0.174625
0.0301691	0.0104245	0.189258
0.0281178	0.00952818	0.161235
0.0315571	0.0087171	0.152285
0.03169	0.00948814	0.176279
0.026103	0.0124056	0.142069
0.0288311	0.00798225	0.177519
0.0284744	0.0101742	0.175327
0.0340273	0.0135181	0.187348
0.0249406	0.0120265	0.168207
0.0279911	0.0108983	0.180686
0.0302073	0.0113953	0.165328
0.0307033	0.0089287	0.152332
0.0298197	0.00984457	0.144046
0.0263741	0.0108193	0.180997
0.0284924	0.0116108	0.18397
0.0283821	0.0127413	0.100031
0.0308011	0.00787986	0.117705
0.0311851	0.0107409	0.113365
0.0278584	0.0111673	0.147379
0.0315323	0.00993687	0.182195
0.0327054	0.0119172	0.193002
0.0297944	0.0101447	0.179706
0.0303631	0.0126507	0.130558
0.0299189	0.0111321	0.19672
0.0275267	0.00892783	0.164623
0.0302538	0.00884249	0.105605
0.0360996	0.0107267	0.13296
0.0234089	0.00985733	0.164484
0.0289097	0.00951327	0.180729
0.0270563	0.0107412	0.204306
0.0217402	0.0110103	0.160643
0.0302757	0.00924122	0.112535
0.0287724	0.0103513	0.182046
0.0305318	0.00930343	0.177454
0.0332365	0.0118072	0.157226
0.0290732	0.010409	0.182297
0.0305405	0.00981641	0.109669
0.0325499	0.0110654	0.160939
0.0268135	0.00839449	0.104485
0.0280132	0.0109942	0.107981
0.0351414	0.0108516	0.184181
0.0330255	0.0118264	0.0856168
0.0272529	0.0115881	0.141
0.0252415	0.0108257	0.176623
0.0290455	0.0094389	0.17416
0.0254246	0.00931697	0.161771
0.0294093	0.0109079	0.0797012
0.032472	0.0118615	0.16892
0.032538	0.00922042	0.145418
0.0260081	0.00748707	0.157119
0.0270694	0.0105457	0.164446
0.0330375	0.00942207	0.168992
0.0243732	0.00948843	0.161222
0.0319106	0.0131352	0.1251
0.0289008	0.0118442	0.195592
0.0323102	0.0108221	0.0863156
0.0324477	0.00802042	0.180302
0.03474	0.00848749	0.143901
0.033084	0.0124104	0.21216
0.0362082	0.0104102	0.10945
0.0289581	0.0114452	0.141263
0.0289485	0.0118408	0.194954
0.0250103	0.0100261	0.220379
0.0327595	0.00996356	0.160946
0.0239936	0.00931314	0.217404
0.0290169	0.00909041	0.0826422
0.0265587	0.0100412	0.111822
0.0328639	0.00945372	0.159362
0.0338224	0.0120554	0.186662
0.0326584	0.0128147	0.174472
0.0298717	0.00700298	0.0971562
0.0316289	0.0113877	0.18203
0.0274186	0.00887926	0.175676
0.0291983	0.0109039	0.138927
0.0288161	0.0092699	0.114406
0.0292351	0.0108509	0.157176
0.0362675	0.00902528	0.108983
0.0292009	0.00946248	0.18416
0.0293736	0.0109576	0.144103
0.0321676	0.0109851	0.102795
0.0304615	0.00949149	0.108231
0.0252698	0.0106843	0.117103
0.0324825	0.0107158	0.162197
0.0319425	0.0100382	0.181257
0.0336657	0.00814392	0.0943819
0.0306048	0.010952	0.115772
0.0267603	0.0102349	0.166576
0.0327644	0.0126634	0.187005
0.0288646	0.0107378	0.163246
0.0278365	0.0114264	0.230012
0.0323267	0.0118302	0.16925
0.0304125	0.0113786	0.182505
0.0273593	0.00841774	0.15451
0.0311849	0.00786207	0.117599
0.0286694	0.0105345	0.179566
0.0299498	0.0101075	0.162078
0.0327866	0.0123578	0.196758
0.0325234	0.0108286	0.185968
0.0345853	0.00942782	0.105057
0.0255047	0.0110528	0.111131
0.0291117	0.00867542	0.163584
0.0296	0.0107049	0.107399
0.028318	0.00678208	0.162101
0.0249741	0.0109987	0.112518
0.0310828	0.0100833	0.180254
0.0324711	0.0106724	0.162975
0.0299021	0.0103849	0.14602
0.0347633	0.00856634	0.175193
0.0329276	0.0110911	0.197636
0.0278558	0.0109686	0.154603
0.0295696	0.0120691	0.166636
0.028583	0.00845607	0.145025
0.0295784	0.00968992	0.22938
0.0323726	0.00819871	0.184012
0.0324516	0.0109788	0.182842
0.0303634	0.0078727	0.156762
0.0299318	0.0102848	0.156016
0.0336169	0.00979288	0.167639
0.0258583	0.0105328	0.173738
0.028033	0.0103619	0.112724
0.0326756	0.01003	0.186133
0.0289342	0.00995797	0.176535
0.0312264	0.0107404	0.187947
0.0316565	0.0122802	0.204889
0.0256839	0.00726682	0.164167
0.025665	0.00919102	0.176093
0.031544	0.00825925	0.181427
0.0239962	0.00794937	0.126817
0.0337019	0.00887815	0.175575
0.0330976	0.0110918	0.131297
0.0303312	0.00809613	0.157242
0.0319453	0.00849838	0.166111
0.0291996	0.0094562	0.113031
0.0328383	0.00982635	0.18323
0.0322359	0.00896572	0.182449
0.0297412	0.0094556	0.181895
0.0327544	0.0108311	0.236848
0.0303144	0.00920942	0.171007
0.033596	0.00850576	0.156983
0.0233874	0.0119843	0.183817
0.0344336	0.0130849	0.221101
0.0327774	0.0100043	0.162045
0.0301463	0.0112768	0.19705
0.0368385	0.013496	0.0855303
0.0338288	0.0096928	0.235458
0.0253566	0.0118754	0.142158
0.0329187	0.00954336	0.181639
0.0306033	0.0106818	0.113633
0.0258542	0.00847757	0.138581
0.0266867	0.0108234	0.147789
0.0290969	0.00912701	0.106328
0.0293228	0.00730607	0.140593
0.0304301	0.0086967	0.16591
0.032505	0.0110673	0.113764
0.0276867	0.0114863	0.182275
0.0335058	0.00852	0.156904
0.0348501	0.00941854	0.185085
0.0315765	0.0085477	0.113927
0.031907	0.0104158	0.181459
0.0316196	0.0115452	0.233928
0.0270572	0.00883309	0.18687
0.0307885	0.00914518	0.148358
0.0309176	0.011393	0.186096
0.0313484	0.00952258	0.183963
0.0347498	0.0114425	0.0969722
0.0271019	0.00987058	0.183915
0.0284829	0.00979382	0.150215
0.0319763	0.00774197	0.150202
0.0313106	0.00820066	0.150507
0.0314327	0.00927987	0.159151
0.0281301	0.0111918	0.156321
0.0284999	0.0104187	0.182655
0.0328812	0.00968705	0.159986
0.0321006	0.0109435	0.164664
0.030349	0.00918244	0.181251
0.0262951	0.00991127	0.114979
0.0351048	0.00997083	0.190311
0.027203	0.0096744	0.161414
0.0285449	0.012426	0.203108
0.0309598	0.0101431	0.180133
0.02853	0.0114876	0.20532
0.0304388	0.0102472	0.183837
0.0354417	0.0115287	0.178863
0.0322196	0.00908029	0.159232
0.0226611	0.0131035	0.106415
0.0317583	0.00931452	0.156504
0.03134	0.00771968	0.159683
0.0293013	0.0074383	0.107134
0.0277955	0.0123815	0.07232
0.0283472	0.00806371	0.106616
0.02952	0.00817395	0.144916
0.0315016	0.0108018	0.187715
0.0262036	0.0105042	0.17419
0.028139	0.0118249	0.104466
0.0313548	0.0119579	0.0993589
0.0322189	0.0098368	0.185626
0.0296777	0.0114272	0.142332
0.0279359	0.00927756	0.11552
0.0291744	0.0100784	0.178758
0.0304173	0.0127245	0.186229
0.0286562	0.00794124	0.120671
0.0267039	0.00738863	0.17985
0.028575	0.0118166	0.197049
0.0310289	0.00954152	0.110222
0.0266545	0.00927913	0.164099
0.0308187	0.0109534	0.16375
0.0315147	0.0121542	0.167935
0.0284046	0.00995725	0.112545
0.0285661	0.0139566	0.227808
0.030054	0.00827677	0.157464
0.0356057	0.0101314	0.190946
0.0268707	0.00823762	0.108042
0.0284239	0.0110426	0.165133
0.0287096	0.0101314	0.182465
0.0282461	0.00953732	0.184168
0.0293313	0.00919465	0.172684
0.0333517	0.0121777	0.172178
0.0287513	0.0113625	0.105646
0.0287276	0.00908614	0.168342
0.0332401	0.0103476	0.10981
0.0294881	0.00881405	0.14788
0.0335011	0.0136003	0.224141
0.0301496	0.00731442	0.14367
0.0289277	0.00930271	0.114099
0.0268777	0.00655291	0.13525
0.029798	0.0084074	0.147818
0.0335043	0.00828326	0.112872
0.0280276	0.0101937	0.165918
0.0300783	0.00991974	0.161918
0.0318654	0.00745503	0.148038
0.0269057	0.0100531	0.198657
0.0295895	0.0106801	0.162801
0.0323418	0.0110423	0.164384
0.0279628	0.0109861	0.147438
0.0273933	0.0091885	0.181081
0.0286056	0.00852343	0.228399
0.0284539	0.00867982	0.159874
0.0307216	0.00855546	0.169788
0.0312625	0.00978559	0.108965
0.0323771	0.00999983	0.2373
0.0311828	0.00836661	0.110016
0.0278792	0.0096692	0.148765
0.0346843	0.0113556	0.201025
0.0299566	0.0107652	0.144116
0.0306195	0.00960999	0.180023
0.0271505	0.0115928	0.211721
0.0362691	0.0123754	0.155577
0.0259786	0.0104928	0.112973
0.0335799	0.0113177	0.200055
0.0297971	0.00888079	0.152254
0.0332329	0.0114698	0.168986
0.0291683	0.0113539	0.104976
0.0304454	0.0066083	0.154102
0.0292703	0.00831639	0.146151
0.0311042	0.00864503	0.103686
0.0293012	0.0105824	0.15604
0.0342526	0.00871776	0.159848
0.0261893	0.0132402	0.101018
0.0320714	0.0104532	0.185081
0.0340395	0.00896566	0.157254
0.0315463	0.0107998	0.162762
0.0318622	0.0110242	0.11155
0.0296166	0.00932993	0.161018
0.0301839	0.0121216	0.138851
0.0304908	0.0070996	0.108201
0.0321131	0.00860563	0.210279
0.0310082	0.0111691	0.141966
0.0295527	0.0092236	0.0875137
0.0327264	0.0113328	0.184068
0.0255568	0.00937473	0.118328
0.0329752	0.0101941	0.184082
0.0379466	0.0116261	0.187156
0.0290204	0.00978283	0.15184
0.0294025	0.0115874	0.165546
0.0307403	0.00936603	0.23175
0.0298378	0.0101277	0.167108
0.0329045	0.0119491	0.185744
0.0292166	0.0107255	0.163144
0.0286821	0.00991524	0.190542
0.0317788	0.0104886	0.0867776
0.0307171	0.00942915	0.147439
0.0312643	0.00943085	0.107333
0.0301937	0.0111496	0.136871
0.0362473	0.00941973	0.132667
0.0283717	0.00892441	0.163945
0.0302506	0.0085925	0.149541
0.0269413	0.0137922	0.1303
0.0256041	0.0113129	0.21526
0.0298871	0.0111395	0.181253
0.0267004	0.00768629	0.157534
0.0350161	0.0144513	0.117416
0.0269663	0.00840941	0.179951
0.028724	0.00846528	0.158509
0.0319632	0.0112565	0.186713
0.0269336	0.0115361	0.212277
0.0321165	0.0108631	0.162591
0.0277021	0.0111452	0.113118
0.0234292	0.00952185	0.120693
0.0308607	0.0103803	0.0851073
0.0295496	0.010572	0.234234
0.0306687	0.00957613	0.185186
0.0330588	0.00954836	0.171057
0.0304959	0.0113722	0.161717
0.0342046	0.00913553	0.170233
0.0369162	0.00879012	0.156485
0.0255657	0.00771207	0.10708
0.0352064	0.0112726	0.134031
0.0310292	0.0115957	0.166005
0.0286352	0.0131582	0.133253
0.0300645	0.00643427	0.152928
0.0304461	0.0119724	0.200547
0.0294804	0.00899	0.11467
0.0287725	0.0111957	0.157629
0.0289131	0.00936231	0.149069
0.0310244	0.0103786	0.230983
0.032565	0.00778389	0.162018
0.0296565	0.0103527	0.145857
0.0307428	0.00935584	0.111389
0.0302915	0.0129907	0.123638
0.0289796	0.00922889	0.181234
0.025681	0.01035	0.17187
0.0326241	0.00824608	0.156693
0.0324635	0.00953108	0.184079
0.028912	0.00995147	0.111394
0.0276737	0.00988858	0.149604
0.0332354	0.00917778	0.0978936
0.0310682	0.0115215	0.164805
0.0245639	0.0105547	0.212386
0.0341931	0.012026	0.174613
0.0248918	0.00921125	0.138589
0.0318205	0.0114163	0.166055
0.0330332	0.0125435	0.197402
0.0316864	0.00730246	0.227949
0.0269425	0.0108106	0.151669
0.0252973	0.00895954	0.120643
0.0290439	0.0112583	0.16516
0.0338731	0.00748248	0.154693
0.0263077	0.0113658	0.212897
0.0348009	0.00947038	0.10533
0.0304959	0.0110314	0.14366
0.0261834	0.0123287	0.144092
0.0323999	0.0115012	0.0998749
0.0287531	0.00996319	0.190481
0.0355691	0.00941355	0.184015
0.0245886	0.00899352	0.198056
0.0302555	0.00918129	0.152387
0.0323225	0.00952955	0.144104
0.0271404	0.00893149	0.143677
0.0324586	0.010005	0.182832
0.0337541	0.00952024	0.162311
0.0253452	0.00879601	0.138102
0.029469	0.010096	0.217284
0.0372743	0.00590879	0.15018
0.0310476	0.0101253	0.158441
0.0303346	0.0104661	0.184358
0.031038	0.0110518	0.104323
0.0343277	0.00812782	0.157394
0.0324523	0.00809724	0.107472
0.031346	0.00965463	0.175352
0.0317049	0.0108238	0.139519
0.0305314	0.00751893	0.153086
0.0301666	0.00985782	0.0830179
0.0301019	0.0112401	0.164048
0.0294646	0.0103136	0.155204
0.0325974	0.0101013	0.105662
0.0321736	0.0110642	0.165196
0.0307341	0.00857546	0.17021
0.0312617	0.0103622	0.140194
0.030397	0.00956138	0.151078
0.0270083	0.0127227	0.202006
0.0266628	0.0120161	0.16738
0.0323475	0.0108535	0.16119
0.0312682	0.00924124	0.183039
0.0330922	0.0114261	0.163293
0.0333085	0.0101756	0.104659
0.0360102	0.0100619	0.169959
0.0261547	0.0106271	0.148625
0.0318189	0.0109347	0.187731
0.0259824	0.00963766	0.170763
0.0311255	0.00699519	0.179669
0.0300176	0.0127222	0.122764
0.0304145	0.00987863	0.183251
0.0361143	0.0105338	0.196097
0.0340463	0.00892083	0.159602
0.0331524	0.00946583	0.160495
