0.0335302	0.0132406	0.0386881
0.0395366	0.00471095	0.0395864
0.0340937	0.00106628	0.0390747
0.0238659	0.00718328	0.0374719
0.0319694	0.0106931	0.0384252
0.0333178	0.00964121	0.0387644
0.0227164	0.00776534	0.0371713
0.0349503	0.00876208	0.0389695
0.0266661	0.0106738	0.0376902
0.016786	0.0100936	0.0363402
0.0359415	0.0112077	0.0390591
0.023283	0.0127919	0.0371627
0.0262713	0.0162035	0.0374973
0.0312942	0.0112137	0.0382645
0.0422187	0.00597899	0.0400573
0.0101314	0.00586714	0.0354892
0.0238564	0.00502476	0.0374496
0.0168728	0.0134483	0.0360349
0.0174572	0.0110592	0.0363717
0.0319431	0.0136751	0.0383908
0.0409261	0.0117467	0.0396934
0.0271902	0.00792389	0.0379685
0.00244982	0.0154679	0.0342323
0.0378281	0.0203164	0.0393521
0.0407918	0.0134418	0.0396082
0.0334536	0.012982	0.0385795
0.0386942	0.0160838	0.0394909
0.0249617	0.0112618	0.0372593
0.0316741	0.01316	0.0385065
0.0306566	0.00388252	0.0382511
0.0218118	0.0174077	0.0367481
0.0337505	0.0106237	0.0387761
0.0421609	0.00586056	0.039927
0.0205927	0.012259	0.0368218
0.00373354	0.0157773	0.0343295
0.0391227	0.000279247	0.039575
0.0460659	0.00954599	0.0405476
0.019674	0.00734235	0.0365392
0.0300889	0.0124614	0.0383583
0.0373611	0.0157703	0.0392467
0.0193988	0.010005	0.0363562
0.0273374	0.0128052	0.037748
0.0169966	0.00164911	0.0362904
0.0354639	0.0181407	0.0387057
0.0273609	0.00609466	0.0379185
0.0242919	0.0114795	0.0371929
0.0369936	0.0128102	0.0391652
0.0183814	0.0156719	0.0365795
0.0170598	0.00702835	0.0363967
0.0251335	0.0175722	0.0373201
0.0278996	0.00897855	0.0378936
0.0271585	0.00786937	0.0377993
0.0393197	0.013492	0.0395145
0.0206338	0.0119804	0.0369352
0.0276287	0.014295	0.037772
0.0190502	0.0132276	0.0362272
0.000590108	0.000833832	0.0342701
0.0287634	0.0132003	0.0380853
0.0253164	0.0148237	0.0375805
0.0285336	0.00653962	0.0378754
0.0401145	0.00535781	0.0396988
0.0320332	0.00812669	0.0384978
0.0273288	0.00778588	0.0378154
0.00318402	0.0129709	0.0340181
0.0405762	0.00597981	0.0397063
0.0347926	0.00767902	0.0390077
0.0517646	0.0164903	0.041126
0.0104779	0.00850059	0.03536
0.0259595	0.0150146	0.0375366
0.0118694	0.0109094	0.0354263
0.0364401	0.0109715	0.039206
0.0344888	0.0111837	0.0390364
0.0389944	0.00945641	0.0394292
0.0279555	0.00758641	0.0380918
0.0311764	0.00746457	0.0384873
0.0234395	0.0167795	0.0370948
0.0383732	0.00987658	0.0393147
0.0327868	0.0069636	0.0385814
0.0407988	0.0169686	0.0396733
0.0164825	0.00742824	0.0361204
0.0538122	0.00852542	0.0417121
0.035109	0.00766458	0.0388812
0.0366078	0.0164077	0.039308
0.0380155	0.0145762	0.0392364
0.0056092	0.0102493	0.0346365
0.0312638	0.0102055	0.0383672
0.0150778	0.00901964	0.035926
0.0270515	0.0159546	0.0376383
0.0171993	0.00790093	0.03641
0.0288976	0.00507364	0.0381623
0.03191	0.00252497	0.0385356
0.0397508	0.0138529	0.0396126
0.0312893	0.0125717	0.0383779
0.0282809	0.0077747	0.0379701
0.0177027	0.01456	0.0361069
0.0130577	0.0133393	0.0354539
0.026402	0.0158825	0.0375203
0.0248521	0.00727518	0.0375731
0.0358157	0.00603552	0.0390649
0.0248219	0.0142809	0.0374151
0.0393474	0.00929348	0.0395171
0.0434971	0.0167988	0.0400462
0.0306619	0.00787601	0.0383041
0.0193312	0.0147529	0.0364567
0.0354024	0.0117723	0.039041
0.0352344	0.0073266	0.0390869
0.0240511	0.0136747	0.0372924
0.0410328	0.014246	0.0397677
0.0299274	0.0153233	0.0381609
0.0303513	0.00372455	0.0382331
0.0275522	0.0112032	0.0378628
0.0353559	0.00582822	0.0389532
0.0180435	0.012246	0.0364912
0.018549	0.00843462	0.0366391
0.014812	0.0108771	0.0359911
0.0303402	0.0113442	0.0383235
0.0389742	0.0161229	0.0393596
0.035596	0.0102642	0.0389776
0.0406395	0.0105472	0.0397555
0.0145235	0.00898181	0.0360326
0.033401	0.0181148	0.0386672
0.0221929	0.00528127	0.0370397
0.0400432	0.0105794	0.0395892
0.0369	0.0140716	0.0389935
0.0214813	0.00723297	0.0369295
0.0355862	0.00850014	0.039062
0.052854	0.0123754	0.0415879
0.0373349	0.0118205	0.0391876
0.039806	0.000225562	0.0397755
0.0256638	0.0125834	0.0376514
0.040575	0.00101994	0.0398435
0.0455362	0.0143621	0.0404526
0.0232225	0.00599425	0.0370938
0.0254633	0.00654899	0.0375502
0.0226138	0.007212	0.0372512
0.0356959	0.012749	0.0390157
0.0437103	0.0157019	0.0401096
0.0343578	0.00190272	0.0388881
0.0496431	0.00774438	0.0410252
0.0408661	0.0114118	0.0396882
0.0450525	0.0156472	0.0405858
0.0146664	0.0160332	0.0359305
0.0365963	0.0146397	0.0393221
0.0155335	0.00978165	0.0360035
0.0202854	0.0118712	0.0367706
0.0355062	0.0119319	0.0390661
0.043715	0.0139818	0.0400334
0.0404531	0.0146216	0.0398056
0.0315185	0.0130063	0.0384007
0.0271841	0.00440706	0.0377739
0.0393928	0.0107422	0.0395161
0.0236503	0.0118619	0.0370956
0.034148	0.0115301	0.0389833
0.0360618	0.00637881	0.0390978
0.0359065	0.00902015	0.0391382
0.0420534	0.00265595	0.0400793
0.0256734	0.00818777	0.0376025
0.0449141	0.00196173	0.0405108
0.0371563	0.0160855	0.0392192
0.024885	0.00344033	0.0374661
0.0239247	0.0121306	0.037247
0.0352449	0.011545	0.0388516
0.0331098	0.0126571	0.0386267
0.0130501	0.00206868	0.0356818
0.0307531	0.00120166	0.0384953
0.035468	0.0063307	0.0389341
0.028213	0.000338089	0.038198
0.0249591	0.00292208	0.0373157
0.0300809	0.00310779	0.0383106
0.0324568	0.0121192	0.0386117
0.0455433	0.00788992	0.0404224
0.0254361	0.0141104	0.0375143
0.025264	0.0103267	0.0374311
0.0155132	0.010077	0.0357526
0.0244539	0.0100268	0.0374108
0.0155002	0.00823413	0.0358658
0.0428354	0.00548819	0.0401564
0.0240442	0.00977997	0.0374759
0.0244958	0.00658676	0.0374321
0.0370113	0.00908552	0.039169
0.0135252	0.0130938	0.0358215
0.027947	0.00241303	0.0378682
0.0305627	0.0131117	0.038227
0.0343243	0.0152133	0.0387594
0.0214893	0.000845571	0.0368768
0.0342498	0.0130474	0.0387515
0.0156559	0.0100213	0.0361227
0.0405845	0.0115566	0.0397628
0.0258436	0.00716571	0.0375727
0.0225392	0.0120412	0.037104
0.0364498	0.00189981	0.0394002
0.0198188	0.015673	0.0367798
0.0296783	0.0136156	0.038117
0.0379043	0.0117684	0.0392688
0.00515557	0.0152457	0.0345349
0.0412933	0.0120529	0.0397295
0.0235597	0.0101237	0.0373584
0.0481234	0.0160261	0.0409546
0.0315721	0.0101552	0.0383711
0.0164314	0.00562662	0.0362368
0.0234756	0.0147675	0.0372252
0.0406736	0.0119553	0.0396492
0.0384079	0.00577933	0.0394845
0.0301581	0.00312663	0.0381989
0.0345891	0.0071923	0.0388931
0.0282737	0.00779759	0.0378489
0.0310418	0.0166453	0.0383313
0.0217649	0.0150031	0.0366935
0.0298965	0.00772022	0.038094
0.0349528	0.00815755	0.0389366
0.0398319	0.0129436	0.0395969
0.0309128	0.0168133	0.0381529
0.0464375	0.0107409	0.0405262
0.0285767	0.0114175	0.037924
0.027029	0.00526964	0.0379393
0.0207629	0.0140491	0.0369406
0.0168328	0.0125153	0.0362683
0.0381411	0.0116286	0.0392401
0.0385841	0.00919477	0.0394242
0.033317	0.00978514	0.0385932
0.0202615	0.00325717	0.0366344
0.0421595	0.00297375	0.0402796
0.0351748	0.0130228	0.0387807
0.0341207	0.0101639	0.0387748
0.0323291	0.00643979	0.0385257
0.02636	0.0106542	0.0374232
0.0141802	0.00668265	0.0356869
0.0287688	0.0156131	0.0379709
0.0236466	0.0105722	0.0371934
0.0281052	0.0165491	0.0377618
0.0338047	0.00168587	0.0387303
0.014613	0.0104103	0.0358462
0.0209397	0.0152685	0.0368634
0.0366065	0.00929389	0.0392368
0.0367626	0.0144138	0.0392571
0.0240893	0.0100644	0.0372346
0.0283295	0.00488977	0.0381319
0.0222319	0.00194522	0.037316
0.0292226	0.013303	0.0378146
0.0474101	0.0120401	0.0406891
0.0193855	0.010693	0.0365642
0.0241391	0.0134865	0.0373248
0.0147933	0.00177784	0.0361635
0.0170144	0.00713928	0.0363087
0.0120987	0.0168802	0.0355844
0.0300043	0.0106193	0.0382408
0.0390888	0.0158813	0.0394306
0.023722	0.00628296	0.0373232
0.0188354	0.00307481	0.0365118
0.0327903	0.0170178	0.0384864
0.0351409	0.0076045	0.0389841
0.0424573	0.0144887	0.0399078
0.0158265	0.0073227	0.0360063
0.0370116	0.00440252	0.0394184
0.0292887	6.88005e-05	0.038305
0.0241305	0.0134285	0.0373487
0.0225484	0.0158537	0.0369837
0.0306327	0.00694035	0.0383011
0.0146336	0.0136829	0.0359987
0.0278336	0.00949836	0.0378743
0.0276456	0.000811165	0.0378436
0.0298804	0.0139704	0.0383161
0.040906	0.0141878	0.039623
0.0210276	0.0167512	0.0364717
0.0145273	0.0146948	0.0356195
0.0215538	0.0142775	0.0368546
0.0296131	0.0134028	0.0382063
0.0152563	0.000857335	0.0363364
0.0350383	0.0120847	0.0389969
0.0163478	0.0103787	0.0362138
0.0304001	0.0118468	0.0381632
0.0280235	0.0134665	0.0378572
0.0346118	0.0130052	0.038768
0.0188126	0.0121303	0.0366095
0.0312025	0.0155716	0.0384188
0.025388	0.0116803	0.0375392
0.0192411	0.0150613	0.036626
0.0283728	0.00163359	0.0380105
0.0171922	0.00942721	0.0363952
0.0384963	0.00469649	0.0395947
0.0319252	0.00533497	0.0384906
0.0412652	0.0165413	0.0398019
0.0254589	0.0165897	0.0373705
0.0391536	0.0105404	0.0395307
0.0200898	0.0114301	0.0366103
0.0461458	0.0101213	0.0405346
0.0277052	0.012996	0.037787
0.0166779	0.0105427	0.0360098
0.0442192	0.0164824	0.0401546
0.0188247	0.00753025	0.0366742
0.0383295	0.0116028	0.0393423
0.0445958	0.0167947	0.0404312
0.0369692	0.0152419	0.0389754
0.0149951	0.00416933	0.0362085
0.0443168	0.00955889	0.0402438
0.0439309	0.010119	0.0401563
0.01366	0.0108623	0.035739
0.0361533	0.0162617	0.0392369
0.0216983	0.00696894	0.0368786
0.0425716	0.0123756	0.0399087
0.0455051	0.0164069	0.0402865
0.0303495	0.00763647	0.0382198
0.0225635	0.0134251	0.0369642
0.0391165	0.0121429	0.0393764
0.019571	0.0109934	0.0366693
0.0302135	0.00832766	0.0382329
0.0400221	0.00978957	0.0395804
0.0453802	0.0113983	0.0404426
0.037923	0.0118358	0.0393656
0.0165893	0.0135106	0.0359857
0.0266001	0.0096094	0.0377029
0.0481713	0.0144774	0.0408642
0.0238099	0.00500288	0.0372883
0.0319188	0.0165094	0.0384053
0.0347295	0.00462064	0.0390349
0.0135039	0.00481598	0.035894
0.0320173	0.0124382	0.0384712
0.0280364	0.0126554	0.0378397
0.0262793	0.00911907	0.0375132
0.0415546	0.00839736	0.0399124
0.0404039	0.00983544	0.0396948
0.0266081	0.0168367	0.0373255
0.0320457	0.00835832	0.0386979
0.0301579	0.00324387	0.03817
0.0257508	0.00926065	0.0375677
0.0336894	0.0131484	0.038711
0.0269991	0.0126832	0.037704
0.0453045	0.0115045	0.040469
0.0308956	0.00506581	0.0383261
0.0418411	0.00767613	0.0399755
0.0446901	0.0144195	0.0404255
0.0274868	0.0127916	0.0379055
0.0256237	0.0137509	0.0372423
0.0464735	0.00835689	0.0406173
0.0368162	0.00953202	0.039087
0.0241425	0.0133658	0.0372557
0.0171081	0.0121864	0.0362512
0.037545	0.0114111	0.0391917
0.0321407	0.00893073	0.0384619
0.0384592	0.015851	0.0392126
0.023096	0.0129387	0.0371023
0.0258797	0.0113503	0.0373408
0.0363397	0.00707235	0.0391619
0.0386844	0.00633724	0.039721
0.0390048	0.00995005	0.0394139
0.0345452	0.00607074	0.0389678
0.0311752	0.00871112	0.0384309
0.0290567	0.00965793	0.0380342
0.0132413	0.0129312	0.0357556
0.0348188	0.0104088	0.0388801
0.0312806	0.0133214	0.0382918
0.0339518	0.0118756	0.0386936
0.0315146	0.00671044	0.0384067
0.024996	0.0133647	0.0374067
0.0439962	0.0114157	0.0400915
0.0276186	0.0130544	0.0377501
0.0221571	0.00971236	0.0371874
0.0361177	0.0127404	0.0390803
0.022327	0.0136115	0.0368344
0.0314468	0.0124037	0.0383468
0.0274753	0.0124927	0.0377751
0.0339345	0.00899933	0.0387441
0.0353786	0.0088015	0.0389125
0.0243398	0.00971459	0.0372194
0.0304542	0.0119119	0.0381833
0.029575	0.00743872	0.0380467
0.0200887	0.00763645	0.0367606
0.0489319	0.016607	0.0409455
0.0355525	0.0138896	0.0390839
0.0324237	0.00583999	0.038581
0.0290436	0.0166318	0.0379151
0.0407445	0.005878	0.0396544
0.0208438	0.0159394	0.0367833
0.0295898	0.00191489	0.0383938
0.0277924	0.00892042	0.0378096
0.0236395	0.00378257	0.0374241
0.0330806	0.0130515	0.0385502
0.0310818	0.0137127	0.0382037
0.0236914	0.00658327	0.0373879
0.012154	0.00744203	0.0357181
0.00875123	0.0128237	0.0351325
0.0276502	0.0066765	0.0378659
0.0337571	0.0134688	0.0386672
0.0214371	0.0147842	0.0370201
0.0248782	0.0109165	0.0375893
0.0290395	0.0155492	0.037771
0.030005	0.00447893	0.0383934
0.00923913	0.003218	0.0351329
0.033925	0.0151861	0.0386202
0.0328156	0.00573357	0.0386354
0.0264231	0.000513601	0.0376383
0.0358972	0.0129532	0.0392302
0.0131987	0.00830432	0.0355963
0.0247018	0.00791076	0.0374243
0.0313891	0.0154574	0.0383446
0.0511191	0.0112103	0.0413354
0.0329239	0.00955548	0.0385625
0.0374369	0.0132432	0.039264
0.0321895	0.0163279	0.0383465
0.00383393	0.0139388	0.0340462
0.0266606	0.0026421	0.0379389
0.0324268	0.00817227	0.0384227
0.0383946	0.00822998	0.0394593
0.0259325	0.0112443	0.037501
0.0429537	0.00346504	0.0401832
0.0358214	0.0162198	0.0391865
0.0401006	0.00323084	0.0395333
0.0267233	0.00753286	0.0377602
0.033146	0.0128159	0.0386213
0.0280251	0.00687575	0.0377736
0.0120736	0.00863054	0.0355969
0.0122464	0.00113742	0.035892
0.0114729	0.00843163	0.0356455
0.0384711	0.00668649	0.0393452
0.0203915	0.0157723	0.0368757
0.0348344	0.00186286	0.0389599
0.00583673	0.00925498	0.0344634
0.0262342	0.0144354	0.037636
0.0254888	0.00316	0.0375322
0.0221091	0.0143086	0.0371145
0.0453888	0.0124911	0.0402618
0.04751	0.00678843	0.0406352
0.04322	0.0102795	0.0400564
0.0322402	0.0102047	0.0385196
0.0212562	0.0130607	0.0368497
0.0359148	0.0157786	0.03883
0.0424453	0.0121086	0.0400066
0.0202933	0.015161	0.036848
0.0345049	0.00531683	0.0389756
0.00809352	0.0132594	0.0350795
0.0200009	0.00621533	0.0368753
0.0208687	0.0143088	0.0367521
0.0496032	0.0143276	0.0408871
0.0276663	0.0040888	0.0378459
0.0265726	0.005762	0.0377115
0.019777	0.0166487	0.036303
0.0236773	0.0127166	0.0371406
0.0496004	0.00767846	0.0410837
0.0192709	0.00757733	0.0365763
0.022245	0.0130069	0.0370205
0.0229389	0.00982646	0.0371626
0.0322006	0.0117272	0.0385711
0.0368752	0.0142882	0.0389925
0.0350722	0.00338983	0.0389927
0.0362361	0.0134307	0.0389891
0.0294773	0.00471948	0.0382472
0.0393322	0.00374367	0.0396653
0.00430209	0.0151628	0.0344231
0.0190638	0.0120951	0.0365949
0.0417863	0.00298063	0.0399907
0.0366665	0.0111554	0.03937
0.0380212	0.0142338	0.0391627
0.0312318	0.0116583	0.0384481
0.0209738	0.000588957	0.037109
0.0317284	0.00499923	0.0385607
0.0348989	0.0108358	0.0391055
0.031917	0.0125495	0.0384379
0.0270282	0.000652411	0.0377218
0.0291691	0.0100063	0.0381128
0.0109481	0.0130203	0.0355225
0.0270545	0.0149288	0.0376953
0.0350293	0.00730199	0.03887
0.0142067	0.0138278	0.0355312
0.0204192	0.00376092	0.0368767
0.0351148	0.0142786	0.038897
0.0312973	0.0167911	0.0384301
0.029277	0.0139505	0.0381503
0.0322596	0.00702162	0.0385333
0.0174459	0.0128298	0.0363689
0.0338469	0.0118347	0.0388284
0.0378612	0.00750812	0.0393454
0.0361714	0.0120378	0.0391565
0.0322994	0.00978369	0.0384783
0.0238087	0.00783344	0.0373525
0.0153639	0.0116443	0.0361134
0.0409387	0.012301	0.0397855
0.0244403	0.00309638	0.0372438
0.035813	0.00477999	0.0391897
0.0246025	0.00808821	0.0372756
0.0247041	0.0114434	0.0374634
0.0244459	0.0101041	0.0373494
0.0426748	0.0211065	0.0399995
0.0379113	0.0160436	0.0393252
0.0405984	0.0156947	0.0398454
0.0116419	0.0163333	0.0355279
0.0243396	0.00787383	0.0373774
0.0253818	0.00243627	0.0377261
0.0409087	0.0150516	0.039876
0.0294662	0.00867715	0.0381031
0.0384516	2.74603e-05	0.0395301
0.0328369	0.0161346	0.0387092
0.0305641	0.0178902	0.0381343
0.0266278	0.0152631	0.0374098
0.0370619	0.0162414	0.0391966
0.0340767	0.00985093	0.0387275
0.0297156	0.0100339	0.0381925
0.0360892	0.0148723	0.0390339
0.022364	6.95575e-05	0.0373071
0.0343638	0.0113868	0.0387828
0.0175204	0.0152344	0.0363805
0.023441	0.00694951	0.0373654
0.0370385	0.0112907	0.0391068
0.0491467	0.0140816	0.0410029
0.0272221	0.00911943	0.0378075
0.0463173	0.00938367	0.0406423
0.0277857	0.0154086	0.037582
0.0204827	0.0158835	0.0368844
0.0283495	0.0064206	0.0378685
0.043653	0.0122526	0.0401325
0.0278194	0.00779432	0.0379061
0.0374204	0.00719594	0.0393219
0.0425032	0.0121857	0.039905
0.0273355	0.00973119	0.0376626
0.0352591	0.0190591	0.0388391
0.0171079	0.0143253	0.036269
0.0362406	0.0110134	0.0390104
0.0164584	0.0111822	0.0362918
0.0215406	0.012386	0.0366334
0.0334884	0.00907918	0.0386489
0.0346546	0.00973283	0.0387921
0.0376479	0.0110182	0.0392295
0.0402423	0.0121883	0.0395495
0.0282776	0.0109958	0.0378608
0.0362227	0.00850612	0.0391234
0.0419598	0.0083815	0.039971
0.0254282	0.0114726	0.0375727
0.0119436	0.00897894	0.0354566
0.0253564	0.0132163	0.0372135
0.0253878	0.00821251	0.0375051
0.0156303	0.00731451	0.0359265
0.0284596	0.0149463	0.0380375
0.0351202	0.00596928	0.0390586
0.0458848	0.00154433	0.0404623
0.0335453	0.0134074	0.0386753
0.0312598	0.00746272	0.0383978
0.039332	0.0123523	0.0396198
0.0305949	0.00970224	0.0382659
0.0263991	0.00546669	0.0376374
0.0197218	0.0131416	0.0366417
0.023244	0.0153297	0.0372828
0.0370754	0.0166574	0.0390239
0.0345671	0.0094182	0.0388271
0.02481	0.0147704	0.0374174
0.0365737	0.0144048	0.0391389
0.0146877	0.0136355	0.0356954
0.0271058	0.00932338	0.0377397
0.0315473	0.00364503	0.0384634
0.0411059	0.00956489	0.0398834
0.0195865	0.00797737	0.0368114
0.00871346	0.0107416	0.0348154
0.0350592	0.0118399	0.0389327
0.0335951	0.00120173	0.0387237
0.0283656	0.0158928	0.0379165
0.0364241	0.0119709	0.0390381
0.0351311	0.0147388	0.0390285
0.0186304	0.0116871	0.0365291
0.0305717	0.0109452	0.0381599
0.0271619	0.0053899	0.0377547
0.0261602	0.00888357	0.0377209
0.0275997	0.0125503	0.0379046
0.0361518	0.0114433	0.0390893
0.0388871	0.0121347	0.0395471
0.0260134	0.0147988	0.0374207
0.0172728	0.0125903	0.0363733
0.0330468	0.010287	0.0385847
0.0282658	0.00996891	0.0378971
0.0339612	0.0168854	0.0386619
0.0332842	0.00775802	0.038689
0.0419997	0.00655559	0.0400515
0.034829	0.00617531	0.0390118
0.0262972	0.00639918	0.0376311
0.0303255	0.0055088	0.0381787
0.0236986	0.0106963	0.037234
0.0161584	0.0100259	0.03627
0.0262757	0.0132479	0.0374409
0.0326804	0.0046192	0.0384611
0.0284187	0.0106806	0.0380083
0.0340678	0.0136539	0.0386505
0.0150377	0.0168651	0.0360044
0.0133076	0.0133057	0.0358157
0.0283391	0.0128648	0.0377375
0.0308475	0.0131181	0.0381824
0.0315039	0.016275	0.0383183
0.0506889	0.0137146	0.0412378
0.0289207	0.0106301	0.0380086
0.0306578	0.00950314	0.0384775
0.0276314	0.000583702	0.0379091
0.0214501	0.00911367	0.0368603
0.0457678	0.00644567	0.0405214
0.00860758	0.0116968	0.0350858
0.0316026	0.0147979	0.038367
0.0374938	0.0120049	0.0392856
0.0227216	0.0156079	0.0371297
0.0387516	0.0109496	0.0394424
0.00762882	0.0107224	0.0349552
0.00451905	0.00754042	0.0346687
0.0369855	0.00866732	0.0392963
0.0393273	0.0125496	0.0394195
0.0286628	0.0147546	0.0379805
0.0164853	0.00337173	0.0361969
0.0201228	0.00667306	0.036897
0.0341808	0.0137742	0.0387822
0.0369053	0.0131463	0.0390343
0.0251101	0.0139303	0.0372342
0.0333366	0.0183953	0.0384672
0.0425305	0.0130377	0.039868
0.0308127	0.00884363	0.0382283
0.0427028	0.00799044	0.0400439
0.0248553	0.00867309	0.0374465
0.0306456	0.0130133	0.0382362
0.00261906	0.0160314	0.0343575
0.0238745	0.00187548	0.0372972
0.0276037	0.00654125	0.0378081
0.0262135	0.00159002	0.0377308
0.0331986	0.0143056	0.0385567
0.038467	0.0109678	0.0393087
0.0351236	0.0154279	0.0389202
0.0301688	0.0109885	0.0382543
0.0397608	0.00405253	0.0396864
0.0215946	0.00234026	0.0368673
0.0282753	0.00102521	0.0382057
0.024551	0.00896426	0.0373486
0.0265522	0.00899709	0.0376974
0.028912	0.0142433	0.0378654
0.0302381	0.0110777	0.0383954
0.019812	0.00846079	0.0368349
0.0269334	0.00887698	0.0377751
0.0387058	0.00332405	0.0393315
0.0315455	0.0165128	0.0382968
0.0197266	0.00183122	0.0365436
0.0425141	0.0121196	0.0400432
0.0241662	0.0054921	0.0372948
0.0418292	0.00791658	0.0398867
0.022016	0.0119304	0.0370245
0.044598	0.0134803	0.0402046
0.0416208	0.0150916	0.0396634
0.0224014	0.0194228	0.0372087
0.0422026	0.0131687	0.0398119
0.0334873	0.000247123	0.0385438
0.0258257	0.00724619	0.0375109
0.0162475	0.0123458	0.0362211
0.0491838	0.0110023	0.0409492
0.04863	0.00680463	0.0408268
0.0398495	0.00536884	0.0397312
0.0304693	0.0116391	0.0382177
0.0376825	0.000214391	0.0392543
0.0305771	0.0116239	0.0382777
0.018849	0.008771	0.036494
0.0290351	0.0145746	0.0379825
0.00240147	0.00604524	0.0344384
0.0151438	0.017457	0.0360062
0.0373831	0.015065	0.0390795
0.0351018	0.0119845	0.0388826
0.0397987	0.0167531	0.0395877
0.0293087	0.0143556	0.0380488
0.0247531	0.0174224	0.0374016
0.0407741	0.00938508	0.0396462
0.0292647	0.008483	0.0379829
0.0365784	0.00723564	0.039176
0.0225544	0.0152214	0.0370333
0.0363181	0.0141368	0.0389605
0.0340281	0.0144527	0.0387604
0.0202291	0.00790619	0.0367841
0.0374105	0.00997004	0.0392998
0.0317956	0.0127751	0.0384014
0.00643424	0.00670079	0.0344082
0.0341182	0.0145621	0.0387621
0.0268527	8.90945e-06	0.0377775
0.0235268	0.016024	0.0370219
0.018696	0.00905341	0.0364239
0.00655196	0.0153953	0.034427
0.027379	0.0126637	0.0378725
0.0280016	0.00670539	0.0379527
0.0259943	0.00776739	0.0375483
0.0181175	0.0134099	0.036346
0.0329924	0.00479071	0.0386781
0.0165243	0.00863717	0.03635
0.0344914	0.00782854	0.0387908
0.0277531	0.00684717	0.0378595
0.013235	0.0136158	0.035473
0.00818137	0.00917131	0.0349242
0.0151467	0.0193152	0.0360409
0.0292809	0.00916825	0.0380515
0.0523739	0.00253037	0.0414496
0.0193529	0.00972247	0.036647
0.0273792	0.0143439	0.0378798
0.0402908	0.0135782	0.0396615
0.0178235	0.00559147	0.0363801
0.0458617	0.0121395	0.0404586
0.010358	0.00107053	0.035173
0.0326769	0.0122353	0.0385854
0.0359076	0.00275255	0.039034
0.0318779	0.0107989	0.0384496
0.0301706	0.00895571	0.0381147
0.0253184	0.0139853	0.0374388
0.0251527	0.00646792	0.0375135
0.0281798	0.0137594	0.0376418
0.0232655	0.00723461	0.0373819
0.0293632	0.0131141	0.0380238
0.0399076	0.00888313	0.0395559
0.0272814	0.00477137	0.0378917
0.0383555	0.0163797	0.0391226
0.0274141	0.0128449	0.0378045
0.0435133	0.00457049	0.0404653
0.0262117	0.00329258	0.0377736
0.029458	0.000111343	0.0382841
0.0384413	0.00927165	0.0395063
0.0218567	0.00767053	0.0371008
0.0408325	0.0144364	0.0398082
0.0157115	0.0107717	0.0361788
0.0413264	0.0147112	0.0399414
0.0319773	0.00122291	0.0386092
0.022104	0.0130099	0.0370928
0.0144591	0.00108432	0.0358801
0.0244317	0.0121308	0.0373766
0.0376013	0.01646	0.0394033
0.0162326	0.0164647	0.036084
0.0343081	0.014514	0.0387817
0.0419727	0.0165724	0.0399536
0.0299087	0.0139372	0.0379578
0.0116909	0.0133258	0.0355785
0.0384626	0.00998802	0.0393292
0.0322282	0.0104725	0.0385244
0.0178958	0.012266	0.036322
0.0398287	0.0100775	0.0395894
0.0285159	0.00513527	0.0378595
0.0206472	0.0134197	0.0369199
0.047374	0.0152556	0.040523
0.047101	0.000949236	0.0408089
0.0280442	0.011753	0.0377559
0.0243576	0.012625	0.0373998
0.042934	0.00927797	0.0401586
0.0411354	0.0186238	0.0395637
0.0362178	0.00555702	0.0390784
0.0301775	0.00544748	0.0383395
0.0265069	0.00671592	0.0376945
0.0310776	0.00764275	0.0385565
0.0384596	0.00713141	0.0393258
0.0266903	0.0139069	0.0377028
0.0361925	0.0102737	0.0390616
0.01658	0.0119839	0.0362841
0.0272417	0.0102601	0.0378387
0.0282787	0.0146155	0.0378688
0.0455561	0.00608782	0.0403564
0.0260247	0.00212073	0.0376515
0.043459	0.0145291	0.040037
0.0511685	0.0164222	0.0412861
0.0254458	0.0133944	0.0375153
0.0472675	0.00687133	0.0405521
0.0420287	0.00340827	0.0402532
0.0358208	0.00437635	0.0391301
0.0266588	0.00792954	0.0377434
0.0378256	0.00744148	0.0392499
0.0288559	0.00822034	0.0379363
0.0239668	0.0132655	0.0370884
0.039818	0.00382378	0.0396516
0.0316345	0.0140818	0.0383381
0.00914401	0.0187226	0.0350291
0.0237477	0.00606628	0.0374708
0.0237113	0.0135709	0.0372291
0.00964525	0.0157212	0.0351342
0.0371523	0.0158228	0.0391579
0.0184118	0.00510296	0.03638
0.0192417	0.0116672	0.0366322
0.0342911	0.00399537	0.0389935
0.0400834	0.00970321	0.0396673
0.0450706	0.0074351	0.0403002
0.01294	0.0112506	0.0357197
0.0345576	0.0101092	0.038837
0.0253996	0.00464758	0.0375475
0.0352454	0.0132666	0.0388983
0.0222464	0.0155276	0.037135
0.034229	0.0127562	0.0386106
0.0033207	0.0133365	0.0343113
0.0260013	0.000289692	0.0376342
0.0315964	0.0131285	0.0383436
0.0415996	0.00952543	0.039894
0.0194022	0.00975698	0.0365441
0.0462584	0.00293172	0.0405256
0.0317126	0.00378603	0.0385831
0.0349375	0.0116051	0.0387953
0.0325457	0.0125775	0.0384625
0.0368809	0.0140699	0.0391593
0.0292154	0.0123966	0.038076
0.0197375	0.0107913	0.0366161
0.0289095	0.0159413	0.0381307
0.00266489	0.0141544	0.034314
0.0241856	0.0136101	0.0374129
0.0214743	0.0116175	0.0370718
0.0537148	0.0137481	0.0416628
0.0269329	0.0144055	0.0374749
0.034914	0.0157289	0.0390561
0.0374481	0.0105967	0.0392626
0.0403418	0.0153475	0.0395325
0.0374426	0.00827129	0.039287
0.0288766	0.00974145	0.0380908
0.0207147	0.00663585	0.0368856
0.0107814	0.0157058	0.0353366
0.0336746	0.0181833	0.0385155
0.0121516	0.00983405	0.0355952
0.0298038	0.00443601	0.038398
0.0347027	0.00973001	0.038915
0.0137189	0.00715411	0.0358232
0.0276653	0.0122155	0.0377542
0.0357646	0.0128891	0.0389675
0.0300703	0.00698013	0.0382027
0.0391132	0.0134155	0.0394784
0.020409	0.0078766	0.0368834
0.0357024	0.00668091	0.0391368
0.0366523	0.00700994	0.0391165
0.0257219	0.012807	0.0373941
0.0202062	0.00590986	0.0367394
0.0191722	0.0145388	0.0365332
0.0336404	0.0145771	0.0384857
0.0327281	0.0097684	0.0385814
0.0120127	0.014134	0.0352697
0.0429436	0.0057076	0.0401836
0.0361823	0.00409388	0.0392142
0.0325926	0.0127519	0.0385021
0.0335233	0.00552539	0.0386887
0.034849	0.00855327	0.0388326
0.0372149	0.0107691	0.0391705
0.0385454	0.0107326	0.0393865
0.03364	0.00832932	0.0388293
0.0452883	0.000667269	0.0407041
0.0327501	0.0165196	0.0385742
0.0338426	0.00765863	0.0387906
0.0242589	0.0067085	0.037365
0.0378523	0.00977956	0.0392649
0.0486497	0.0119599	0.0409209
0.0269813	0.00689305	0.0377757
0.0427328	0.00882278	0.0399659
0.0441928	0.00563931	0.0405572
0.0272511	0.0146342	0.0379111
0.0198493	0.0096338	0.0368423
0.0167215	0.00928884	0.0362758
0.0214377	0.0115591	0.0369522
0.046486	0.00795877	0.0405569
0.0456299	0.0102887	0.0404539
0.0366797	0.0125028	0.0391618
0.0437671	0.00867341	0.0401771
0.0344349	0.0146794	0.0386811
0.02412	0.0126104	0.0373259
0.0419637	0.0102062	0.0399539
0.0277732	0.00720787	0.0377717
0.0134135	0.0124872	0.0358019
0.029817	0.0180635	0.0379671
0.0113304	0.0069185	0.0351731
0.0301727	0.00542563	0.0382403
0.0356161	0.01207	0.03899
0.0343874	0.0110496	0.0387236
0.0157979	0.0120089	0.0361102
0.0239143	0.0167061	0.037301
0.0324273	0.00703671	0.0386007
0.0340548	0.0139381	0.0387196
0.0324971	0.00726887	0.0385413
0.024385	0.0121767	0.0370887
0.0330847	0.00256904	0.0385046
0.0306497	0.0117965	0.0382381
0.0392899	0.013059	0.0396217
0.0340134	0.00761788	0.038763
0.0537633	0.00914082	0.0415137
0.0250681	0.010205	0.0374262
0.0198521	0.0155775	0.0367949
0.0413711	0.00690686	0.0398738
0.0290949	0.0154841	0.0381782
0.0221754	0.0152452	0.0366772
0.0325106	0.0142692	0.0384821
0.0329085	0.0117025	0.0386628
0.027375	0.0139134	0.0378005
0.00593636	0.0130613	0.03472
0.0272654	0.0108492	0.037815
0.0212472	0.0126226	0.0369067
0.0205328	0.00261312	0.0368242
0.0458782	0.014893	0.0404478
0.0371931	0.00421214	0.0394225
0.0246634	0.0114707	0.0373518
0.0317749	0.00381241	0.0385973
0.0404018	0.0166183	0.0396101
0.0447262	0.0150447	0.0402196
0.0302579	0.00872847	0.0382608
0.0251478	0.0103348	0.0375329
0.00777337	0.0161647	0.0344896
0.0374853	0.0122702	0.0393469
0.0412487	0.00671154	0.0398393
0.0256343	0.0111151	0.0375901
0.0196565	0.00270977	0.036882
0.0108812	0.014838	0.0351695
0.027067	0.013468	0.037518
0.0321348	0.00610247	0.0385346
0.0330452	0.00780634	0.0385232
0.038652	0.00461743	0.0393804
0.0271678	0.00132906	0.0380061
0.0423124	0.0142701	0.0399265
0.0348103	0.0162329	0.0387191
0.0157753	0.0117082	0.0360545
0.0314254	0.0133112	0.0383914
0.0236551	0.00522619	0.0373529
0.0352014	0.0134416	0.0390058
0.0240571	0.014788	0.0373177
0.02787	0.0115255	0.0378117
0.0280146	0.00966919	0.0378935
0.0142709	0.0101826	0.0359982
0.0342912	0.0145615	0.0387984
0.0225031	0.0122339	0.0368576
0.0265601	0.0106975	0.0377264
0.0163404	0.000990676	0.0362016
0.0537307	0.00156662	0.041509
0.0231375	0.00225751	0.0374431
0.0339781	0.0115737	0.0386795
0.0264908	0.011098	0.0376336
0.0316644	0.00746306	0.0385229
0.0466228	0.00984016	0.0406786
0.0406705	0.00922921	0.039778
0.0262597	0.00756344	0.0377244
0.0282888	0.000874108	0.0379358
0.0365278	0.0107109	0.0393487
0.0376889	0.0121374	0.0393219
0.0162009	0.00705273	0.0361864
0.0137899	0.005399	0.0360007
0.0293648	0.00855482	0.0381411
0.039675	0.0114352	0.0394851
0.0361084	0.0167728	0.0390678
0.0308048	0.0141506	0.0381913
0.0230751	0.015501	0.0369644
0.0246	0.0109987	0.0374407
0.0381762	0.00434442	0.0393844
0.0293628	0.00671777	0.0381129
0.0272355	0.0163249	0.0377566
0.0445437	0.0125944	0.0402152
0.0250584	0.00568133	0.0375031
0.0247002	0.00815421	0.0373918
0.0400269	0.000344143	0.0397236
0.0215268	0.00679845	0.0368195
0.0199771	0.00739434	0.0368333
0.0236469	0.0136419	0.0372549
0.0305033	0.011574	0.038282
0.0466109	0.0142758	0.0406106
0.0263597	0.00486068	0.0376911
0.0324688	0.0119094	0.0384929
0.0412893	0.00779536	0.0398087
0.0149575	8.22557e-05	0.0358334
0.030755	0.0169071	0.0381949
0.0389476	0.0144119	0.0394804
0.0367361	0.016428	0.0388779
0.038736	0.016285	0.0392422
0.0502208	0.013822	0.0411652
0.0247021	0.00132032	0.0374125
0.0169566	0.0150466	0.036304
0.0292882	0.0133993	0.0378743
0.017864	0.00164299	0.0364336
0.0259983	0.0151843	0.0376826
0.0269811	0.00856087	0.0378003
0.0368196	0.0137951	0.0392667
0.036728	0.0032698	0.0392049
0.0237694	0.00217925	0.0373918
0.0270606	0.00889669	0.0376981
0.0168204	0.00310481	0.0364139
0.0298284	0.0143881	0.0381538
0.0364474	0.0133816	0.039018
0.0232778	0.0151567	0.0371984
0.0281479	0.0162807	0.0378311
0.0145032	0.0144634	0.035895
0.0175215	0.00951145	0.0363801
0.0221876	0.0108741	0.0371182
0.0133015	0.0125902	0.0358756
0.0266748	0.0125418	0.0377684
0.0372164	0.00325235	0.039378
0.0271097	0.0125999	0.0379118
0.0310595	0.00931322	0.0384206
0.0320417	0.00776258	0.0385141
0.0362134	0.0124288	0.0390867
0.0303063	0.0136639	0.0382235
0.0241732	0.0137463	0.0373548
0.0346065	0.0114643	0.0388432
0.0236049	0.000649055	0.0374407
0.0216586	0.00658616	0.0369782
0.0257762	0.0144723	0.037651
0.037293	0.00512772	0.0391886
0.0312959	0.00814353	0.0383841
0.0277507	0.0167321	0.0378534
0.0390614	0.011444	0.0394857
0.0433686	0.00690679	0.0401582
0.0391597	0.0129482	0.0394994
0.0319428	0.00665485	0.038447
0.0135841	0.00139299	0.0357541
0.0221105	0.0159282	0.036925
0.010955	0.00886875	0.03507
0.0214194	0.0118159	0.0366303
0.0342362	0.016732	0.0388523
0.0215043	0.0111429	0.0367228
0.0152733	0.0121321	0.0360688
0.0155538	0.00604829	0.0359792
0.0311805	0.0163617	0.0384892
0.0329173	0.00558026	0.038629
0.0252212	0.00985603	0.0374065
0.0370903	5.14582e-05	0.0393226
0.0411525	0.0116011	0.0400382
0.0190003	0.00155275	0.0365968
0.0315266	0.0117915	0.0383632
0.0235769	0.00151094	0.0372575
0.0362526	0.00634554	0.0390845
0.0315182	0.00936284	0.0383362
0.0261067	0.0129253	0.0375389
0.0244843	0.0151622	0.0373833
0.0278818	0.0141677	0.0379587
0.0483215	0.0124559	0.0406386
0.0395061	0.0120286	0.0394928
0.0297161	0.0134202	0.0381388
0.0225427	0.00391159	0.0370899
0.0429688	0.00431727	0.0401246
0.0278214	0.0136981	0.0378408
0.0258832	0.0108633	0.0374125
0.0416965	0.00653894	0.0399316
0.0284676	0.00953297	0.0378895
0.0386876	0.00970026	0.039505
0.024328	0.0127012	0.0373609
0.0270413	0.0109166	0.0377368
0.0391187	0.0111939	0.0394589
0.0237089	0.00993867	0.0372541
0.0482222	0.00197246	0.0409632
0.0277143	0.00713313	0.0378172
0.0223352	0.0107058	0.0371024
0.0459362	0.0166158	0.0404754
0.0271318	0.0018965	0.0379281
0.0400614	0.0131087	0.039863
0.0263099	0.00479696	0.0377574
0.0381286	0.00183443	0.0395893
0.0322404	0.0126462	0.0386869
0.0384336	0.00953009	0.0393238
0.0293088	0.0147247	0.0378378
0.0220518	0.0142133	0.0368792
0.0321405	0.00221378	0.0386119
0.0193622	0.0164528	0.0362386
0.0241362	0.00557628	0.0372196
0.017794	0.0127172	0.0362449
0.022846	0.0135643	0.0371487
0.0367281	0.0161579	0.0390781
0.0299904	0.0110718	0.0379834
0.022243	0.0109751	0.0369919
0.0294752	0.013294	0.0379518
0.0211295	0.0123347	0.0368917
0.0262494	0.0125698	0.0376385
0.030334	0.0109966	0.038274
0.0465916	0.0133676	0.0404531
0.0256474	0.0159867	0.0372838
0.0231605	0.00868732	0.0371522
0.0338422	0.00920976	0.0387576
0.0299399	0.014679	0.0381237
0.0398701	0.0104014	0.0396399
0.0290079	0.0137469	0.0381842
0.0359784	0.00968406	0.0389835
0.0302277	0.0127358	0.0381385
0.0234359	0.00877383	0.0371478
0.0299219	0.0153451	0.0380468
0.0221585	0.0115282	0.0370979
0.0257325	0.00747387	0.0375862
0.0461256	0.00836593	0.0405716
0.0203326	0.0026031	0.0367863
0.0387517	0.0151981	0.0393015
0.0360842	0.00127416	0.0391069
0.0410207	0.00556916	0.0398587
0.02148	0.0103497	0.0366668
0.0332434	0.0112139	0.0386513
0.044687	0.014769	0.0403176
0.0320343	0.00776915	0.0384806
0.0250989	0.0113598	0.0373149
0.0469247	0.0149451	0.0408811
0.0227112	0.012403	0.0368947
0.0244418	0.00939526	0.0374
0.0328934	0.00743092	0.0386036
0.0280752	0.00759533	0.0378174
0.0145525	0.0134219	0.0359646
0.0360503	0.00972909	0.0390283
0.0217982	0.0108471	0.0368762
0.0366553	0.0132409	0.0391211
0.0159345	0.0127967	0.036021
0.0254251	0.0133213	0.0373111
0.0502391	0.00861349	0.0412322
0.0269128	0.00997639	0.037761
0.0325238	0.00261195	0.0388267
0.0164155	0.015207	0.0362856
0.0203179	0.00261751	0.0366751
0.0411505	0.0113826	0.0397603
0.0475702	0.00443624	0.0406425
0.00768152	0.0140079	0.0348906
0.0384399	0.0111549	0.0394281
0.0382676	0.0145638	0.0393461
0.0290407	0.00623642	0.0380675
0.014534	0.0118724	0.0359286
0.0330525	0.00804284	0.0387495
0.0263762	0.00898207	0.0376701
0.00963048	0.00121379	0.0350216
0.0324274	0.00569851	0.038517
0.0185148	0.000573104	0.0368034
0.0222645	0.0140044	0.0370176
0.0320664	0.0105402	0.0384781
0.017381	0.0143849	0.0364221
0.0375319	0.00645244	0.0392658
0.0302443	0.0120813	0.038183
0.0195005	0.0018304	0.0366674
0.0152287	0.00196134	0.0361879
0.0188055	0.00700462	0.0366797
0.0362567	0.0025403	0.0392584
0.0465739	0.00726874	0.0405693
0.0191435	0.00585673	0.0366166
0.0450533	0.0116554	0.0403338
0.0358174	0.00676831	0.0391181
0.0264964	0.00726978	0.0378063
0.0289607	0.00475447	0.0380316
0.0394722	0.0113196	0.039562
0.0388703	0.0161866	0.039367
0.0194935	0.00462287	0.0366875
0.0300194	0.0102364	0.0381221
0.0292185	0.0129686	0.0378916
0.0239782	0.0126091	0.0374109
0.0269602	0.00559884	0.0377513
0.0210637	0.00643882	0.0370263
0.011201	0.00932094	0.0354731
0.0354449	0.00232218	0.0389678
0.0242569	0.0130671	0.0371455
0.0403452	0.0129908	0.0397054
0.0433994	0.0164961	0.0401012
0.0162001	0.004307	0.0363833
0.0184867	0.0144638	0.0365976
0.0386	0.0138746	0.0393096
0.0191625	0.0169741	0.0361679
0.0538861	0.0145078	0.041421
0.0346318	0.00532989	0.0388117
0.0237218	0.0100425	0.037277
0.0251263	0.0149197	0.0375615
0.019993	0.0108504	0.0367124
0.0128633	0.0095896	0.035709
0.0271233	0.0106993	0.0378711
0.0176175	0.0148955	0.036074
0.0296903	0.00563417	0.0381415
0.0324698	0.0109174	0.0385974
0.0338949	0.00721884	0.0387396
0.0474236	0.0156471	0.0407239
0.0353688	0.00136108	0.0391465
0.027528	0.0157752	0.0375331
0.0247383	0.00413859	0.0374243
0.0191606	0.00518994	0.0367826
0.0343051	0.0087988	0.0388016
0.036028	0.00894672	0.0390063
0.0281776	0.0143606	0.0378077
0.0278711	0.00771892	0.0378794
0.0291322	0.0157652	0.0379846
0.0253832	0.0165483	0.0374116
0.0318618	0.013294	0.0384221
0.0377197	0.0144612	0.0394919
0.0151691	0.00359491	0.0361536
0.0237613	0.0053664	0.0372801
0.0350611	0.0131021	0.0389981
0.0409291	0.00815697	0.0398201
0.0297704	0.0121422	0.0381574
0.0385402	0.0125383	0.0394146
0.0269355	0.00218378	0.0377293
0.0315471	0.0113778	0.0384457
0.0372691	0.00838312	0.0392862
0.0274229	0.00612743	0.0378844
0.0144141	0.00630385	0.0360571
0.0248069	0.00735742	0.0373379
0.0427956	0.0127302	0.0399573
0.0287613	0.013308	0.0380812
0.0267387	0.0108519	0.0376647
0.029081	0.00736848	0.0380593
0.0336704	0.0104715	0.0386503
0.0234237	0.0169448	0.0373326
0.030877	0.00727803	0.0383376
0.0329144	0.00868875	0.0385657
0.0399541	0.0073153	0.0397698
0.0117794	0.00793641	0.0353161
0.034276	0.00619441	0.0389114
0.0396277	0.00953612	0.0394891
0.0291072	0.00652286	0.0380739
0.0184455	0.00160803	0.0364008
0.0365177	0.00986013	0.0392093
0.0472823	0.0127658	0.0407865
0.0285696	0.00414652	0.0379743
0.0363556	0.0156636	0.0392743
0.0351829	0.00752828	0.0389452
0.0288806	0.0127487	0.038043
0.0216574	0.0153273	0.0370572
0.0334244	0.0145807	0.0387417
0.0176471	0.0167485	0.0364234
0.044906	0.0149935	0.040227
0.0215739	0.00505994	0.0370494
0.0351474	0.013972	0.0388751
0.0381599	0.00602347	0.0392753
0.0358581	0.00085372	0.0393388
0.0450679	0.00938283	0.0404579
0.0241883	0.0150499	0.0370558
0.0175563	0.0196827	0.0363865
0.0361054	0.00237785	0.0392411
0.0360839	0.0124815	0.0390312
0.0311065	0.0117401	0.0381457
0.0353751	0.013722	0.0389409
0.0434441	0.0109763	0.039996
0.0443501	0.0049201	0.0402522
0.0231965	5.70976e-05	0.0374381
0.0386957	0.00800545	0.0393671
0.019292	0.0126495	0.036618
0.01957	0.0142762	0.0364339
0.0252312	0.0154943	0.0373705
0.0272247	0.00618761	0.0376578
0.018801	0.00890097	0.0366415
0.0493206	0.00487599	0.0413387
0.02948	0.0114754	0.0381204
0.0391345	0.0112895	0.039593
0.0442955	0.0164626	0.0402934
0.039305	0.0164075	0.039449
0.0295602	0.00142062	0.0383975
0.0183587	0.0141911	0.0365635
0.00884109	0.0158153	0.0346232
0.0275044	0.00983671	0.0378458
0.017933	0.000931624	0.0366598
0.0346652	0.0138033	0.0389502
0.0388475	0.0143966	0.0395688
0.025168	0.0110527	0.037521
0.038049	0.00987067	0.0392799
0.0440584	0.00902903	0.0402867
0.0297507	0.0135734	0.0381047
0.0300353	0.0128049	0.0383471
0.0447027	0.00830094	0.0406071
0.0201452	0.0100349	0.0366457
0.0150684	0.0097428	0.0357833
0.0381862	0.00976349	0.0394134
0.0430534	0.00416649	0.0400059
0.0306658	0.0149709	0.0380378
0.0330335	0.0115589	0.0385837
0.0205865	0.00525906	0.0366981
0.031067	0.00937217	0.0383009
0.0311957	0.0122009	0.0381939
0.0365229	0.00556738	0.0391779
0.0352634	0.00729901	0.0389823
0.0245045	0.00939995	0.0373485
0.0350405	0.00749924	0.039157
0.0411633	0.00392422	0.0398215
0.0307024	0.0121765	0.0381187
0.0355043	0.00876874	0.0388893
0.0332633	0.0119838	0.038611
0.0338248	0.0176835	0.0385377
0.0175438	0.0161147	0.0361081
0.0300279	0.00848931	0.038184
0.0363302	0.00963647	0.039075
0.035919	0.00442338	0.0390435
0.0272029	0.00592833	0.0379422
0.0331412	0.0145272	0.0385113
0.0380789	0.0164967	0.0393508
0.0269954	0.0121271	0.0377225
0.0422592	0.00374744	0.0400947
0.0286546	0.0113468	0.0381529
0.0154407	0.0121583	0.03613
0.0379632	0.0112731	0.039409
0.0359151	0.0109987	0.0389581
0.0360028	0.0160825	0.0389797
0.0397202	0.00624432	0.0396265
0.0298244	0.0111154	0.038218
0.0311334	0.00553837	0.0384586
0.0409964	0.0103511	0.0397058
0.0194204	0.0161469	0.0363941
0.0287437	0.00389456	0.0381588
0.0233599	0.0176975	0.0373269
0.0251656	0.00435701	0.0376124
0.0242801	0.00439899	0.0373166
0.0384151	0.0141959	0.0392966
0.0367527	0.00186336	0.0392537
0.0351067	0.0139118	0.0388674
0.0235153	0.0156804	0.0373128
0.020689	0.0127996	0.0366152
0.0394197	0.0134674	0.0396445
0.0355425	0.0071811	0.0390708
0.0304669	0.0147535	0.0381981
0.025638	0.0119054	0.0374485
0.0242568	0.0118173	0.0373669
0.0393542	0.0126807	0.039534
0.0250283	0.0144773	0.0373891
0.0277165	0.0136386	0.0379308
0.0372268	0.0166825	0.0389486
0.023734	0.00580174	0.0371689
0.0259695	0.00738007	0.0376116
0.0363372	0.0095446	0.0391534
0.0247346	0.00969951	0.0374354
0.0322719	0.0104357	0.0384555
0.0225091	0.0106555	0.0368237
0.0392097	0.00900205	0.0394548
0.0305613	0.00948214	0.0383252
0.0248343	0.00867089	0.0376051
0.0266288	0.0103044	0.0375471
0.0153374	0.00986872	0.0360719
0.021159	0.0109763	0.0370316
0.0356314	0.00875332	0.0389795
0.0301597	0.0103605	0.0381754
0.0381703	0.016017	0.0394834
0.00997974	0.0129368	0.0348849
0.0214871	0.0121099	0.0369452
0.0361071	0.0114326	0.0389758
0.0198406	0.0122261	0.0368095
0.0233575	0.0173078	0.0370739
0.0461789	0.0117136	0.0404957
0.0281137	0.0117072	0.0378412
0.0270695	0.0162376	0.0376352
0.0202893	0.00870221	0.036719
0.0397146	0.0101042	0.0395649
0.0465315	0.0124546	0.0406064
0.049855	0.0106971	0.0409604
0.0271686	0.00747415	0.0377264
0.0293617	0.01618	0.0377854
0.0325156	0.0113691	0.0383775
0.0261197	0.0143039	0.0374458
0.0297694	0.0160423	0.0381145
0.0482701	0.0072426	0.0407606
0.0252725	0.00729019	0.0375
0.032865	0.00718006	0.0385529
0.0386325	0.00749414	0.0395749
0.0341576	0.00987224	0.0388656
0.0331475	0.00165823	0.0388247
0.0183317	0.00945187	0.036556
0.0237968	0.0138111	0.0372443
0.0446098	0.00989915	0.040178
0.0294911	0.0131214	0.0379722
0.0346373	0.000942957	0.0390729
0.0238377	0.00881398	0.0373209
0.0260015	0.0104535	0.0376595
0.0335919	0.00910343	0.0386329
0.0331377	0.0165103	0.0385865
0.0239386	0.00952226	0.0372636
0.0421422	0.00811447	0.0400026
0.0338494	0.0130161	0.0388242
0.029344	0.00420843	0.0381418
0.0394993	0.00717794	0.0394996
0.0237712	0.0100943	0.0371848
0.0273267	0.0147913	0.0379199
0.0476351	0.0106046	0.0408137
0.0250092	0.00866943	0.0374198
0.0118956	0.0131656	0.0355894
0.00587054	0.0106072	0.0346693
0.00707429	0.00609643	0.035047
0.046758	0.0138102	0.0405185
0.0352977	0.000286768	0.0389433
0.0219568	0.0114422	0.0370197
0.0368396	0.00693262	0.0391992
0.0418227	0.0083147	0.0399527
0.0293592	0.00790425	0.0381162
0.0344294	0.00914278	0.03876
0.0353233	0.000961008	0.0390404
0.0383772	0.0125743	0.0392732
0.0391056	0.00509399	0.039495
0.0509777	0.0074876	0.0413989
0.0275594	0.00956642	0.0379003
0.0206379	0.0079057	0.0366811
0.0164459	0.0116904	0.0363112
0.0215817	0.010251	0.0370419
0.0328214	0.00567757	0.0386428
0.0181241	0.00965859	0.036533
0.0369596	0.0127161	0.0391978
0.0452136	0.00256384	0.0404009
0.0386034	0.0165956	0.0392422
0.020581	0.00559052	0.0369807
0.0338286	0.0089979	0.0387599
0.0208876	0.0116149	0.0366971
0.0288317	0.00971597	0.0379904
0.0392153	0.0145705	0.0393228
0.0430509	0.0116328	0.0400696
0.0268276	0.0108875	0.0377686
0.0304591	0.0133908	0.0381074
0.0190682	0.0088902	0.0366997
0.0273275	0.00940145	0.0379159
0.0331177	0.00916517	0.0386214
0.0183106	0.00595783	0.0366405
0.0290391	0.00361944	0.0382188
0.0360928	0.0134369	0.0390566
0.0453999	0.00953297	0.040484
0.0148057	0.014341	0.03596
0.0296815	0.0143693	0.0381289
0.0353588	0.00265577	0.0390197
0.0216359	0.00847681	0.0370406
0.0131063	0.0120646	0.035509
0.0249767	0.00699125	0.0374739
0.0138804	0.00933891	0.0358318
0.0204665	0.00351049	0.0368107
0.0145159	0.0156587	0.0359556
0.0388082	0.0159915	0.0394434
0.0373777	0.01359	0.0391082
0.0399274	0.0107245	0.0395327
0.0304358	0.00418177	0.0382223
0.0306835	0.00675222	0.0381912
0.0340281	0.00905911	0.0387233
0.0268983	0.00700767	0.037749
0.018716	0.0140299	0.036584
0.0454539	0.00798955	0.0404825
0.0361181	0.00950548	0.0393017
0.0412932	0.00800483	0.0400962
0.0356446	0.01415	0.0389717
0.00925813	0.0112001	0.0350992
0.0286009	0.0152314	0.0379766
0.0293462	0.00629037	0.038112
0.0375416	0.0158525	0.0390579
0.00972012	0.0175529	0.0347946
0.0401407	0.0106615	0.0396757
0.0293688	0.000420683	0.0381145
0.0421957	0.00842119	0.0399969
0.0342947	0.0106719	0.0388695
0.0213702	0.0156782	0.0369281
0.0344412	0.0116972	0.0387916
0.0446746	0.0130604	0.0401243
0.0315526	0.0114135	0.0382986
0.0295133	0.0133555	0.03811
0.0460688	0.0114069	0.0404847
0.0439119	0.0145689	0.0401901
0.041036	0.00943667	0.0398156
0.0408538	0.00829117	0.0398094
0.0308502	0.0142865	0.0382518
0.0358197	0.00575844	0.0391542
0.0169638	0.00521741	0.0362518
0.00865103	0.0123067	0.0350797
0.0187639	0.0122311	0.0365129
0.0267826	0.0113121	0.0376959
0.0390857	0.00196309	0.0394639
0.0225023	0.0116087	0.0370998
0.0128942	0.0108638	0.0355214
0.0360836	0.0165474	0.0390267
0.0227309	0.0122753	0.0372478
0.0100997	0.0108319	0.0353571
0.0342811	0.0122802	0.0387035
0.0219968	0.00327624	0.0371933
0.0290064	0.00710067	0.0380369
0.0264794	0.0095357	0.0377054
0.0260093	0.0101917	0.0376047
0.0193185	0.0119362	0.0366695
0.0276572	0.0106929	0.0378558
0.0212274	0.0063676	0.036815
0.0429264	0.0101387	0.040016
0.0318185	0.00623844	0.0384444
0.0304592	0.0109123	0.0382143
0.0404722	0.00464467	0.0398914
0.0285815	0.00658076	0.0379568
0.0278995	0.00324878	0.0379545
0.0321516	0.0136613	0.0384335
0.038771	0.013335	0.0394635
0.0311605	0.0122579	0.0381883
0.0415261	0.00553535	0.0399315
0.0375439	0.0156364	0.0392747
0.0331841	0.0103793	0.0386148
0.0283374	0.0102375	0.0379967
0.0156321	0.00482808	0.0362935
0.018736	0.0117713	0.0366541
0.0358749	0.00402195	0.0390859
0.0231731	0.0124199	0.0368962
0.0387108	0.0151775	0.0393641
0.0370703	9.08756e-06	0.0393222
0.0379332	0.0154272	0.0392204
0.0308242	0.00211049	0.0382932
0.0277121	0.00198291	0.0380507
0.0373854	0.0166364	0.0392461
0.0331488	0.0146301	0.0386186
0.0245194	0.0020608	0.0376241
0.0321591	0.00313426	0.0383738
0.0376189	0.0131969	0.039288
0.0301598	0.012616	0.0379691
0.0502133	0.00720481	0.041454
0.0351021	0.0113268	0.0389149
0.0171194	0.0136097	0.0360742
0.0467087	0.00900289	0.040706
0.0307041	0.00666914	0.0383113
0.0314431	0.0101602	0.0383949
0.0437545	0.0136367	0.0401985
0.0208798	0.00300701	0.0367225
0.0138127	0.00763115	0.0358481
0.00677064	0.0151332	0.0348608
0.0163297	0.0169529	0.0362878
0.0194812	0.0142528	0.0362759
0.0331966	0.0153916	0.0386322
0.00266703	0.0142412	0.0338609
0.0231708	0.00475037	0.0370941
0.037085	0.0131559	0.0392006
0.0157311	0.0148	0.0361787
0.0336139	0.0138897	0.0386794
0.0263644	0.00358663	0.0378291
0.0432443	0.0116231	0.0401261
0.0299735	0.00420808	0.0383897
0.0375471	0.0108867	0.0392273
0.0272984	0.0133102	0.0379269
0.0517039	0.00694234	0.0415301
0.0390377	0.0121694	0.0394589
0.0407917	0.0102644	0.0397724
0.0504893	0.00449277	0.0413219
0.0212439	0.00774371	0.0370329
0.0195887	0.00585999	0.0366805
0.0160985	0.00535199	0.0362174
0.025426	0.00500789	0.0375581
0.0434994	0.0154479	0.0399871
0.0285415	0.00885806	0.0379955
0.0218321	0.0112981	0.036849
0.0130629	0.0159191	0.0357344
0.0268787	0.0121941	0.0377301
0.0319204	0.0140373	0.0384025
0.00692129	0.00483216	0.0350394
0.0312992	0.0125595	0.0383051
0.0260262	0.004493	0.0375308
0.033051	0.000558083	0.0386234
0.0173679	0.00302724	0.0365333
0.020686	0.0169299	0.0368422
0.0302641	0.0162474	0.0383342
0.0332709	0.00980905	0.0386769
0.0299257	0.0102297	0.0381095
0.0107311	0.0106628	0.0353987
0.0457033	0.0147799	0.0404325
0.0256818	0.0104121	0.0375174
0.0313995	0.00733314	0.0383888
0.0197699	0.00680778	0.0367103
0.0317544	0.00750015	0.0383433
0.0401091	0.0157578	0.0396434
0.0283032	0.00468237	0.0379398
0.0358534	0.00504718	0.0391437
0.0260432	0.00946968	0.0374854
0.019981	0.00796505	0.0368224
0.0362425	0.0109502	0.0389558
0.0212647	0.0155144	0.036841
0.0368569	0.0136537	0.03925
0.0312713	0.0156607	0.0383018
0.0254109	0.0104746	0.0375676
0.0217467	0.0125797	0.0369606
0.0363798	0.0142012	0.0390508
0.0426645	0.000762891	0.0399832
0.0331293	0.00664351	0.0385947
0.0241207	0.00891093	0.0374968
0.035166	0.00790864	0.0388864
0.0343548	0.00775556	0.0387342
0.0108784	0.0126699	0.0353929
0.0156656	0.00181344	0.0359771
0.0540259	0.0123181	0.0419797
0.0259794	0.0157004	0.0375993
0.0371655	0.0125212	0.0391002
0.00784096	0.00445578	0.0352191
0.0329177	0.00639374	0.0387116
0.0288528	0.00817423	0.0379951
0.0231719	0.013012	0.0371946
0.0313347	0.0039301	0.0383747
0.0130446	0.0142917	0.0357664
0.027299	0.0169501	0.0378976
0.0249988	0.0101848	0.037368
0.0329312	0.00787541	0.0385249
0.0290412	0.0107113	0.0380211
0.036537	0.00226562	0.0391917
0.040377	0.00915417	0.0397238
0.0255196	0.0063252	0.037546
0.0155445	0.0076318	0.0361819
0.0348855	0.00449194	0.0388896
0.0381782	0.0108092	0.039326
0.0360689	0.00377197	0.039081
0.0101146	0.00581233	0.0350816
0.0467599	0.0115769	0.0405987
0.0317237	0.00926018	0.0384556
0.0451665	0.00866382	0.0406789
0.024042	0.00516713	0.0373201
0.0308108	0.0103482	0.0382659
0.0255918	0.00460463	0.0375842
0.00117079	0.00858496	0.0340916
0.0182893	0.00656584	0.0364564
0.0261931	0.00219372	0.0376344
0.0227921	0.016679	0.0369096
0.00707959	0.0174504	0.0348128
0.0409691	0.00908482	0.0398143
0.0157952	0.011342	0.0361459
0.0282551	0.0130942	0.037841
0.0313356	0.0143943	0.0384672
0.0408999	0.00919072	0.039801
0.04193	0.0133049	0.0397836
0.0344819	0.00886749	0.0388302
0.00551227	0.0028467	0.03465
0.0240365	0.00313947	0.0371849
0.0152195	0.00677499	0.036031
0.0261326	0.00798096	0.0375154
0.0248832	0.0116653	0.0374985
0.030747	0.00406697	0.0382927
0.0270707	0.00591481	0.0379263
0.0363674	0.0137379	0.0389661
0.0285641	0.00174305	0.0378333
0.0403207	0.0132873	0.0397749
0.0327786	0.00608188	0.0386314
0.040058	0.0122469	0.0396666
0.0354596	0.00957182	0.0389204
0.025767	0.0160867	0.0376602
0.0406058	0.0122377	0.0396802
0.0445688	0.00687373	0.0403862
0.0138551	0.014067	0.0353993
0.0321651	0.00821972	0.0385108
0.0439336	0.00409122	0.0404314
0.0236333	0.0130573	0.0370044
0.0432819	0.00772106	0.0400516
0.0226667	0.0110877	0.0371457
0.0240964	0.0027446	0.0374932
0.0046925	0.0117051	0.0341814
0.0401328	0.0139748	0.0394803
0.0208743	0.00939727	0.0366053
0.0424722	0.00982882	0.040046
0.0194135	0.01516	0.0365712
0.00683793	0.000894458	0.0347378
0.0323208	0.00965007	0.0387218
0.0226656	0.00260144	0.0371245
0.032741	0.00755887	0.0384871
0.0236605	0.00970199	0.037302
0.0437107	0.0141789	0.0403991
0.00842197	0.0135048	0.0350152
0.0146468	0.0158178	0.0360186
0.0285614	0.00880815	0.0379925
0.0314974	0.00619173	0.0384211
0.034448	0.00316272	0.0391145
0.0363413	0.00572802	0.0390574
0.0142367	0.00815607	0.0360148
0.0179639	0.00883013	0.0364456
0.0300781	0.00990921	0.0382451
0.0339084	0.00560465	0.038823
0.0263759	0.0100825	0.0375205
0.0371255	0.0129849	0.0393042
0.0303678	0.0122392	0.0380165
0.0363442	0.0136439	0.0392002
0.0393785	0.0146454	0.039545
0.0267115	0.0115267	0.0376841
0.00631434	0.0165212	0.0346843
0.0351176	0.0129979	0.0388492
0.0207515	0.0142228	0.0368586
0.0478978	0.00682174	0.0408591
0.0425366	0.00677182	0.0400781
0.0229185	0.0139608	0.037122
0.000763044	0.0144884	0.034114
0.0326408	0.0161228	0.0383102
0.0380497	0.0154175	0.0392522
0.0171505	0.0154658	0.035886
0.0115291	0.0031826	0.0355187
0.0246505	0.00935297	0.0374167
0.0228268	0.0148804	0.0370604
0.0393798	0.0117454	0.0394426
0.0298246	0.00637428	0.038142
0.0244878	0.00930485	0.037546
0.00923866	0.0131353	0.0347046
0.0287038	0.0054652	0.0379109
0.0422506	0.00741405	0.0400279
0.0433998	0.0021668	0.0401953
0.0377552	0.00403485	0.0392609
0.0383503	0.0115419	0.0393839
0.0285753	0.0104161	0.0380279
0.0385887	0.0133632	0.0393223
0.0348786	0.00240333	0.0391819
0.0254322	0.00940023	0.0375063
0.0350033	0.0131207	0.0388992
0.0243927	0.00335461	0.0374583
0.0437199	0.0069652	0.0402047
0.0366579	0.0110346	0.0391175
0.0485349	0.0152206	0.0407691
0.0232722	0.0094273	0.0373234
0.0180849	0.00847445	0.0364448
0.0273971	0.0104978	0.0377073
0.027932	0.014567	0.0379706
0.0174638	0.00407861	0.036467
0.0447707	0.0146833	0.0405552
0.0250391	0.00590164	0.0373544
0.0342948	0.0110944	0.0388727
0.0391271	0.00800145	0.0397672
0.0274956	0.014611	0.037792
0.0252902	0.00211645	0.0374946
0.0126908	0.0125428	0.0357193
0.0331524	0.0116827	0.0385839
0.0242285	0.00308078	0.0372127
0.0179782	0.00974944	0.03636
0.00261925	0.0113987	0.0342328
0.0256782	0.0151942	0.0375345
0.0463216	0.0125898	0.0405274
0.0362942	0.0106766	0.0390873
0.0366699	0.0109053	0.0392111
0.0306679	0.0123306	0.0384467
0.0350246	0.0146352	0.0388473
0.0159654	0.0129281	0.0359648
0.0202933	0.0091689	0.0366674
0.0497231	0.0127809	0.0410654
0.0246355	0.0110391	0.0374057
0.0314346	0.00766935	0.0384136
0.0318506	0.0114923	0.0384085
0.0370703	0.00885543	0.0391552
0.0207355	0.00932157	0.0365827
0.0372034	0.010994	0.0391426
0.0365695	0.0109635	0.039358
0.0325819	0.00978596	0.0384865
0.027877	0.0139201	0.0378477
0.0442857	0.0113645	0.0401691
0.0314398	0.00927331	0.0383574
0.0246896	0.0144545	0.0374877
0.0346421	0.00762548	0.0388559
0.0197095	0.0143045	0.0363578
0.0286857	0.00841919	0.0379898
0.0319386	0.0134413	0.0384317
0.0344907	0.00102537	0.0388296
0.0367766	0.0151096	0.0390242
0.0356435	0.0171154	0.0389249
0.0151294	0.00920501	0.0360269
0.0319346	0.00466922	0.0386659
0.0251908	0.000410686	0.0374822
0.0231322	0.00749016	0.0369909
0.0444711	0.00572997	0.0403417
0.0186329	0.00347583	0.0367259
0.0175051	0.00615467	0.0365226
0.0335856	0.0104776	0.0386619
0.0204016	0.0104276	0.036836
0.0185884	0.00979196	0.0364191
0.0307815	0.0130424	0.038293
0.0221552	0.0128443	0.0370668
0.033977	0.00758994	0.0387551
0.0260249	0.0141965	0.0375908
0.0205778	0.0170668	0.0369136
0.0303263	0.00696617	0.0384487
0.0379836	0.00746238	0.0394142
0.0352058	0.0118732	0.0387758
0.0379078	0.00981093	0.0393921
0.037701	0.0117203	0.0391721
0.0216686	0.00631651	0.0371232
0.0139448	0.0102711	0.035865
0.0087978	0.0163774	0.0349079
0.0306735	0.0122363	0.0382833
0.011167	0.000198435	0.0356239
0.0325661	0.00898965	0.0386533
0.0394406	0.0119777	0.0397788
0.0274102	0.0133323	0.0377401
0.038674	0.0137803	0.0394292
0.0194244	0.0105779	0.0367731
0.0390182	0.0140694	0.0393801
0.0411068	0.00812242	0.0398605
0.0341864	0.00768796	0.0387439
0.0439552	0.0115623	0.0401933
0.0356658	0.00984066	0.0391025
0.0328567	0.0151857	0.0385251
0.03447	0.0113039	0.0387801
0.0450169	0.00530535	0.0403377
0.0368285	0.00945632	0.0391304
0.0245759	0.00743831	0.0375141
0.0265908	0.00580718	0.0377
0.0430508	0.0167566	0.0400083
0.0288756	0.0110321	0.0381897
0.00452847	0.0162849	0.034439
0.0328663	0.0145084	0.0385626
0.0318911	0.0120967	0.0383471
0.0266635	0.00231682	0.0376503
0.0129489	0.013137	0.0357084
0.0260625	0.0110423	0.0376566
0.0267476	0.0109434	0.0377574
0.0411965	0.000434372	0.0397962
0.0282516	0.0100727	0.0380429
0.0313403	0.013109	0.0383746
0.0281037	0.0092673	0.037888
0.0313025	0.00893122	0.03834
0.0161188	0.0068884	0.0361073
0.0234763	0.00980988	0.0372404
0.0220887	0.0130703	0.0371428
0.0167871	0.0118548	0.036103
0.0255092	0.0154466	0.0373909
0.0249819	0.00911769	0.0374908
0.0104512	0.0146749	0.0354002
0.0318677	0.0138198	0.0383958
0.0140201	0.00966845	0.0357044
0.0200185	0.0124935	0.0367301
0.017802	0.00168431	0.0363749
0.0191932	0.0111747	0.0364767
0.0239024	0.0159297	0.0372987
0.0366471	0.011186	0.0390853
0.0420052	0.0173266	0.0398421
0.0211207	0.015899	0.0368706
0.0321046	0.0119418	0.0384724
0.0301802	0.0143423	0.0381728
0.0241822	0.0130764	0.0374592
0.0275922	0.0134259	0.037916
0.0291607	0.000645686	0.0382349
0.0238035	0.0102663	0.0373285
0.0266448	0.00188681	0.037965
0.0376886	0.00815564	0.0393535
0.0320935	0.00439669	0.0387003
0.031743	0.00617927	0.038453
0.038363	0.0105532	0.0393144
0.0258334	0.0116375	0.0374283
0.0445074	0.00787094	0.0404277
0.0214567	0.0111398	0.037011
0.034591	0.00908099	0.0388138
0.0386871	0.0110994	0.0394608
0.0320751	0.00790406	0.0385208
0.0345159	0.00563616	0.0388487
0.0322253	0.00440789	0.0385804
0.0301964	0.00979353	0.0384001
0.0351439	0.0138836	0.0387274
0.0225795	0.0131692	0.0368881
0.0356296	0.0106943	0.0388667
0.0319418	0.0069491	0.0383748
0.0484532	0.00434828	0.0408428
0.0132094	0.00961856	0.0357699
0.0345692	0.0109263	0.0388211
0.0328837	0.0163618	0.0385946
0.0358717	0.0163532	0.0389768
0.0258194	0.0093037	0.0377477
0.0323643	0.00637177	0.0385582
0.0110711	0.0100381	0.0355538
0.0347191	0.0131384	0.0388717
0.0178101	0.00988178	0.0365324
0.0440679	0.00714775	0.0401727
0.0406807	0.00573648	0.0398503
0.0400627	0.0088672	0.0396741
0.0172944	0.00516014	0.0365044
0.0520332	0.011862	0.0412664
0.0202824	0.015183	0.0365355
0.0378788	0.00749159	0.039402
0.0383254	0.00227556	0.0394651
0.0158851	0.0152584	0.0361909
0.0196455	0.00822758	0.0365784
0.0376439	0.0139561	0.039172
0.0521008	0.00825602	0.0414882
0.0248013	0.00635878	0.0374199
0.0325148	0.000353387	0.0386232
0.0243624	0.0156349	0.0370582
0.0230857	0.0141552	0.0371829
0.028659	0.000777701	0.0379935
0.0270975	0.0166433	0.0374048
0.028764	0.00582211	0.0381774
0.0397991	0.00875918	0.0395562
0.0324024	0.0109332	0.0385262
0.0385561	0.00791239	0.039459
0.0367227	0.00584133	0.0391714
0.0354375	0.0137386	0.0387892
0.0145057	0.00459377	0.036009
0.00953587	0.0119704	0.0353345
0.0305524	0.0112157	0.0382449
0.0212999	0.00761088	0.0369386
0.00279053	0.0144696	0.0337195
0.0444893	0.00965691	0.040302
0.0135323	0.00132581	0.0358094
0.0371148	0.0115845	0.0391315
0.0401706	0.00701387	0.0397609
0.0392474	0.00207804	0.0398474
0.0533422	0.015691	0.0415964
0.0418305	0.0164097	0.0398136
0.0179943	0.00411166	0.036417
0.0462574	0.00508504	0.0405005
0.0394093	0.00990515	0.0394719
0.0315085	0.00698443	0.038385
0.0388809	0.0101414	0.0394371
0.0137573	0.00339595	0.0358401
0.0411469	0.00729532	0.0398383
0.0457501	0.00847061	0.0405296
0.0157843	0.0093508	0.0361407
0.0360156	0.0158733	0.0387946
0.0270917	0.00888941	0.0378531
0.0246317	0.00714649	0.0375079
0.0290356	0.00639936	0.0379748
0.0363313	0.0159341	0.0390492
0.0297114	0.00429776	0.0381985
0.0447972	0.00774736	0.0403394
0.0295203	0.0125275	0.0381145
0.0327459	0.0165801	0.0387169
0.0508796	0.0115263	0.0411063
0.0332904	0.00111534	0.0389537
0.0302432	0.00444109	0.038374
0.0457434	0.015216	0.0402764
0.0339002	0.00644477	0.0387903
0.00936855	0.0114131	0.0347715
0.0382335	0.00384396	0.0393882
0.0372606	0.0102726	0.0392267
0.0329622	0.0119128	0.0385651
0.0318728	0.00249356	0.038466
0.028933	0.00701543	0.0381346
0.0389722	0.00772792	0.0396215
0.0376977	0.00457822	0.0394788
0.031993	0.0136018	0.0382357
0.0300631	0.00601128	0.0382507
0.0300105	0.0107266	0.0382421
0.0268906	0.0168575	0.0377855
0.0300757	0.0111222	0.0381725
0.0204547	0.0158781	0.0367941
0.0197947	0.00415319	0.0365848
0.00501993	0.0140937	0.0345607
0.020967	0.015702	0.0368052
0.0341641	0.00539937	0.0387666
0.0188852	0.0149219	0.0365778
0.0329448	0.00823869	0.0386355
0.0398061	0.00738039	0.0395411
0.0139917	0.00677366	0.0358292
0.0325626	0.00604351	0.0385403
0.0322071	0.00968429	0.0384364
0.024282	0.00991864	0.037201
0.0241817	0.00228682	0.0373795
0.0224795	0.00690614	0.0372666
0.0439991	0.0176773	0.0399775
0.0303496	0.0062235	0.0383689
0.0327589	0.0118721	0.0386116
0.0384511	0.00165332	0.0393593
0.0206883	0.0145118	0.0364588
0.0351197	0.0148909	0.0389173
0.014837	0.0115059	0.0361
0.0210198	0.00195681	0.0368905
0.0405672	0.00855451	0.0397213
0.0417161	0.0141023	0.0398737
0.0445356	0.0125735	0.0402686
0.0249884	0.00884565	0.0375117
0.0373549	0.0100724	0.0392823
0.0183897	0.0153253	0.0365347
0.0176572	0.00484434	0.0364843
0.0206709	0.00970535	0.0368359
0.0263766	0.00678975	0.037657
0.0242322	0.000741208	0.03761
0.0322699	0.0147104	0.0384704
0.0415744	0.0129835	0.039741
0.030238	0.0161369	0.0381603
0.0388512	0.00544288	0.0396196
0.0135074	0.00950995	0.0358524
0.0287158	0.0110505	0.0379279
0.0275332	0.0101421	0.0376151
0.0301395	0.0141572	0.0381577
0.0356003	0.00595706	0.0390145
0.0327163	0.00495938	0.0386154
0.0271211	0.0141958	0.0375136
0.0309768	0.0107977	0.0382659
0.0332147	0.0157745	0.0387985
0.0348249	0.0138518	0.0386909
0.0406123	0.00275022	0.0396654
0.0269878	0.00759048	0.0377616
0.0318715	0.00389078	0.0385419
0.020337	0.0164649	0.0366693
0.0403164	0.0122663	0.0397656
0.0337838	0.01358	0.0388231
0.0169349	0.0137583	0.0363203
0.0312078	0.00601322	0.0383892
0.00797614	0.0131279	0.0350349
0.0358126	0.0126586	0.0389111
0.037479	0.00947253	0.0392606
0.0162656	0.016748	0.0361976
0.0537558	0.00735939	0.0417144
0.0370878	0.00937702	0.0391319
0.0249302	0.00616089	0.0374456
0.026682	0.0101776	0.0377022
0.0455664	0.0160392	0.0405675
0.036025	0.0048683	0.0391465
0.000610478	0.00533862	0.0335378
0.0407037	0.00158635	0.0400427
0.0242778	0.0127676	0.0372328
0.0386929	0.0169288	0.0393495
0.0166195	0.0119541	0.0362526
0.0215616	0.0108517	0.0367822
0.0214991	0.0104204	0.0369501
0.0219216	0.00217853	0.0369922
0.0373632	0.0130888	0.0391299
0.0317338	0.0118681	0.0385181
0.0127263	0.00858712	0.0356763
0.0326497	0.0102478	0.0385357
0.0416594	0.0109967	0.0397497
0.0334027	0.00189865	0.0387421
0.0201987	0.00411826	0.0368428
0.0373781	0.0113776	0.0391682
0.0409813	0.00314381	0.0398119
0.0253283	0.00900852	0.037595
0.0419592	0.00405228	0.0400375
0.0458702	0.0117587	0.0404338
0.0267848	0.00705499	0.0379208
0.0109276	0.0136083	0.0353913
0.0428539	0.00972238	0.0400556
0.0266231	0.00784393	0.037604
0.0244716	0.0103754	0.0372766
0.0223662	0.00343989	0.036978
0.0257958	0.009338	0.0373703
0.0225544	0.00923652	0.0371375
0.0230477	0.00931992	0.0372182
0.0254284	0.0119843	0.0374584
0.0213277	0.00485076	0.0370881
0.0398794	0.0103669	0.0396825
0.0424371	0.00886824	0.0400797
0.0179461	0.00745073	0.0365524
0.0422633	0.00313924	0.0402135
0.0343489	0.00885055	0.0388338
0.0268927	0.0132492	0.0375314
0.0372195	0.012329	0.0393125
0.036736	0.0139854	0.0391338
0.0421094	0.00990169	0.0399059
0.0285668	0.00909638	0.0379033
0.0362178	0.0157504	0.0389058
0.0323473	0.0120238	0.0383299
0.0493252	0.00342817	0.0411566
0.0138365	0.00953964	0.0356146
0.00980421	0.00731911	0.0351501
0.0319849	0.00860346	0.038434
0.031728	0.000387612	0.0386051
0.0438391	0.0108839	0.0401853
0.05097	0.0165564	0.0409903
0.0113719	0.00512901	0.0353527
0.0251198	0.00247892	0.0376393
0.0429458	0.014518	0.0400742
0.0401255	0.0030484	0.0396419
0.0302824	0.0164259	0.0383309
0.0391311	0.0061149	0.0395951
0.0237919	0.00707287	0.0371042
0.0345253	0.0135015	0.0388414
0.0137535	0.00778375	0.0359629
0.0308899	0.00917564	0.0383363
0.0391042	0.010841	0.0394137
0.0168834	0.0147731	0.0362883
0.035982	0.0110605	0.0390425
