0.0345273	0.0111918	0.0383958
0.0471973	0.0107981	0.0398406
0.036094	0.00447476	0.0386435
0.039843	0.00936424	0.0390072
0.0177615	0.0122471	0.0368093
0.0405226	0.0147727	0.0389122
0.0139294	0.00915442	0.0363415
0.0493355	0.0119511	0.0397563
0.0223103	0.00733632	0.0371833
0.0404099	0.0145415	0.039103
0.0255493	0.00352225	0.0376056
0.0365632	0.00506191	0.0386335
0.0302313	0.0103479	0.0381107
0.0234449	0.00775523	0.0373984
0.0266724	0.00621151	0.037676
0.0339681	0.00104224	0.0383627
0.045647	0.00732345	0.0395078
0.0360057	0.00421247	0.0385623
0.0154749	0.0163357	0.0365455
0.0312849	0.0104592	0.0381122
0.0364116	0.00657588	0.0387225
0.0285921	0.00903198	0.037802
0.0266698	0.0131281	0.037719
0.0482412	0.0136156	0.0399336
0.0225122	0.0166244	0.0373363
0.0197079	0.0072035	0.0370489
0.0368946	0.016109	0.0388698
0.042447	0.0133689	0.0392473
0.0231572	0.00153099	0.0372275
0.0307792	0.0132436	0.0380395
0.0309998	0.00803813	0.0380845
0.0399306	0.00232321	0.0388252
0.0265968	0.0147132	0.0378356
0.0241723	0.0174306	0.0372302
0.0389496	0.0134175	0.0390305
0.0376837	0.0123811	0.0388582
0.0209174	0.0117201	0.0371445
0.0225	0.00310734	0.0371921
0.0223333	0.00982808	0.0372763
0.0157038	0.0101691	0.036481
0.0153684	0.0148263	0.0366341
0.0231244	0.00594194	0.037367
0.0319764	0.015344	0.0382951
0.0226224	0.0122296	0.0373103
0.0305111	0.0138882	0.0380238
0.018278	0.00994467	0.0367811
0.051954	0.0129298	0.0401973
0.0231822	0.0168872	0.0372638
0.02121	0.0114058	0.0371449
0.0332005	0.00745214	0.0383671
0.0438116	0.0156643	0.0395821
0.0300343	0.0124355	0.0380805
0.030106	0.0131013	0.03815
0.0318729	0.0116168	0.0381026
0.0273916	0.00805385	0.0377514
0.0123875	0.0134315	0.0362941
0.01536	0.0121828	0.0366722
0.0181053	0.00702833	0.0368812
0.041509	0.0152652	0.0390555
0.0235515	0.0097031	0.0373289
0.0432076	0.0122039	0.0394379
0.0429336	0.00881929	0.0394745
0.0175117	0.0102292	0.0369278
0.0277064	0.0117389	0.0377674
0.0437712	0.0107724	0.0393378
0.0475954	0.0049646	0.0399894
0.0391261	0.00914652	0.0389833
0.00186679	0.0117262	0.0351474
0.0137967	0.0155694	0.0364634
0.0195649	0.00280921	0.0370729
0.0260867	0.0118024	0.0376932
0.0291956	0.00893623	0.0378434
0.0384021	0.0162314	0.0388366
0.0306883	0.00839362	0.0382024
0.0374868	0.01341	0.0386536
0.0356577	0.0176193	0.0383812
0.0385252	0.0130973	0.0389083
0.033868	0.0149313	0.0384592
0.0235277	0.000759294	0.0375058
0.0269373	0.002373	0.0376968
0.0155275	0.0128604	0.0367258
0.0328527	0.00391768	0.0383855
0.0490567	0.0131021	0.0399307
0.0374198	0.00726525	0.0386793
0.010418	0.00961096	0.0361229
0.0252671	0.00994468	0.0375071
0.0411593	0.00604975	0.039182
0.0315866	0.0164614	0.0382075
0.00582785	0.0125221	0.0356897
0.00471361	0.0124526	0.0353351
0.0305986	0.00624134	0.0379437
0.0475838	0.00899095	0.0398855
0.0358634	0.00303338	0.0385254
0.00574293	0.0156403	0.0356282
0.0282934	0.00449243	0.0379168
0.0378089	0.016532	0.0387759
0.0267994	0.0179529	0.0376408
0.0386211	0.0135031	0.0387985
0.0529985	0.0149151	0.0402775
0.034511	0.00729831	0.0383091
0.0219189	0.0111189	0.037247
0.0214249	0.0106979	0.0370572
0.0261115	0.0013047	0.0378064
0.048422	0.0146956	0.0400222
0.0438955	0.00426913	0.0396229
0.0527174	0.00495939	0.0405222
0.0444899	0.0159114	0.0393419
0.0376538	0.00934651	0.0387407
0.0144089	0.0160601	0.0365386
0.0257703	0.0114454	0.0376235
0.0356522	0.00886963	0.0387029
0.0294671	0.00132755	0.0380871
0.002448	0.0124176	0.03534
0.0132139	0.0074258	0.0363551
0.017976	0.00906759	0.0367035
0.0257827	0.0103547	0.037576
0.0400707	0.00442701	0.0390474
0.0180296	0.0061323	0.0369317
0.0215176	0.0118312	0.0371984
0.0164742	0.0162454	0.0364646
0.0315491	0.0122702	0.0382035
0.0281431	0.00993313	0.0378799
0.0448163	0.00399482	0.0393332
0.0326069	0.0139423	0.0384691
0.0187842	0.0102905	0.0369403
0.0287973	0.00255006	0.0379936
0.0426226	0.0127602	0.0394204
0.0408382	0.00687136	0.0391655
0.0424624	0.0162469	0.039308
0.0361461	0.0104757	0.0386412
0.0286056	0.000981073	0.0380234
0.0242991	0.00761227	0.0375486
0.0120164	0.0146588	0.0362527
0.0308321	0.00568127	0.0382497
0.0352779	0.0141118	0.0384625
0.0335162	0.0127362	0.0384368
0.0529134	0.0112408	0.0402646
0.0400132	0.0110124	0.0392067
0.0335218	0.00626423	0.0383564
0.0400758	0.00684446	0.0391951
0.0307832	0.014667	0.0381009
0.0341754	0.015702	0.0385125
0.0352245	0.0107681	0.038657
0.0203716	0.0113313	0.0370581
0.0390642	0.00581815	0.039101
0.0150342	0.000825234	0.0365398
0.0350589	0.0144875	0.0384527
0.0116007	0.0108205	0.0361218
0.0329142	0.0152288	0.0382356
0.052859	0.0115686	0.0404641
0.0322226	0.0110041	0.0382322
0.0203956	0.0112653	0.0371183
0.0214541	0.0147535	0.0371446
0.0320476	0.0137412	0.0381173
0.0302216	0.0130307	0.0380932
0.0183972	0.0146302	0.0369215
0.0273976	0.00800054	0.0378178
0.0314849	0.00939408	0.0381927
0.00822705	0.0135098	0.0360771
0.0302332	0.00865758	0.0380027
0.0287975	0.0145243	0.0378779
0.0461742	0.00755979	0.0396588
0.040779	0.00997141	0.0390664
0.0117249	0.00415284	0.0362503
0.0397022	0.0127428	0.039212
0.0275987	0.000134996	0.0379088
0.0173929	0.0107644	0.0367486
0.0248461	0.00527181	0.0374335
0.0344173	0.0101439	0.0384951
0.0212395	0.0142557	0.037055
0.0353386	0.0119269	0.0384506
0.0176768	0.0106706	0.0368237
0.0475802	0.00877647	0.0397413
0.0323316	0.00457539	0.0383159
0.0340727	0.00836936	0.0383675
0.0213946	0.0166752	0.0371776
0.0423903	0.0037958	0.0391241
0.0281058	0.000312527	0.03794
0.0141646	0.00830849	0.0364482
0.0267334	0.0114404	0.0376437
0.0239043	0.0118794	0.0374793
0.0255723	0.00534711	0.0373722
0.0380212	0.00510692	0.0387841
0.0444265	0.0119416	0.0394654
0.0217704	0.0063373	0.0372248
0.0118335	0.00884755	0.0362705
0.0306623	0.00615667	0.0382052
0.0413638	0.0144733	0.0390623
0.0323408	0.00474398	0.0383259
0.0141715	0.00350797	0.0362523
0.0301465	0.0122596	0.0379448
0.0262729	0.00941123	0.0376771
0.0303566	0.0119785	0.0381138
0.0299636	0.014371	0.0381924
0.0248725	0.0149695	0.0373532
0.0266109	0.0106811	0.0375841
0.0231624	0.00909281	0.0372576
0.0340019	0.000507577	0.038252
0.0391384	0.00928665	0.0388208
0.0240444	0.0121549	0.0374717
0.0169566	0.0139144	0.0366108
0.0391347	0.00878134	0.0390616
0.0336632	0.00537862	0.0383172
0.0285134	0.00335998	0.037734
0.0193651	0.00820093	0.0369049
0.0372115	0.0124445	0.0387385
0.0336179	0.00608127	0.0384135
0.0264326	0.0156415	0.037838
0.0207268	0.0133565	0.0369612
0.0321646	0.00417088	0.0383303
0.0262983	0.0149208	0.03767
0.0341868	0.0102844	0.0383736
0.0393918	0.0122799	0.0389782
0.0470147	0.00698827	0.0397275
0.0321833	0.00489326	0.0384149
0.0386743	0.0102179	0.0388913
0.0245114	0.0043039	0.0376187
0.0224002	0.0126104	0.0371611
0.0420906	0.00708427	0.0392234
0.0213752	0.00745446	0.0371783
0.0439733	0.0137755	0.0394385
0.0337949	0.013951	0.0384886
0.0272444	0.00585455	0.0378315
0.0416474	0.0152707	0.0390707
0.0255366	0.00736714	0.0376642
0.0190158	0.0140009	0.0369732
0.00198405	0.00485029	0.035215
0.0252919	0.011227	0.0376444
0.0137383	0.0109371	0.0362609
0.0492032	0.0102852	0.0401869
0.0348938	0.00258548	0.0384372
0.0424939	0.0057071	0.0393432
0.0375992	0.00601957	0.0388195
0.0195811	0.0071706	0.0369746
0.0400135	0.012415	0.0388379
0.0513303	0.00953206	0.0401912
0.0442236	0.00575041	0.0394482
0.0222778	0.0171186	0.0372806
0.0257299	0.0103767	0.0375866
0.0447035	0.00977525	0.0395013
0.00595777	0.00864555	0.0356128
0.0380269	0.0114788	0.038913
0.0345316	0.0155993	0.0385049
0.0330923	0.00930879	0.0384426
0.0304993	0.00746203	0.0381354
0.0272737	0.0109051	0.0377918
0.0442011	0.0119377	0.039496
0.033468	0.000575603	0.0385403
0.0190836	0.00975251	0.0370093
0.0352788	0.0106706	0.0384861
0.0284611	0.0151028	0.0378163
0.00498572	0.0153282	0.0353027
0.00705291	0.005525	0.03551
0.0421919	0.0129567	0.0390724
0.0281897	0.0164195	0.0377805
0.0140211	0.0103866	0.0362977
0.0346578	0.0156412	0.0385181
0.0266773	0.00715337	0.0376253
0.0182089	0.0147632	0.0368448
0.0069314	0.00508717	0.0357286
0.0388655	0.00473467	0.0389829
0.013813	0.0132508	0.0364045
0.0529693	0.000542488	0.0402883
0.018363	0.0112986	0.0367836
0.0169595	0.00788628	0.0367758
0.0264487	0.0143811	0.0376506
0.0348068	0.0147878	0.038727
0.0527443	0.00563169	0.0402242
0.0371372	0.0154536	0.0387725
0.0427651	0.0104896	0.0390971
0.0397499	0.00820429	0.0390803
0.0430238	0.00509126	0.0394004
0.0236556	0.0049258	0.0372968
0.0447691	0.0108726	0.0393176
0.0276492	0.000730424	0.0379223
0.0170388	0.0129445	0.0367926
0.00102473	0.0120198	0.0352418
0.0377458	0.00631419	0.038769
0.0235495	0.00835841	0.037326
0.0379155	0.0149315	0.0390673
0.0285631	0.0103986	0.0378509
0.0426148	0.015271	0.0392617
0.0126126	0.0134482	0.0364456
0.0273303	0.0106883	0.0378331
0.0202538	0.00812125	0.0371087
0.0336946	0.0117411	0.0383377
0.0332082	0.00753264	0.0383094
0.0340618	0.00491083	0.0384574
0.0375985	0.00661065	0.038929
0.0355989	0.01186	0.0386622
0.0465181	0.0107366	0.0397041
0.0362409	0.0107574	0.0386581
0.0143212	0.0148594	0.0365991
0.0373307	0.0042009	0.0389517
0.027547	0.0123357	0.0377003
0.0457132	0.0098144	0.0396469
0.0323729	0.0054339	0.0382008
0.0287135	0.0164148	0.0378952
0.038053	0.00975722	0.0389597
0.0456224	0.0117412	0.0393524
0.0324782	0.00890654	0.0382632
0.0349344	0.00531049	0.0385032
0.0274288	0.0152941	0.0378133
0.0355935	0.00646139	0.0385641
0.050779	0.00530303	0.0403188
0.0152531	0.00509006	0.0365962
0.0326854	0.00911211	0.0383293
0.0513907	0.0125101	0.0402809
0.0208802	0.00780262	0.0371509
0.0238824	0.00189662	0.0370649
0.040663	0.0127802	0.0391119
0.0348305	0.00508765	0.0386645
0.0287985	0.00429492	0.0378743
0.017101	0.00531704	0.036843
0.0467755	0.0131455	0.0398585
0.0258612	0.00325596	0.0377173
0.0299472	0.00416648	0.0381208
0.0349653	0.00933728	0.038472
0.0142426	0.0105901	0.0364028
0.0314579	0.0134153	0.0383331
0.022601	0.00961321	0.0373242
0.0229118	0.0123554	0.0373515
0.045761	0.00918203	0.0396573
0.0123836	0.000136947	0.0363543
0.0226746	0.00899299	0.0372813
0.0241702	0.0122846	0.0375203
0.031588	0.0145591	0.0380061
0.027546	0.00124431	0.0380237
0.00105339	0.0154743	0.0351969
0.0409059	0.010894	0.0389452
0.0374421	0.0126482	0.0387601
0.0264901	0.0117362	0.0376461
0.0452724	0.00854715	0.0395519
0.0429145	0.0106991	0.0393912
0.0464849	0.00688039	0.0396131
0.042971	0.00633392	0.0392262
0.0323995	0.0180431	0.0384665
0.0376224	0.0122046	0.0387436
0.0407043	0.0165063	0.0391278
0.0344165	0.00958637	0.0384565
0.0256185	0.0129359	0.0376402
0.0463318	0.012931	0.0397016
0.0311074	0.016575	0.0383658
0.0418124	0.0149675	0.0392335
0.0379287	0.010247	0.0388598
0.0185405	0.00960229	0.0368153
0.0181693	0.0191001	0.0368848
0.0128212	0.00332309	0.0364459
0.045551	0.00361326	0.0397183
0.0369907	0.0130781	0.0387503
0.0311889	0.0134646	0.0381445
0.0355792	0.0143624	0.0386225
0.0372431	0.00363919	0.0387741
0.0303882	0.0155462	0.0380105
0.024182	0.00967945	0.037445
0.0289267	0.00735122	0.0378598
0.0330027	0.00319222	0.0382436
0.0275799	0.0123924	0.0378249
0.0463035	0.00702514	0.0396022
0.030328	0.0107093	0.0380467
0.0485638	0.0170154	0.039679
0.0298234	0.00577713	0.0379668
0.0338003	0.0107749	0.0383297
0.0383618	0.00814413	0.0388816
0.0196465	0.00414911	0.0370335
0.0207587	0.0181032	0.0368653
0.0249892	0.0127327	0.0375434
0.0473598	0.00934991	0.0395766
0.0318227	0.0166333	0.0382307
0.0248089	0.0122715	0.0374038
0.0365068	0.0151818	0.0388135
0.0375882	0.00494987	0.0388503
0.0438536	0.0088863	0.0394322
0.0161038	0.0154425	0.0367611
0.0284685	0.009217	0.0379149
0.0316979	0.010953	0.0383038
0.0376411	0.0141107	0.0388143
0.0362641	0.0112126	0.0388048
0.023834	0.0169417	0.0376235
0.0214839	0.00083382	0.0373675
0.021273	0.0169997	0.0371606
0.0170358	0.0130296	0.0367237
0.0270593	0.0168646	0.037481
0.0332763	0.0102232	0.0383171
0.0401896	0.013815	0.0390153
0.0190133	0.0192581	0.0369312
0.0287167	0.0167662	0.0379546
0.038999	0.0128876	0.0388051
0.0278855	0.0164062	0.0375786
0.0279278	0.00769747	0.0379233
0.0344405	0.015455	0.0386182
0.0134188	0.00733147	0.0364115
0.0465849	0.0107978	0.0397113
0.0268062	0.00967462	0.0377451
0.0319352	0.011222	0.0383164
0.0352704	0.013184	0.0386549
0.0377106	0.00384312	0.0389066
0.0463726	0.0137325	0.0394844
0.0352275	0.0163765	0.0385823
0.00532266	0.0106125	0.0357101
0.0331054	0.0143235	0.0381602
0.00934053	0.0103299	0.0360737
0.0136063	0.0162493	0.0363665
0.0312294	0.0171133	0.0380874
0.0205047	0.00644647	0.0371686
0.0302187	0.0114744	0.0379366
0.047938	0.000702083	0.0397626
0.0208405	0.0124185	0.0370055
0.0270791	0.0104047	0.0377835
0.0241796	0.00805272	0.0374771
0.0167003	0.000267465	0.0366021
0.0313733	0.0103463	0.0382552
0.0297833	0.00845563	0.0379642
0.0445287	0.00813056	0.0394805
0.0301825	0.00833555	0.0380572
0.013253	0.000443062	0.0364217
0.0276255	0.00504716	0.037757
0.0390382	0.00621928	0.0389802
0.0240566	0.00772545	0.0374028
0.0183402	0.0160101	0.0366611
0.0313532	0.0142919	0.0381046
0.0403362	0.00114111	0.0390301
0.0294193	0.00911594	0.038001
0.0393834	0.00995905	0.0389625
0.026614	0.0105671	0.0376915
0.0406176	0.0086449	0.0389095
0.0246912	0.00511933	0.0374135
0.029517	0.0105772	0.0380184
0.0332274	0.00313948	0.0382191
0.0122367	0.0120179	0.0363707
0.0113044	0.010435	0.0360966
0.0212486	0.00564277	0.0369264
0.047437	0.0135299	0.0399176
0.0374287	0.00779158	0.0386641
0.029881	0.0149759	0.0380639
0.0406158	0.00573538	0.0390966
0.0376976	0.0122272	0.0386878
0.0472181	0.00375646	0.0395695
0.0229703	0.00326974	0.0374346
0.0296451	0.0119836	0.0380369
0.0405208	0.0125152	0.0392062
0.0316141	0.004447	0.0379655
0.0265119	0.0133661	0.0377673
0.0420197	0.0037552	0.0391418
0.0190504	0.00896791	0.0369936
0.0204061	0.0111513	0.0369432
0.0087302	0.00474543	0.0357637
0.0281594	0.00738711	0.0377865
0.0404489	0.00121122	0.0390345
0.0259746	0.0105497	0.037604
0.0478549	0.011422	0.0398004
0.0220845	0.0110244	0.0371752
0.033723	0.0128522	0.0383204
0.00828676	0.015615	0.0359037
0.0165909	0.0108838	0.0365578
0.0458317	0.0168934	0.0394135
0.026813	0.0120641	0.0376147
0.0208142	0.0101271	0.0370465
0.0154891	0.0085473	0.0367641
0.0448972	0.0036755	0.0394843
0.0232215	0.0130476	0.0373247
0.0476075	0.0155073	0.0395503
0.0177397	0.0122716	0.0368312
0.0317553	0.0138944	0.0382056
0.0305047	0.0157252	0.0382814
0.0333552	0.0124861	0.0384574
0.0431879	0.0125704	0.0391926
0.0242039	0.00177085	0.037337
0.0332118	0.00928631	0.0383916
0.0233393	0.0133467	0.0374073
0.0454482	0.00926314	0.0395474
0.0297671	0.0109571	0.0379019
0.00949145	0.00635328	0.0360333
0.0167178	0.0149314	0.0367516
0.0065668	0.0120108	0.0355075
0.0176219	0.0154508	0.0369221
0.0247525	0.0136385	0.037417
0.0314616	0.0147189	0.0381729
0.0329545	0.0073731	0.0384422
0.0340094	0.0116262	0.0385697
0.0202482	0.0118506	0.0370826
0.0360139	0.010197	0.0386463
0.0308739	0.0153566	0.0381163
0.0280954	0.00508611	0.0379291
0.0341796	0.0159996	0.0383595
0.0349098	0.00717206	0.0386486
0.025425	0.00506438	0.0376699
0.0321176	0.0124504	0.0381506
0.0313837	0.00931829	0.0382397
0.0377517	0.0140043	0.0389032
0.0345471	0.00209117	0.038566
0.0292583	0.0145014	0.0380925
0.0356462	0.00563083	0.0386135
0.0347584	0.0107738	0.0385376
0.0376438	0.00939551	0.0387794
0.0271116	0.0057449	0.0378484
0.0258562	0.0132816	0.0375203
0.00170027	0.0056902	0.0351582
0.0310554	0.0161229	0.0379115
0.0387318	0.0102554	0.0388377
0.0454874	0.00919715	0.0397387
0.00724228	0.0101623	0.0360215
0.0206598	0.0128611	0.0369229
0.0230607	0.00883355	0.0374023
0.0406161	0.00705529	0.0390413
0.0332537	0.016034	0.0382095
0.0284403	0.00795359	0.0378685
0.0302616	0.000134541	0.0383374
0.0466232	0.0150434	0.0398011
0.0285081	0.00374397	0.0378612
0.0282474	0.00994	0.0378912
0.0410817	0.00546283	0.0389382
0.0163232	0.00804437	0.0366626
0.035562	0.0117995	0.0384911
0.0421889	0.00528247	0.0391847
0.0172047	0.0116181	0.0366307
0.0242484	0.0103191	0.0374906
0.00469116	0.00284025	0.0358679
0.0480073	0.00746135	0.0399943
0.0329727	0.0103251	0.0382835
0.0141244	0.0132975	0.0364928
0.0347848	0.00799619	0.0384409
0.023028	0.0106803	0.0373884
0.0225772	0.0140862	0.0371929
0.0305358	0.0103638	0.0381678
0.0139078	0.0104473	0.0362867
0.0271677	0.00448568	0.037857
0.0149333	0.00416085	0.0365597
0.0363018	0.0133037	0.0386112
0.0274986	0.00875803	0.0378033
0.0210602	0.01142	0.0370914
0.0234168	0.00832052	0.0372584
0.0431848	0.00374033	0.0391081
0.0257005	0.00436343	0.0377033
0.0357424	0.00424225	0.0387907
0.0367333	0.00606555	0.0388433
0.0354385	0.0121644	0.038501
0.0335521	0.00191563	0.0383026
0.0324166	0.015145	0.0381956
0.0318331	0.00704411	0.0380899
0.0182679	0.00763086	0.036907
0.0386445	0.00586119	0.038725
0.0194449	0.00935747	0.0370324
0.0233044	0.0120947	0.0373897
0.0304941	0.0155573	0.0379104
0.0195998	0.0162411	0.0367855
0.0368243	0.0111743	0.0386213
0.0208148	0.0154194	0.0371679
0.013602	0.0121116	0.0365623
0.0255598	0.0167798	0.0375946
0.038074	0.00974161	0.03895
0.0291317	0.00338531	0.0380238
0.0356862	0.00581885	0.0385613
0.0478402	0.0147576	0.0397225
0.0316508	0.0119538	0.0382511
0.0437304	0.00869571	0.0395382
0.0157876	0.00043148	0.0365148
0.0299691	0.0123671	0.0380497
0.023985	0.0147654	0.0374243
0.0132239	0.0150655	0.0363546
0.040799	0.00938949	0.0392354
0.0275404	0.00637848	0.0377748
0.0286971	0.0103307	0.0379399
0.0318839	0.00796875	0.0381943
0.0277782	0.0064739	0.0378941
0.0389222	0.00796746	0.0389003
0.033664	0.0125346	0.0382624
0.010585	0.0094295	0.0361107
0.0398607	0.0150688	0.0390791
0.0407517	0.0146772	0.0389912
0.022631	0.0100986	0.0373031
0.0141042	0.00367724	0.0363096
0.0416713	0.0115988	0.039326
0.0210425	0.00772791	0.0371118
0.0247452	0.0141407	0.0375445
0.0152055	0.00655534	0.0365914
0.032433	0.00548662	0.0384225
0.0327198	0.0100356	0.0383943
0.0149797	0.016336	0.0365153
0.0316054	0.0153629	0.0380313
0.0278132	0.00426295	0.0378501
0.0520525	0.00245616	0.040387
0.0368613	0.0151953	0.0387443
0.0316342	0.0124172	0.0382401
0.0252334	0.0107354	0.0374804
0.0401916	0.00175428	0.0388393
0.0276297	0.0162787	0.0375586
0.0350623	0.0147912	0.038405
0.0321831	0.0102801	0.0383254
0.0274791	0.00707429	0.0376365
0.025628	0.00202937	0.0374856
0.0363643	0.00832085	0.0386554
0.0320234	0.00162175	0.0381786
0.0333441	0.0142917	0.0382846
0.0335892	0.0131796	0.0384789
0.0339404	0.0106884	0.038407
0.0358821	0.00583507	0.0385881
0.0347932	0.010383	0.0383736
0.0347496	0.00621205	0.0383583
0.0250032	0.0164147	0.0373372
0.0245529	0.0109553	0.0374734
0.023929	0.000143287	0.0374282
0.0341992	0.00556355	0.0385099
0.0319876	0.0136083	0.0381656
0.0052433	0.000312947	0.0357525
0.0368016	0.00992979	0.0387342
0.025696	0.00286214	0.0374719
0.0481908	0.0141378	0.0401635
0.0288911	0.0228098	0.0378904
0.0199361	0.0024492	0.0370669
0.028598	0.0108256	0.0379192
0.0319512	0.00918282	0.0382365
0.0399921	0.0101007	0.0391598
0.0180242	0.00735587	0.0368809
0.0298662	0.00446828	0.0380467
0.0237623	0.011613	0.0374157
0.0335158	0.00792707	0.0383543
0.0249679	0.00647609	0.0374209
0.0504969	0.00415603	0.0400564
0.0295657	0.00994676	0.037979
0.0490299	0.0122838	0.0397279
0.035838	0.0136848	0.0385645
0.0343959	0.00553976	0.0386337
0.0395995	0.0043754	0.0389432
0.0277228	0.0159991	0.0377653
0.0325637	0.00258213	0.0382045
0.0217021	0.00860549	0.0370831
0.0461105	0.00802	0.0396822
0.0320749	0.0152017	0.0383074
0.0188073	0.0121947	0.0369179
0.0356286	0.00882601	0.0384976
0.0189963	0.00824153	0.0368645
0.0402351	0.0168932	0.0389355
0.0199658	0.0164476	0.0370093
0.0316461	0.00877154	0.0381325
0.0249232	0.0166038	0.0375195
0.038987	0.0147911	0.03896
0.0309285	0.0101146	0.0380801
0.0267508	0.00105964	0.0375458
0.0195511	0.00487331	0.0370388
0.033306	0.00920993	0.0383305
0.045012	0.010036	0.0395963
0.0466486	0.0130551	0.0397671
0.01503	0.00883925	0.0364468
0.00870949	0.00944936	0.0357775
0.0263974	0.0154261	0.0378392
0.0394747	0.0159313	0.0389878
0.0295108	0.0073851	0.0380808
0.0400592	0.0106447	0.0390292
0.0196489	0.00162764	0.0366107
0.0279066	0.0142721	0.0378777
0.019936	0.0108037	0.0369642
0.0316763	0.00976084	0.0381353
0.0393869	0.010406	0.0389613
0.0276571	0.0117337	0.0378688
0.0259399	0.0161166	0.0376232
0.0405195	0.00724123	0.0391866
0.0124431	0.00961439	0.0361649
0.0391129	0.0145327	0.0389749
0.0193303	0.0153755	0.0370806
0.0302473	0.00671912	0.0379966
0.0324416	0.0164907	0.0384406
0.0135418	0.00855602	0.0363677
0.037031	0.00174584	0.0385713
0.0450508	0.0153772	0.0394982
0.0113128	0.00915226	0.0361199
0.0251776	0.00861936	0.0375446
0.0295198	0.00867838	0.0379364
0.0350193	0.00138474	0.0385194
0.0292267	0.0166355	0.0381632
0.0246131	0.0166206	0.037677
0.0257563	0.000991168	0.037397
0.0423379	0.0107408	0.0392733
0.0230836	0.00484469	0.0373528
0.030963	0.00773413	0.0380783
0.0277712	0.00613844	0.0378161
0.0261901	0.012349	0.0375626
0.0397303	0.00827147	0.038899
0.0319114	0.00655073	0.0380753
0.0333385	0.0106968	0.0383911
0.0138962	0.0115054	0.0363861
0.0380745	0.00595653	0.038846
0.0353226	0.00303005	0.0386456
0.0339038	0.0119863	0.0384769
0.0230752	0.0120432	0.0373847
0.0320199	0.00663683	0.03809
0.0250128	0.0149347	0.0375888
0.0378723	0.00892045	0.0388691
0.0019976	0.00597273	0.0349718
0.0201251	0.0056294	0.0370406
0.00659281	0.0163456	0.0357974
0.0347738	0.00244149	0.0384895
0.0451707	0.00701123	0.0394634
0.0197428	0.00607716	0.0370395
0.0142553	0.0123511	0.0364691
0.0257293	0.000614322	0.0375934
0.0164591	0.0111354	0.03657
0.0211778	0.00767443	0.037204
0.0229343	0.000316685	0.0374116
0.0418747	0.0053413	0.0391552
0.0443987	0.0109383	0.039282
0.0231475	0.00763795	0.0372684
0.0153514	0.0137833	0.0367009
0.0493766	0.00535422	0.0399434
0.020194	0.0150351	0.0370585
0.0310451	0.00850986	0.0382311
0.0244369	0.0098283	0.0373829
0.0333658	0.0132933	0.0385371
0.0406623	0.0141994	0.0392036
0.0374344	0.0069387	0.0387366
0.0435082	0.0150135	0.0394059
0.0228609	0.013533	0.0371826
0.0343952	0.0180162	0.0385041
0.0366587	0.00971927	0.0387178
0.0231367	0.011394	0.0372437
0.0255617	0.0158336	0.0376355
0.0220431	0.00530324	0.0372523
0.0231687	0.0140626	0.0372545
0.0160371	0.00271983	0.0366904
0.0291692	0.0144035	0.0379012
0.030069	0.010255	0.0379969
0.0284684	0.014002	0.0378676
0.0337375	0.00782102	0.0384701
0.00792629	0.0120461	0.0358692
0.0510681	0.00661447	0.0403411
0.0334405	0.00655317	0.0383147
0.0400116	0.0126927	0.039043
0.0416933	0.0119301	0.0392865
0.0318443	0.00327039	0.0381239
0.0445455	0.0107307	0.0392631
0.0375921	0.0150602	0.0388386
0.025837	0.0142023	0.0376178
0.0159336	0.0117499	0.0365031
0.0499023	0.01024	0.0400332
0.0208277	0.0125833	0.0371355
0.0319709	0.008692	0.0382393
0.0356587	0.00462823	0.0386604
0.0248562	0.00470546	0.0374811
0.00899263	0.0114651	0.0360045
0.0335063	0.00904928	0.0384075
0.0176851	0.0153999	0.0369253
0.0135267	0.00582861	0.0364223
0.0448632	0.0155022	0.0393974
0.0169598	0.0173713	0.0367086
0.0271663	0.0139168	0.0377595
0.0313309	0.0142389	0.0382206
0.0378065	0.0157963	0.0389516
0.0321951	0.0112206	0.038309
0.0365993	0.00532716	0.0386968
0.033693	0.00341789	0.0383154
0.0304718	0.00039989	0.0379737
0.0237141	0.0137183	0.0374896
0.0400289	0.00792704	0.0389765
0.0453469	0.0152409	0.0396803
0.0305363	0.0124667	0.0381541
0.0316851	0.0072515	0.038195
0.00162753	0.00941663	0.0350597
0.0258501	0.0142706	0.037698
0.0410286	0.00363825	0.039075
0.0219752	0.0101471	0.0372013
0.0110802	0.00514204	0.0362127
0.0418359	0.00699918	0.0390714
0.0250223	0.0028054	0.0373976
0.0161921	0.0138159	0.0364866
0.0496986	0.0078731	0.0399695
0.0481707	0.0105563	0.0399123
0.0366431	0.0115765	0.0387665
0.0249049	0.00722543	0.0373689
0.0401574	0.011923	0.0390132
0.0192854	0.0102976	0.0370005
0.0350559	0.0126852	0.0384423
0.0230034	0.00872144	0.0372736
0.0356938	0.000617265	0.0385872
0.0294634	0.00807921	0.0380509
0.0189019	0.00223287	0.0369655
0.0422746	0.0142918	0.0391465
0.0377352	0.00828344	0.0388963
0.0169469	0.0118636	0.0367658
0.0415448	0.0102247	0.0393208
0.0313593	0.00146263	0.0382054
0.0209845	0.00778695	0.0370974
0.0160104	0.00494204	0.0367279
0.0246812	0.00369606	0.0373836
0.028404	0.011657	0.0379256
0.024952	0.0166654	0.0376288
0.0272325	0.0119039	0.0376244
0.0129451	0.0119755	0.0363438
0.0333925	0.0125453	0.0383008
0.0392435	0.00921181	0.0390831
0.0348786	0.0113288	0.0384157
0.0352406	0.0135807	0.0385443
0.00693796	0.00728727	0.0357904
0.0298783	0.0145593	0.0381873
0.0409832	0.000819522	0.0391494
0.0311658	0.0118342	0.03823
0.0170032	0.0164782	0.0364912
0.0128912	0.00403016	0.0363814
0.0307	0.00843305	0.0381403
0.0259136	0.0113449	0.0375613
0.0334216	0.0117096	0.0383907
0.0334702	0.00904348	0.0383069
0.028476	0.0134809	0.0379357
0.0305175	0.00815091	0.0381293
0.0308453	0.0148379	0.038054
0.0150908	0.00942335	0.036614
0.0327942	0.00259081	0.0382174
0.0258303	0.00988053	0.0376324
0.0369867	0.0135503	0.0385774
0.0375092	0.00603438	0.0386483
0.0361961	0.00755894	0.0387329
0.0266848	0.009951	0.0376536
0.0299164	0.00653238	0.0380903
0.0186063	0.0154587	0.0369281
0.0164845	0.00534063	0.0367842
0.0433664	0.0105042	0.0394244
0.0165978	0.0124286	0.03672
0.0282167	0.00387909	0.0378393
0.0220912	0.00702514	0.0372917
0.0398022	0.0106992	0.0390196
0.0376721	0.0122418	0.0388165
0.0261045	0.0110618	0.0376998
0.03669	0.0106381	0.0385965
0.0156119	0.015674	0.0363881
0.0424174	0.00268302	0.0390287
0.0348927	0.00395835	0.0383571
0.0158244	0.00696858	0.0365696
0.015846	0.0013462	0.0367061
0.0350192	0.0109493	0.0385703
0.0412701	0.0160614	0.0392656
0.0335607	0.0020366	0.0385841
0.00100509	0.00884551	0.0351319
0.0351779	0.0106371	0.038657
0.0387138	0.00756963	0.0388456
0.0285234	0.000977154	0.0379954
0.035759	0.00245716	0.0385165
0.0271375	0.0148687	0.0375388
0.0116909	0.0115255	0.0361602
0.0226124	0.0109645	0.0373425
0.0430928	0.00454759	0.0393926
0.0326478	0.00665892	0.0381585
0.0216065	0.0109165	0.0371292
0.0380471	0.0106969	0.0387256
0.0153456	0.01282	0.0367091
0.0144017	0.0148782	0.036513
0.0307815	0.00562767	0.0380437
0.0315576	0.0119755	0.0382705
0.0361047	0.0113012	0.0386346
0.0294388	0.00745521	0.0379202
0.0283763	0.012777	0.0379743
0.0383093	0.00155972	0.0390397
0.0321228	0.00337202	0.0382803
0.0387656	0.0108566	0.0390038
0.019881	0.0055301	0.0370443
0.0164597	0.00672131	0.0367694
0.0259467	0.00559017	0.0376052
0.0392324	0.00943798	0.0389738
0.0323135	0.0122939	0.0382012
0.01407	0.0100187	0.0365242
0.0162864	0.0114366	0.0367689
0.0272337	0.0139639	0.0376209
0.0215754	0.00106074	0.0367854
0.0265216	0.0029202	0.0377512
0.030181	0.011685	0.0380825
0.0348852	0.0094002	0.0385001
0.0354444	0.0122622	0.0386338
0.0415847	0.0125085	0.0391816
0.0121897	0.00359515	0.03652
0.0204264	0.0107505	0.0370486
0.0210955	0.0148324	0.0370419
0.0302492	0.00781471	0.0380766
0.0383617	0.0130649	0.038734
0.0374683	0.0130402	0.0385978
0.0103786	0.0146741	0.0360189
0.0318122	0.00989734	0.038278
0.0296806	0.0136631	0.0380333
0.035782	0.0134164	0.0387056
0.027276	0.0115156	0.0377261
0.0305616	0.015115	0.0380167
0.0361666	0.0148781	0.0385434
0.0414394	0.00698345	0.0389558
0.042569	0.0162536	0.0391356
0.0160266	0.00885612	0.0365582
0.0128417	0.0145009	0.0363602
0.0356014	0.0102134	0.0385752
0.0398349	0.0142389	0.0389118
0.0347931	0.0132598	0.0384188
0.0277073	0.00966781	0.0378754
0.0135963	0.00358976	0.0365176
0.0329105	0.0111638	0.0381981
0.0274648	0.013896	0.0378503
0.0318518	0.0167344	0.0384571
0.0439534	0.00281915	0.0394083
0.0366497	0.000239624	0.038874
0.0465295	0.00999958	0.039846
0.0343809	0.0147879	0.0386476
0.0410437	0.00511148	0.03919
0.0361504	0.0154486	0.0386581
0.0322241	0.00412164	0.0381894
0.0390694	0.0136935	0.0388419
0.0176403	0.0164022	0.0368763
0.0423828	0.00796563	0.0391894
0.00740148	0.0108743	0.0356676
0.0398546	0.0102788	0.0388286
0.0259355	0.0141826	0.0375782
0.0381405	0.0116705	0.0388476
0.0324374	0.00843036	0.0381432
0.0179384	0.000761104	0.0368972
0.0256434	0.0127362	0.0377063
0.0330027	0.011958	0.0383989
0.0334739	0.0122034	0.0383769
0.0346807	0.00953013	0.0385064
0.0172152	0.00877842	0.0366845
0.0391896	0.0107803	0.0389961
0.0236234	0.0125049	0.0373911
0.0220712	0.0124096	0.0372928
0.0294129	0.00775815	0.038027
0.0406203	0.012062	0.0388828
0.0448237	0.0121439	0.0395223
0.021426	0.00950146	0.0371577
0.0351022	0.0117932	0.0385647
0.026793	0.00928703	0.0376885
0.031333	0.014304	0.0381984
0.0264276	0.0118471	0.0375856
0.0341267	0.0156608	0.0382818
0.0275098	0.0107166	0.0377147
0.0379793	0.0132779	0.0388785
0.0365835	0.013617	0.0385704
0.0293501	0.0058943	0.0379607
0.024149	0.0157822	0.0373984
0.0366799	0.0148181	0.0385677
0.0330402	0.0112025	0.0382817
0.0463195	0.00660217	0.0396138
0.0170001	0.0120054	0.0367255
0.0288314	0.00807082	0.037889
0.0175806	0.0130421	0.0369076
0.0328378	0.0096654	0.0384124
0.0254239	0.0133779	0.0376085
0.0193561	0.0168425	0.0369091
0.01789	0.0147324	0.0367836
0.025346	0.011823	0.0375347
0.0503042	0.00485273	0.0399677
0.0374084	0.00832336	0.0387474
0.0225169	0.00742113	0.037375
0.0462684	0.00867203	0.0396678
0.0323826	0.00962785	0.0383078
0.0321421	0.0142728	0.0383397
0.0435127	0.0149349	0.0395344
0.0246886	0.00749353	0.037466
0.00308005	0.0101579	0.0354146
0.0539709	0.0145478	0.0401419
0.035076	0.00107706	0.0384524
0.0267639	0.00979972	0.0376149
0.0255802	0.00815028	0.0376229
0.0360599	0.0116244	0.0386326
0.0195195	0.010957	0.0369121
0.0246893	0.0137256	0.0374762
0.0255565	0.0155511	0.0377492
0.0329809	0.0120669	0.0381773
0.0193737	0.013448	0.037068
0.0269866	0.0124931	0.0377901
0.0356044	0.00807971	0.0385939
0.0382627	0.00507429	0.0388154
0.0260815	0.00939246	0.0376191
0.0103893	0.0108794	0.0361249
0.0179705	0.0125819	0.0368161
0.0266201	0.00255903	0.0377986
0.0358642	0.0043005	0.0385699
0.037015	0.0154205	0.0385924
0.020969	0.0143748	0.0371531
0.0350345	0.012403	0.0385599
0.0472332	0.00800059	0.0397983
0.0417071	0.0158147	0.039233
0.0384022	0.00532449	0.0388267
0.03641	0.0122018	0.0388429
0.0296339	0.00659915	0.0379495
0.0360857	0.00888716	0.0386344
0.0255742	0.00849924	0.0375287
0.030681	0.0157677	0.0382201
0.0353438	0.0124597	0.0386026
0.0124692	0.0111183	0.0361598
0.0251717	0.00633696	0.0376332
0.0360218	0.0110584	0.0385331
0.0262597	0.00966025	0.0376354
0.0206225	0.00862428	0.0371626
0.0289655	0.00961957	0.0379379
0.0200349	0.00895884	0.0369243
0.0214718	0.0115254	0.0370985
0.0421696	0.0112022	0.0393171
0.00248547	0.00955351	0.0353509
0.0334457	0.0192754	0.0384662
0.0205596	0.0150598	0.0369874
0.0240649	0.0120637	0.0374748
0.0243341	0.0100266	0.0373641
0.0361663	0.000791761	0.0387435
0.0317091	0.0102029	0.0381203
0.024829	0.0115759	0.0374595
0.0433213	0.00703483	0.0394762
0.0328657	0.0147785	0.0383924
0.0301278	0.0124103	0.0380974
0.0407355	0.00944187	0.0391335
0.0389509	0.00905302	0.0388047
0.0346668	0.00941867	0.0385017
0.021711	0.0136294	0.0371773
0.0203486	0.0123557	0.0371044
0.026087	0.0149215	0.0377911
0.0412699	0.00106126	0.0393315
0.0431196	0.0167271	0.039114
0.0288897	0.0178449	0.0378967
0.0324882	0.0167311	0.0381929
0.0267928	0.0117591	0.0377197
0.039268	0.00860267	0.0388883
0.0295218	0.0156834	0.0378069
0.0199339	0.00453647	0.0369943
0.027447	0.00249174	0.0376077
0.0406772	0.0043029	0.0391284
0.0380454	0.00870421	0.0388395
0.0392615	0.00960341	0.0390314
0.0275701	0.012858	0.0378393
0.0389147	0.00334717	0.038856
0.0168773	0.0113755	0.0367723
0.0371441	0.00782263	0.0387298
0.00949538	0.0120776	0.0360923
0.0219755	0.00943117	0.0372651
0.0500818	0.0144989	0.0401284
0.0408492	0.0134642	0.0392268
0.0101634	0.0139762	0.035908
0.0354438	0.00622425	0.0385839
0.0157035	0.00384087	0.0366801
0.0395152	0.00516321	0.0389898
0.0277001	0.00439942	0.0376755
0.0135347	0.0130847	0.0364357
0.0237035	0.0137952	0.0374392
0.0203042	0.0104396	0.0369992
0.00830664	0.0128586	0.0359076
0.0256921	0.0126492	0.0374452
0.0365367	0.0108068	0.0387366
0.025177	0.00190579	0.0375438
0.0331731	0.0103897	0.0383012
0.026036	0.0102516	0.0376754
0.0274607	0.0106128	0.0377442
0.0155132	0.0102018	0.0364516
0.00982231	0.0109431	0.0360227
0.0398508	0.0139822	0.0389803
0.0246936	0.0116152	0.0374057
0.046225	0.0154728	0.0395337
0.0208173	0.0112003	0.0371362
0.0247789	0.00180379	0.0373962
0.0382011	4.99865e-05	0.0386727
0.0223194	0.01332	0.037229
0.0269254	0.00806904	0.0378149
0.0322494	0.0102555	0.0381839
0.0177285	0.0106359	0.036738
0.0347963	0.0145962	0.038501
0.0370629	0.0154229	0.0387794
0.0111876	0.00427493	0.0358205
0.0348821	0.0107332	0.0385044
0.0289117	0.0113347	0.0379204
0.0321019	0.0148305	0.0380972
0.0191425	0.00739056	0.0370288
0.0286663	0.0122988	0.0380053
0.0135647	0.00869464	0.0362938
0.0364244	0.00344318	0.0387665
0.0271127	0.00968932	0.0377695
0.0353843	0.00111549	0.0383831
0.0345746	0.0157598	0.0383959
0.015695	0.0150052	0.0366288
0.0260995	0.0132695	0.0377076
0.0304895	0.00153197	0.0381754
0.0309925	0.0118638	0.0381309
0.0383036	0.0146925	0.0387103
0.029309	0.0113856	0.0379186
0.0272899	0.00880219	0.0377841
0.0366127	0.0135584	0.0386851
0.0283202	0.0109105	0.0378941
0.0347454	0.00540564	0.038569
0.0353563	0.00927311	0.038663
0.0178794	0.00584073	0.03658
0.0261554	0.0142059	0.037649
0.0334895	0.0110975	0.0383486
0.0347066	0.0128319	0.0383586
0.0271363	0.0125512	0.0378493
0.02971	0.0155393	0.0378982
0.0383077	0.0151372	0.0387314
0.0476466	0.0168362	0.039549
0.0383382	0.0154713	0.0389999
0.0376292	0.0122023	0.0388567
0.0339966	0.0141936	0.0384278
0.0366376	0.0163507	0.0389438
0.010829	0.0163343	0.0362437
0.0306143	0.0117134	0.0381377
0.0383033	0.00766393	0.038779
0.0301383	0.0147802	0.0379926
0.0385399	0.00637087	0.038762
0.0203675	0.00657701	0.0370678
0.0236824	0.006379	0.0374125
0.0287649	0.00444498	0.0379029
0.0328692	0.014131	0.0382583
0.0314694	0.0151129	0.0382873
0.0158413	0.0108373	0.0365369
0.0384078	0.0162704	0.0387048
0.0199249	0.0142046	0.0370359
0.0315821	0.000961312	0.0383383
0.00311865	0.0138406	0.0353189
0.0407579	0.0110738	0.0388985
0.0297918	0.0110671	0.0379664
0.019785	0.0121516	0.0368989
0.0381363	0.0139773	0.0386882
0.0336888	0.0023292	0.0384908
0.000907242	0.00791249	0.0351934
0.0125005	0.00889447	0.036369
0.0360025	0.012023	0.0386472
0.0139775	0.0097695	0.0363642
0.0421504	0.00973151	0.0393699
0.018008	0.0075035	0.0367423
0.0267398	0.0077639	0.0376708
0.0383096	0.00526315	0.0387999
0.0428337	0.003211	0.0392584
0.0088011	0.00885133	0.0361734
0.0166694	0.0147443	0.0367632
0.0216016	0.00505664	0.0371691
0.022311	0.0141853	0.0371659
0.0203433	0.00678446	0.037141
0.00186013	0.0153633	0.0349809
0.0165173	0.0122208	0.0367376
0.0499073	0.0113453	0.040058
0.0283471	0.0127009	0.0378175
0.0404841	0.00205969	0.0389531
0.0461303	0.0118966	0.0396306
0.0383736	0.0109953	0.0389879
0.0301533	0.00685386	0.03807
0.0323186	0.00983632	0.038285
0.0319608	0.0138735	0.0383979
0.0215375	0.0115241	0.0372819
0.0320216	0.015321	0.0383515
0.0308795	0.0104952	0.0381527
0.0316779	0.0101432	0.038225
0.0288449	0.00643219	0.0378757
0.0403503	0.00795144	0.039038
0.0184327	0.0139318	0.0367143
0.0221563	0.00940513	0.0371915
0.0248178	0.0064795	0.0374052
0.0239713	0.000784081	0.037032
0.0321491	0.0123026	0.0382625
0.0257056	0.0133747	0.0376199
0.0182776	0.0166311	0.0368314
0.0313778	0.0104124	0.0380943
0.0160387	0.00596902	0.0366724
0.0332778	0.00758447	0.0383418
0.0387781	0.00153819	0.0387828
0.0347356	0.0132877	0.0386071
0.040796	0.0117124	0.039176
0.0113752	0.00530684	0.0359988
0.0263241	0.00604699	0.0376899
0.0341034	0.0129739	0.0384347
0.0393265	0.0141202	0.038988
0.0368203	0.011078	0.0386141
0.0213561	0.0137977	0.0372136
0.0260729	0.0150579	0.0376454
0.0349125	0.00300493	0.0385224
0.0283622	0.0103046	0.0379412
0.0258231	0.00565046	0.0375019
0.0255269	0.0112688	0.0376229
0.0358674	0.01111	0.0386315
0.0374003	0.0126642	0.0386588
0.0350356	0.00751378	0.038548
0.0394775	0.00628123	0.0390371
0.0216591	0.00244859	0.0371322
0.0206255	0.0028452	0.0369756
0.0311443	0.0155899	0.038135
0.0427929	0.00477812	0.0391506
0.0373935	0.00914041	0.0387988
0.0435805	0.0013564	0.0393311
0.0416948	0.00813398	0.0391641
0.0119853	0.0105851	0.0362595
0.0294579	0.00818478	0.0379408
0.0347857	0.0121378	0.0384383
0.0216026	0.00955901	0.0371271
0.0316221	0.0116063	0.0381412
0.0513063	0.00989037	0.0402171
0.0293079	0.00938196	0.0380095
0.0271766	0.0131912	0.0375816
0.0229396	0.00984771	0.0373788
0.000949165	0.00235778	0.0347768
0.0230827	0.0114149	0.0373379
0.0269848	0.0142915	0.0375854
0.0283357	0.00680512	0.0377878
0.0350916	0.0158229	0.0386815
0.0237175	0.00862188	0.0374045
0.0424649	0.0080665	0.0393281
0.0297167	0.0107679	0.0380847
0.0365068	0.00770183	0.0386901
0.0269205	0.00712656	0.037741
0.0322805	0.00151569	0.0383427
0.00769767	0.0151062	0.035825
0.0409251	0.0010191	0.038992
0.0214951	0.00980602	0.0372384
0.0460295	0.0117743	0.0397301
0.0372286	0.0100327	0.0388559
0.0332217	0.0134047	0.0382545
0.0239731	0.0127086	0.037502
0.0345929	0.0132946	0.0384343
0.040635	0.0134228	0.0389291
0.0407738	0.010845	0.0389653
0.00981577	0.0149154	0.0360369
0.0264767	0.0164363	0.0376177
0.0427351	0.00867967	0.039325
0.0130782	0.00982203	0.0362496
0.033331	0.017255	0.038225
0.0354903	0.00539788	0.0387292
0.021467	0.00863414	0.0370612
0.0440281	0.0110691	0.039521
0.0310456	0.0175653	0.0380449
0.0255718	0.0151027	0.0376398
0.0436995	0.00586915	0.0395555
0.0292219	0.0130995	0.0378647
0.00919925	0.00973526	0.0358672
0.0242255	0.000356685	0.0373754
0.0372435	0.00916049	0.0387938
0.0289605	0.000796547	0.0381844
0.0120714	0.0117143	0.0362282
0.0381585	0.0120273	0.0388504
0.0231098	0.0140262	0.0373999
0.0430955	0.0141106	0.0392519
0.0250592	0.010098	0.0375831
0.028482	0.0159012	0.0378734
0.0303265	0.0160526	0.0380561
0.0233291	0.00342906	0.0374178
0.0227532	0.0153236	0.0371289
0.0148066	0.0148259	0.0365443
0.0331618	0.00892527	0.0383948
0.0414951	0.0119322	0.0391955
0.034199	0.0175787	0.0381999
0.00961973	0.00450501	0.0360668
0.0401554	0.00915238	0.0390383
0.0300061	0.0128983	0.0380459
0.042775	0.0106547	0.0392141
0.0334596	0.00171709	0.0385154
0.0326345	0.00955594	0.0383955
0.0310745	0.00683968	0.0381519
0.0290001	0.000787744	0.0378224
0.0330893	0.00611306	0.0383331
0.0441429	0.00690406	0.039606
0.0419384	0.00598104	0.039303
0.021866	0.0123191	0.0372365
0.0176038	0.00946651	0.0366974
0.0250697	0.00992129	0.0375574
0.032121	0.0055481	0.0382284
0.0376848	0.00766611	0.038804
0.00190913	0.000468147	0.0352758
0.0424032	0.0124081	0.0393436
0.036719	0.00682067	0.0388408
0.0418768	0.00715424	0.0393292
0.0398857	0.0112312	0.0389749
0.0274744	0.00369099	0.0377624
0.0313848	0.0026408	0.0382133
0.0257638	0.0130015	0.0376228
0.0328784	0.0136312	0.0383978
0.0396155	0.0137954	0.038903
0.0144522	0.0088448	0.0363915
0.00986379	0.011911	0.0361271
0.034843	0.00766493	0.0385722
0.0225096	0.00867407	0.0372566
0.0175866	0.00810822	0.0368484
0.0227609	0.000342657	0.0373216
0.0121515	0.0135933	0.0362937
0.0341591	0.00131879	0.0384883
0.0261454	0.016555	0.0376159
0.0258571	0.0135217	0.0376621
0.0390835	0.00701766	0.0390871
0.0486739	0.01712	0.0396882
0.0140237	0.00911799	0.0362954
0.0192439	0.0146299	0.0367418
0.0357	0.00798561	0.0386424
0.0463759	0.0157182	0.0400023
0.0307603	0.00996061	0.0380265
0.0339011	0.0151487	0.0385435
0.02259	0.00112497	0.0373964
0.0136114	0.00372059	0.0362595
0.0336583	0.0128011	0.038468
0.0366013	0.0109865	0.0388044
0.0331495	0.0147192	0.0383559
0.00807865	0.00666951	0.0356851
0.0293728	0.015439	0.0379002
0.0114891	0.00317643	0.0361738
0.0393385	0.0154972	0.0390604
0.0112445	0.00253176	0.0362324
0.0378658	0.0149643	0.038916
0.0330444	0.0101503	0.0382596
0.0302813	0.012281	0.038004
0.0411501	0.0120853	0.0391267
0.0341372	0.00142804	0.0382805
0.026195	0.0122964	0.037563
0.0375713	0.0151545	0.0388237
0.0283519	0.00751415	0.0378951
0.038982	0.00538381	0.0390835
0.0254503	0.0133433	0.0375827
0.0215565	0.00642601	0.0373158
0.0396918	0.0114917	0.038865
0.0424099	0.0119216	0.0392443
0.0260558	0.00410477	0.037704
0.0367577	0.00869281	0.0387178
0.0416249	0.00786728	0.0391783
0.0292593	0.0134428	0.0378445
0.0357287	0.0143201	0.038598
0.0468505	0.00231519	0.0396499
0.0136368	0.00714717	0.0363915
0.0373615	0.0143283	0.0386739
0.0390133	0.0169317	0.0389132
0.044994	0.00808044	0.0395976
0.0364549	0.0102346	0.0385913
0.0297834	0.0105921	0.0380378
0.0325914	0.0103699	0.0383878
0.0240448	0.00982937	0.0374489
0.0330161	0.00394531	0.0382617
0.0337751	0.0149037	0.0385904
0.0277299	0.0158552	0.0377693
0.0285193	0.00755149	0.0378265
0.0366979	0.011552	0.0386246
0.0267542	0.0135296	0.037583
0.0365714	0.0160232	0.0385798
0.0451102	0.0150952	0.0393057
0.0212965	0.00659874	0.037058
0.0333382	0.00875703	0.0383119
0.0303038	0.01345	0.0380029
0.0214725	6.90348e-06	0.0374335
0.0486629	0.0142823	0.0399856
0.0257023	0.0131931	0.0376218
0.0161222	0.0106753	0.036512
0.0391918	0.0125989	0.0388288
0.0220258	0.0138931	0.0370385
0.0383605	0.0155378	0.0386727
0.0347849	0.0136209	0.0386175
0.039342	0.00489376	0.0390229
0.0376752	0.0113248	0.0388721
0.0532371	0.0181672	0.0399913
0.0258198	0.0125075	0.0375949
0.0180842	0.00427295	0.0369062
0.0233869	0.0105909	0.0374214
0.0338687	0.00244712	0.0383421
0.0184432	0.0158395	0.0367698
0.0307156	0.0066756	0.0381938
0.0281455	0.0104474	0.03776
0.0324957	0.01117	0.0383445
0.0338006	0.0151919	0.0383251
0.0432789	0.0109172	0.0394309
0.03314	0.00328688	0.0382647
0.0279344	0.00762638	0.0377675
0.037096	0.00528079	0.0388054
0.0293859	0.00196462	0.0380775
0.0427725	0.0158337	0.0393471
0.0304032	0.012779	0.0381718
0.0102269	0.0209974	0.0361142
0.034211	0.0127312	0.0385399
0.0406044	0.0119496	0.0389555
0.0294275	0.00718207	0.0378425
0.0284145	0.0170357	0.0376519
0.0342261	0.0165422	0.0384527
0.0345188	0.00760408	0.0385567
0.0233726	0.00374132	0.0372093
0.0338685	0.00175941	0.0383633
0.0264395	0.0110863	0.0375935
0.0367192	0.00801278	0.0387432
0.0338552	0.00409892	0.0383844
0.0393805	0.0125072	0.0389515
0.0324087	0.00825272	0.0382762
0.0255551	0.00961613	0.0375755
0.0398103	0.0126048	0.038919
0.0318662	0.0123892	0.0382303
0.0214389	0.00707014	0.0371856
0.0253198	0.00808206	0.0375886
0.0215638	0.0113202	0.0372571
0.0369557	0.0127465	0.0388129
0.0299464	0.00888837	0.0380709
0.0367571	0.00443534	0.0386349
0.0485379	0.00932037	0.0400334
0.0356813	0.0137093	0.0384991
0.0298784	0.0125867	0.0380027
0.0390377	0.00450949	0.0389346
0.0272108	0.00149757	0.037651
0.0166761	0.00518841	0.0368099
0.0287178	0.01017	0.0379691
0.0266448	0.0116075	0.0377639
0.0330539	0.00462589	0.0382662
0.0431181	0.00528112	0.0394327
0.0514185	0.0151644	0.0403651
0.028965	0.0166518	0.0376845
0.0421584	0.0164099	0.0390949
0.0483741	0.0165502	0.0397177
0.0337845	0.0062103	0.0382559
0.0179826	0.00103514	0.0368319
0.0248576	0.0152671	0.0375242
0.0381181	0.0103025	0.0389326
0.0349002	0.00511564	0.0384714
0.0225972	0.0164713	0.0372951
0.0485678	0.00949571	0.0401003
0.034771	0.00152419	0.0386535
0.0187558	0.00796433	0.0369736
0.0313485	0.0148945	0.0381712
0.0301808	0.0145318	0.0381155
0.0530286	0.0128155	0.0400498
0.0408891	0.00875754	0.0391954
0.0395286	0.00970224	0.0389907
0.029124	0.0146487	0.0379964
0.0120423	0.0130784	0.0361672
0.0296548	0.011805	0.0378679
0.0381349	0.0129196	0.0387123
0.0340946	0.00894612	0.0385493
0.0149845	0.0028449	0.0365904
0.0251778	0.00721352	0.0375432
0.0414178	0.0137218	0.0392221
0.0365189	0.00949672	0.038794
0.0320294	0.00446436	0.0382383
0.0218051	0.0065787	0.037131
0.0360461	0.0118531	0.0386603
0.0434633	0.00802171	0.0393369
0.0261256	0.0103446	0.0375504
0.0411416	0.0168876	0.0389699
0.046186	0.00824837	0.0398264
0.0466586	0.00879677	0.0397085
0.0344482	0.00341012	0.038507
0.026566	0.0131064	0.037734
0.0246119	0.0116092	0.0374524
0.0155995	0.0136922	0.036589
0.0287436	0.00975148	0.0378202
0.0233766	0.00200473	0.0372913
0.038877	0.00635969	0.0388838
0.00778508	0.0116442	0.0358519
0.0127944	0.0164887	0.0363542
0.0415258	0.0129717	0.039057
0.0312989	0.0144903	0.0382174
0.0296846	0.0122334	0.0380673
0.0307871	0.00295695	0.038296
0.0355816	0.0105739	0.0386442
0.0321134	0.0101553	0.0382368
0.0314807	0.011718	0.0382153
0.0227735	0.0150378	0.0374693
0.0230269	0.0167973	0.0375249
0.0329723	0.0148111	0.0384027
0.0288304	0.0068904	0.0379218
0.0311499	0.0130422	0.0381769
0.0189871	0.00917257	0.0369701
0.0342559	0.0126546	0.0383365
0.0366929	0.00417504	0.0386014
0.0275927	0.0133946	0.0378065
0.0443753	0.00943245	0.0394807
0.0442988	0.00877315	0.0394602
0.0377242	0.0086446	0.0387399
0.0314554	0.0114884	0.0380686
0.0243405	0.00521466	0.037592
0.0289597	0.00641814	0.0380199
0.021419	0.016479	0.0369142
0.0420509	0.0133774	0.0391527
0.0351756	0.00467233	0.0385479
0.0306046	0.0124694	0.0381664
0.0362674	0.00308563	0.0386302
0.0400976	0.00795866	0.0390654
0.0495636	0.0155388	0.0397226
0.0127831	0.0143962	0.036338
0.0407574	0.0110565	0.0389689
0.0276933	0.0107835	0.0378525
0.0218359	0.0144966	0.0373277
0.0297138	0.0112718	0.0379245
0.0203627	0.00976347	0.0370671
0.0367803	0.00845557	0.0387669
0.0144692	0.0121425	0.0365503
0.0450143	0.0010575	0.0394794
0.036569	0.0036954	0.038636
0.0393365	0.0108578	0.0389745
0.0298538	0.0134392	0.0381597
0.0329842	0.00906324	0.0382829
0.0153477	0.00469312	0.0366423
0.0268016	0.00824937	0.0377458
0.0260865	0.00633894	0.0377258
0.0313535	0.0098837	0.0381343
0.0375178	0.00791558	0.0388669
0.0351128	0.0148647	0.0384075
0.0354505	0.0100797	0.0385587
0.0149288	0.014568	0.0365572
0.0318138	0.0159636	0.0382831
8.45168e-05	0.0107257	0.0351063
0.0351885	0.00250264	0.0385493
0.000304266	0.0135253	0.0353802
0.049708	0.016602	0.0401319
0.00878497	0.00544711	0.035696
0.0292399	0.0112649	0.0379613
0.0408619	0.0119288	0.0390795
0.0422522	0.0104741	0.0391074
0.0477399	0.00370981	0.0397695
0.0324888	0.011177	0.038304
0.0315896	0.00456389	0.038101
0.0328877	0.00700186	0.0383827
0.0215731	0.000476622	0.0371977
0.0377152	0.016418	0.0389628
0.025061	5.11213e-05	0.0377296
0.026771	0.0108596	0.0377429
0.0104141	0.00264324	0.03617
0.0398285	0.0131424	0.0390764
0.0225769	0.0180607	0.0374121
0.0289573	0.0124287	0.0379929
0.0327982	0.0170495	0.0382587
0.0296293	0.00863363	0.03802
0.0287053	0.0100067	0.0378202
0.0270012	0.0128801	0.0376476
0.0317192	0.013293	0.0381034
0.0209128	0.0168815	0.0371261
0.0289032	0.00768891	0.037869
0.0332749	0.00130756	0.038358
0.0265399	0.00554746	0.0377668
0.0363144	0.00345794	0.0386365
0.00508474	0.0120785	0.0354434
0.0264845	0.0134438	0.0376845
0.0337826	0.0101177	0.0383279
0.0423963	0.00675209	0.0392654
0.0455071	0.00481971	0.039556
0.0329241	0.0105321	0.0383015
0.0339432	0.00269355	0.0383736
0.033161	0.0154914	0.0383306
0.0153567	0.00923716	0.0366112
0.0442741	0.0146385	0.0394676
0.0231334	0.0140953	0.0373848
0.0312499	0.0092636	0.0381289
0.0181306	0.0164679	0.036923
0.0210636	0.0146846	0.0371113
0.0342357	0.00691554	0.0384068
0.0365363	0.0137465	0.0386814
0.00690642	0.00474478	0.0358045
0.0284765	0.0102486	0.0379132
0.0222014	0.00197032	0.0373287
0.0286482	0.0153798	0.0379463
0.0197437	0.004161	0.0370434
0.0143786	0.0113259	0.0366382
0.0275052	4.97649e-05	0.0376051
0.0483548	9.64228e-05	0.0400963
0.03111	0.00395235	0.0380493
0.0226171	0.0153194	0.0371151
0.0210747	0.00823246	0.0372612
0.0232169	0.0106606	0.0373999
0.0281	0.0123874	0.0379456
0.0264465	0.0106502	0.0377475
0.0360527	0.00902244	0.0386562
0.0295297	0.0161691	0.0379127
0.0291063	0.0148033	0.0377927
0.0280681	0.0139207	0.0378444
0.0415958	0.00702819	0.0391201
0.0174649	0.00933453	0.0368513
0.0408718	0.0139511	0.0389777
0.0424096	0.0135114	0.0395225
0.0360493	0.0119869	0.0386341
0.00992939	0.0110879	0.03592
0.0312132	0.013214	0.0380535
0.0178131	0.0108368	0.0366803
0.0438109	0.0071532	0.039411
0.0150824	0.00340924	0.0364085
0.0310125	0.00442167	0.0380833
0.0101324	0.00200895	0.0358876
0.0124865	0.00848428	0.0362932
0.0259421	0.0130762	0.0377274
0.0333559	0.0142887	0.0382395
0.0349177	0.00810727	0.0384783
0.0175857	0.00375492	0.0366696
0.0324221	0.00711923	0.0383925
0.027392	0.00351793	0.0378282
0.0308997	0.0124546	0.0380644
0.0403829	0.0130458	0.0392144
0.028901	0.0127804	0.0380272
0.0390547	0.0114187	0.0389147
0.0194102	0.0092724	0.037017
0.0178937	0.00666115	0.0367229
0.0359992	0.0124631	0.038658
0.0461734	0.0169651	0.0397152
0.0354263	0.00638831	0.0386878
0.0324899	0.011561	0.0383459
0.0463991	0.0121953	0.0395756
0.0366106	0.011021	0.0386379
0.0226994	0.00870202	0.0373442
0.0214651	0.00730937	0.0370153
0.0428446	0.00558353	0.0392608
0.0454451	0.0109709	0.0395754
0.0102134	0.00116132	0.0363689
0.0319226	0.00629061	0.0382344
0.0415185	0.00745214	0.0391897
0.039711	0.00549006	0.0389488
0.0210271	0.0157715	0.0371804
0.0426792	0.0098986	0.039471
0.0115895	0.0119592	0.0362133
0.031022	0.00517796	0.0381911
0.0433859	0.0110436	0.0392115
0.0258915	0.0123387	0.0376421
0.0200302	0.0101702	0.0370947
0.0310134	0.00765416	0.0380491
0.0260865	0.00951635	0.037663
0.0220927	0.0084469	0.0371236
0.0334302	0.00894529	0.0383906
0.00933428	0.0131475	0.0358885
0.0287907	0.00529533	0.0378359
0.0264646	0.0164725	0.0374679
0.0321266	0.0122959	0.0383272
0.0424652	0.000499592	0.0390295
0.0279047	0.0114213	0.0378449
0.0252754	0.00912671	0.0375808
0.0261113	0.0128729	0.037755
0.034167	0.015605	0.0382393
0.0254931	0.00365857	0.0374673
0.033037	0.000820308	0.0383325
0.0347416	0.0160542	0.0385491
0.0304684	0.00954801	0.0381045
0.02884	0.00546686	0.0379431
0.0306561	0.00142054	0.0380992
0.0487076	0.0133879	0.0398847
0.0203465	0.00858027	0.03702
0.0191856	0.0101803	0.0369018
0.0177408	0.00531638	0.0368062
0.0258743	0.00869322	0.0376006
0.0334361	0.00201291	0.0383193
0.0302801	0.0142559	0.0379906
0.0162389	0.00860009	0.0365749
0.0398245	0.0145531	0.0389868
0.0162281	0.0150534	0.0367781
0.0344158	0.0124798	0.0383242
0.0348394	0.01392	0.0386013
0.0220582	0.00962326	0.0372972
0.0258471	0.00828028	0.0376412
0.0223475	0.00111577	0.0374356
0.0298567	0.0150374	0.038069
0.0338511	0.0138424	0.0383404
0.0414829	0.0100433	0.0390353
0.0387821	0.000476679	0.0387399
0.0212864	0.00517503	0.0372653
0.0241276	0.0101588	0.0374991
0.0349723	0.0109388	0.0385061
0.0128497	0.0184242	0.0363912
0.038851	0.00788942	0.0387132
0.0231142	0.0127912	0.0372289
0.014837	0.0143275	0.0362936
0.0334906	0.0134668	0.0382811
0.0396284	0.000105915	0.0390197
0.0267232	0.0140458	0.0376772
0.014847	0.0156971	0.0364759
0.038303	0.016168	0.0388636
0.0255193	0.0108974	0.0375151
0.0445348	0.0131739	0.0395347
0.0448356	0.00582225	0.03937
0.0357489	0.00889758	0.0387263
0.0242437	0.0103881	0.0374377
0.0356446	0.0153871	0.0384691
0.000661346	0.00449048	0.0352457
0.0266096	0.0124493	0.0377217
0.0131696	0.0150162	0.0363857
0.030836	0.00944885	0.0380567
0.0397976	0.0121095	0.0390146
0.0311854	0.0173021	0.0381441
0.0315855	0.015056	0.0382455
0.0135057	0.00509149	0.0364363
0.0410139	0.0166318	0.0391076
0.0342156	0.0141509	0.0383977
0.0294077	0.00594994	0.037969
0.0262248	0.00555875	0.0377461
0.0271436	0.00983068	0.0376542
0.01266	0.00910194	0.0363319
0.0340745	0.0158272	0.038225
0.0374622	0.00867018	0.0386045
0.0339009	0.0100264	0.0383452
0.0440417	0.00818873	0.039399
0.0286968	0.0133947	0.0378791
0.013359	0.0052043	0.0364048
0.0232151	0.00931346	0.0373443
0.0470925	0.00864502	0.0397272
0.0148836	0.00441711	0.0365004
0.0328666	0.015771	0.0384699
0.0359496	0.015592	0.0386843
0.0337884	0.0146643	0.0383251
0.040822	0.0104399	0.0390715
0.025849	0.0157969	0.0375361
0.0314738	0.00751339	0.0382914
0.0361879	0.0145372	0.0385261
0.0264879	0.0103121	0.0376534
0.0372752	0.0117158	0.0386517
0.0244363	0.0148919	0.0375055
0.0368973	0.0136542	0.0387128
0.0367558	0.0137204	0.0386105
0.0255469	0.0140198	0.0376296
0.0261382	0.0154269	0.0376914
0.0201618	0.0107571	0.0370436
0.0292613	0.00727869	0.0380535
0.0150227	0.00308038	0.0365992
0.0384001	0.0154602	0.0388924
0.0453216	0.0107459	0.0397766
0.0320094	0.00776488	0.0381667
0.0242908	0.0101388	0.0375085
0.0400898	0.00906717	0.0390322
0.0415824	0.0149623	0.0391621
0.0344349	0.0106106	0.0385927
0.0462404	0.0161827	0.0397838
0.0253931	0.0133608	0.0376742
0.02323	0.0101429	0.0374047
0.0208989	0.0100673	0.0371957
0.0315186	0.00801715	0.0381983
0.0188297	0.00177636	0.037081
0.0385262	0.00404684	0.0389505
0.0313677	0.00878947	0.0381487
0.043424	0.0108009	0.0392138
0.0116544	0.00277042	0.0359755
0.0261097	0.0133387	0.0377514
0.0437542	0.0130139	0.0395402
0.0401093	0.0145471	0.0390753
0.0258819	0.0108325	0.0375382
0.0208125	0.00967076	0.0371648
0.026379	0.00978917	0.0376499
0.020583	0.0140597	0.037168
0.0306745	0.0152272	0.0382115
0.0384899	0.00382153	0.0390783
0.0257623	0.0103141	0.0375131
0.0326489	0.000552315	0.0383962
0.0147276	0.0149278	0.0364582
0.031855	0.0126157	0.0382581
0.0366734	0.0108134	0.0387374
0.0310677	0.0141009	0.0382629
0.00844145	0.00880631	0.035734
0.0277951	0.0169728	0.0377408
0.0326434	0.0180587	0.0383406
0.0148495	0.00669038	0.0367229
0.0389105	0.000337375	0.0391639
0.0454423	0.00901527	0.0396388
0.00197773	0.00476148	0.0352058
0.0268738	0.00486612	0.0376816
0.0304434	0.00770429	0.0380226
0.0419969	0.00557566	0.0391248
0.0420902	0.00969357	0.0392337
0.0155492	0.0068985	0.0366211
0.0460723	0.0161351	0.0396581
0.04035	0.0101778	0.038984
0.0164233	0.0111139	0.036646
0.0253624	0.0101183	0.0374695
0.0413366	0.0151295	0.039043
0.0262695	0.0142925	0.0376111
0.0415799	0.0161147	0.0391509
0.0380571	0.00207034	0.0387283
0.0245271	0.00887287	0.0374721
0.0226374	0.0148582	0.0372984
0.00833618	0.0167571	0.0358131
0.0347272	0.019365	0.0383944
0.0299825	0.0103891	0.0380219
0.0379791	0.0144355	0.0388797
0.0166069	0.00465322	0.036798
0.0250256	0.00208855	0.0374236
0.0126704	0.00461329	0.0365519
0.0167955	0.00589626	0.0364708
0.0445036	0.0112562	0.0394805
0.0295114	0.0123927	0.0380124
0.0320925	0.0116411	0.0381232
0.0324723	0.0179164	0.0382011
0.0130657	0.0053181	0.0363911
0.021742	0.000310196	0.0373398
0.0259318	0.0099708	0.0376732
0.020677	0.0163652	0.0372302
0.0397554	0.0166538	0.039158
0.0409336	0.0144513	0.0392578
0.0255077	0.0134948	0.0376186
0.0422852	0.000865137	0.0395153
0.00246822	0.014961	0.035315
0.035217	0.00626133	0.0385216
0.0141642	0.00742223	0.0363437
0.0331037	0.00873677	0.0383312
0.0319	0.00592573	0.0381368
0.0388204	0.0132125	0.0389378
0.0366533	0.0108568	0.0388392
0.0251393	0.0100696	0.0375296
0.0378069	0.0139606	0.0386949
0.0168974	0.00539728	0.0369161
0.034726	0.0102861	0.0383704
0.0403131	0.0036745	0.0391777
0.0277984	0.0113514	0.0377553
0.0281181	0.0164705	0.0378948
0.0203819	0.00936875	0.0371322
0.0337287	0.0142512	0.0385977
0.0294284	0.00278919	0.0381628
0.032706	0.0123357	0.0384443
0.0252847	0.00618374	0.03756
0.0283125	0.00975655	0.0378198
0.0417755	0.0141583	0.0391133
0.0351106	0.0111452	0.0385582
0.038774	0.00750488	0.0388199
0.021742	0.0164279	0.0371694
0.0296599	0.0130097	0.0379832
0.0356273	0.00681191	0.0386047
0.024098	0.00317738	0.0376116
0.0350117	0.00808364	0.0385735
0.0312697	0.00729461	0.0381286
0.0396789	0.00856195	0.0388184
0.0235039	0.0158694	0.0371942
0.0357062	0.00709755	0.0385331
0.0319819	0.00987344	0.038155
0.0125618	0.0132903	0.036128
0.0190485	0.014995	0.0367546
0.0364785	0.00794108	0.0385775
0.0118498	0.0136955	0.0362132
0.0318389	0.0147633	0.0382767
0.0181918	0.0106121	0.0368741
0.0304165	0.013972	0.0378945
0.0331144	0.0160439	0.0383619
0.0354664	0.0113825	0.0384212
0.0162022	0.0117253	0.0365859
0.0352955	0.00807567	0.0385275
0.0259436	0.00807229	0.0375245
0.0270913	0.0135494	0.0378124
0.0369539	0.0059844	0.0387841
0.0343117	0.00792693	0.038425
0.0148807	0.00546401	0.0363738
0.0216297	0.00507592	0.0370559
0.017831	0.00696338	0.0368549
0.0292039	0.00933356	0.0379178
0.035476	0.0096137	0.0385093
0.0423856	0.00546393	0.0391569
0.0420988	0.0118763	0.039091
0.0392076	0.00102916	0.0388151
0.0167856	0.0136626	0.0365926
0.0312232	0.017171	0.03796
0.0241252	0.0106551	0.0374156
0.0354634	0.0122258	0.0384854
0.0215844	0.0117631	0.037268
0.0340649	0.00588911	0.0383626
0.026527	0.0167411	0.037679
0.0177271	0.0149784	0.0368473
0.0363857	0.00765941	0.0386077
0.0305825	0.00632354	0.0382028
0.0310881	0.0110218	0.038079
0.0174582	0.0149456	0.0365839
0.0435725	0.0097826	0.0393851
0.0218672	0.00492457	0.0373317
0.0335094	0.00095154	0.0384818
0.0348084	0.0166627	0.0386746
0.0266161	0.00550667	0.0377757
0.0538697	0.0118138	0.0404893
0.0256869	0.0112052	0.0376375
0.0333284	0.0157313	0.038396
0.0351584	0.000225604	0.0384612
0.0209311	0.0108366	0.0371928
0.0256283	0.00713696	0.037667
0.0526727	0.0119891	0.0402959
0.0196946	0.00717513	0.0369023
0.0495003	0.00933643	0.0400246
0.0231209	0.015844	0.0371548
0.0131708	0.00932802	0.0363814
0.0370122	0.00462363	0.0387325
0.0314574	0.0149763	0.0382372
0.0269614	0.0101646	0.0376839
0.0360215	0.0148054	0.038759
0.0258433	0.00763381	0.0375496
0.0295645	0.00514732	0.0379759
0.0186769	0.0092515	0.0369402
0.0290269	0.011211	0.0378534
0.0292576	0.0114586	0.0378379
0.0198292	0.00968693	0.0369887
0.0336787	0.0111086	0.0383385
0.0304201	0.00810949	0.0380678
0.0385715	0.0094044	0.0389105
0.0275096	0.0149684	0.0377821
0.0295325	0.00971142	0.0380239
0.040321	0.00477225	0.0388902
0.024004	0.00555509	0.0374686
0.0253783	0.00822247	0.0375965
0.00765083	0.010966	0.03573
0.0326982	0.0040504	0.0383813
0.0302732	0.00770625	0.0379535
0.0257906	0.0108239	0.0376482
0.0262471	0.00427646	0.0376083
0.0317414	0.00907591	0.0383078
0.0313433	0.00681912	0.0382251
0.0178094	0.00837398	0.0368509
0.0315602	0.00842635	0.0381447
0.00582416	0.00953218	0.0359071
0.0324673	0.0138595	0.0382071
0.000199652	0.0171774	0.0350788
0.0286478	0.00566952	0.0379977
0.0326508	0.00761553	0.038259
0.0244769	0.0161519	0.0376549
0.0178878	0.0106439	0.0367523
0.0299368	0.00583692	0.0379585
0.0324832	0.0164385	0.0382245
0.0272432	0.00284457	0.0377664
0.0344838	0.00465421	0.0385393
0.029719	0.00951488	0.037899
0.0350563	4.42456e-06	0.0385768
0.0254419	0.00881114	0.0374896
0.0305206	0.00786484	0.0380337
0.0256469	0.00542679	0.0376345
0.0272595	0.0159193	0.0376571
0.0283361	0.00887826	0.0378376
0.0235414	0.0142068	0.0373494
0.0356088	0.00310462	0.0385846
0.0411092	0.00464514	0.0391009
0.0212523	0.0152693	0.0371307
0.0210515	0.00850972	0.0371586
0.0274413	0.0138758	0.0376453
0.0174699	0.01136	0.0367703
0.0406686	0.00996318	0.0391252
0.0467136	0.00712891	0.0398856
0.0171408	0.010329	0.0368196
0.0353987	0.00152439	0.0387189
0.0377996	0.0123562	0.0386876
0.0215958	0.01132	0.0371802
0.0462175	0.00567777	0.0396908
0.0298193	0.0084016	0.0379279
0.0292691	0.00958905	0.0379485
0.0408134	0.0139314	0.0392112
0.0322174	0.0115288	0.0382766
0.0202588	0.0160448	0.0372421
0.0404448	0.00522648	0.0389198
0.0435074	0.0103366	0.0393864
0.0446782	0.00596599	0.0393548
0.0355154	0.0112839	0.0385252
0.0391818	0.00140335	0.0388779
0.0208267	0.0100919	0.037155
0.0330744	0.00407654	0.0383053
0.021452	0.00214381	0.0373381
0.0378154	0.00754498	0.038896
0.0357115	0.0108936	0.0385913
0.0373236	0.0136302	0.0389739
0.040795	0.0146577	0.0389325
0.0183478	0.00626236	0.0368725
0.0205491	0.0144302	0.037173
0.0430806	0.00493361	0.0394085
0.033591	0.00689803	0.0383127
0.0432005	0.00966125	0.0391937
0.0218232	0.000190802	0.0371005
0.0286527	0.0101595	0.0378052
0.0333806	0.00641182	0.0385133
0.0330269	0.0143655	0.0383334
0.0383324	0.00504101	0.0387896
0.036855	0.00213448	0.038639
0.0296409	0.0164557	0.0382179
0.0385445	0.0126799	0.038807
0.0396743	0.0072704	0.0390863
0.0301518	0.0119033	0.0380257
0.0202565	0.00996901	0.0371691
0.0265938	0.00909171	0.0376596
0.0117988	0.0116028	0.0362049
0.000937606	0.00728181	0.034859
0.0315315	0.00392782	0.038119
0.0294074	0.00441048	0.0378479
0.0285353	0.0133256	0.0378636
0.032239	0.0122234	0.0382813
0.0221562	0.014447	0.0370427
0.0337201	0.0108362	0.0383798
0.0334264	0.00420813	0.0383399
0.0142111	0.0147622	0.0364409
0.0378684	0.00648279	0.0387004
0.0310551	0.0108615	0.0382098
0.0173237	0.0157124	0.0367858
0.0363093	0.0104886	0.0386574
0.0391501	0.0127713	0.0389437
0.0255384	0.0144988	0.0375922
0.0164785	0.0153281	0.0367844
0.0442419	0.0179936	0.0394779
0.0107659	0.0142422	0.0360637
0.0282566	0.0163689	0.037944
0.036222	0.0158043	0.0386909
0.037051	0.0103492	0.0388509
0.0207149	0.0128836	0.0371007
0.012567	0.00925163	0.0362102
0.0314984	0.00805296	0.0381449
0.035931	0.0130288	0.0385241
0.0175594	0.00334988	0.0367434
0.00855436	0.0150201	0.0360907
0.0146754	0.0144227	0.0365726
0.0397597	0.00433106	0.0389314
0.0238893	0.0124096	0.0372633
0.0379245	0.0158924	0.0387863
0.0344972	0.0126813	0.0385318
0.029325	0.0139592	0.0380054
0.0190615	0.0126452	0.0368158
0.0477098	0.0156503	0.0395333
0.0359856	0.00959617	0.0386516
0.0369493	0.0102727	0.0385672
0.0153569	0.0162283	0.0366782
0.0352107	0.0145144	0.0386383
0.0332692	0.000538831	0.0385208
0.0486782	0.00315657	0.0399
0.033471	0.00656477	0.038315
0.0267429	0.00561421	0.0375052
0.0264926	0.0158933	0.0376594
0.0346572	0.00482803	0.0385642
0.0153682	0.0124259	0.0365663
0.0405662	0.0106874	0.0390461
0.0302876	0.010151	0.0380264
0.0523604	0.00938643	0.0402575
0.0441558	0.0164038	0.0394772
0.0133409	0.00658696	0.0364689
0.0352692	0.00849623	0.038609
0.0381932	0.000178989	0.0391037
0.0253915	0.00470462	0.0376012
0.0138092	0.0150137	0.0365401
0.0226591	0.00929793	0.0372549
0.0166946	0.00550193	0.036555
0.0351113	0.00966414	0.038635
0.00755695	0.00342762	0.0356103
0.0279752	0.0133294	0.037792
0.0397114	0.00996761	0.0390235
0.00961544	0.00403941	0.0357546
0.0374848	0.010661	0.0389007
