0.0469229	0.00948405	0.0357349
0.0269827	0.0117495	0.0378553
0.04504	0.0144551	0.0359823
0.0163561	0.00582353	0.0387916
0.0311322	0.00811727	0.0372626
0.0460935	0.0090553	0.0357024
0.00123853	0.00431262	0.0403325
0.0325917	0.00561156	0.0370867
0.02963	0.00947706	0.0374929
0.0236391	0.00338711	0.0380639
0.023661	0.0124824	0.0380828
0.0246505	0.0130793	0.0382015
0.0218502	0.0151684	0.0382024
0.0348378	0.00816649	0.0370714
0.0273655	0.00596624	0.0376491
0.0259586	0.010848	0.0379231
0.0464183	0.0152486	0.0357574
0.025244	0.00669558	0.0379531
0.0340487	0.0117747	0.0372402
0.0315188	0.00606602	0.0374038
0.0266492	0.00647688	0.0377992
0.0380727	0.00883477	0.0367873
0.0377715	0.00944591	0.0368295
0.032946	0.0162835	0.0372187
0.0246017	0.00358928	0.0380293
0.0295371	0.00340383	0.0374085
0.044874	0.00470354	0.0357983
0.0279304	0.00791459	0.0376334
0.0333071	0.00336632	0.0370109
0.0231706	0.0100572	0.038113
0.027706	0.0120948	0.0376928
0.0123795	0.00961492	0.0393044
0.0417599	0.0104664	0.0362518
0.0396947	0.0146706	0.0364941
0.0386449	0.010209	0.0365243
0.0250691	0.00333567	0.0379721
0.013703	0.0116701	0.039144
0.0320743	0.00866557	0.0373158
0.0200033	0.00785705	0.0385693
0.046922	0.0092684	0.0356201
0.0289487	0.00681833	0.0375628
0.0412099	0.00838797	0.0365682
0.0409542	0.00683429	0.0364576
0.0143707	0.0136708	0.0391078
0.0372385	0.0114254	0.0369158
0.0239974	0.00527926	0.0380006
0.0520572	0.00777872	0.0355994
0.0185229	0.000619205	0.0386515
0.0344903	0.00969642	0.0369891
0.039549	0.0149923	0.036515
0.0119532	0.000162881	0.0393241
0.0299142	0.0124516	0.0375629
0.036281	0.00932704	0.0369828
0.0347613	0.011822	0.0369375
0.0397075	0.00955196	0.0363656
0.0393458	0.00746163	0.0365308
0.0231753	0.00652981	0.0383118
0.0352345	0.00711557	0.0368253
0.0178756	0.00828148	0.0384031
0.0453787	0.00119416	0.0357555
0.0344307	0.00951119	0.0369961
0.0386585	0.00615556	0.0365953
0.0389345	0.0116535	0.0367452
0.0403991	0.00420084	0.0365768
0.0372236	0.0141403	0.0368329
0.014934	0.014639	0.0389365
0.0310183	0.00087425	0.0372713
0.0394805	0.00539	0.0368144
0.0280584	0.0130821	0.0376101
0.0387983	0.0102541	0.036634
0.0410089	0.00952337	0.0364147
0.00727163	0.0114443	0.0398177
0.0191046	0.0148079	0.0387014
0.0224631	0.0122785	0.0381053
0.0374334	0.0104065	0.0368195
0.014073	0.00696222	0.0390639
0.0307811	0.000966341	0.0371699
0.0389073	0.0145336	0.0367277
0.0333232	0.011028	0.0371628
0.00996091	0.0119229	0.0395113
0.020366	0.0122696	0.0384243
0.0311418	0.0126472	0.0373916
0.0377213	0.0110682	0.0367687
0.0305892	0.0145663	0.0375764
0.0307602	0.00677126	0.037385
0.0285068	0.00910987	0.0376351
0.0248479	0.0148116	0.0379938
0.043108	0.0129448	0.0360234
0.0338519	0.0111511	0.0371488
0.0426436	0.0112697	0.0364048
0.0396406	0.0113709	0.0365972
0.0535715	0.00876563	0.0353426
0.033421	0.0115578	0.0372547
0.0313753	0.0121475	0.0373717
0.0337901	0.0144426	0.0373158
0.0364917	0.0163504	0.0366909
0.0143853	0.00615463	0.0389195
0.0367034	0.00693762	0.0369429
0.0368258	0.00966232	0.0368389
0.0206394	0.00853961	0.0382966
0.0496914	0.015941	0.0357209
0.020197	0.0126936	0.0383889
0.0300211	0.0154227	0.0374971
0.0244709	0.0131174	0.0379878
0.0141125	0.0154056	0.0389955
0.0284992	0.0141107	0.0376826
0.0153691	0.0108578	0.0389561
0.0417426	0.0160201	0.0365997
0.0391119	0.0165964	0.0366235
0.0283038	0.0102896	0.0376322
0.0362007	0.00861869	0.036994
0.0464072	0.00945461	0.0359152
0.0205121	0.0125689	0.0386266
0.0323377	0.00293316	0.0372804
0.0359346	0.00398058	0.036834
0.0357193	0.0147459	0.0368104
0.0284136	0.00986996	0.0377726
0.0319359	0.000270915	0.0371786
0.0431914	0.0118464	0.0362453
0.0307174	0.0127214	0.0373541
0.0287015	0.0155733	0.0376597
0.0207794	0.00650319	0.0384145
0.0265886	0.0105814	0.0377819
0.0281863	0.000492619	0.0377607
0.0262561	7.05979e-05	0.0379456
0.030924	0.000407944	0.0375478
0.0247041	0.00356743	0.0378918
0.0236288	0.0151314	0.038022
0.0302337	0.0146696	0.0374997
0.0356379	0.0121966	0.0368604
0.033521	0.00556725	0.0369986
0.0466217	0.00420892	0.035927
0.0201822	0.0155935	0.0383481
0.0458509	0.00734093	0.0360234
0.0228927	0.00800297	0.0382026
0.0402005	0.00968424	0.0365563
0.0374812	0.000438476	0.0369088
0.0319739	0.0134285	0.0373234
0.0277532	0.0113872	0.037771
0.0245391	0.00902343	0.0379613
0.0322877	0.00563308	0.0372315
0.0132795	0.00563923	0.0390896
0.0266233	0.00386733	0.0378627
0.0247292	0.0161171	0.038202
0.0349196	0.00195961	0.0370495
0.0210952	0.0127021	0.0383163
0.040768	0.00544801	0.0365697
0.0472474	0.00296039	0.0356578
0.0253165	0.0115237	0.0379101
0.0147865	0.00729473	0.0388714
0.0228472	0.00394881	0.0381238
0.0479473	0.00716907	0.0358182
0.0401002	0.00804598	0.0365783
0.0295677	0.00586507	0.0374531
0.0426827	0.014344	0.0362685
0.0221288	0.011974	0.0382406
0.0351866	0.0131588	0.0370133
0.0264967	0.0190664	0.0377475
0.0165334	0.0152773	0.0387676
0.0208621	0.0110978	0.0384081
0.0411681	0.0103921	0.0365933
0.018743	0.0174986	0.0387903
0.0182019	0.0102416	0.0387297
0.0247247	0.000414146	0.037738
0.0315716	0.00944589	0.0372852
0.0353374	0.0145704	0.0368787
0.0357026	0.0139873	0.0369218
0.0441258	0.00247918	0.0361621
0.0357062	0.0141002	0.0369954
0.0316868	0.00752433	0.0374197
0.0203063	0.0121911	0.0382565
0.0346697	0.00291073	0.0370336
0.0112646	0.0143834	0.0392984
0.0377587	0.0134844	0.0368315
0.0375274	0.0156713	0.0367435
0.051221	0.0127661	0.0355036
0.0101093	0.00497122	0.039286
0.0276326	0.00452807	0.0376703
0.0271392	0.000432976	0.0376467
0.0467235	0.0101229	0.0358441
0.0338996	0.0109981	0.0370877
0.00781351	0.00812283	0.0395156
0.0228611	0.0114062	0.0381608
0.0362691	0.0107348	0.0370316
0.0104255	0.00575374	0.0389627
0.0279472	0.00334952	0.0377334
0.0430952	0.0107685	0.0360144
0.0318698	0.00547579	0.0373227
0.0312499	0.00743163	0.0374602
0.0368622	0.00813578	0.0369508
0.026485	0.0126148	0.0378767
0.040462	0.00912534	0.0363932
0.0212574	0.00408822	0.0383794
0.0404402	0.0091424	0.0365525
0.0169986	0.0100234	0.0387367
0.0384521	0.00542745	0.0366241
0.0214954	0.00877658	0.0383195
0.0356478	0.0143206	0.0370671
0.00247235	0.00703144	0.040184
0.0354747	0.00764361	0.0370571
0.0133945	0.000649503	0.0391142
0.0394054	0.00957793	0.0366976
0.0427355	0.0125105	0.0362759
0.0383587	0.010395	0.0365952
0.0378265	0.0133903	0.0366687
0.0413666	0.0144592	0.0363155
0.0170193	0.01296	0.0386918
0.0317391	0.00964305	0.0372521
0.0186151	0.0083093	0.0385223
0.0242387	0.0131296	0.0380059
0.0179306	0.00901072	0.0387622
0.0120921	0.0129338	0.0393326
0.0347304	0.0118406	0.0371075
0.0193772	0.0117286	0.0384827
0.0295359	0.0130265	0.0375513
0.0125285	0.00991778	0.0390139
0.0344116	0.00552081	0.0370875
0.0513514	0.0168207	0.0351732
0.0393638	0.0100913	0.0367354
0.0289644	0.0164383	0.0376565
0.0410509	0.0128156	0.0363112
0.0350462	0.00502633	0.0371029
0.0298745	0.0126375	0.0376199
0.0373449	0.0158738	0.0368681
0.0240642	0.0139516	0.0379868
0.0224354	0.00751647	0.0382394
0.0367408	0.00826867	0.0366721
0.0400335	0.0113603	0.0365275
0.0104857	0.0124111	0.0393328
0.0165573	0.0150274	0.0387581
0.0317434	0.00786315	0.0372871
0.0278762	0.0056227	0.0376893
0.0214657	0.0133468	0.0382826
0.0327309	0.00198919	0.0371021
0.0391139	0.00674589	0.0365196
0.0242042	0.0121966	0.0380139
0.0402299	0.0144444	0.0366225
0.0309662	0.00657281	0.0374403
0.0279733	0.0127904	0.0377426
0.0138896	0.0116493	0.0389619
0.017448	0.011996	0.0387936
0.0337856	0.0143217	0.037082
0.0177204	0.0134042	0.0387068
0.0348489	0.0114112	0.0370505
0.0275448	0.0149872	0.0377743
0.0202082	0.0140888	0.0385828
0.0389493	0.0135764	0.036824
0.0334043	0.00539452	0.0370709
0.0140606	0.0142299	0.0391809
0.0292132	0.00759998	0.0375781
0.0362086	0.0130017	0.0370612
0.034246	0.006877	0.0371675
0.0402128	0.00591755	0.0366192
0.0410195	0.000825151	0.0364522
0.0206556	0.00752165	0.0384348
0.0299626	0.00520395	0.0374533
0.034169	0.00947444	0.0370375
0.0289059	0.0150984	0.0376302
0.0269039	0.00695593	0.0378832
0.0212958	0.00686396	0.0383195
0.0469401	0.0148832	0.0359464
0.0228743	0.0137402	0.0382518
0.0200167	0.00248122	0.0385102
0.0231249	0.0160039	0.038124
0.0399133	0.0107711	0.0364612
0.0294115	0.00698966	0.0376392
0.0390738	0.0150781	0.0366952
0.0444956	0.0111575	0.0362311
0.0286883	0.0122993	0.0376294
0.0379785	0.00465806	0.0366229
0.0422773	0.00639269	0.0362204
0.0376611	0.00316047	0.0368285
0.0285027	0.0146477	0.0375576
0.0373145	0.00262398	0.0368304
0.048028	0.0118545	0.0358605
0.0134909	0.0143146	0.0390464
0.0343201	0.00499368	0.0371555
0.047601	0.00439415	0.0358578
0.0312469	0.0107025	0.037477
0.00568654	0.0168446	0.039507
0.0143193	0.0152383	0.0389189
0.0316684	0.0117575	0.0372224
0.0375302	0.0139671	0.0367293
0.0290922	0.0126021	0.0374427
0.0464896	0.0133769	0.0360065
0.0170433	0.0154609	0.0387815
0.0366458	0.00133524	0.036609
0.0133161	0.0023617	0.0386572
0.0127824	0.0132363	0.038919
0.0216623	0.0142528	0.0382617
0.0225205	0.00870804	0.0381602
0.044789	0.014826	0.0361364
0.0105067	0.00393261	0.0395469
0.042645	0.0118873	0.0362862
0.0235539	0.00114486	0.0382732
0.0190308	0.00896001	0.0385435
0.0475958	0.0133182	0.0359526
0.0289849	0.0109262	0.0375735
0.0254666	0.0076976	0.0378863
0.0130944	0.0115601	0.039202
0.0433451	0.0109579	0.0362458
0.0171649	0.00904652	0.0386817
0.0244171	0.00313191	0.0381192
0.0441154	0.00692809	0.0360878
0.0232169	0.0110717	0.0381905
0.0459872	0.0106884	0.0360973
0.00854796	0.0166254	0.0396821
0.0279441	0.0157818	0.0377006
0.0324547	0.00913171	0.037248
0.0206827	0.01616	0.0381448
0.0075988	0.00759257	0.0396902
0.0315345	0.0154312	0.0373544
0.0247118	0.0133311	0.0379425
0.0211371	0.00846707	0.0383645
0.0227058	0.0101745	0.0381599
0.0231848	0.00891548	0.0381642
0.0243669	0.00789525	0.0379727
0.0358098	0.0134336	0.0368874
0.0303706	0.0141044	0.037296
0.031488	0.012245	0.0373281
0.0338181	0.0150617	0.037104
0.0275952	0.00973381	0.0377312
0.0342701	0.00687739	0.0370015
0.0433048	0.0149858	0.0361215
0.0218023	0.0128576	0.0383563
0.00564488	0.0138637	0.0397959
0.00185873	0.0103327	0.0400818
0.00755269	0.0161365	0.0395208
0.0268919	0.000343754	0.0377861
0.0350714	0.00312619	0.0370947
0.0240391	0.0153875	0.0381745
0.0378965	0.00477904	0.0365918
0.0267375	0.0115117	0.0377624
0.0271091	0.00389497	0.0377884
0.0305782	0.0157001	0.0374953
0.0273106	0.0155702	0.0377424
0.0400508	0.0104937	0.0365365
0.0116315	0.0100412	0.039277
0.0178119	0.00672487	0.0386868
0.0346022	0.00675273	0.0371377
0.0421196	0.0135899	0.036365
0.0155556	0.0112854	0.0388577
0.0296611	0.0125331	0.0375745
0.0299678	0.0124143	0.0374942
0.0219776	0.00198891	0.0382438
0.0233039	0.0121226	0.0382189
0.0195747	0.00171339	0.0382731
0.0142218	0.0037063	0.0389575
0.0253174	0.0130109	0.0380035
0.0278695	0.012207	0.0378507
0.0380763	0.0131405	0.036897
0.0296529	0.00940512	0.0375222
0.0300066	0.0105485	0.0376334
0.0255077	0.0130079	0.0379682
0.0296505	0.00870648	0.0375333
0.0308285	0.0123259	0.0373658
0.0426944	0.0139689	0.0363349
0.0245056	0.00893409	0.0380269
0.030592	0.00711548	0.0373145
0.0224015	0.00632154	0.0383906
0.0278978	0.0107737	0.0376725
0.0464561	0.0102106	0.0357808
0.0264598	0.0129152	0.0379361
0.0245963	0.0113515	0.0378791
0.0096029	0.0114091	0.0396047
0.0190771	0.00605798	0.0385076
0.0359998	0.00147905	0.0369078
0.013122	0.00601441	0.0391117
0.0152432	0.00284423	0.038902
0.0229447	0.00447328	0.0383754
0.0183679	0.0151858	0.0388714
0.0253676	0.00763155	0.0379152
0.0152426	0.0123881	0.0390081
0.0341955	0.0136128	0.0370591
0.037528	0.010806	0.0369203
0.0407409	0.0129801	0.0365668
0.0357208	0.0054254	0.0367486
0.0295849	0.0169356	0.0377671
0.0284515	0.0092598	0.0376377
0.0140342	0.0107105	0.0390476
0.0369849	0.0161691	0.0369942
0.028648	0.00811658	0.0376485
0.0355973	0.0128469	0.0368999
0.0274602	0.00720677	0.0379012
0.0149722	0.00234676	0.0390347
0.0383395	0.0158234	0.0368645
0.0256764	0.000811667	0.0379385
0.0420064	0.000309302	0.0360547
0.0404005	0.00152111	0.0362546
0.0199349	0.00677747	0.0383912
0.028692	0.0167003	0.0373996
0.0417511	0.00403541	0.0361933
0.0485428	0.00215925	0.0358765
0.0359383	0.0104695	0.036908
0.0231696	0.00899022	0.0381849
0.0326826	0.0104416	0.0372313
0.0539548	0.0130441	0.0352329
0.0390373	0.00373645	0.0365103
0.0400928	0.00801598	0.0365327
0.0224918	0.0122146	0.0382307
0.0275069	0.00527179	0.0377095
0.0299728	0.00689096	0.0373886
0.0413537	0.00810112	0.0365528
0.0304358	0.00937411	0.0373419
0.0315239	0.0170703	0.0373212
0.046263	0.00909727	0.0359605
0.0192398	0.0150184	0.0386909
0.0139685	0.0135959	0.0390264
0.0236413	0.00281437	0.0381615
0.0325576	0.00650483	0.0373392
0.033304	0.00665063	0.0372527
0.0315557	0.0112741	0.0374393
0.0318195	0.0127207	0.0371902
0.0331553	0.0103452	0.0373042
0.036263	0.00515454	0.0369711
0.0370043	0.0108434	0.0369368
0.0310884	0.00481743	0.0376139
0.0201032	0.00760097	0.0384467
0.0153984	0.0123849	0.0387027
0.0241145	0.0140381	0.0380297
0.0326901	0.00582534	0.0371905
0.0347429	0.00858258	0.0371031
0.0353741	0.00706344	0.0369139
0.0372879	0.0139888	0.0368964
0.0322512	0.0122272	0.0372025
0.0125865	0.00919273	0.0390416
0.0301275	0.0159876	0.0376729
0.0141647	0.00958577	0.0390706
0.0358593	0.00893179	0.037023
0.0445059	0.0119882	0.0359669
0.015153	0.0141699	0.0391122
0.0355358	0.00976415	0.0369483
0.0272187	0.010804	0.0378022
0.0250071	0.0134711	0.0379205
0.0318245	0.0197935	0.0372428
0.0538762	0.00839425	0.035181
0.0214394	0.0133303	0.0382426
0.0351412	0.0146456	0.0369827
0.0331406	0.0150863	0.037189
0.0296501	0.0119541	0.0376319
0.0226421	0.0161603	0.0381514
0.0396899	0.00829494	0.0366699
0.0193435	0.00864246	0.0384585
0.0339833	0.014497	0.0370583
0.0396657	0.00769196	0.036698
0.0320907	0.0112558	0.0372953
0.0459604	8.92671e-05	0.0358811
0.0331391	0.0037318	0.0369922
0.0224515	0.0137163	0.0383051
0.04945	0.0125857	0.0354102
0.0308389	0.0135431	0.0375896
0.0385992	0.0110589	0.0368276
0.0222907	0.0124779	0.0380688
0.0334224	0.0124665	0.0371537
0.0249546	0.0108614	0.0378557
0.0203527	0.0100133	0.0382942
0.0110842	0.0115133	0.0394545
0.0269014	0.0111177	0.037831
0.0347597	0.00722777	0.0371145
0.0365282	0.0112038	0.0369429
0.031877	0.00592974	0.0372725
0.0157056	0.00736234	0.0389009
0.0195365	0.00758837	0.0384934
0.0271247	0.0113301	0.0378501
0.0336303	0.011791	0.0371439
0.0359909	0.00282456	0.0369976
0.0407249	0.0108583	0.0364938
0.0319626	0.00724464	0.0373129
0.033958	0.00230953	0.0372091
0.0276438	0.00319541	0.0377411
0.0449766	0.00690655	0.0361335
0.0232482	0.00265906	0.0380651
0.0157728	0.00952264	0.0388744
0.012044	0.0114394	0.0392486
0.0301884	0.0124847	0.0374787
0.0272032	0.0122609	0.0377164
0.0192297	0.00366147	0.038614
0.0280559	0.00957064	0.037697
0.0380136	0.00888831	0.0366522
0.0272065	0.012188	0.037786
0.0284773	0.0104557	0.037614
0.0428099	0.017283	0.0365207
0.0321797	0.00579068	0.0372667
0.0496723	0.0135007	0.0354717
0.014591	0.000962368	0.0390216
0.0327237	0.0130851	0.0371956
0.0427596	0.0130024	0.0363611
0.0185569	0.000945391	0.0381974
0.0278315	0.0146065	0.0375192
0.035671	0.00957236	0.0368972
0.0214873	0.00638801	0.0384231
0.0319121	0.0114266	0.0373661
0.0344402	0.0116219	0.0369711
0.0337295	0.00806766	0.0370742
0.0251626	0.00677094	0.0377741
0.017597	0.0117395	0.038664
0.026555	0.00511092	0.0378098
0.0303498	0.0104255	0.0374225
0.0111545	0.00899937	0.0389664
0.0183667	0.00945554	0.0387163
0.0236837	0.00385817	0.0381082
0.0249757	0.0141838	0.037971
0.0195998	0.0144723	0.0386411
0.0335501	0.0145742	0.0370381
0.033223	0.0121068	0.0372064
0.0335038	0.012196	0.0372938
0.0356891	0.0119817	0.0370144
0.0508	0.00722991	0.0354069
0.0397237	0.014169	0.0364382
0.0463886	0.00239928	0.0360658
0.0315996	0.00918225	0.037382
0.010134	0.00814112	0.0392842
0.022114	0.00676512	0.0382259
0.0294326	0.0140856	0.0375083
0.0370959	0.00694761	0.036771
0.0366344	0.0159833	0.0368391
0.0328631	0.0103405	0.0371988
0.0467566	0.00541144	0.035886
0.0370297	0.0111944	0.0367417
0.0158134	0.0128861	0.0388557
0.0299519	0.0125144	0.0375278
0.0240348	0.0127249	0.0379851
0.0265109	0.0139983	0.0377958
0.0308721	0.00690448	0.0374994
0.0297496	0.0147144	0.0376205
0.0247852	0.0121703	0.0379873
0.0257763	0.00975833	0.0378017
0.0353259	0.0157017	0.0368824
0.0287568	0.0163434	0.0378377
0.0399452	0.0102589	0.0365106
0.0333914	0.00774625	0.037238
0.0385706	0.0119248	0.0365661
0.0276486	0.00818994	0.0377213
0.0346874	0.0143429	0.0371025
0.0349071	0.0152933	0.0370068
0.0333657	0.0124305	0.0372178
0.0258817	0.0164393	0.0377852
0.0280211	0.0116663	0.037559
0.0474234	0.0118286	0.0360531
0.0200695	0.00722177	0.0384318
0.0440119	0.0109897	0.0363474
0.0240628	0.0120175	0.0381047
0.0502409	0.0107743	0.0354981
0.0396294	0.00845992	0.0363689
0.0281942	0.00330058	0.0377141
0.0319645	0.0117877	0.0373121
0.0129751	0.0194312	0.0393341
0.0336838	0.0166818	0.0373509
0.0212902	0.00719258	0.0383436
0.0411381	0.0164022	0.0365059
0.0457021	0.00441463	0.0360317
0.0346036	0.016141	0.0368682
0.0407115	0.0105973	0.0364958
0.0383873	0.00422662	0.0367077
0.0438557	0.0110429	0.036227
0.0324301	0.0135796	0.0372224
0.027458	0.00845309	0.0378267
0.0344821	0.00846534	0.0371486
0.0289603	0.0158927	0.0375406
0.0241337	0.00817946	0.0379963
0.0406031	0.0144931	0.0365143
0.0296023	0.0120273	0.0376028
0.030043	0.0149566	0.0375152
0.0252403	0.00709576	0.0379413
0.0394653	0.0156021	0.0366783
0.00598461	0.00676713	0.0396782
0.0168707	0.0104411	0.0387759
0.0247187	0.00754151	0.0379327
0.0417165	0.0102891	0.0363427
0.04427	0.0153778	0.0362802
0.0164399	0.0119748	0.0388896
0.0252431	0.0137665	0.0380428
0.0331052	0.00894707	0.0371539
0.0172036	0.00461873	0.0386877
0.025708	0.0122312	0.0380914
0.0265003	0.0151761	0.0379454
0.0437399	0.0160789	0.0361641
0.0402354	0.00905978	0.0364204
0.0166201	0.00944978	0.0388158
0.0296983	0.00579518	0.0374152
0.0297431	0.00789955	0.0376066
0.0363696	0.0138861	0.036969
0.0077539	0.00315344	0.0395103
0.0459303	0.0166954	0.0361117
0.0310044	0.0123386	0.0374779
0.0275627	0.00802598	0.0377203
0.0531531	0.0131059	0.0352256
0.0260297	0.0121412	0.037819
0.0320346	0.0114491	0.037386
0.0142779	0.0128613	0.0390058
0.0309093	0.0014483	0.0371882
0.0264204	0.00607148	0.0376557
0.0196539	0.0101427	0.0385518
0.0161809	0.00941171	0.0386886
0.0293376	0.0121043	0.0375137
0.0408353	0.00741629	0.0365783
0.0248195	0.00563507	0.0380278
0.0386156	0.0164899	0.0367598
0.0388326	0.00972587	0.0365511
0.0170672	0.00342097	0.0387768
0.0159306	0.00727288	0.0389019
0.0298305	0.00800291	0.0374622
0.0220677	0.0148982	0.0383389
0.0281132	0.0132597	0.0376401
0.0224379	0.0146389	0.0381947
0.0181095	0.0111131	0.0385811
0.0196545	0.00293912	0.0384867
0.0389711	0.0142222	0.036792
0.0418452	0.0121307	0.0364055
0.0343642	0.0059129	0.0371499
0.0297702	0.0117549	0.0375686
0.0306979	0.00952589	0.0375445
0.0307545	0.0110623	0.0374818
0.0337422	0.0146371	0.0373025
0.026078	0.0137196	0.037838
0.0290692	0.0168095	0.0376021
0.0512106	0.0119404	0.0354803
0.0413095	0.010259	0.0365788
0.0266659	0.0137604	0.0380053
0.00743294	0.00447845	0.0395708
0.0297731	0.00919115	0.037566
0.0310756	0.0216284	0.0375136
0.0276145	0.0148211	0.0376846
0.0258616	0.0123712	0.0378695
0.0196551	0.00933069	0.0384875
0.00917242	0.012863	0.0394244
0.0335938	0.0123775	0.0371545
0.0348723	0.0160178	0.0370818
0.0248064	0.00979266	0.0379327
0.0269452	0.0144297	0.0377109
0.0257688	0.00894062	0.0379235
0.0191364	0.000605393	0.0385253
0.0386481	0.0121256	0.036689
0.0368771	0.00627644	0.0368689
0.013555	0.00696391	0.038977
0.0346819	0.0049768	0.0371401
0.0446608	0.00592889	0.035942
0.0312152	0.0156326	0.0372893
0.03539	0.00873449	0.0369779
0.0237414	0.00954739	0.0381554
0.0410955	0.0113695	0.0363913
0.0280749	0.00367537	0.0377209
0.007552	0.00575762	0.039551
0.0333266	0.0115453	0.0372202
0.01544	0.00231459	0.0387921
0.0393549	0.0119375	0.0365263
0.0250659	0.00679716	0.0379474
0.0189143	0.0138161	0.038659
0.0295719	0.0073476	0.0374403
0.0220705	0.00570969	0.0380072
0.0438151	0.0045998	0.0360201
0.045334	0.00855636	0.0360176
0.0197857	0.0143414	0.0383875
0.0127362	0.0144543	0.0389068
0.0214627	0.0142196	0.0382326
0.0255529	0.0146219	0.0380207
0.0385073	0.0125565	0.0367668
0.0386964	0.0165986	0.0368622
0.0409369	0.0140926	0.0365202
0.0225502	0.00189789	0.0383181
0.0296523	0.0139282	0.0375594
0.0376119	0.00858877	0.0368162
0.0274923	0.0119034	0.0377498
0.00982038	0.00320587	0.0393924
0.0361383	0.0142202	0.0368777
0.0300421	0.0148983	0.0375063
0.0238867	0.00961534	0.0380767
0.0375643	0.011666	0.0367699
0.041546	0.0148576	0.036197
0.0155517	0.0163392	0.038858
0.0331448	0.00412798	0.0372608
0.0160678	0.0108752	0.0387959
0.0397258	0.00422945	0.0364432
0.0334219	0.0147538	0.0372527
0.0321446	0.00701874	0.0372233
0.0338503	0.0094066	0.0370556
0.0181884	0.00565475	0.038597
0.0280738	0.000149542	0.0378088
0.0307847	0.0115359	0.0374223
0.00854421	0.00939354	0.0396483
0.0372492	0.00676466	0.0368882
0.013611	0.0132175	0.039165
0.0433093	0.0108282	0.0362679
0.0430116	0.00826109	0.0362211
0.0363629	0.00931268	0.0369612
0.0313592	0.0135616	0.0372971
0.0447932	0.00547944	0.0360583
0.0204436	0.0153155	0.0381832
0.0160062	0.0168547	0.0385602
0.0333462	0.0077661	0.0371199
0.0265558	0.0135853	0.0377618
0.0149256	0.0152531	0.0390771
0.0232634	0.0149853	0.0382587
0.0332803	0.0105572	0.0371645
0.0320359	0.00504454	0.0372608
0.0405063	0.0155847	0.0364644
0.0274037	0.00803942	0.0377044
0.030706	0.0167393	0.0374565
0.0206952	0.00354781	0.0380755
0.0342038	0.014403	0.0369938
0.0258522	0.0116368	0.0378307
0.0249953	0.00554275	0.0379756
0.0235852	0.0170937	0.0381415
0.0304038	0.0103508	0.0374434
0.00156514	0.000967918	0.040063
0.0352914	0.010587	0.0370514
0.0365073	0.0155678	0.0367559
0.0292788	0.0102633	0.0375358
0.000939739	0.0113199	0.0403849
0.0374923	0.00533851	0.0366939
0.0399753	0.0137959	0.0366454
0.0464176	0.00285693	0.0362207
0.0363352	0.00869664	0.036867
0.039718	0.0105261	0.0365832
0.0235953	0.00663181	0.0380494
0.0328306	0.0004614	0.0372485
0.0360194	0.00793152	0.0369712
0.0288988	0.0114709	0.0375628
0.0211835	0.0144566	0.0384991
0.0360376	0.0100131	0.0367549
0.0508923	0.0127886	0.0353186
0.0249743	0.0127108	0.0380723
0.0521142	0.0163832	0.0352713
0.0308289	0.0079933	0.0374848
0.0238447	0.00961913	0.0381074
0.0136118	0.0086151	0.0391014
0.0362078	0.0123408	0.0367948
0.0244959	0.00534185	0.0380196
0.0271353	0.00420132	0.037814
0.0398425	0.00464142	0.0365514
0.0325565	0.0101582	0.0372426
0.029067	0.00284667	0.037639
0.0225995	0.0101788	0.0381925
0.0250919	0.00637616	0.0378907
0.0290356	0.00434971	0.0376292
0.0224147	0.00816386	0.0381938
0.0368388	0.0132577	0.0368407
0.0185813	0.00395348	0.0387374
0.0370043	0.00963435	0.0367588
0.0108189	0.0120693	0.0393062
0.0312187	0.0162565	0.0371766
0.0331106	0.0122748	0.0371581
0.044423	0.000823415	0.0364487
0.0297674	0.00773589	0.0375677
0.0293108	0.00814056	0.0375662
0.0311524	0.0116715	0.0374279
0.0440393	0.0135696	0.0362271
0.0148823	0.0127708	0.0389425
0.0338432	0.0107434	0.0370489
0.0359653	0.00811727	0.0368995
0.034902	0.00944034	0.0369699
0.0367863	0.00989658	0.0369219
0.0152664	0.015295	0.0389441
0.0113848	0.00833718	0.0394018
0.0239316	0.0119165	0.0381234
0.0355129	0.0116877	0.0369235
0.0136528	0.00757221	0.039102
0.0386543	0.00344347	0.0369354
0.0335394	0.00270434	0.0371884
0.0339265	0.0116157	0.0371023
0.0337078	0.0137326	0.037162
0.0275134	0.0110103	0.0376181
0.0324105	0.00608001	0.0373401
0.0359399	0.00322279	0.0368422
0.0389173	0.0142762	0.036713
0.0187263	0.00708092	0.0385208
0.020429	0.0111672	0.0384001
0.0459055	0.0155973	0.0359886
0.0292177	0.0110069	0.0375527
0.0309083	0.00237923	0.0373807
0.0406255	0.0132923	0.0365268
0.0444808	0.00716103	0.0362465
0.0294027	0.00858206	0.037615
0.0199879	0.0157021	0.0384891
0.0372655	0.00460352	0.0368822
0.0377235	0.0110445	0.036866
0.0319912	0.00303643	0.0373308
0.048721	0.00888093	0.0355442
0.0283557	0.0089379	0.0376068
0.0157615	0.0100154	0.0389099
0.03053	0.0126852	0.037485
0.0224029	0.0137854	0.0381407
0.0361896	0.0163154	0.0367682
0.0192636	0.00596167	0.0385651
0.0438483	0.0139433	0.0360232
0.0382273	0.00174636	0.036658
0.0372545	0.0117874	0.0367017
0.0160957	0.00928814	0.0389202
0.0133942	0.0143481	0.0391607
0.0484225	0.00809317	0.0354406
0.0400755	0.00896987	0.0365773
0.0196918	0.0142178	0.0385746
0.0260685	0.0153992	0.0379822
0.0387993	0.0160095	0.0368208
0.0194364	0.0122757	0.0385143
0.00855511	0.0123138	0.0396663
0.0206878	0.0153129	0.0384407
0.0376927	0.0126643	0.0366696
0.0171328	0.0138194	0.0387644
0.0230628	0.013149	0.0382217
0.0137273	0.0176284	0.0392204
0.0366693	0.0125722	0.0367003
0.0326437	0.0134025	0.0372718
0.031129	0.0119383	0.0375007
0.035833	0.0058115	0.0370311
0.0200287	0.00936551	0.038445
0.0298083	0.00425943	0.0375559
0.0303596	0.00534546	0.0375128
0.0474418	0.00341516	0.0357261
0.0155274	0.00837191	0.0389088
0.0186421	0.00526145	0.0384683
0.0292326	0.0088056	0.0375537
0.0296949	0.00957369	0.0375926
0.00789063	0.0159756	0.0398088
0.0384128	0.000910778	0.0370088
0.0372466	0.00408218	0.036868
0.0291934	0.00591808	0.0375433
0.0343798	0.0135461	0.0371271
0.040337	0.0127603	0.0366221
0.0380877	0.01046	0.036867
0.0344341	0.0131479	0.0369773
0.0315377	0.00455763	0.0372073
0.0273185	0.0138433	0.037886
0.0374734	0.0165011	0.0369853
0.0240838	0.00758942	0.0381838
0.0224849	0.00729782	0.0382458
0.02882	0.00147377	0.0375948
0.0290597	0.00740328	0.0376082
0.0166635	0.00884883	0.0387128
0.036692	0.0117025	0.0370776
0.0295106	0.0163124	0.0374829
0.0324224	0.00891205	0.0373548
0.0317059	0.00751745	0.0373396
0.025413	0.0145071	0.0379674
0.0169578	0.0116026	0.0388406
0.0202178	0.00649707	0.0385928
0.031353	0.0109385	0.0372525
0.0198468	0.011586	0.0383054
0.0219809	0.0162792	0.0381852
0.0285929	0.0131489	0.0375807
0.0275552	0.013995	0.0378595
0.0266304	0.0133896	0.0379389
0.041901	0.00798875	0.0362929
0.0278436	0.0143547	0.0376248
0.0220101	0.00129135	0.038379
0.0417379	0.0107032	0.0364355
0.0373735	0.00410495	0.0367814
0.0375613	0.0111124	0.036848
0.0185794	0.0127306	0.0385829
0.0215957	0.00973882	0.0384737
0.0140067	0.00739361	0.0392024
0.0221876	0.0125652	0.0382164
0.0230544	0.00175471	0.0382069
0.0364037	0.01524	0.0369624
0.000950183	0.00827086	0.040276
0.030498	0.0147769	0.0374644
0.0317799	0.00889134	0.0373068
0.0262467	0.00907484	0.0378555
0.0287949	0.0110257	0.0376976
0.0351191	0.0108752	0.0369793
0.00788241	0.0152509	0.0393368
0.0493477	0.0159421	0.0353801
0.0252529	0.0048329	0.0381568
0.0142976	0.0164306	0.0390754
0.0391716	0.00255445	0.0367237
0.035069	0.0146553	0.0369225
0.0266988	0.0150282	0.0377688
0.0154604	0.000608954	0.0388264
0.0220662	0.00660777	0.0382486
0.00811889	0.0115963	0.0396858
0.0452597	0.0115571	0.0359834
0.0417374	0.00503484	0.0362936
0.0238576	0.0117276	0.0380681
0.038145	0.0107624	0.0367328
0.0346759	0.0109237	0.0369603
0.0029387	0.00850526	0.040148
0.0279078	0.005597	0.0376742
0.0340897	0.0115929	0.0371395
0.0441805	0.00744042	0.0362609
0.0356763	0.0138745	0.036997
0.0381886	0.0147979	0.0365901
0.016486	0.0015966	0.0388474
0.0147118	0.00195803	0.0389046
0.0255351	0.00206031	0.0377841
0.0404524	0.00698282	0.036621
0.0264156	0.0143812	0.037945
0.00163157	0.005909	0.0401012
0.0250059	0.0100625	0.037963
0.0385449	0.0137045	0.0365539
0.0162021	0.00549701	0.0388555
0.0436029	0.00826128	0.0360774
0.0273998	0.00980415	0.0377097
0.0110338	0.0167611	0.0396477
0.0333561	0.00585931	0.0372588
0.0346028	0.00927944	0.0370386
0.00593891	0.00490765	0.0397318
0.0326219	0.00868712	0.0372376
0.0359261	0.0016693	0.0370277
0.0294936	0.00353378	0.0374283
0.017002	0.0145627	0.038903
0.0379551	0.00464895	0.0366657
0.034916	0.0106424	0.0371343
0.0382554	0.00731389	0.0365081
0.0394406	0.0118645	0.0366163
0.0214766	0.00662021	0.0384267
0.0381682	0.00305458	0.036808
0.0204499	0.0117058	0.0383265
0.0337248	0.0118445	0.0371117
0.0327901	0.0133374	0.0372067
0.0359259	0.00821779	0.0369973
0.0422734	0.00695589	0.0360731
0.0327716	0.00747778	0.0373068
0.00911338	0.015616	0.039685
0.0336899	0.0153632	0.0370464
0.0411236	0.0140417	0.0364902
0.0201124	0.0111342	0.0385067
0.0254631	0.0140405	0.0378577
0.0189985	0.00456425	0.0385224
0.0253396	0.0137036	0.038014
0.0290816	0.0136003	0.0375462
0.0261373	0.0139409	0.0378102
0.0144891	0.0120012	0.0389855
0.00552878	0.015414	0.0395569
0.0182789	0.003812	0.0385549
0.0197881	0.0137804	0.0385758
0.0463942	0.004253	0.0359606
0.0358317	0.0132829	0.0368873
0.0270861	0.0143845	0.0377183
0.00740355	0.00108294	0.0397956
0.0240318	0.0100229	0.0381606
0.0271214	0.0132761	0.0378853
0.0309577	0.0114147	0.0372963
0.0315757	0.0152136	0.0373562
0.0473832	0.0083348	0.0360201
0.0277269	0.00695181	0.0376376
0.0368246	0.0127193	0.0370029
0.0272644	0.00860739	0.0378068
0.000916512	0.0104879	0.0402283
0.0348151	0.0138888	0.0369796
0.0430998	0.00666441	0.0362621
0.0358279	0.00554616	0.0369813
0.0457474	0.00765718	0.0360106
0.0203744	0.0142318	0.0383787
0.0408244	0.010469	0.0364445
0.0149966	0.000966586	0.0388698
0.032197	0.00679186	0.0372958
0.0306106	0.0179299	0.0375269
0.0364685	0.016321	0.0368624
0.0408457	0.0134149	0.0363822
0.0279023	0.0060941	0.0377789
0.0520115	0.0076015	0.0353484
0.0301058	0.0035719	0.0373976
0.021394	0.00488447	0.038458
0.0332385	0.00362262	0.0372261
0.0297891	0.0126661	0.0376096
0.0311721	0.00451376	0.0376087
0.024302	0.00186572	0.0380134
0.0278384	0.0133257	0.0377514
0.017631	0.00422112	0.0383411
0.0322279	0.0160185	0.0374684
0.0207093	0.0158313	0.0382947
0.0372733	0.00724076	0.0368173
0.0399371	0.0122865	0.0366554
0.0165526	0.0156988	0.038699
0.0351088	0.0158114	0.0370885
0.0194307	0.00971135	0.0385278
0.0381601	0.0148289	0.0365538
0.0220106	0.0052979	0.0382707
0.0172381	0.0108911	0.0388099
0.0161954	0.00605518	0.0388539
0.0403302	0.0137061	0.0365235
0.0290861	0.00376851	0.0374718
0.0235406	0.0093683	0.0380997
0.0182752	0.00944631	0.0386901
0.0249328	0.00211653	0.038002
0.033972	0.00872879	0.0370699
0.0339765	0.00482487	0.0371362
0.0458221	0.00399712	0.0361162
0.0349876	0.00929766	0.0369871
0.0286589	0.00445841	0.037847
0.03298	0.0123692	0.0370903
0.022235	0.0061404	0.0381473
0.0379311	0.00853028	0.0368212
0.0309608	0.0140371	0.037385
0.0116399	0.0133075	0.039472
0.0382379	0.00943168	0.0365519
0.036294	0.00930186	0.0370142
0.0401826	0.00968753	0.036521
0.0398054	0.0136589	0.0365318
0.0294301	0.0139222	0.0375734
0.0386873	0.012585	0.0366825
0.0428876	0.0129285	0.0364676
0.0343626	0.00629606	0.0370814
0.029419	0.010785	0.0375292
0.0402405	0.000693881	0.0366175
0.0295366	0.00953221	0.0375262
0.042069	0.00995815	0.0363354
0.0424486	0.00542064	0.0360573
0.0334821	0.0100048	0.0371245
0.0140364	0.00727404	0.0389683
0.0437372	0.00920197	0.0361452
0.0320264	0.0132535	0.0372883
0.0272862	0.000733804	0.0374992
0.0228416	0.0167286	0.0382963
0.0168711	0.0119052	0.0388876
0.0295281	0.0141183	0.0375155
0.0232603	0.017309	0.0380936
0.0331618	0.0169288	0.0370741
0.0397374	0.014447	0.0366115
0.031554	0.00955761	0.0374106
0.0250931	0.0112109	0.038018
0.0248238	0.000272286	0.0379513
0.0347978	0.00833405	0.0370598
0.0159095	0.00807383	0.03881
0.0180623	0.0126186	0.0386669
0.0342809	0.0112158	0.0370026
0.0332483	0.00455778	0.0370859
0.0179186	0.0170769	0.0388716
0.0182343	0.00839798	0.038642
0.0217556	0.0105123	0.0383757
0.0484107	0.00656333	0.035749
0.0227578	0.00417641	0.0381701
0.0464822	0.0102854	0.0356554
0.0173564	0.00416838	0.0386825
0.0238683	0.00792858	0.0380184
0.0337588	0.0130026	0.0371917
0.0422165	0.0042663	0.036398
0.0285823	0.00733436	0.0375914
0.0254922	0.0169802	0.0380677
0.0166425	0.00791392	0.0387155
0.0242812	0.0100499	0.0379332
0.0268252	0.0030681	0.0375643
0.0140241	0.00623179	0.0391728
0.0342149	0.00772671	0.0370359
0.0207721	0.00841483	0.0384923
0.0437214	0.0115897	0.0361307
0.0157154	0.0136983	0.0391301
0.037221	0.016843	0.0366621
0.0160061	0.0159765	0.0388079
0.0192797	0.0127638	0.0385334
0.0264166	0.0102481	0.0378805
0.0296833	0.0119383	0.0374958
0.0404272	0.00754408	0.0362812
0.0337158	0.0128587	0.0371227
0.0419824	0.0117072	0.036394
0.0411722	0.0122183	0.0365419
0.0390763	0.0112537	0.0367885
0.0419743	0.00495381	0.0364637
0.0388835	0.00118648	0.0367368
0.0214373	0.0034813	0.0382697
0.0256367	0.00892716	0.0378692
0.0367202	0.00739179	0.0368436
0.0375595	0.0162579	0.0367638
0.0170177	0.00811179	0.0388579
0.0104533	0.00270769	0.039192
0.0327533	0.0124439	0.0372025
0.0338103	0.0104857	0.0371868
0.0335065	0.0184943	0.0370433
0.0344398	0.0156338	0.0371644
0.0263192	0.013578	0.0377957
0.0265269	0.0165936	0.0379583
0.0247545	0.00114477	0.0379696
0.0280038	0.00730556	0.0377025
0.0462246	0.00940002	0.0358769
0.0359397	0.00437053	0.0367384
0.0398837	0.0129437	0.0366639
0.0259765	0.000740797	0.0379102
0.0477836	0.0118858	0.0360225
0.032982	0.00184928	0.037189
0.0226441	0.0149022	0.0383655
0.0366775	0.0117179	0.0370062
0.0226874	0.0158647	0.0381677
0.0328951	0.0128205	0.0372599
0.0432518	0.00319311	0.036095
0.0360676	0.0150074	0.0368203
0.0240301	0.0115732	0.0380522
0.0420516	0.0158299	0.0365093
0.0279703	0.0129701	0.0376681
0.0241432	0.00485622	0.0380578
0.0332996	0.00990931	0.0371087
0.011358	0.0126645	0.0392944
0.0256413	0.0135602	0.0377404
0.0307613	0.0131232	0.0375969
0.0302085	0.0149439	0.0376756
0.035942	0.00332849	0.0369247
0.0261398	0.00867132	0.0378332
0.0194058	0.0148561	0.0386353
0.0264952	0.00405516	0.0377708
0.0338831	0.00572835	0.0371909
0.04541	0.0079755	0.0361514
0.0312709	0.00631273	0.0372393
0.0245762	0.0127616	0.0380906
0.012671	0.016528	0.039225
0.0281651	0.0137724	0.0376975
0.0251349	0.0147308	0.0378825
0.015142	0.0110431	0.0389609
0.0265166	0.0126286	0.0377985
0.0352411	0.0141424	0.0370568
0.0350533	0.0168499	0.0371242
0.0159817	0.0137865	0.0388358
0.036471	0.0063667	0.0366844
0.0291168	0.000413489	0.0376391
0.0362856	0.00988135	0.036807
0.045486	0.00531287	0.0360496
0.0404678	0.0100158	0.0364646
0.0261151	0.0118689	0.0378974
0.0262621	0.0126896	0.0380367
0.0369859	0.00624292	0.0368583
0.0333821	0.00713044	0.0371762
0.0200329	0.01557	0.0385787
0.00936975	0.0070155	0.0394257
0.0208426	0.00435491	0.0383339
0.0147467	0.0163173	0.038852
0.0129705	0.00310421	0.0391522
0.0253944	0.00946307	0.0379732
0.0440147	0.0034283	0.0362203
0.0360525	0.0158069	0.0368002
0.037049	0.0163343	0.0368915
0.0325264	0.00766959	0.0371947
0.0198517	0.0120882	0.0385402
0.0319637	0.0133882	0.0372993
0.0340882	0.00346089	0.0371377
0.042348	0.0105056	0.0362779
0.0314298	0.0067984	0.0373172
0.0286609	0.00553856	0.0377322
0.0301372	0.0129801	0.0374908
0.0357717	0.00940048	0.0368144
0.00211179	0.0100824	0.040053
0.0190404	0.0095059	0.0386141
0.0364099	0.00539577	0.0367468
0.0296619	0.0114606	0.037609
0.0207457	0.00929412	0.0383817
0.0313848	0.000698912	0.037125
0.0164372	0.0106337	0.038782
0.0432752	0.0129043	0.0360057
0.0266317	0.000920174	0.0378761
0.0333898	0.016457	0.0369734
0.0442534	0.00677662	0.0362535
0.00338811	0.0139763	0.0403703
0.0430469	0.00705813	0.0363132
0.0295066	0.0102102	0.0375213
0.0398429	0.0105709	0.0364668
0.0230701	0.00744352	0.038173
0.0237178	0.0106236	0.0382581
0.0183426	0.0137124	0.0386048
0.0341262	0.00972166	0.0372117
0.0213524	0.0115713	0.0382942
0.029982	0.00895947	0.0374525
0.023263	0.0128738	0.0380908
0.0412889	0.00317484	0.0362696
0.0386577	0.00262443	0.0365649
0.0286959	0.0114284	0.0376746
0.0306343	0.00666151	0.0375079
0.026122	0.00542547	0.0378541
0.0301355	0.00562125	0.0373555
0.0277582	0.0110331	0.0377247
0.0373692	0.0114824	0.0368923
0.0321875	0.000967011	0.0371481
0.0246435	0.0161351	0.038211
0.0101682	0.0135174	0.0392566
0.0227353	0.0128896	0.0381708
0.0310112	0.0137168	0.0374339
0.0216812	0.00669261	0.0382514
0.0448578	0.00381889	0.0359755
0.0210953	0.00698246	0.0383548
0.0290141	0.014487	0.0375604
0.0133737	0.00210249	0.038996
0.0436203	0.0024	0.0359647
0.0411741	0.0077049	0.0363751
0.029345	0.012147	0.0375289
0.0294938	0.0106511	0.0375895
0.0211516	0.00641811	0.0383783
0.0495192	0.00747192	0.0355821
0.0355565	0.0103455	0.0369924
0.0245254	0.00549698	0.0379877
0.0332392	0.00999648	0.0370979
0.0532454	0.0128022	0.0352893
0.044138	0.00663698	0.036265
0.0330431	0.0111746	0.0373228
0.0368825	0.0184531	0.0366928
0.0299854	0.00792002	0.0375067
0.0370824	0.0119246	0.0367623
0.0334531	0.0132212	0.0372244
0.0385089	0.00939414	0.0367656
0.0203586	0.0122469	0.0384065
0.0456111	0.0142227	0.0362393
0.0367338	0.0141844	0.0368595
0.0185082	0.00868649	0.0383581
0.0348911	0.0168175	0.0370201
0.0381937	0.00682553	0.0368189
0.039303	0.0137728	0.0366607
0.0421025	0.00311165	0.0364587
0.0394124	0.00640559	0.0363697
0.0372073	0.00270416	0.0365365
0.019324	0.00648954	0.0385086
0.0316781	0.0165405	0.0373988
0.0196925	0.0135508	0.0384026
0.00836338	0.0074892	0.0394748
0.0359298	0.0127975	0.0368279
0.0300485	0.00787347	0.0374338
0.00894067	0.0158227	0.0396697
0.0248768	0.00871328	0.0379925
0.0401749	0.00332603	0.0366064
0.0267937	0.0167728	0.0379373
0.0334067	0.015749	0.0371744
0.0131626	0.00575999	0.0390049
0.051749	0.0111131	0.035393
0.0234119	0.0163572	0.0382757
0.0433901	0.0116354	0.0362158
0.0340872	0.0053972	0.0373233
0.0208065	0.00933751	0.0384181
0.0460786	0.0100008	0.0361244
0.0450954	0.0135501	0.0358996
0.0449774	0.00772181	0.036227
0.0237284	0.0132607	0.038178
0.0119249	0.00138118	0.0391887
0.0340825	0.016174	0.0371956
0.0325041	0.00580142	0.0372488
0.0316351	0.0125775	0.0373968
0.0302343	0.01138	0.037525
0.0259239	0.0147679	0.0376911
0.0268455	0.0137312	0.0378266
0.00818637	0.00612604	0.0394711
0.0427168	0.00351175	0.0363689
0.0230151	0.00405405	0.0378954
0.0225756	0.00881773	0.038323
0.0481828	0.00747018	0.0357356
0.0162743	0.01124	0.0388426
0.0160202	0.0123271	0.0390706
0.03232	0.0144324	0.0374544
0.0492004	0.00992405	0.0356235
0.0371367	0.0165264	0.037015
0.0273673	0.00761914	0.0377422
0.0352774	0.00486332	0.0369069
0.0420062	0.00829469	0.0362828
0.0388474	0.0102098	0.0366493
0.0323265	0.00677644	0.0371862
0.0285754	0.0122328	0.0376793
0.0286231	0.00389146	0.0378599
0.0372003	0.0117655	0.0369035
0.0193881	0.0123108	0.0385469
0.0248347	0.000175703	0.0380631
0.0339573	0.0131244	0.0370252
0.0322778	0.00764084	0.037218
0.0344844	0.000170769	0.0371891
0.0302194	0.0101688	0.0373863
0.0295051	0.0136137	0.0375984
0.0429405	0.0159277	0.0361765
0.030505	0.00436788	0.037476
0.0462207	0.016734	0.0358523
0.0296399	0.0097158	0.0374271
0.0401415	0.0119782	0.0365289
0.0269563	0.00895464	0.0379051
0.0227072	0.0129127	0.0381733
0.0282507	0.00680443	0.0376464
0.05185	0.0128317	0.0354314
0.0256323	0.00400541	0.0379884
0.0476343	0.0102848	0.0358107
0.0144939	0.0139611	0.0388771
0.0317526	0.00943697	0.0373226
0.0417356	0.0112822	0.0365069
0.0246791	0.016711	0.037983
0.0235012	0.0160201	0.0381602
0.0377842	0.0103427	0.036731
0.0299334	0.00212145	0.0373605
0.0322245	0.00516139	0.0372171
0.0306065	0.0117037	0.0374203
0.0355001	0.00886922	0.0369673
0.0267705	0.0121879	0.0377411
0.0308646	0.0169682	0.0375105
0.0335812	0.0102312	0.0371713
0.0292542	0.0113258	0.0375531
0.0225409	0.0091971	0.0380374
0.0334623	0.00810957	0.0371289
0.0364126	0.00361418	0.0369436
0.0327171	0.00856127	0.0371936
0.0390759	0.0121722	0.0367413
0.0284555	0.00635477	0.037536
0.0334304	0.0123704	0.037301
0.039684	0.0124222	0.0366701
0.0494497	0.00140328	0.0355087
0.0411769	0.0165243	0.0366185
0.0384721	4.82845e-05	0.0365479
0.0458059	0.00498314	0.0357014
0.0409831	0.00737377	0.036497
0.0364371	0.0129526	0.0369507
0.0372545	0.00223767	0.0369057
0.0205636	0.00380979	0.0384172
0.00344392	0.0105103	0.0403163
0.0100567	0.0117265	0.039276
0.0316808	0.00996357	0.0372136
0.0522151	0.011534	0.0355405
0.029807	0.0116889	0.0376682
0.0376692	0.0182986	0.0369693
0.0335769	0.00965116	0.0372593
0.0345043	0.0134569	0.0372224
0.0219561	0.00392287	0.0381946
0.0199043	0.0126466	0.0384454
0.0372416	0.00945955	0.0367851
0.0403395	0.0118598	0.0364253
0.0250284	0.0107586	0.0378511
0.0250684	0.00601441	0.0380537
0.0218071	0.0144229	0.0384039
0.0296308	0.0108556	0.0375044
0.0152852	0.0119102	0.0387849
0.020782	0.0112198	0.038564
0.0376155	0.0121038	0.0369261
0.022691	0.00898956	0.0382366
0.0244761	0.0150277	0.0381373
0.0271588	0.00840148	0.0377387
0.0446387	0.00734591	0.0362329
0.0151177	0.00819886	0.03895
0.0241015	0.0066355	0.0380528
0.0259612	0.0137962	0.0379261
0.0195549	0.0118561	0.0385
0.0264306	0.00653158	0.0377871
0.0348182	0.00668849	0.0369718
0.0352739	0.0130712	0.0370168
0.0338101	0.0131567	0.0372034
0.0329433	0.00872573	0.0372778
0.0425056	0.00700464	0.0362046
0.0361346	0.00503854	0.0368921
0.0428889	0.00970096	0.0361419
0.0494093	0.00786033	0.0355823
0.00726811	0.0139774	0.039954
0.0330496	0.00321476	0.037247
0.0443365	0.0164662	0.0360292
0.0130941	0.00475038	0.0389947
0.0210189	0.0133578	0.0382933
0.0208696	0.00239799	0.0383458
0.0284294	0.0181038	0.0375765
0.030015	0.0143665	0.0375273
0.0307038	0.00969291	0.0374081
0.0320094	0.0147996	0.0372169
0.0354091	0.011659	0.0370384
0.012881	0.00540449	0.0391333
0.0204311	0.00575453	0.0384155
0.043731	0.0124736	0.0361688
0.0414953	0.0122997	0.0364045
0.0348613	0.0125186	0.0369148
0.0303391	0.0131436	0.0374349
0.0327944	0.00712389	0.0372986
0.0417825	0.0125898	0.036421
0.0234442	0.012747	0.0380946
0.0471304	0.00872975	0.0358266
0.030137	0.000236325	0.0375201
0.0180813	0.00440321	0.0386266
0.03535	0.00744182	0.0369509
0.0346417	0.00669253	0.0369831
0.0363112	0.00894111	0.0369045
0.0415339	0.0121376	0.0363999
0.0537208	0.0135578	0.0352674
0.0393543	0.0093097	0.036671
0.0343244	0.016785	0.0370773
0.025176	0.0057161	0.038142
0.0290452	0.0165499	0.0375288
0.0258878	0.0148419	0.0379743
0.0419906	0.0108186	0.0362266
0.0219474	0.0128534	0.0383369
0.0313944	0.00755809	0.0375278
0.0302549	0.0145915	0.0374507
0.0328902	0.0115405	0.0372527
0.039817	0.014776	0.0367595
0.0144471	0.0123243	0.0390759
0.0118158	0.00127324	0.0392301
0.0332338	0.00674789	0.0373725
0.0167316	0.00950262	0.0387158
0.0202698	0.00760467	0.0384764
0.0302847	0.0159399	0.0375365
0.0333517	0.0133975	0.0372427
0.0286991	0.00621248	0.0376008
0.0263807	0.0140524	0.0377706
0.0227955	0.000842589	0.0381648
0.0235094	0.013476	0.0382132
0.0275077	0.00284778	0.0377285
0.0408349	0.0161359	0.0364423
0.0309618	0.0135348	0.037253
0.0113416	0.014189	0.0395222
0.0224113	0.0149734	0.0381627
0.0337336	0.0151594	0.037082
0.019168	0.00910319	0.0383134
0.0306349	0.00585106	0.037304
0.0373039	0.00587576	0.0368958
0.0291433	0.00725771	0.0376685
0.0245609	0.00608098	0.0380111
0.0318036	0.0162232	0.0375177
0.0172278	0.00699243	0.0387062
0.0391428	0.00380425	0.0363979
0.0205757	0.00112044	0.0382946
0.042394	0.0122731	0.0361787
0.00887264	0.0156425	0.039543
0.0379918	0.0148819	0.0367149
0.0155512	0.0123952	0.0389777
0.0445747	0.00212976	0.0360233
0.0320937	0.0124888	0.0374362
0.0464851	0.0084542	0.0360554
0.0344138	0.013125	0.0370513
0.0290227	0.00930527	0.0375494
0.0466826	0.00553176	0.0360528
0.0180283	0.0114658	0.0385518
0.0219642	0.0119864	0.0381396
0.0349426	0.0123529	0.0370814
0.0331134	0.00772777	0.0371424
0.0299692	0.0034147	0.0375526
0.0312028	0.0169875	0.037297
0.0480878	0.0149147	0.0360577
0.0231026	0.0144197	0.0380772
0.0354009	0.0110268	0.0370964
0.0369014	0.0122906	0.0369069
0.0359062	0.00732681	0.0368583
0.0341593	0.00518746	0.0369637
0.000742953	0.0100096	0.040175
0.023657	0.0173897	0.0382385
0.0226441	0.00987899	0.03816
0.0170853	0.00775177	0.0387854
0.0343701	0.0167975	0.0371325
0.0259521	0.0106758	0.0378265
0.0327721	0.0107868	0.0373437
0.00864725	0.00878475	0.0394827
0.0262146	0.0121248	0.0380335
0.0291341	0.0114753	0.0376312
0.0257058	0.0114158	0.0379308
0.0385379	0.0107144	0.0367053
0.0279032	0.0082873	0.0375789
0.00671435	0.013692	0.0395648
0.0323063	0.0165758	0.0373311
0.0311261	0.0102118	0.0373675
0.0154394	0.0127885	0.0388611
0.0364667	0.00757542	0.0368634
0.0224319	0.00598301	0.0381809
0.0277451	0.00857807	0.0377047
0.0310985	0.0144716	0.0373588
0.023544	0.00169227	0.0380286
0.0396686	0.00944894	0.0365392
0.030337	0.00322139	0.0374221
0.045741	0.00345212	0.036019
0.0305047	0.00668779	0.0374984
0.0495394	0.00799031	0.0355742
0.0422745	0.00340697	0.0363027
0.0338711	0.0151906	0.0372872
0.0210122	0.0127162	0.038319
0.0337527	0.00241018	0.0372127
0.030864	0.015808	0.0374888
0.0325285	0.0123829	0.0373224
0.0196947	0.0119674	0.0385164
0.0312553	0.0120779	0.0373499
0.0375698	0.0152678	0.0366178
0.0271201	0.00362536	0.0377586
0.0323141	0.013004	0.0372296
0.0269246	0.0135299	0.0378912
0.0225337	0.00877371	0.0382251
0.00839379	0.00984387	0.0396025
0.0215687	0.00799276	0.0383143
0.0170625	0.0140638	0.0389065
0.0307506	0.0104461	0.0375185
0.0163871	0.0128405	0.0388182
0.0268888	0.00714289	0.037639
0.0363704	0.0120759	0.0370032
0.0263785	0.00394789	0.0377295
0.0236488	0.00918511	0.0380853
0.033333	0.00187161	0.0372251
0.0269273	0.0138553	0.0378289
0.0321912	0.0105056	0.0372714
0.0272849	0.0100996	0.0377323
0.0496718	0.0146115	0.0356882
0.0229925	0.0139971	0.0383037
0.0188256	0.0142053	0.0385568
0.025221	0.0131815	0.0378941
0.0333394	0.00859575	0.0372434
0.0368317	0.00187584	0.0369405
0.0314847	0.0152623	0.0373739
0.0219526	0.0123153	0.0383504
0.0232291	0.0144903	0.0382979
0.0281581	0.00848688	0.0376803
0.0275341	0.0103574	0.0377454
0.0288803	0.00822232	0.0375483
0.0443881	0.0119858	0.0358842
0.0385544	0.0152756	0.0368018
0.0322556	0.0163172	0.0373199
0.0279608	0.0135765	0.0377729
0.025994	0.00758911	0.0378015
0.00671136	0.0168918	0.0396324
0.0251161	0.00779132	0.0380862
0.0269887	0.0147996	0.0377307
0.0186618	0.00527565	0.0385336
0.0330917	0.0130261	0.0372523
0.0375336	0.0149308	0.0367913
0.0462466	0.00821555	0.035954
0.0267556	0.00768594	0.037808
0.0496885	0.00548845	0.0354142
0.0330727	0.00518161	0.0370441
0.0324472	0.0112463	0.0373227
0.03314	0.0113756	0.0372423
0.0296539	0.00769152	0.0375368
0.0518395	0.0159576	0.0352907
0.0321856	0.00913051	0.0372918
0.0232653	0.0151855	0.0382529
0.0232288	0.0162738	0.0379093
0.0348302	0.00621363	0.0369628
0.0428445	0.00185355	0.0363507
0.0270507	0.00692357	0.0377398
0.0222189	0.00416468	0.038183
0.0359631	0.014415	0.036777
0.0367976	0.014225	0.0369687
0.0444049	0.0090035	0.0361956
0.0266243	0.0162673	0.037798
0.0254765	0.0118337	0.0379935
0.000958859	0.00303344	0.0396826
0.0255013	0.00997699	0.0378944
0.0252527	0.00157686	0.0378594
0.0152287	0.0163352	0.0387906
0.0252715	0.0151339	0.0378636
0.0197331	0.00689039	0.0384578
0.0315598	0.0116848	0.0373045
0.0380513	0.0112285	0.0368782
0.0253678	0.0126764	0.0380194
0.0488841	0.0121525	0.035662
0.0381879	0.00479243	0.0366364
0.0399039	0.0148058	0.0363699
0.0428894	0.00828653	0.0362363
0.0287121	0.00882061	0.0375711
0.031688	0.0150988	0.0373492
0.0162749	0.0159825	0.0387866
0.0380911	0.0117327	0.0366107
0.0530699	0.0112526	0.0352947
0.029402	0.012447	0.0375636
0.0148282	0.00644605	0.0389726
0.0435084	0.00945888	0.0362451
0.0291313	0.00170773	0.0376271
0.0452525	0.0225115	0.0359861
0.0324861	0.00131063	0.0373023
0.037516	0.0104558	0.036918
0.0278284	0.0154553	0.0377292
0.0211714	0.00138847	0.0383863
0.0341656	0.0155501	0.0371102
0.0172387	0.0112793	0.0387225
0.0233832	0.0113005	0.038011
0.0356526	0.0137885	0.0368132
0.0213709	0.0150027	0.0382419
0.0419962	0.00759374	0.0362268
0.0254713	0.00990835	0.0379476
0.025634	0.000837808	0.0377416
0.0437966	0.00937633	0.036169
0.0169303	0.0106677	0.0388378
0.0307167	0.00760986	0.0375121
0.0232739	0.00135907	0.0381216
0.035494	0.00971216	0.0369099
0.0359093	0.00925513	0.0367991
0.0308472	0.00995017	0.0374509
0.0413262	0.00638966	0.0361803
0.0228692	0.0141307	0.0382859
0.0386906	0.0157555	0.0365343
0.0385622	0.0166403	0.0368557
0.010712	0.00930835	0.0393902
0.0238358	0.0116919	0.0381504
0.0209118	0.00391243	0.0383613
0.0397105	6.82092e-05	0.0364154
0.0353449	0.0151248	0.0369693
0.0494345	0.00905562	0.0355992
0.0321391	0.0102751	0.0373934
0.0221115	0.0139636	0.0384844
0.0355821	0.015961	0.0371427
0.0378224	0.00329484	0.0366358
0.0303144	0.0115375	0.0374274
0.0279571	0.00923032	0.0376496
0.0410733	0.00715108	0.0365666
0.0349317	0.00437326	0.0369527
0.0264094	0.00944501	0.0378468
0.0368217	0.0141426	0.0367927
0.0250523	0.0154527	0.0380769
0.0426942	0.00859114	0.0363941
0.0226235	0.00930682	0.0381322
0.0395303	0.0126606	0.0365171
0.0268114	0.00990446	0.0378383
0.0326146	0.0121856	0.0373232
0.0276598	0.00325245	0.0378035
0.0270316	0.00762319	0.0378184
0.0413602	0.0128247	0.0365123
0.0388025	0.00794169	0.0366415
0.0122428	0.0146441	0.0393693
0.0411749	0.0130466	0.0362278
0.0445102	0.0136103	0.0361671
0.0355103	0.0100086	0.0370907
0.0340264	0.0162389	0.0371799
0.0228492	0.00386176	0.0381806
0.039833	0.0120144	0.0364302
0.0270733	0.0107823	0.037817
0.0250077	0.00759193	0.0379846
0.0378208	0.0124595	0.0368512
0.0285941	0.0119889	0.0376885
0.0417325	0.0101778	0.0363397
0.0264222	0.010929	0.0379072
0.049155	0.00411439	0.035709
0.0219118	0.00571246	0.0381763
0.0159675	0.00725421	0.038878
0.0318148	0.0154278	0.0373513
0.0265772	0.0103805	0.0377841
0.0245887	0.0157207	0.0381468
0.0309513	0.00983483	0.0374671
0.0369209	0.0129187	0.0368377
0.026561	0.00510269	0.0377297
0.0351935	0.0174613	0.0371669
0.0370247	0.010585	0.0367288
0.0282515	0.0055903	0.0376889
0.0363207	0.00194823	0.036984
0.029544	0.0135298	0.0374685
0.0256981	0.0174968	0.0378397
0.0410281	0.00854807	0.0364809
0.0300559	0.0159449	0.0374304
0.00747292	0.0141605	0.0394912
0.0333747	0.0163394	0.0371396
0.0350948	0.0094148	0.0370128
0.0484415	0.0154687	0.0357949
0.0304624	0.0142648	0.0374759
0.044018	0.0158293	0.0360107
0.0358396	0.00378326	0.0370042
0.0337449	0.0134249	0.0371776
0.00976045	0.0146514	0.0394008
0.0344889	0.0132006	0.0372154
0.0316016	0.0169082	0.0372252
0.0270042	0.000522348	0.0379322
0.0262261	0.0144116	0.0378322
0.0394243	0.0136696	0.0366182
0.018529	0.00596512	0.0385984
0.0428135	0.0158769	0.0361954
0.0351897	0.0167033	0.036996
0.0406477	0.014723	0.0365172
0.0365024	0.0100954	0.0369163
0.0348847	0.0106922	0.037104
0.0536846	0.00747775	0.0354494
0.0446475	0.000287225	0.036129
0.0398277	0.00827934	0.0363616
0.0395489	0.00923266	0.0365831
0.0292401	0.00472501	0.0376811
0.0235593	0.0139706	0.03807
0.0404082	0.0169608	0.0367288
0.00984496	0.0147725	0.0391658
0.0177146	0.0112988	0.0386841
0.0384211	0.0156394	0.036777
0.0125408	0.0096811	0.0393831
0.0318019	0.0103618	0.0373775
0.0354433	0.00360595	0.0369247
0.0298563	0.0150474	0.0377008
0.0321483	0.00860229	0.0373572
0.0222441	0.0145935	0.0383175
0.0249217	0.0089166	0.0378365
0.0392872	0.00821997	0.0365925
0.02929	0.010478	0.0376983
0.0333775	0.0094234	0.0371848
0.0359194	0.0153229	0.0368309
0.0227822	0.0164385	0.0383716
0.0349337	0.0133531	0.0370836
0.0288837	0.0147096	0.0376292
0.0238111	0.00233932	0.038117
0.0369639	0.00994115	0.0368704
0.0151344	0.0142657	0.0389443
0.0400579	0.00667675	0.0363151
0.0315026	0.013873	0.0375184
0.0396629	0.0106099	0.0366633
0.0282756	0.0165979	0.0377048
0.0262453	0.00830673	0.0377869
0.0257014	0.0123956	0.0379419
0.0299267	0.0161483	0.0375726
0.0465242	0.0139865	0.0358242
0.0291999	0.00810753	0.0374938
0.0265964	0.00859587	0.0379105
0.0358824	0.0133118	0.0370375
0.028749	0.00751147	0.0374954
0.0216762	0.0129675	0.0381846
0.0419872	0.0128656	0.0364685
0.049144	0.00663343	0.0354828
0.03165	0.0101451	0.037363
0.0195222	0.0109621	0.0384335
0.0376909	0.0168178	0.0365719
0.0289683	0.0052797	0.0375693
0.0259514	0.00714997	0.0379119
0.0332957	0.00561935	0.0370828
0.0247721	0.0086896	0.0380038
0.0403988	0.0140302	0.0366162
0.0386398	0.0100732	0.0365213
0.0184199	0.00705058	0.0385775
0.0340279	0.0114705	0.0370694
0.0324658	0.00644404	0.0371662
0.0328233	0.013269	0.0373813
0.0298875	0.00847064	0.0375038
0.0267939	0.00775713	0.0377754
0.0189764	0.0125568	0.0385501
0.0362364	0.0123654	0.036859
0.0265471	0.0159883	0.0378582
0.0387377	0.00496578	0.0367071
0.0241446	0.0145086	0.0381099
0.0382462	0.0142728	0.0366626
0.0113465	0.00426383	0.0391916
0.0283613	0.00896809	0.0377357
0.029444	0.0136962	0.0376078
0.037266	0.0131437	0.0368742
0.00405006	0.00161645	0.0401106
0.0266278	0.00909023	0.0377878
0.0445317	0.0067893	0.0360292
0.0262526	0.00202054	0.0378594
0.0351443	0.0160334	0.036942
0.0453422	0.0143322	0.0359183
0.0332537	0.00585656	0.0370282
0.0283394	0.00875467	0.0376596
0.0395699	0.00361498	0.0366736
0.00923852	0.0141432	0.0392337
0.0358495	0.0118763	0.0369319
0.017207	0.0101387	0.0388189
0.0171535	0.0175545	0.038775
0.0242893	0.00933118	0.0380513
0.0208431	0.0113774	0.0383572
0.0377773	0.00771463	0.0367606
0.025959	0.0109824	0.0378572
0.0432575	0.00936905	0.0362057
0.0213948	0.00100646	0.038484
0.021672	0.0159726	0.0382503
0.0460873	0.0110787	0.0359544
0.0104019	0.00708551	0.0393233
0.0277367	0.00785051	0.0377075
0.0273509	0.0139654	0.0377686
0.0254946	0.00904876	0.0378999
0.0304278	0.00980354	0.0374817
0.0306832	0.00416715	0.0376641
0.0203908	0.0155355	0.0384293
0.0315214	0.0103294	0.0374591
0.0440249	0.00970686	0.0361422
0.0192784	0.0164226	0.0384772
0.0302019	0.014381	0.0375307
0.0177649	0.00411563	0.0385989
0.0313946	0.0140216	0.037397
0.039584	0.0197487	0.0366628
0.0195448	0.00688012	0.0384317
0.0255861	0.0100966	0.03802
0.0415846	0.00700289	0.0364025
0.000775326	0.0148954	0.0404625
0.0150335	0.0168193	0.0386504
0.0374744	0.0109555	0.0367707
0.0254763	0.0156299	0.0378353
0.0264136	0.00415155	0.0378521
0.017305	0.0166085	0.0386932
0.0392625	0.0127205	0.0364275
0.0249021	0.0155135	0.0379491
0.02819	0.00970623	0.0376314
0.0432501	0.00508969	0.0362568
0.00854101	0.0125257	0.0395121
0.0294736	0.0155762	0.0375471
0.0297018	0.014937	0.0375701
0.0263234	0.00167465	0.0378188
0.0353216	0.00664815	0.0369612
0.030503	0.0100055	0.0375638
0.0334042	0.0103367	0.0371912
0.0226405	0.0141865	0.0381287
0.0185776	0.0143717	0.0386148
0.0466528	0.00775738	0.035746
0.0300821	0.0145174	0.0375033
0.0304395	0.0146525	0.0374805
0.0285922	0.00651408	0.0376549
0.0434552	0.0138592	0.0363117
0.0248539	0.0137943	0.0379805
0.033163	0.0139192	0.0372718
0.0202432	0.0131052	0.0384794
0.0155531	0.00949563	0.0389348
0.0294018	0.000609995	0.0376737
0.0271391	0.0162838	0.03782
0.0321111	0.00480777	0.0373381
0.024543	0.00678744	0.0380395
0.022295	0.0096175	0.0382009
0.0397449	0.000529367	0.0363192
0.0218846	0.0119632	0.0382283
0.0306849	0.00707057	0.0375084
0.0270235	0.0168358	0.0377372
0.0406654	0.00781999	0.0364801
0.0252361	0.0115729	0.0379
0.0342028	0.0027195	0.0371544
0.021013	0.00110664	0.0382003
0.0195842	0.0127301	0.0384059
0.0281152	0.0136515	0.0377982
0.0289504	0.0132037	0.0376128
0.0326993	0.00455351	0.0372126
0.0456	0.0114482	0.0358021
0.0169721	0.00840195	0.038773
0.0144316	0.010169	0.03905
0.03885	0.015283	0.0365211
0.0199874	0.0118443	0.0384213
0.0166329	0.00150302	0.0388007
0.037523	0.00628456	0.0368563
0.0230991	0.0148215	0.0381048
0.0319782	0.000974371	0.0370663
0.0341193	0.0157393	0.0371944
0.0479743	0.00967787	0.0357453
0.0420606	0.0113369	0.0362774
0.037058	0.0143917	0.0367336
0.0325069	0.00883569	0.0372547
0.0289818	0.0144289	0.0374171
0.021493	0.0117746	0.0382952
0.0285589	0.0143677	0.0377785
0.0290096	0.00895135	0.0375925
0.0297319	0.013643	0.0376423
0.0458559	0.0103207	0.035949
0.0291424	0.00503615	0.0375524
0.0341579	0.0158628	0.0372859
0.0354986	0.00816064	0.0369489
0.0315372	0.0136073	0.0374264
0.0372485	0.0141534	0.0368182
0.023728	0.00904258	0.0380477
0.0445562	0.0134248	0.0363248
0.0205679	0.0066219	0.0384404
0.0247335	0.0070243	0.0379506
0.0145551	0.00495521	0.0386068
0.0060835	0.00785566	0.0398791
0.0428339	0.00900146	0.036253
0.0359659	0.00681548	0.036996
0.0428442	0.0116064	0.036268
0.0255801	0.0123351	0.0379621
0.0161357	0.0092129	0.0388502
0.0377083	0.00733528	0.0367984
0.03383	0.0151388	0.0371682
0.0299455	0.015371	0.0375392
0.0447284	0.00515129	0.0362129
0.0495404	0.00901605	0.0356035
0.0394643	0.0105308	0.0365752
0.025737	0.00895815	0.037914
0.0387277	0.00923685	0.0365759
0.0375904	0.0161972	0.0369723
0.0170856	0.0134735	0.0386371
0.039476	0.0153913	0.036664
0.0310375	0.00424675	0.0374366
0.023599	0.00998156	0.0380718
0.0340261	0.00308334	0.0371013
0.0274967	0.011887	0.037796
0.0492439	0.0141353	0.0355217
0.03911	0.0114563	0.0367234
0.0147778	0.0139656	0.0392197
0.0107158	0.011159	0.0390468
0.0378263	0.0165501	0.0369275
0.0338994	0.0158648	0.0371365
0.0233457	0.00569817	0.038108
0.045827	0.0102111	0.0361273
0.0389801	0.0099551	0.0367694
0.0192024	0.0122375	0.0384856
0.0156084	0.0154503	0.0387928
0.0349955	0.007461	0.0370333
0.0273208	0.00591563	0.0376535
0.0367432	0.00981164	0.0368337
0.034494	0.0160618	0.0371185
0.0299455	0.0136435	0.0374273
0.0284552	0.00689087	0.0376365
0.0481081	0.0131684	0.0359065
0.0359184	0.012299	0.0369381
0.031086	0.0101165	0.0374172
0.0330115	0.0131181	0.0372576
0.0150395	0.00889046	0.0391225
0.015455	0.00911152	0.038985
0.0355586	0.0076531	0.0369501
0.0271241	0.00934064	0.0376636
0.0362095	0.0142566	0.0370306
0.0233146	0.00703364	0.0380777
0.0360774	0.0146299	0.0369895
0.027613	0.0103069	0.0377058
0.0284916	0.0112316	0.0376481
0.0418981	0.0101341	0.0362395
0.0322665	0.00764881	0.0373239
0.0408914	0.0100945	0.0363596
0.0432342	0.0109621	0.0362339
0.0111253	0.0151527	0.0393951
0.0355969	0.0152358	0.0369376
0.0218184	0.0172021	0.0382015
0.0416493	0.012871	0.0364272
0.0286396	0.0124689	0.0375651
0.0337781	0.0131574	0.0370896
0.0315431	0.0148364	0.0373851
0.0191817	0.00268008	0.0384639
0.0199441	0.00477243	0.0385961
0.0395684	0.00228316	0.036346
0.0373105	0.0163101	0.0369973
0.0290831	0.017926	0.0378302
0.0286096	0.0130108	0.037674
0.0416772	0.00779266	0.0363122
0.0424561	0.01193	0.036319
0.0378484	0.0121105	0.0366991
0.0434927	0.0122146	0.0359797
0.0300479	0.00880753	0.0374753
0.0397328	0.00169146	0.0364556
0.0358017	0.0123236	0.0370607
0.0249214	0.00873992	0.0379197
0.0329954	0.0117854	0.0372284
0.0127623	0.0038331	0.0390457
0.0369113	0.0147244	0.0369281
0.0377133	0.0146357	0.0366124
0.0360715	0.00627142	0.0368418
0.0284441	0.00141847	0.0376719
0.0401628	0.000795952	0.0365579
0.0395583	0.0085832	0.0365752
0.0420296	0.0136464	0.0363882
0.0305193	0.0161028	0.0375022
0.0333517	0.00732137	0.0372439
0.0398222	0.0169715	0.0363734
0.042142	0.0153989	0.0362608
0.0364983	0.0113318	0.036937
0.041718	0.015263	0.0365257
0.0406208	0.0142349	0.036541
0.0431308	0.0161558	0.0363164
0.0430229	0.0134815	0.036375
0.0186721	0.0105087	0.0385321
0.0172616	0.000268539	0.0382925
0.0427408	0.0141346	0.0364056
0.0137896	0.00930848	0.0389099
0.0196271	0.0141218	0.0382814
0.0214788	0.00500872	0.0383312
0.0185068	0.00657733	0.0385195
0.0288772	0.0120145	0.0377654
0.0260199	0.0109339	0.0378143
0.0145851	0.0168989	0.0392069
0.0282054	0.0104396	0.0376963
0.014507	0.00210645	0.039056
0.0154204	0.00744891	0.0389043
0.0290793	0.00878297	0.0375195
0.0248233	0.0152298	0.0380318
0.0307385	0.00815536	0.0375007
0.0188715	0.00694517	0.0385788
0.039963	0.00512877	0.0366141
0.0325272	0.0116232	0.0372971
0.0305693	0.00330909	0.0373416
0.028868	0.004127	0.0375848
0.0345346	0.00271344	0.0368783
0.0329133	0.0145695	0.0371052
0.0263638	0.00811347	0.0377902
0.0346271	0.0121373	0.0370008
0.0288615	0.0168918	0.0378228
0.0357695	0.00831054	0.0369868
0.0380392	0.0140744	0.0367841
0.0153384	0.0168868	0.0391437
0.0372122	0.0111124	0.0367267
0.0230458	0.0102755	0.0381492
0.0164329	0.0100809	0.0388233
0.0149	0.00350512	0.0389507
0.0242031	0.0160934	0.0380305
0.0369702	0.0126337	0.0368489
0.0353524	0.0137288	0.0370041
0.0169374	0.00137265	0.0390027
0.0268062	0.00152037	0.0378376
0.0177512	0.00945745	0.0386743
0.0355783	0.0110798	0.0369492
0.0388377	0.00945499	0.0366383
0.0391466	0.00109296	0.0367266
0.0388084	0.00684441	0.0366557
0.0434006	0.01116	0.0360827
0.0417078	0.0133828	0.0364795
0.0291073	0.00511227	0.0376369
0.0369805	0.00799132	0.0368362
0.0278227	0.0160737	0.0377392
0.0181568	0.00243013	0.0388645
0.0411299	0.0107329	0.0365529
0.0313597	0.00926647	0.0373852
0.0392513	0.011594	0.0366561
0.0151014	0.0108717	0.0390558
0.0177108	0.00201158	0.0386069
0.0328402	0.00685724	0.0370766
0.0345044	0.0121495	0.0371023
0.0279828	0.0175511	0.0379271
0.0259247	0.0109817	0.0378649
0.0281666	0.00644074	0.0377715
0.00284625	0.0146666	0.0399383
0.0329189	0.00386561	0.0372068
0.0416729	0.0126561	0.0363656
0.0300036	0.00978319	0.0374379
0.0326398	0.0165957	0.0372271
0.0279984	0.0120849	0.0375528
0.0244175	0.00724234	0.0380459
0.0306694	0.0150261	0.0376244
0.0272885	0.00419957	0.037744
0.0332649	0.0153401	0.0371947
0.0370288	0.00368383	0.0369018
0.0287647	0.00608655	0.0375987
0.029771	0.0079707	0.0374328
0.0357484	0.00517088	0.036976
0.0273469	0.00711501	0.0379136
0.0278726	0.0114244	0.0378656
0.027764	0.0128144	0.0377231
0.0239238	0.00780348	0.0380648
0.0293292	0.0147678	0.0375709
0.0369059	0.00341112	0.0366466
0.0362012	0.0122894	0.0369802
0.0163601	0.0142425	0.0387851
0.0226602	0.00583747	0.0382495
0.0320298	0.0123078	0.0373597
0.0291371	0.0123548	0.0376824
0.0357661	0.0104378	0.0369784
0.0249964	0.00794841	0.0379299
0.0400439	0.00960023	0.0365211
0.0142153	0.0145981	0.0390905
0.0262853	0.0103541	0.0377908
0.029077	0.00765917	0.0375761
0.0212413	0.00924142	0.0383098
0.0234367	0.0112733	0.0381194
0.0265554	0.0155658	0.0377798
0.0401666	0.0117258	0.0366963
0.025965	0.0011003	0.0379217
0.030316	0.00637775	0.0373877
0.0372965	0.0154551	0.0366768
