0.0241075	0.00764051	0.0384068
0.0263247	0.0102913	0.0381978
0.0227259	0.0144559	0.0386498
0.0122388	0.00991754	0.0397823
0.0233852	0.00839417	0.0385653
0.0315313	0.0017177	0.0377379
0.0268643	0.0144651	0.0383026
0.0223925	0.0120111	0.0386873
0.0329975	0.00163783	0.0375541
0.0430039	0.00789872	0.0365115
0.027838	0.0100858	0.0380856
0.0347752	0.0112502	0.0375944
0.0310122	0.000631009	0.0378604
0.0257256	0.0012134	0.0383576
0.0270898	0.00889446	0.0381945
0.029045	0.0163933	0.0380168
0.048323	0.0165295	0.0360439
0.0375262	0.00990139	0.0370665
0.037858	0.0105817	0.037041
0.0248205	0.0160955	0.0384514
0.0471485	0.00893591	0.0362469
0.0354257	0.00807086	0.0371677
0.0348496	0.00679004	0.03755
0.0219719	0.0101582	0.0385808
0.0442821	0.0141107	0.0364471
0.0211491	0.0138707	0.0388172
0.0366098	0.0152034	0.0372857
0.0489248	0.00670965	0.0359381
0.0393723	0.00703052	0.0368741
0.0301781	0.00525701	0.0377943
0.0232662	0.0137594	0.0384873
0.0262299	0.00581775	0.0381527
0.0274323	0.0109676	0.0380806
0.0176424	0.00865004	0.0391868
0.025087	0.00549067	0.0383309
0.0297205	0.00426234	0.0378873
0.0312903	0.00583546	0.0376743
0.0405988	0.00198823	0.0366706
0.0271561	0.00946709	0.0381164
0.0269394	0.00340183	0.0381245
0.0190145	0.00764143	0.0388291
0.0405405	0.0127722	0.0369517
0.0337493	0.00882865	0.0375232
0.0181643	0.00828607	0.0390932
0.0368932	0.012569	0.037396
0.0345213	0.0143786	0.037286
0.0220317	0.0156849	0.0386127
0.0236401	0.00508142	0.038478
0.0323698	0.0151196	0.0375663
0.034373	0.0123343	0.0374764
0.0282989	0.0119859	0.0381679
0.0252045	0.014722	0.0383713
0.0321248	0.0141804	0.0375268
0.0172805	0.0143001	0.0390887
0.00998147	0.00703175	0.039825
0.015377	0.0141192	0.0393437
0.0373879	0.0112353	0.037188
0.0302024	0.0111493	0.0379488
0.0230014	0.0138637	0.03873
0.0183771	0.00484379	0.0389916
0.0255504	0.015868	0.0383829
0.0277363	0.0130741	0.0382213
0.0335025	0.0112814	0.0375648
0.0388346	0.0119682	0.0369232
0.0348839	0.00816746	0.0372482
0.0303914	0.0139013	0.0378595
0.034663	0.0122812	0.0376013
0.0157965	0.0132192	0.039455
0.0313095	0.016424	0.037682
0.0314718	0.0105481	0.0377452
0.0355367	0.0013332	0.0370947
0.0385141	0.00800022	0.0368025
0.0413113	0.00732982	0.0366732
0.034363	0.00789586	0.0374804
0.0424567	0.0141839	0.0366271
0.0397278	0.0138875	0.0369237
0.0337858	0.014606	0.0374177
0.0426719	0.0119658	0.0365395
0.029393	0.0146715	0.0379687
0.0289015	0.0135049	0.0378542
0.0271704	0.0150316	0.0383232
0.0204221	0.0102288	0.0387776
0.0328615	0.0145263	0.0375632
0.0100043	0.0115652	0.0400404
0.0283966	0.0126722	0.0379679
0.0222669	0.00321698	0.0385954
0.0386866	0.0126279	0.0370113
0.0299818	0.0134273	0.0378232
0.0233952	0.00796195	0.0384797
0.0276383	0.00527112	0.0379538
0.0285318	0.0109704	0.0380816
0.0334024	0.0133221	0.0375846
0.0221279	0.00132506	0.0386086
0.0369745	0.0126715	0.0372171
0.0334079	0.0122034	0.0375495
0.0251034	0.011592	0.03849
0.0409022	0.0107116	0.0367361
0.042498	0.00135908	0.0365644
0.0353031	0.00732205	0.0375141
0.0263723	0.0152504	0.0382922
0.0415688	0.00850487	0.036737
0.0180881	0.00651466	0.0390343
0.0140469	0.0143603	0.0395617
0.0412179	0.00729576	0.0367133
0.0326953	0.0108838	0.0376105
0.0271879	0.0154688	0.038366
0.0302449	0.0113528	0.0379259
0.0340268	0.00745749	0.0374467
0.034287	0.00585763	0.0373988
0.032195	0.00465887	0.0375835
0.0159312	0.0123625	0.0392625
0.0467659	0.0173902	0.036068
0.0217698	0.0077666	0.038698
0.0442878	0.0135972	0.0364435
0.03107	0.0141376	0.0378062
0.0368799	0.0101452	0.0372088
0.0335746	0.00898721	0.0373528
0.0397703	0.00469412	0.0369237
0.0349332	0.00913152	0.0373117
0.0302453	0.0107072	0.0378028
0.0258738	0.00407019	0.0381745
0.0282825	0.013871	0.0379856
0.0234384	0.011969	0.0386535
0.0372152	0.0154402	0.0371208
0.0223653	0.00605298	0.038697
0.0352837	0.0100457	0.0375327
0.0358703	0.0135347	0.0373457
0.0364097	0.0107455	0.0373006
0.0479161	0.0140502	0.0359583
0.0338519	0.00895326	0.0374528
0.0383124	0.0103625	0.0369909
0.0287968	0.0110782	0.0380433
0.0147325	0.0130112	0.0393549
0.0348607	0.00531528	0.0371798
0.0310735	0.0159794	0.0379723
0.0293972	0.0156182	0.0381037
0.0298383	0.000897272	0.0378483
0.0297728	0.000203399	0.0378512
0.0161751	0.0125298	0.0393204
0.0378378	0.0181822	0.0371859
0.0336764	0.00891188	0.0374382
0.0512598	0.00850818	0.0358077
0.0290213	0.00667817	0.0379598
0.0321502	0.00986067	0.0377206
0.0184391	0.00927005	0.0390952
0.0147076	0.0125048	0.03957
0.0264504	0.0158987	0.0381682
0.0293531	0.0103461	0.0379484
0.0274698	0.0117316	0.0381592
0.0251301	0.0134816	0.0385216
0.041437	0.0151576	0.0369476
0.0240967	0.00673749	0.0385534
0.0187305	0.0125068	0.039096
0.024676	0.0142708	0.0383427
0.0279591	0.00911695	0.0381017
0.0263682	0.00650802	0.0382299
0.0329181	0.0103357	0.0375359
0.0304752	0.012307	0.0378572
0.0307441	0.00413359	0.0376308
0.0171992	0.00495187	0.0391748
0.0349187	0.00156676	0.0372381
0.0369713	0.0034012	0.0371394
0.0422896	0.0134125	0.0369151
0.0261496	0.00967881	0.0383195
0.0313742	0.011259	0.0378066
0.0239816	0.00591541	0.0384686
0.0209337	0.0162245	0.0387958
0.0515766	0.0119212	0.0357107
0.0380081	0.00970129	0.0371249
0.0370148	0.00819102	0.03717
0.0279115	0.00895257	0.0381293
0.0308987	0.0034804	0.0377747
0.0202744	0.00137601	0.0388585
0.0310276	0.0103658	0.0378128
0.0320093	0.00827793	0.0376721
0.0285462	0.00139604	0.0378722
0.0415493	0.0112164	0.0366253
0.0278598	0.0135565	0.0380923
0.0332163	0.0122553	0.0377414
0.0286628	0.0065135	0.0379877
0.0395866	0.0126969	0.0369165
0.0257084	0.000965881	0.0381182
0.0168356	0.0126862	0.0391411
0.0376681	0.0075688	0.0370456
0.0322652	0.0182763	0.0377163
0.0233689	0.0168579	0.0385604
0.0329492	0.0169838	0.0374903
0.0441773	0.00526604	0.0362445
0.0367779	0.00365349	0.0370591
0.0138838	0.000712212	0.0394164
0.0378929	0.0123461	0.0371035
0.0372977	0.0101848	0.0371715
0.0318158	0.00871827	0.0377102
0.0213286	0.00862102	0.0386969
0.0296218	0.00841585	0.0378766
0.0360797	0.0142816	0.037201
0.0229624	0.0106484	0.0386243
0.0388675	0.00622449	0.0370189
0.0389402	0.0100341	0.037004
0.0274547	0.00463256	0.038218
0.0217163	0.0102055	0.0387931
0.0271525	0.0068409	0.0380981
0.0369492	0.0101227	0.0371018
0.032204	0.00319353	0.0373574
0.0447317	0.0112691	0.0363814
0.0284532	0.00307458	0.0379461
0.0292251	0.00806138	0.0379136
0.0411257	0.00989647	0.0367159
0.0493641	0.00450513	0.0359132
0.0356575	0.016285	0.0373416
0.0451224	0.0152667	0.0362607
0.0241156	0.00519101	0.0385034
0.0237803	0.0082853	0.0385311
0.045798	0.00800675	0.0362459
0.0269184	0.0100105	0.0381727
0.046173	0.0160288	0.0361616
0.0371211	0.0099493	0.0371522
0.0293237	0.00602657	0.0379099
0.0140248	0.00548926	0.0394229
0.0264925	0.00644827	0.0382638
0.0340647	0.0153473	0.0374856
0.0219348	0.01564	0.0386147
0.0370232	0.00634232	0.0370867
0.0327089	0.0112378	0.0375563
0.0260376	0.00120415	0.0383659
0.0425302	0.00273314	0.0363306
0.0158355	0.0125581	0.0393602
0.00608368	0.0148311	0.0403902
0.0222937	0.0139605	0.0385019
0.021999	0.00763435	0.0386341
0.0412703	0.0134263	0.0365567
0.046046	0.0156591	0.0361859
0.034386	0.0156802	0.0374654
0.0270245	0.0145616	0.0382607
0.0137244	0.00968788	0.0396171
0.0375573	0.00880799	0.0371093
0.0220159	0.0132968	0.0386721
0.0321853	0.00595331	0.0375021
0.0381426	0.0144317	0.0372289
0.0262086	0.0169428	0.0384592
0.0182359	0.011241	0.0391442
0.0166219	0.0152886	0.0392796
0.0260935	0.00928636	0.0382429
0.0288571	0.0109739	0.0379793
0.0226837	0.00972738	0.0386554
0.0413337	0.0109765	0.0365856
0.0328343	0.0104302	0.0375668
0.0485207	0.00341301	0.0359705
0.0296576	0.0138215	0.0378433
0.0398202	0.0169061	0.0369193
0.0366565	0.0167388	0.037447
0.030194	0.00472647	0.0378406
0.0170287	0.00725174	0.0392239
0.0268435	0.00981266	0.0381899
0.028397	0.0139104	0.037976
0.0272722	0.0143013	0.0382855
0.00199633	0.00934673	0.0405484
0.0101299	0.0149614	0.0398071
0.046554	0.0166502	0.0361373
0.0295094	0.00627343	0.03785
0.0396404	0.012958	0.0368478
0.0198519	0.0165613	0.0390266
0.0291173	0.00607271	0.0379251
0.0124334	0.0112066	0.0396364
0.0427423	0.016349	0.036892
0.0231691	0.0150936	0.0386215
0.0347545	0.0138218	0.0373647
0.0326811	0.0130222	0.0377493
0.0360814	0.00721448	0.0372282
0.0363731	0.0146036	0.0371913
0.025478	0.0128308	0.0383997
0.0373969	0.0140855	0.0370823
0.0201379	0.0114814	0.0388988
0.0308758	0.0131635	0.0378633
0.0178581	0.00424941	0.0389874
0.0309982	0.0116266	0.0377133
0.014256	0.0168506	0.0395457
0.0261409	0.00155873	0.0382677
0.0305117	0.0167113	0.0380741
0.0219119	0.00752749	0.0387347
0.036407	0.00701254	0.0372135
0.0350336	0.0107621	0.0374015
0.0200004	0.00650316	0.0388569
0.0248492	0.0122682	0.0384655
0.0199378	0.00474672	0.0388533
0.0337261	0.00823595	0.0374423
0.0316982	0.0153564	0.0377239
0.0458482	0.00674099	0.0359884
0.0421468	0.0026122	0.0365076
0.0186936	0.0136375	0.0391772
0.0308769	0.00651362	0.0377513
0.0206966	0.00683911	0.0388274
0.0158698	0.0139666	0.0392893
0.00466034	0.00377885	0.0404257
0.0273513	0.00440819	0.0381128
0.0471789	0.0103321	0.0361075
0.0169701	0.014319	0.0390335
0.0367368	0.0059539	0.0371727
0.0166986	0.0164141	0.0393042
0.0387503	0.0160922	0.0369703
0.0416283	0.00144568	0.0365342
0.0260093	0.00957052	0.0382945
0.028464	0.0050136	0.0379802
0.0285956	0.0122956	0.0380183
0.0181923	0.00175007	0.0390307
0.0149079	0.0124827	0.0393281
0.0289621	0.0145326	0.038049
0.0338813	0.0147053	0.0375467
0.022533	0.00828939	0.0386385
0.0436456	0.00561428	0.0364288
0.0410612	0.00966851	0.036758
0.037854	0.00607148	0.0368984
0.0179083	0.00988248	0.0389884
0.0218148	0.0102985	0.03865
0.020829	0.00208645	0.0387135
0.0266024	0.0109538	0.0382396
0.0256757	0.0152641	0.0383934
0.0294731	0.016408	0.0379501
0.0366965	0.00866042	0.0371122
0.0312911	0.00381073	0.0377412
0.0321181	0.00209693	0.0375633
0.0212593	0.0130599	0.0387487
0.0383716	0.015013	0.0369708
0.00616758	0.00753353	0.0401399
0.041365	0.010905	0.0367574
0.0446961	0.0159747	0.0364342
0.0382431	0.00849724	0.0370716
0.0156262	0.00998276	0.0392655
0.0337967	0.0144089	0.0374835
0.0237571	0.0146773	0.0385898
0.0119752	0.00139406	0.0397927
0.0401356	0.00140322	0.0366914
0.0368364	0.0136682	0.0372272
0.0360492	0.000377363	0.0370812
0.0333141	0.0108567	0.0374828
0.0449106	0.0115577	0.0363892
0.0334916	0.00200099	0.0373593
0.0319126	0.00730133	0.0376812
0.0333242	0.0111187	0.0375709
0.0300834	0.0115621	0.0378176
0.0325942	0.0151109	0.0375972
0.0336994	0.0161411	0.0375322
0.0207916	0.009105	0.0388424
0.0391647	0.0100624	0.0371677
0.04031	0.0116137	0.0368788
0.0376082	0.0107598	0.037119
0.00931873	0.00124412	0.0399952
0.0146885	0.0106456	0.0393935
0.0174696	0.0110157	0.0392311
0.036848	0.024594	0.0373451
0.0328504	0.00925852	0.0375766
0.049636	0.0165274	0.0361338
0.0429302	0.0144343	0.0363571
0.0434772	0.0093737	0.0365194
0.0421311	0.0132306	0.0365692
0.0170302	0.00969072	0.0391401
0.0208198	0.00526745	0.0388002
0.0275241	0.00811384	0.0381176
0.0295557	0.00954279	0.0379008
0.0406067	0.00337443	0.0365663
0.0398585	0.0148407	0.0369116
0.0192895	0.00616924	0.0388801
0.0335785	0.010136	0.0374549
0.0169332	0.012007	0.0392526
0.0076695	0.0160577	0.0402187
0.0389472	0.000816726	0.0370161
0.0173111	0.00688126	0.0391368
0.0228791	0.00544865	0.0384618
0.0264986	0.00682441	0.0381878
0.00913954	0.0108656	0.0400859
0.0405822	0.014582	0.0368275
0.0327678	0.00944577	0.0377576
0.0403439	0.00611989	0.0368043
0.0108537	0.0153097	0.0400286
0.0359822	0.0117087	0.0371693
0.0520143	0.0129752	0.0356156
0.0466695	0.0129062	0.0363364
0.0312213	0.00884736	0.0378108
0.0370664	0.00530339	0.0371087
0.0212592	0.00409334	0.0386255
0.0405687	0.00814602	0.0367714
0.0265966	0.0112803	0.0382577
0.0466655	0.00131622	0.0360088
0.03125	0.0057503	0.0376931
0.0415036	0.0135874	0.036982
0.0444908	0.00655299	0.0362045
0.0376096	0.0167157	0.0369475
0.028893	0.0099354	0.0379027
0.0292849	0.000853578	0.0379505
0.0367459	0.00139866	0.0371682
0.0402203	0.00704442	0.0367982
0.0324797	0.0138416	0.0377577
0.0343042	0.0110544	0.0374956
0.0408208	0.015074	0.0367257
0.0224016	0.0159919	0.0385646
0.0400287	0.0104828	0.0370985
0.0244681	0.00988603	0.0384298
0.0246357	0.0107917	0.0384307
0.0363821	0.011519	0.0372638
0.0209092	0.0133144	0.0388933
0.0260737	0.0163155	0.0382075
0.0284422	0.0095706	0.0380763
0.0483795	0.011008	0.0360277
0.0277025	0.0158655	0.0379409
0.0249225	0.0145687	0.0384396
0.0369181	0.00999873	0.0370405
0.0380389	0.0133466	0.0371225
0.0358869	0.015806	0.0372052
0.0384078	0.00576981	0.0369233
0.0252113	0.0134924	0.0384238
0.0445961	0.0146866	0.0363536
0.0293991	0.00220939	0.0379128
0.00986556	0.00969395	0.0398522
0.0379133	0.000835493	0.0372227
0.0289368	0.00403851	0.0378919
0.0147893	0.0163204	0.0393336
0.00354079	0.00724813	0.040615
0.0213597	0.0158042	0.0388577
0.0163504	0.0102346	0.0393498
0.0328761	0.00879526	0.0376048
0.0266922	0.011033	0.0383018
0.0449551	0.0100374	0.0363663
0.0272462	0.0141338	0.0383259
0.0490513	0.00829784	0.0357345
0.0418309	0.013036	0.0366247
0.0347472	0.0123475	0.0373511
0.0489847	0.0162488	0.0359804
0.0338769	0.0125191	0.0374577
0.0331044	0.00971715	0.0375012
0.025128	0.00933482	0.0383943
0.00720088	0.0127609	0.040313
0.0255613	0.00790236	0.0382874
0.033978	0.0105342	0.0375155
0.0182425	0.0145592	0.0391612
0.0361682	0.0105248	0.0372586
0.0471007	0.0103263	0.0364454
0.0286146	0.0145196	0.0380992
0.0519993	0.00106447	0.0359156
0.0227197	0.0129826	0.0386782
0.0250387	0.0124754	0.0385069
0.0381245	0.00190477	0.0369129
0.0401675	0.00854782	0.0368113
0.0149185	0.012435	0.0394651
0.0299728	0.0136215	0.038039
0.0202923	0.00336572	0.0387916
0.0182436	0.0125597	0.0391091
0.0169687	0.0114279	0.0390643
0.034213	0.0129284	0.0374959
0.036136	0.00628688	0.0374244
0.0277672	0.00531631	0.0380594
0.0377784	0.00774346	0.0371373
0.0352897	0.0163183	0.0374974
0.0344696	0.011714	0.0374692
0.00738812	0.0161682	0.0402609
0.0461923	0.0144568	0.0362607
0.035099	0.0137168	0.0373881
0.0354251	0.00265757	0.0373153
0.0174557	0.0138709	0.039217
0.0242648	0.0044785	0.0384716
0.038454	0.010077	0.0370402
0.0242084	0.00926838	0.0384121
0.0366526	0.00457698	0.0371854
0.028744	0.0104831	0.0379875
0.0494309	0.0134559	0.0359657
0.0282572	0.0146332	0.0381979
0.0380386	0.0122027	0.03719
0.0383782	0.00890042	0.0369915
0.0271472	0.0147487	0.0381073
0.0305098	0.00685925	0.0378355
0.0231255	0.0117696	0.0386781
0.048566	0.0160833	0.0358893
0.032375	0.00656629	0.0376538
0.0232819	0.00760754	0.0385745
0.0448817	0.0105868	0.0362014
0.0254143	0.0127578	0.0383908
0.0188012	0.011991	0.0389498
0.0286314	0.0177673	0.0380584
0.0328285	0.00306472	0.0375755
0.0400939	0.00649361	0.0368047
0.0245114	0.00224921	0.0384366
0.0226109	0.0128836	0.038562
0.0198805	0.00967417	0.0389511
0.0336385	0.00598797	0.0373121
0.0276243	0.00966202	0.0382407
0.0141145	0.00627388	0.0395615
0.0296925	0.0111429	0.0379074
0.0334083	0.0126713	0.0374716
0.0354069	0.00570795	0.037345
0.0369073	0.00854875	0.0372276
0.0283965	0.00585055	0.0380147
0.027864	0.00845426	0.0379988
0.0357444	0.0107754	0.03734
0.0412681	0.00745152	0.0367655
0.0296579	0.0133959	0.0380653
0.0106635	0.0116334	0.0396863
0.0301857	0.0151089	0.0380099
0.0429175	0.0147716	0.0365874
0.0288524	0.0164868	0.0379847
0.0428095	0.00765175	0.03653
0.0181981	0.0156311	0.0388881
0.0470455	0.0127525	0.0361973
0.0190787	0.0196639	0.0392953
0.0320636	0.0141957	0.0377952
0.0186945	0.0156871	0.0391275
0.0275844	0.00807425	0.0380151
0.0355218	0.0153669	0.0372983
0.0365206	0.0148605	0.0372923
0.0421444	0.00815289	0.0364849
0.0405371	0.0159383	0.0368576
0.034366	0.00360676	0.0373922
0.0235862	0.0107514	0.0384436
0.0223225	0.00997937	0.0386227
0.0250523	0.0108908	0.0383686
0.030108	0.00651856	0.0378179
0.0341535	0.010569	0.0374114
0.040318	0.00835275	0.0367301
0.0155774	0.00980206	0.0392512
0.0406095	0.00111879	0.0365763
0.0335767	0.00915885	0.0375402
0.0294761	0.00986259	0.037917
0.00990304	0.0123244	0.0397602
0.0411236	0.0122584	0.0368389
0.0231281	0.00935264	0.0386469
0.0354658	0.0114004	0.0375255
0.0431492	0.0134368	0.036564
0.0294956	0.00797137	0.0379601
0.0347778	0.00480483	0.0375388
0.0378361	0.00374741	0.0369899
0.0397347	0.00125125	0.0366399
0.039249	0.0138233	0.0368188
0.0283337	0.0064116	0.0379821
0.0240479	0.0118687	0.0385809
0.0287069	0.00680459	0.0378842
0.0526146	0.00814093	0.0355628
0.0350544	0.00277823	0.0373497
0.0310086	0.00999299	0.0379244
0.0246203	0.00940506	0.0383752
0.03693	0.0103537	0.0372415
0.0394507	0.012065	0.0368772
0.0500224	0.0131736	0.0360068
0.0383706	0.00831697	0.037019
0.0201221	0.0094287	0.038849
0.0281443	0.0113969	0.0381113
0.0267459	0.0110048	0.0382075
0.0276457	0.00320344	0.037838
0.00876619	0.00539038	0.0399674
0.0501968	0.00765956	0.0357856
0.0290712	0.00518655	0.037929
0.0355027	0.00898739	0.037342
0.0351009	0.0106962	0.0372417
0.0250399	0.00499473	0.038399
0.0293938	0.0145779	0.0381096
0.0326015	0.0121155	0.0375523
0.0285116	0.0152082	0.0381833
0.0309412	0.00692095	0.0377728
0.0233013	0.0104871	0.0385742
0.0108822	0.0122564	0.0398942
0.0423279	0.0160227	0.0366448
0.018983	0.0149076	0.0390953
0.0317969	0.01624	0.0378646
0.0388715	0.00274289	0.0369381
0.0420528	0.00617034	0.0365732
0.0398259	0.00252731	0.0366679
0.0396615	0.0101087	0.0369752
0.0359938	0.0135946	0.0374231
0.033476	0.0138561	0.0375476
0.0309621	0.0164041	0.0378178
0.0124933	0.0119215	0.039646
0.0168105	0.00528388	0.0392092
0.0342652	0.0119076	0.0374634
0.027323	0.00942849	0.0381719
0.022115	0.00404177	0.0386885
0.0348085	0.00905578	0.0375665
0.0363733	0.01072	0.0373072
0.0343605	0.00729428	0.0373777
0.0306485	0.0133002	0.0377476
0.0302976	0.0163987	0.0380772
0.0287876	0.0152648	0.0380941
0.0217642	0.0133085	0.0386425
0.0223552	0.016063	0.0388678
0.0293965	0.00867716	0.0380734
0.0436282	0.00450489	0.0363815
0.0305277	0.0105845	0.0378023
0.0356665	0.00479513	0.0373168
0.0282098	0.0137067	0.0381224
0.0341779	0.0128776	0.0374248
0.0263704	0.00895358	0.0383508
0.0473342	0.0147414	0.0360785
0.0218147	0.0131141	0.0388484
0.0239037	0.0167413	0.0384108
0.0455705	0.0120106	0.036251
0.0449171	0.0128326	0.036234
0.0395076	0.00433955	0.0369179
0.0239925	0.011262	0.0385452
0.0215179	0.012086	0.0387713
0.0209702	0.0118335	0.038729
0.0309688	0.0100225	0.0377331
0.0305167	0.00715554	0.0378831
0.039011	0.00639271	0.0369545
0.015339	0.00837767	0.0394193
0.0296653	0.0161602	0.037874
0.030807	0.00705696	0.0377401
0.0191436	0.0127173	0.0390583
0.0237801	0.0144607	0.0385664
0.0329022	0.0082903	0.037456
0.03231	0.012348	0.0377302
0.0349091	0.00768573	0.0375587
0.0378573	0.00777414	0.037041
0.0445535	0.0126059	0.0362151
0.0235129	0.0163736	0.0385383
0.034852	0.00904687	0.0372403
0.00159214	0.0153201	0.0409416
0.0351016	0.0117464	0.0373754
0.0328701	0.014416	0.0374728
0.0209719	0.00801322	0.0388674
0.016281	0.0153843	0.0391904
0.0410825	0.0130426	0.0366369
0.0424151	0.00363941	0.0365325
0.0377666	0.00136591	0.0372398
0.0214966	0.00760715	0.0386319
0.0177588	0.00641147	0.0391692
0.0303181	0.0151883	0.0379939
0.0435705	0.0107548	0.0365276
0.0147232	0.0114731	0.0393578
0.0199326	0.00385092	0.0388823
0.044398	0.0149738	0.0366488
0.0253433	0.00982191	0.0383289
0.033813	0.013607	0.0375406
0.0311122	0.0186057	0.0378287
0.0262714	0.0125437	0.0383177
0.0243252	0.0050161	0.0384809
0.0275214	0.0107836	0.0380227
0.0304668	0.0163155	0.0377647
0.0119359	0.00646404	0.0396305
0.0330534	0.000552886	0.0375719
0.0338418	0.0122586	0.0375209
0.0422959	0.00478991	0.0366729
0.0213718	0.0142132	0.0388263
0.0336861	0.00599981	0.0375117
0.0395731	0.0150149	0.0368709
0.0408581	0.013908	0.0368683
0.0398591	0.0145581	0.0368259
0.0376387	0.00886863	0.0373085
0.00375958	0.00805106	0.0404531
0.0394067	0.00852251	0.0369342
0.0404431	0.0137871	0.036701
0.0420369	0.00995999	0.0366858
0.0389763	0.0144133	0.0369843
0.0266565	0.0142941	0.038152
0.0296931	0.0103895	0.0379096
0.0139062	0.0157173	0.0395847
0.0455576	0.000964501	0.036356
0.0362667	0.0129868	0.0372778
0.0409619	0.00902301	0.0368066
0.0360315	0.0123005	0.0372078
0.0405175	0.0102515	0.0367542
0.053463	0.00785888	0.0355232
0.0365175	0.0139097	0.0371472
0.0427431	0.00546282	0.0363927
0.0237335	0.0106522	0.0385443
0.0253391	0.0115685	0.0384547
0.0347857	0.0044774	0.0375431
0.0378732	0.00600052	0.0370429
0.0385403	0.0132278	0.0369578
0.036968	0.0076634	0.0373604
0.0243569	0.0133505	0.0385946
0.0159859	0.00345972	0.0390795
0.00694557	0.0098375	0.0401683
0.0261449	0.00727598	0.0382095
0.0386403	0.00711001	0.0369857
0.0142204	0.0149186	0.0393967
0.0270315	0.0141902	0.0382166
0.036261	0.00567427	0.0372148
0.0354155	0.00397429	0.0373348
0.0433202	0.0102589	0.0365447
0.0100232	0.0147793	0.0397125
0.0390537	0.000217156	0.0367951
0.0239187	0.0164671	0.0386858
0.0366997	0.00346832	0.0372635
0.0336094	0.0135066	0.0375726
0.0208082	0.00753879	0.0387376
0.0387448	0.00805587	0.0368051
0.0233265	0.017142	0.0387292
0.0234104	0.013528	0.0386829
0.0408615	0.012341	0.0367071
0.0431932	0.0123636	0.036502
0.0383652	0.00610319	0.0372244
0.0185047	0.0154547	0.0391085
0.0312102	0.00956913	0.0377387
0.032503	0.00291401	0.0376291
0.0325659	0.0115329	0.037612
0.021652	0.00943292	0.0386861
0.0272673	0.00916428	0.0381068
0.0241645	0.0116196	0.0385631
0.0442693	0.009351	0.0364029
0.0389323	0.0144298	0.0370075
0.0193585	0.0110059	0.039057
0.0327637	0.0133968	0.0375647
0.0155206	0.00482642	0.0394167
0.0388513	0.0135568	0.0368688
0.0242567	0.0111308	0.0384599
0.0238854	0.00361524	0.0384042
0.0141902	0.00266685	0.0394653
0.0276935	0.00739932	0.0380535
0.0300324	0.00518859	0.0378491
0.0306097	0.00360304	0.0375494
0.0200256	0.0122189	0.0389301
0.0438751	0.0137933	0.0364816
0.0177559	0.00593576	0.0390555
0.00701912	0.00571904	0.0401166
0.0301356	0.0155474	0.0378391
0.0145766	0.0115134	0.0393651
0.0336611	0.0168922	0.0375111
0.0311443	0.0143602	0.0379419
0.021634	0.0114186	0.03874
0.0276736	0.0136382	0.0381543
0.0327548	0.0126127	0.0375679
0.0247678	0.0117521	0.0385277
0.0297398	0.0110637	0.0379159
0.0296709	0.0125055	0.0378925
0.0376452	0.00668907	0.0369359
0.0301787	0.0171188	0.0380468
0.0385433	0.00358091	0.0369549
0.0260826	0.0144208	0.0382823
0.0334015	0.0144769	0.0376119
0.0269824	0.0166709	0.0382005
0.0342188	0.0154691	0.0375138
0.0159588	0.0027034	0.0392389
0.0261784	0.00932249	0.0382465
0.0335168	0.00825256	0.0374424
0.0184105	0.00372846	0.0391417
0.0411042	0.01552	0.0368752
0.0310873	0.0152829	0.037791
0.0228545	0.00952724	0.0385469
0.0339897	0.0117255	0.0375124
0.0535891	0.00398523	0.0354402
0.0428723	0.00902251	0.0365456
0.0314067	0.00732693	0.0378813
0.042681	0.0086298	0.0365357
0.0475492	0.0134825	0.0362348
0.0171497	0.0105602	0.0392227
0.0142747	0.00371087	0.0394613
0.0370842	0.00899341	0.0370146
0.0211452	0.00800887	0.0388266
0.0324522	0.00492713	0.0376369
0.0374424	0.0147946	0.0370777
0.0400078	0.00656592	0.0369121
0.0350292	0.0138831	0.0374934
0.0416012	0.0106088	0.0367908
0.0260216	0.0133612	0.0383831
0.0194271	0.0157367	0.0390504
0.0386637	0.0115189	0.0371068
0.00313131	0.0100127	0.0406478
0.0286893	0.0122768	0.0380236
0.0366765	0.0082659	0.037399
0.0323925	0.0042623	0.0377614
0.0294436	0.00792181	0.0379233
0.0268999	0.0124017	0.038133
0.0342828	0.0121296	0.0376475
0.0371901	0.0140501	0.0373245
0.0175743	0.0145778	0.0391062
0.032192	0.00276797	0.0377269
0.026124	0.00583409	0.0382414
0.0356501	0.00450362	0.0372859
0.0465517	0.00484009	0.0361327
0.0290304	0.0162727	0.0379502
0.0256457	0.00912212	0.0382533
0.0107406	0.0125988	0.0398562
0.033389	0.00379319	0.0375077
0.0280521	0.00718132	0.0379399
0.0477087	0.00759707	0.0360287
0.0297825	0.00666666	0.0378705
0.0465549	0.00769963	0.0362006
0.020347	0.00247531	0.038881
0.0171224	0.0119112	0.0392278
0.0467667	0.0129558	0.03618
0.0242003	0.010356	0.0385196
0.0284824	0.0146245	0.0381747
0.0333546	0.014326	0.0376153
0.0260208	0.0148798	0.0382493
0.0270201	0.0190105	0.0381922
0.0109215	0.00449079	0.0397173
0.0128744	0.012069	0.0396651
0.0382187	0.00351328	0.0369841
0.0174066	0.00371329	0.039047
0.0408698	0.0136645	0.0368387
0.0327104	0.00849451	0.0375641
0.0264792	0.0168037	0.0381987
0.0459957	0.0115938	0.0362668
0.0232007	0.00496524	0.0384606
0.0372998	0.0167997	0.0369956
0.025216	0.0119607	0.0383239
0.0226725	0.0131697	0.03855
0.0380197	0.0147852	0.0370949
0.0106458	0.0160375	0.0397536
0.0110056	0.0142405	0.0396243
0.0325704	0.0120914	0.0376399
0.0250253	0.0050151	0.0383239
0.0185667	0.0112802	0.0389605
0.00566732	0.00369139	0.0404788
0.0213603	0.0106726	0.038701
0.00838705	0.0122109	0.0400022
0.0388818	0.00612747	0.0369168
0.0334987	0.0134364	0.0373973
0.0254048	0.0125728	0.0384072
0.0254514	0.00917324	0.0383139
0.00439755	0.00384327	0.0405648
0.0394052	0.0126555	0.0370058
0.0382176	0.0119123	0.0370587
0.0199948	0.00292569	0.0385486
0.040538	0.0104378	0.0367837
0.0375548	0.00665373	0.0371465
0.0348461	0.0139492	0.037316
0.03326	0.00149567	0.037435
0.0260913	0.0118858	0.0381994
0.027216	0.015523	0.0381993
0.0401856	0.0145786	0.0369513
0.0185406	0.01059	0.0390652
0.042701	0.0118002	0.0365371
0.0301035	0.00710139	0.0378925
0.0364096	0.0111556	0.0372785
0.0207312	0.0106166	0.0388818
0.0248083	0.0116649	0.0382838
0.028499	0.00452975	0.0379973
0.0400176	0.00808785	0.0366355
0.0317315	0.0101741	0.0376523
0.041189	8.01031e-05	0.0367536
0.017656	0.0125918	0.0390591
0.0506003	0.0150335	0.0359529
0.0402291	0.0135118	0.0368413
0.0301632	0.00697276	0.0377103
0.0319403	0.0145322	0.0376816
0.0382732	0.0105495	0.0370675
0.0258058	0.0131934	0.0383017
0.0349676	0.011755	0.0374735
0.0283694	0.0128948	0.0379646
0.0251416	0.0100054	0.0384331
0.0396793	0.0121356	0.0370128
0.0445714	0.0140499	0.0364165
0.020551	0.00321582	0.0385181
0.0195159	0.0141253	0.0389055
0.0262458	0.00564161	0.0382192
0.0336738	0.0119013	0.0376187
0.0207703	0.015809	0.0386345
0.023972	0.00626022	0.038437
0.0326441	0.00894969	0.0376238
0.0352005	0.012312	0.0374087
0.0287687	0.000189723	0.0379247
0.0300601	0.0128861	0.0379767
0.0354089	0.00906782	0.0372541
0.0360039	0.00404816	0.0370749
0.0220815	0.00951316	0.0387037
0.046309	0.0136739	0.0364138
0.0362697	0.0107385	0.0370681
0.0245076	0.0105667	0.038366
0.0300522	0.00297004	0.0379531
0.0501168	0.00558243	0.0358284
0.0228398	0.0123479	0.0385391
0.0362114	0.00959719	0.0372718
0.0266732	0.0146842	0.0382768
0.0361186	0.00470369	0.0372336
0.035527	0.0144007	0.0374714
0.0231125	0.00923994	0.0386191
0.0235824	0.0216214	0.0384538
0.0346373	0.0161866	0.0376424
0.0316059	0.011883	0.0376983
0.0302645	0.0120737	0.0378766
0.0101797	0.00715735	0.0396832
0.0129521	0.00829178	0.0396778
0.0293544	0.0118707	0.0379735
0.0446405	0.00747044	0.0364026
0.0343436	0.00424353	0.0374226
0.029261	0.00593884	0.0379219
0.0236512	0.0137168	0.0386164
0.0453458	0.0151267	0.0365209
0.0263636	0.00711681	0.0381894
0.0291617	0.00272861	0.0378345
0.0269673	0.00868813	0.038153
0.0154178	0.00490869	0.0393784
0.0436238	0.0153051	0.0364422
0.0390914	0.0113149	0.0369935
0.029877	0.0135291	0.0380069
0.0123985	0.00307176	0.0397581
0.00222033	0.01503	0.0405996
0.0416025	0.0122947	0.0366495
0.0352021	0.0130085	0.0374989
0.0314966	0.00900212	0.0376561
0.0107022	0.0105243	0.039789
0.0427279	0.00360207	0.0366247
0.0232619	0.0112813	0.0385393
0.042837	0.0054958	0.0363672
0.0377235	0.0118035	0.0372096
0.0309108	0.0113937	0.0378309
0.0178089	0.014145	0.0390351
0.0436296	0.0134636	0.0365702
0.0289614	0.0104194	0.0381169
0.0460858	0.0146233	0.0362914
0.0388364	0.0113096	0.0370174
0.0393646	0.00371836	0.0368751
0.039103	0.0116615	0.036824
0.0354662	0.00450981	0.0371312
0.0126843	0.0099	0.0395824
0.0319465	0.0161204	0.0377196
0.0235281	0.0145752	0.0386128
0.0292623	0.0136177	0.0379495
0.0393136	0.00144947	0.0369868
0.0221161	0.0111919	0.0386491
0.0357601	0.0097184	0.0373358
0.0221896	0.00440391	0.0386251
0.0341897	0.0112995	0.0373983
0.0322232	0.00602491	0.0376244
0.0317162	0.00300724	0.037693
0.00904116	0.0148581	0.0399092
0.020757	0.0153992	0.038929
0.0352487	0.0102073	0.0372967
0.0180381	0.0148883	0.0390668
0.0269351	0.010866	0.0382391
0.0452251	0.0149268	0.0362217
0.0214934	0.0111684	0.0387797
0.0274772	0.0155475	0.0381972
0.023192	0.0113332	0.0385455
0.0365574	0.00397635	0.0372002
0.0188812	0.00655645	0.0389977
0.00737483	0.00848633	0.040027
0.0363858	0.0127704	0.0372614
0.0277046	0.00794529	0.038123
0.0521397	0.0144818	0.0358451
0.0377782	0.0114473	0.0370958
0.0339286	0.00487717	0.0373744
0.0273358	0.0169201	0.0383703
0.0403249	0.0075665	0.0367561
0.0373814	0.0084208	0.0370746
0.0431046	0.0101102	0.0365599
0.0328268	0.0117933	0.0375299
0.0447425	0.0076417	0.0361888
0.0324626	0.0111987	0.0376391
0.022645	0.0071602	0.0387018
0.036533	0.0117611	0.0372764
0.040263	0.0110307	0.0368234
0.0285176	0.0123202	0.0379073
0.0343347	0.00195206	0.037244
0.0358824	0.00430306	0.037258
0.0408131	0.0141048	0.0368189
0.0369509	0.00730594	0.0373547
0.0365487	0.00565736	0.0372375
0.0308268	0.00951902	0.0378474
0.0274891	0.00841358	0.0380087
0.0393365	0.016082	0.0370313
0.0136149	0.0122015	0.0396054
0.0350978	0.0132705	0.0373116
0.0430114	0.0135526	0.0367209
0.0196649	0.0145722	0.0390195
0.0294005	0.00825671	0.0378963
0.0303599	0.00987874	0.0377782
0.00918489	0.0142846	0.0401831
0.029474	0.00812168	0.0379408
0.0164582	0.0153131	0.0393203
0.0265609	0.00263255	0.0382518
0.021083	0.0172707	0.0387764
0.0424914	0.0165814	0.0368535
0.0324068	0.0140267	0.0376601
0.0394744	0.00930889	0.0368644
0.0394135	0.0115834	0.0370282
0.0249154	0.00442642	0.038278
0.0431306	0.00971983	0.0365742
0.0239642	0.00897919	0.0383887
0.0281862	0.0149595	0.0379969
0.0320802	0.00812777	0.0376869
0.0418179	0.0101897	0.0365824
0.0305986	0.0156557	0.0377694
0.0378402	0.0132463	0.0371574
0.018452	0.00223931	0.0388236
0.0289919	0.0103004	0.0379159
0.0345242	0.0135153	0.0372992
0.0318873	0.00968047	0.0376742
0.0370806	0.0105455	0.0371618
0.0442722	0.0141744	0.0366146
0.0331708	0.0161965	0.0375893
0.0337983	0.0112698	0.0373676
0.0424266	0.0150023	0.0365626
0.0222384	0.0151309	0.038684
0.0272466	0.010578	0.0380567
0.00463591	0.00407747	0.040353
0.0442389	0.0118021	0.0363464
0.0262765	0.00420427	0.0382203
0.0443381	0.00580496	0.0362134
0.0331631	0.00717627	0.0375756
0.0315072	0.0164138	0.037938
0.0363185	0.0067877	0.0371956
0.0332176	0.00812463	0.0375131
0.0349303	0.0161668	0.037221
0.0340613	0.00770129	0.0374126
0.0226678	0.0129202	0.0386358
0.0345416	0.00952434	0.0375965
0.0314268	0.01277	0.0377079
0.0334733	0.00190085	0.0375238
0.0300442	0.00636525	0.0378949
0.0251754	0.0108085	0.0384228
0.0126094	0.0124607	0.0397113
0.0355755	0.0154225	0.0372358
0.0263097	0.0149587	0.0381864
0.0316411	0.00348647	0.0376521
0.0419143	0.00907782	0.0366662
0.0228261	0.00696793	0.0386462
0.0226184	0.011835	0.0385647
0.0373176	0.00228808	0.0369778
0.0262987	0.0131852	0.0382475
0.0337018	0.014496	0.0374305
0.0374465	0.0109402	0.0370812
0.00788729	0.00967823	0.0400664
0.0413838	0.0044265	0.036769
0.000168153	0.0131925	0.0409966
0.0501662	0.0126935	0.0355666
0.029529	0.00164468	0.0377745
0.0322422	0.0105688	0.0375891
0.0162975	0.00780008	0.0392107
0.0296135	0.00242094	0.03788
0.0283289	0.00346235	0.0379904
0.0303628	0.000804647	0.0377984
0.0247427	0.00276156	0.0384464
0.0450343	0.00549383	0.0362935
0.0257582	0.0168338	0.038473
0.032046	0.000253855	0.0374851
0.0314804	0.0161392	0.0379181
0.0350066	0.01077	0.0373257
0.0233282	0.015047	0.0385721
0.0251287	0.00479497	0.0382163
0.0274066	0.0064015	0.0380758
0.0298835	0.011678	0.0378746
0.0362183	0.0133227	0.0373744
0.00452393	0.013105	0.0403277
0.0383251	0.00739525	0.0370749
0.0283117	0.0101088	0.0379469
0.0487791	0.0157556	0.0357249
0.0142359	0.00954556	0.0395608
0.0328818	0.0119151	0.0375285
0.033342	0.0117395	0.0377213
0.0381486	0.0113621	0.0371018
0.037305	0.0126641	0.0371423
0.0316292	0.00801614	0.0375871
0.0259319	0.0131254	0.0383834
0.00285016	0.0100785	0.0406732
0.0248112	0.0127345	0.0384515
0.0114348	0.0131845	0.0396867
0.0323246	0.00723977	0.0376255
0.0232833	0.0140338	0.0385695
0.0411902	0.0010804	0.0367181
0.0394311	0.01254	0.0368786
0.0371798	0.0142776	0.0373327
0.0406956	0.0124456	0.0367879
0.0180697	0.00767014	0.0391027
0.0313958	0.00378231	0.0376824
0.052335	0.0129205	0.0354756
0.0363366	0.0112443	0.0372402
0.0235016	0.0118707	0.0384145
0.0424021	0.00562798	0.0365671
0.039108	0.0121458	0.037081
0.0302903	0.010751	0.0378497
0.0283982	0.0138081	0.0380436
0.0269787	0.0165058	0.0383543
0.0318824	0.0109261	0.0375795
0.0248324	0.00398981	0.038384
0.0313319	0.00963232	0.0376861
0.0331987	0.0138293	0.0375434
0.0411543	0.00490852	0.0367432
0.0336336	0.0131284	0.0374719
0.0390706	0.0100206	0.0369758
0.036889	0.00391131	0.0373447
0.0232202	0.0128339	0.0386035
0.0432327	0.0036838	0.0364117
0.013835	0.0111287	0.0394298
0.0322774	0.0106931	0.0376442
0.0434748	0.00219068	0.0364844
0.0287367	0.0146366	0.0380735
0.0229325	0.00978356	0.0385724
0.0318688	0.0131992	0.0377407
0.0394842	0.0115266	0.0369648
0.0261416	0.0100679	0.0381942
0.0415809	0.00447683	0.0364928
0.0266487	0.00989926	0.0382029
0.0261268	0.0126057	0.038201
0.0417997	0.016893	0.0366507
0.0246686	0.01255	0.0384064
0.0295761	0.00980209	0.0378761
0.0444429	0.000889904	0.0362304
0.040071	0.0118974	0.0368412
0.021441	0.0129972	0.0386781
0.0400661	0.00441032	0.0368452
0.0137449	0.00481521	0.0394425
0.0424759	3.98316e-06	0.0362421
0.0183267	0.00947778	0.0391024
0.0295714	0.00650979	0.0379277
0.0317247	0.0122168	0.0377504
0.0350753	0.0165531	0.03744
0.0243502	0.0153716	0.0383697
0.0409466	0.0136262	0.0369246
0.0056087	0.00929786	0.0402793
0.0182452	0.00852286	0.0389295
0.0261366	0.0126178	0.0382688
0.0334374	0.0157525	0.0376784
0.0158544	0.0135978	0.0393722
0.0333723	0.0101354	0.0375727
0.0247525	0.00466818	0.0383641
0.0306685	0.0107846	0.0378641
0.032914	0.0148844	0.037524
0.0408897	0.00906602	0.0368271
0.0294354	0.0168072	0.0380611
0.0282367	0.00217835	0.0380092
0.0286871	0.0123021	0.0380445
0.0206277	0.00929878	0.0387741
0.0365151	0.0163056	0.03716
0.0397305	0.012196	0.0369012
0.0398511	0.0131404	0.0369053
0.0335922	0.0119823	0.0374078
0.0358523	0.00564238	0.0372308
0.0429516	0.0103161	0.0365311
0.0448687	0.00584475	0.0362879
0.0237461	0.0133403	0.0384527
0.0141493	0.0143901	0.0395192
0.0295355	0.00354515	0.0379217
0.024394	0.0104057	0.0383755
0.0336129	0.00295992	0.0373777
0.0327815	0.0086295	0.0375572
0.0416141	0.00678227	0.0366556
0.0376622	0.014107	0.0370423
0.0354324	0.0134219	0.0372093
0.0464043	0.012042	0.0362539
0.042803	0.0149902	0.0366253
0.0336754	0.0160827	0.0376949
0.0354997	0.00945722	0.0372514
0.0459342	0.0120409	0.0362091
0.0231128	0.000812108	0.0385026
0.0480642	0.00872495	0.0361055
0.0442183	0.00845878	0.0363937
0.0174825	0.0114615	0.0392269
0.0388941	0.00918463	0.0369766
0.0307908	0.0110515	0.0377772
0.0209273	0.0137891	0.0387642
0.0283592	0.000845701	0.0380414
0.0310751	0.0167758	0.0379766
0.0323773	0.00709925	0.0375747
0.0255935	0.00639135	0.0382285
0.0325651	0.00275407	0.0377414
0.0253925	0.0126548	0.0383972
0.0171711	0.00934069	0.039216
0.0365299	0.0116917	0.037164
0.0278393	0.01399	0.0380315
0.0352784	0.00362967	0.0373192
0.0484393	0.0107201	0.0361328
0.0299363	0.00919304	0.0380286
0.014673	0.0150773	0.0393739
0.0220078	0.00914265	0.0386562
0.0264764	0.00981989	0.0382455
0.0253424	0.0128455	0.0383238
0.0300778	0.0139145	0.0378109
0.0302424	0.00394995	0.0376782
0.0283417	0.00493667	0.037981
0.0368799	0.0121618	0.0371433
0.0354036	0.00492016	0.0372756
0.0215806	0.00626471	0.0387732
0.0266069	0.00698653	0.0380539
0.0424622	0.0152571	0.036905
0.0307239	0.0101574	0.0377103
0.0274552	0.0083474	0.0380928
0.0303923	0.0099299	0.0377976
0.0201101	0.00663086	0.0388084
0.0361506	0.0120739	0.0374747
0.0416489	0.0133785	0.0366535
0.0112734	0.00738293	0.0396825
0.0450668	0.00955762	0.0363507
0.0311132	0.0033082	0.0378739
0.034358	0.0111146	0.0373757
0.0346344	0.00781676	0.0373879
0.0296752	0.0151777	0.037833
0.0425227	0.00110063	0.036665
0.0258489	0.0185046	0.038221
0.033246	0.0113433	0.0376132
0.0269782	0.00449037	0.0381046
0.0283324	0.00556521	0.0379524
0.00902986	0.0123497	0.0398961
0.0395705	0.0132912	0.036861
0.0408118	0.0113024	0.0367434
0.0223897	0.00499644	0.038607
0.0419141	0.0123234	0.0365507
0.0278556	0.0162494	0.0383184
0.0283468	0.00829958	0.038061
0.0343708	0.0122347	0.0375138
0.029685	0.0143308	0.037985
0.0252372	0.0117283	0.0384208
0.0317864	0.0155046	0.0376315
0.0274808	0.000885375	0.038097
0.0385829	0.00859807	0.0369552
0.0308332	0.0014263	0.0376045
0.0464878	0.0161222	0.0364541
0.0264263	0.00240711	0.0382363
0.0217136	0.0120156	0.0385842
0.0343006	0.0023115	0.0373091
0.022573	0.0136551	0.0387838
0.025468	0.00805924	0.0383505
0.0236593	0.00271443	0.0385235
0.0382748	0.0110161	0.0370504
0.0288429	0.0115155	0.0379995
0.0283001	0.00638245	0.0380108
0.0276118	0.0106399	0.0381084
0.0318547	0.00425423	0.0376715
0.0407764	0.0167173	0.0368342
0.0409296	0.0137977	0.0366949
0.0160651	0.0165355	0.0394106
0.033945	0.0137959	0.0376043
0.0430835	0.00898078	0.0365985
0.0438643	0.00278692	0.0364481
0.0201717	0.0125561	0.0388016
0.0345749	0.015792	0.0374449
0.0298284	0.0126286	0.0380268
0.0425494	0.000709048	0.0366626
0.028936	0.0130568	0.0380136
0.0215958	0.011132	0.038693
0.0438766	0.015271	0.0366781
0.0203969	0.00522796	0.038782
0.0444666	0.00911674	0.0364225
0.0358672	0.00419772	0.0374434
0.0280448	0.0138763	0.0382065
0.0201909	0.00124201	0.0387887
0.0209132	0.0103531	0.0388102
0.030355	0.0011293	0.0376407
0.0337872	0.00372884	0.0374927
0.0333625	0.0117132	0.0374163
0.0433635	0.0113203	0.0365382
0.0341903	0.0175117	0.0373337
0.0348703	0.0152162	0.0373624
0.0342825	0.00890544	0.0374039
0.0238825	0.0158839	0.0383279
0.0165209	0.0166003	0.0393392
0.044911	0.00493229	0.0363328
0.0384261	0.00433297	0.0369467
0.0460043	0.0129269	0.0363049
0.0278434	0.00245847	0.0380907
0.0245832	0.00959254	0.038478
0.0264562	0.00112279	0.0378713
0.0214512	0.0124165	0.0386809
0.0245614	0.00738663	0.0383844
0.035106	0.00463065	0.037337
0.0202238	0.00407655	0.0388463
0.0298379	0.0129452	0.0379985
0.0241912	0.0153385	0.038548
0.0160187	0.00531512	0.0392934
0.0378799	0.0157098	0.0370039
0.0365515	0.010934	0.0373065
0.0316384	0.01161	0.0376016
0.045359	0.0043669	0.0362509
0.0387542	0.00727362	0.0369811
0.0535777	0.00941606	0.0355513
0.0438802	0.0053365	0.0364195
0.014965	0.0144098	0.0393236
0.00996939	0.0110371	0.0399999
0.0220409	0.00625079	0.0386495
0.0423409	0.00536507	0.0368471
0.031396	0.00345937	0.0374623
0.0314273	0.0118628	0.0377885
0.0269164	0.0128888	0.0382492
0.0313863	0.0085375	0.0376773
0.0415196	0.00799461	0.0367424
0.0217181	0.0087853	0.0386715
0.0246631	0.00154724	0.0383108
0.027848	0.00562613	0.0381896
0.0358284	0.0161693	0.0372838
0.031078	0.00765882	0.0377875
0.0459154	0.00654897	0.0365254
0.0411051	0.0133075	0.0368099
0.0288436	0.0025621	0.0378135
0.040819	0.0169257	0.036706
0.0435508	0.0130925	0.0365283
0.0311597	0.014041	0.0379405
0.0393292	0.00923067	0.0369927
0.0210932	0.00175399	0.0387753
0.0349603	0.0106883	0.0372907
0.0347079	0.0118219	0.0373441
0.0230849	0.0101058	0.0385288
0.0351866	0.014127	0.0373747
0.0235072	0.0107449	0.0385423
0.0241816	0.0108489	0.0383987
0.0305977	0.00899623	0.0378308
0.0356452	0.0102063	0.0373007
0.0160418	0.00919856	0.039239
0.051215	0.00545381	0.035694
0.0395647	0.015298	0.0368499
0.0131093	0.0137458	0.0395117
0.0424344	0.00978065	0.0366081
0.0397992	0.00601394	0.0369226
0.0340852	0.0125109	0.0374309
0.0197627	0.0134342	0.0390609
0.0266457	0.0155719	0.0383195
0.0121629	0.0141109	0.0397853
0.0246447	0.000157806	0.0383466
0.015877	0.00796163	0.0393124
0.030654	0.00904552	0.0379544
0.0163419	0.0107025	0.0393335
0.032344	0.0135936	0.037648
0.0448316	0.00907781	0.0363588
0.030922	0.0035625	0.0377247
0.0299313	0.0139618	0.0379308
0.0236924	0.0143953	0.0385937
0.032806	0.00893475	0.0375516
0.0458849	0.00829312	0.0363062
0.0109664	0.0100215	0.0396967
0.0302697	0.00813479	0.0378078
0.0394815	0.00273644	0.0368642
0.02876	0.000879902	0.0378501
0.019192	0.00768191	0.0388914
0.0344147	0.0158137	0.0374599
0.0396598	0.011749	0.0369248
0.0376805	0.00673625	0.0370582
0.0241523	0.000301688	0.0382928
0.0408816	0.000545912	0.0369469
0.0397673	0.00588976	0.0368708
0.045006	0.0165893	0.0366482
0.0353974	0.0139813	0.0375
0.0461335	0.0161082	0.0361461
0.0336287	0.00877715	0.037516
0.0355375	0.00753134	0.0372938
0.0161968	0.0111348	0.0392886
0.0346849	0.0115344	0.0375076
0.0339634	0.000881545	0.0374143
0.0218249	0.0045727	0.0386635
0.0369077	0.00263487	0.0370555
0.0314239	0.00986552	0.037897
0.0343397	0.00979488	0.0374704
0.0316682	0.0130482	0.0377342
0.0227105	0.0123187	0.0386778
0.0105326	0.00832348	0.0397421
0.029946	0.0108503	0.0380329
0.045388	0.00770004	0.0362428
0.0304615	0.00602699	0.0377549
0.0154577	0.0147276	0.0394077
0.030045	0.00133942	0.0377443
0.0212221	0.0134905	0.0388301
0.0262066	0.00400397	0.0382414
0.0250975	0.0157264	0.0385839
0.0297545	0.00455372	0.0377891
0.0408557	0.0146672	0.0370478
0.0371664	0.0120178	0.0371057
0.0204291	0.00369886	0.0389055
0.0170348	0.0106288	0.0392089
0.0386992	0.00754107	0.0370032
0.0371407	0.00938238	0.0371682
0.0314014	0.0107993	0.0376869
0.0159529	0.000158122	0.0393039
0.0476435	0.0154806	0.0360851
0.0285335	0.0109718	0.0380384
0.0304101	0.0159552	0.0380316
0.0317905	0.0111913	0.0377379
0.0415534	0.0122122	0.0366376
0.0434485	0.00175391	0.0364671
0.0384237	0.0101774	0.0369765
0.0373596	0.00731651	0.0371004
0.0308395	0.00777783	0.0377309
0.0362521	0.0069648	0.0370805
0.041146	0.00849908	0.0365712
0.0168031	0.00115169	0.0391778
0.0305274	0.0101566	0.0378639
0.0346738	0.0169309	0.0376425
0.0280361	0.00737467	0.0380235
0.0258805	0.0141757	0.0383367
0.0202919	0.0123721	0.0388919
0.0269183	0.0116818	0.0382788
0.0362199	0.0157996	0.0372824
0.0418638	0.0112248	0.0366938
0.0233241	0.00757436	0.038494
0.0342173	0.0100027	0.0373703
0.0409809	0.00995181	0.0366683
0.0237158	0.00877049	0.0385436
0.0267989	0.00720474	0.0381676
0.0409918	0.00769539	0.0369844
0.0430943	0.00903766	0.0364813
0.0290591	0.0109198	0.0379643
0.0471765	0.00771641	0.0364134
0.00966482	0.0118377	0.040038
0.0233891	0.0121824	0.0385702
0.0197423	0.0129254	0.0389719
0.0332298	0.00864733	0.0375186
0.0331246	0.00411942	0.0376304
0.0408005	0.00690483	0.0367728
0.0384259	0.0130951	0.0369631
0.045026	0.0166471	0.036606
0.0274225	0.00929789	0.0381247
0.0294644	0.00570952	0.0379348
0.0313587	0.00847684	0.0376133
0.033027	0.0132605	0.0375164
0.014576	0.0150491	0.0395087
0.03071	0.00922846	0.0377617
0.024376	0.0079812	0.0384363
0.0373875	0.0107254	0.0371221
0.0284618	0.0126289	0.0380645
0.00814009	0.00598376	0.0402123
0.028646	0.00491139	0.038081
0.0315121	0.00976381	0.0377384
0.0379881	0.0138172	0.0371291
0.0212627	0.00797715	0.0388142
0.042953	0.0127158	0.0365689
0.0356427	0.00997029	0.0373454
0.0275873	0.00817437	0.0382356
0.0426261	0.00668491	0.0364889
0.03461	0.0158975	0.0376415
0.0159278	0.00736915	0.0392486
0.0374055	0.0117429	0.0371539
0.0292228	0.00521457	0.037931
0.036502	0.0135677	0.0372146
0.0167233	0.017304	0.0392547
0.0394853	0.0171626	0.0368585
0.0212582	0.00488748	0.038478
0.0264007	0.0144894	0.0382841
0.0338312	0.00848612	0.0373986
0.0357964	0.00287565	0.0371584
0.0253482	0.0122181	0.0382806
0.0293575	0.00863028	0.0379039
0.0283968	0.0109719	0.0380444
0.0261172	0.016845	0.0383026
0.0347885	0.013681	0.0375993
0.0495844	0.0107758	0.0359
0.0305374	0.0132161	0.0377184
0.0432701	0.00391933	0.0364618
0.0189473	0.00862831	0.0389515
0.0327577	0.0169517	0.0377764
0.0302234	0.0101125	0.0378783
0.0130598	0.00890982	0.0396534
0.030666	0.000995515	0.0377999
0.0248911	0.0159393	0.0384047
0.0483145	0.0148148	0.0360271
0.0296456	0.00596769	0.0379337
0.0170455	0.00561407	0.0391955
0.0332166	0.00850462	0.0377173
0.0193143	0.0118835	0.0390025
0.0342372	0.0113564	0.0374902
0.0465045	0.0087987	0.036179
0.0360603	0.00185397	0.0370403
0.042559	0.00939236	0.0366696
0.0491451	0.0103459	0.0358318
0.0281555	0.0140437	0.0379969
0.0218518	0.0102308	0.0386344
0.0347736	0.00658537	0.0373712
0.0393617	0.0072587	0.0368842
0.00976906	0.0148963	0.0400553
0.0349493	0.0146427	0.0373958
0.0329511	0.00625403	0.0375809
0.0165097	0.0123654	0.0392592
0.0139558	0.00898346	0.0394063
0.0440503	0.0103852	0.0364011
0.0311088	0.0162579	0.0377682
0.0382771	0.0138342	0.0371682
0.0280493	0.00674991	0.0379457
0.0278184	0.0138775	0.0379568
0.0320859	0.00409628	0.037586
0.0497537	0.0153181	0.0359122
0.0375889	0.00610361	0.0370867
0.0465313	0.00825933	0.036194
0.0357134	0.0100762	0.037263
0.0398164	0.0113941	0.0368169
0.014132	0.00305763	0.039585
0.0264003	0.0138656	0.0381699
0.0197727	0.0130575	0.0389516
0.0182914	0.000961795	0.0390302
0.0356841	0.0163217	0.0375401
0.0435216	0.0078671	0.0365849
0.0360226	0.00654372	0.0372512
0.0318116	0.00635073	0.0378345
0.0401755	0.011635	0.0367931
0.0343054	0.00758986	0.037407
0.0391858	0.00704917	0.0369599
0.0260079	0.0115524	0.038374
0.0140179	0.0130984	0.0395768
0.027606	0.0062918	0.0381286
0.0438181	0.0114273	0.0363189
0.0195542	0.0145241	0.0389329
0.0398459	0.014885	0.0369214
0.0303227	0.0109026	0.0378938
0.0350049	0.00800654	0.0373606
0.0411618	0.0149657	0.0366896
0.0233823	0.0156626	0.0385936
0.016144	0.012895	0.0394308
0.00392332	0.011864	0.040711
0.0316449	0.0104675	0.0377001
0.0210827	0.0124292	0.0389052
0.0345241	0.010692	0.0373924
0.0398458	0.0117851	0.0367996
0.0255845	0.0117323	0.0383804
0.0402352	0.0104367	0.0369223
0.022313	0.00607857	0.0386979
0.0138472	0.00877828	0.0395659
0.028347	0.0160857	0.0380857
0.016714	0.0153795	0.0393138
0.030951	0.0141246	0.0378527
0.0276679	0.0152865	0.0383172
0.035614	0.0109945	0.0373575
0.0273889	0.0134928	0.0382134
0.00839113	0.0126227	0.0401889
0.0319822	0.0179035	0.0376403
0.0312134	0.0115264	0.0377314
0.0272181	0.00617415	0.0381318
0.0396815	0.000389739	0.0370601
0.0494482	0.0138963	0.0359205
0.0234589	0.0112309	0.0386014
0.0402948	0.0149624	0.0370346
0.0358968	0.0121197	0.0372206
0.0380519	0.0108348	0.0370053
0.0286798	0.0111382	0.0380707
0.0155429	0.00052421	0.0392395
0.0331737	0.0130783	0.037681
0.0103301	0.011528	0.0399687
0.0431988	0.00854456	0.0366204
0.0315028	0.00940679	0.0377385
0.0374713	0.012956	0.0369459
0.0179224	0.00911727	0.0390556
0.0177621	0.00924534	0.0390594
0.0202392	0.00637422	0.0388058
0.0354441	0.0130374	0.0372658
0.00582478	0.0136328	0.0405202
0.0307039	0.0120416	0.0377946
0.0440786	0.00970403	0.0362968
0.0407692	0.0142353	0.0367307
0.0275339	0.0117828	0.0381558
0.0282581	0.00986355	0.0380048
0.0193436	0.00372831	0.038851
0.0391991	0.0153233	0.0370096
0.0366907	0.00669196	0.0371581
0.032954	0.00634993	0.037491
0.0373192	0.00725592	0.0370908
0.0360573	0.00525271	0.0372561
0.0125902	0.00574646	0.0396802
0.0245291	0.0142545	0.0384296
0.0410891	0.0123342	0.0366949
0.0278626	0.00404945	0.0380627
0.0315172	0.00752605	0.037665
0.0195945	0.00879383	0.0388588
0.0359286	0.0026064	0.0371444
0.0329369	0.0158577	0.037513
0.0313335	0.0149113	0.0379347
0.0343147	0.00574496	0.0373819
0.0305068	0.0117423	0.0377756
0.0143687	0.00603121	0.0395194
0.0255783	0.0126899	0.03839
0.0239901	0.0110951	0.0384158
0.0361133	0.0100915	0.0371791
0.0196407	0.00103611	0.0389246
0.0248091	0.00892017	0.038354
0.0247215	0.000129325	0.0383189
0.0294476	0.0116377	0.0380865
0.00223481	0.00936592	0.0406738
0.0406442	0.0120872	0.0368543
0.0474401	0.0038109	0.0360999
0.0139934	0.00428213	0.0394211
0.0365186	0.0104216	0.0371576
0.0243117	0.00155619	0.0380974
0.0242364	0.0161583	0.038512
0.0321168	0.014949	0.0375145
0.00397048	0.000305202	0.0404034
0.0372636	0.00970293	0.0371929
0.0260853	0.00466792	0.0382121
0.01465	0.0144398	0.0394841
0.0361605	0.0102579	0.037213
0.0346396	0.00971402	0.0374348
0.045915	0.0122138	0.0361808
0.0240929	0.016871	0.0385271
0.0145737	0.0132936	0.0393739
0.0353678	0.00454327	0.0373092
0.0238674	0.00947389	0.0384457
0.0422722	0.00529439	0.0366139
0.0371425	0.0165387	0.0371704
0.0297066	0.0128095	0.0379327
0.0304265	0.0151451	0.0379848
0.0213158	0.00606202	0.0387499
0.0339456	0.0082761	0.0374176
0.0441687	0.0022447	0.0364173
0.03125	0.00877637	0.0377118
0.0377018	0.00973213	0.0370495
0.0451654	0.00639179	0.036138
0.0230852	0.00549813	0.0385537
0.0278808	0.014656	0.0380283
0.0232668	0.00543625	0.0383359
0.0338517	0.00792416	0.0373608
0.0256923	0.00662903	0.038271
0.0449776	0.0140339	0.0363844
0.0373511	0.00260131	0.0371928
0.0178997	0.0110167	0.0391001
0.0438989	0.0102382	0.036477
0.0305447	0.00707918	0.0379539
0.0262433	0.00645259	0.0382724
0.0287475	0.0026404	0.0378558
0.00883488	0.00447476	0.0399971
0.0208863	0.00942975	0.0387592
0.0303206	0.0113581	0.0378945
0.0258362	0.00149212	0.0382266
0.0268021	0.0103557	0.0381054
0.0189157	0.00682602	0.038976
0.0204528	0.00973175	0.0387656
0.0397456	0.0148542	0.0368391
0.0213686	0.0138945	0.0389048
0.0437847	0.00103636	0.0364331
0.0226384	0.00863646	0.0385999
0.0213278	0.0133386	0.0386824
0.0269328	0.00872208	0.0381749
0.0270856	0.00540105	0.0381229
0.0139859	0.0162677	0.0396113
0.0358782	0.00729155	0.0372839
0.0237382	0.0087443	0.0384608
0.0413864	0.0159419	0.0369413
0.0396835	0.00527462	0.0367207
0.0115728	0.0142383	0.0398474
0.0347328	0.0169286	0.0374729
0.0462592	0.0127266	0.036273
0.0252765	0.0127504	0.0383595
0.0352659	0.0107334	0.0374305
0.0230327	0.00763178	0.0385121
0.0274766	0.00634798	0.0382378
0.0521447	0.0136872	0.0356888
0.0329113	0.00266224	0.0374775
0.0192213	5.82155e-05	0.0389027
0.0231894	0.00830563	0.0386441
0.0155917	0.00957426	0.0394168
0.0168659	0.0153555	0.0392687
0.0451271	0.0122071	0.0363598
0.0450682	0.00988071	0.0363776
0.0498301	0.00207843	0.0358052
0.0459958	0.0152764	0.0362852
0.0275822	0.0071318	0.0381541
0.0294702	0.0161311	0.0379586
0.0179084	0.0082474	0.039032
0.0290447	0.00906327	0.0380116
0.0298293	0.0131261	0.0379244
0.0324944	0.00567926	0.0375577
0.0437576	0.0010573	0.0364783
0.0213665	0.00311053	0.0384163
0.0309082	0.0148195	0.0377199
0.0360765	0.0167259	0.0375059
0.0334486	0.0143092	0.0377352
0.0437601	0.0147055	0.0363679
0.0122438	0.00824562	0.039715
0.0267739	0.0134739	0.0382093
0.0370302	0.0085427	0.0371951
0.0235693	0.0133288	0.0386024
0.0441293	0.00459757	0.036679
0.013113	0.00479148	0.039614
0.0258841	0.00336305	0.0382637
0.0512529	0.00829459	0.035561
0.0113445	0.00701424	0.0398065
0.045787	0.01448	0.0363658
0.0239643	0.0136349	0.0385733
0.0402667	0.0100617	0.0368668
0.0270986	0.00809692	0.0381501
0.0385406	0.0151394	0.0369394
0.0266892	0.0147906	0.0383004
0.0260505	0.00519669	0.0383018
0.036734	0.0127379	0.0374236
0.047644	0.0165874	0.0359877
0.0411764	0.0057349	0.0366567
0.0348631	0.0132929	0.037598
0.0207887	0.010443	0.0387845
0.0215169	0.0118247	0.0387778
0.0390126	0.0127753	0.0368977
0.0295404	0.0114143	0.037973
0.0342084	0.00312805	0.0374456
0.0141442	0.0102578	0.039564
0.023615	0.0130034	0.0385953
0.0312158	0.0140515	0.0377928
0.0344213	0.00703945	0.0374311
0.0245965	0.00863336	0.0384592
0.0274211	0.0143941	0.0382178
0.0353001	0.00482539	0.0373216
0.0282388	0.00365808	0.0380438
0.0476018	0.00763566	0.0360468
0.0327869	0.0100657	0.0375847
0.0346976	0.0175531	0.0374689
0.0345797	0.0117039	0.0373594
0.03654	0.00950243	0.0371428
0.0441079	0.0128145	0.0364673
0.0423121	0.0155922	0.0365332
0.0422105	0.00695009	0.0367043
0.0365225	0.0100014	0.0371431
0.0313347	0.0144883	0.0377703
0.0447406	0.00956373	0.0363743
0.0446624	0.0145655	0.036338
0.0206744	0.000275555	0.0387188
0.0371155	0.0103001	0.03716
0.0203731	0.0114951	0.0389572
0.012182	0.0154734	0.0397944
0.0290947	0.00835828	0.0379196
0.0234652	0.00267432	0.0381966
0.0306654	0.00850127	0.0378137
0.040227	0.00625555	0.0367899
0.0209434	0.00823872	0.0387109
0.0415899	0.0125021	0.0366204
0.0366284	0.0133945	0.0371534
0.027746	0.0110541	0.038244
0.0430169	0.00518549	0.0364682
0.0146651	0.0122231	0.0393647
0.04103	0.0150278	0.0370345
0.0225291	0.0169584	0.038648
0.0120848	0.01627	0.0398177
0.0308426	0.0112762	0.037842
0.0219826	0.00296826	0.0386421
0.0195506	0.0121394	0.0388725
0.0356795	0.000374504	0.0372832
0.0222887	0.00811507	0.038608
0.0392199	0.0053138	0.0369343
0.0349137	0.00898555	0.0374106
0.0233901	0.01426	0.0386203
0.0374668	0.00632441	0.0370201
0.0415393	0.00226852	0.0366307
0.0323633	0.0124437	0.0377262
0.0278373	0.0104373	0.0381604
0.0255895	0.0130036	0.0383404
0.0313754	0.00602518	0.0376914
0.0124837	0.0149968	0.0397435
0.0406666	0.00483279	0.0367458
0.0257364	0.00284334	0.0383234
0.0135239	0.00795465	0.0394482
0.0431273	0.0114884	0.0366577
0.031175	0.00405	0.0377398
0.0341283	0.00346195	0.0373258
0.0338459	0.00965578	0.0376673
0.0190271	0.00571833	0.0389279
0.0257487	0.00912011	0.0383464
0.0344623	0.00518758	0.0374089
0.0270252	0.00166143	0.038012
0.0466893	0.00587616	0.036273
0.0410135	0.00735379	0.0365733
0.0461551	0.0118119	0.0362529
0.0320789	0.012526	0.0375694
0.0338739	0.0140655	0.0375129
0.0190475	0.00757909	0.038883
0.0391739	0.00961586	0.0369604
0.0192634	0.0161111	0.0391685
0.0270129	0.00433701	0.0381218
0.018493	0.0142527	0.0389708
0.0404736	0.0100693	0.036781
0.0359051	0.00847534	0.0372834
0.0275148	0.00402471	0.038037
0.0267661	0.0123079	0.0381264
0.0382799	0.0107551	0.0370625
0.00786968	0.0157824	0.0400262
0.0323115	0.00290921	0.0375847
0.0201072	0.0097145	0.0389137
0.00953975	0.0152321	0.0399225
0.0434804	0.0132898	0.0365271
0.023232	0.0120571	0.0386007
0.0273653	0.00823021	0.0381113
0.0152832	0.00911695	0.0392715
0.022248	0.00883122	0.0386239
0.0270279	0.00018413	0.037972
0.0120789	0.0168188	0.0398773
0.0260053	0.0140913	0.0382255
0.0338421	0.00707167	0.037477
0.014245	0.0120748	0.0393277
0.0314687	0.00641821	0.0377347
0.0109316	0.0116238	0.0399018
0.0334098	0.00430254	0.0374143
0.0306949	0.0142237	0.037843
0.0258983	0.00461285	0.0382445
0.0340972	0.00983101	0.0375055
0.0475659	0.00965672	0.0361147
0.0226223	0.0154783	0.0386433
0.0178619	0.0150597	0.039084
0.0149222	0.0175308	0.0395472
0.0384051	0.0100475	0.0369496
0.0242637	0.00390004	0.0385167
0.0306046	0.00513713	0.0377837
0.0168547	0.0164071	0.0391247
0.0410952	0.0096151	0.0367644
0.032219	0.0090761	0.0376266
0.0265119	0.0160158	0.0382572
0.0171263	0.0100014	0.0392106
0.0372774	0.00953388	0.0371475
0.0431274	0.0142905	0.0367326
0.0301633	0.00720372	0.0378394
0.0316101	0.00305791	0.0376797
0.0397274	0.0127582	0.0368321
0.0116246	0.00923591	0.0397746
0.0420592	0.00724137	0.0366526
0.0518329	0.00757736	0.0356409
0.0310539	0.00583103	0.0375789
0.0446079	0.0102116	0.0364116
0.0410077	0.00587572	0.0367134
0.0405459	0.0082441	0.0366478
0.0406044	0.00424074	0.0367322
0.030557	0.0123466	0.0377678
0.0301906	0.0126759	0.0378822
0.0309653	0.00273784	0.0377558
0.0269956	0.01393	0.038291
0.0281977	0.0155678	0.0381332
0.024957	0.00594349	0.0383636
0.0182421	0.0104246	0.0391396
0.0271939	0.0151442	0.0382962
0.0291622	0.00136536	0.0379609
0.00346316	0.0155529	0.0406686
0.0363123	0.00202753	0.0370873
0.0189963	0.000138817	0.0388722
0.037601	0.0144843	0.0370506
0.0446905	0.00913821	0.0364137
0.0245908	0.012903	0.0385118
0.0195595	0.0106658	0.0389729
0.0368848	0.0154065	0.0371022
0.0280939	0.0138757	0.0379879
0.0360805	0.0137274	0.0373622
0.0221546	0.00336475	0.0386977
0.0384824	0.0131404	0.0370508
0.0316342	0.00919732	0.0377366
0.0360736	0.0099631	0.0372031
0.0210025	0.0074012	0.0388124
0.0217046	0.00458626	0.0386058
0.0265506	0.00794328	0.0382011
0.0174415	0.0160264	0.0393178
0.0396651	0.015477	0.0369436
0.0274929	0.015465	0.038295
0.0314364	0.00901337	0.0377479
0.0294314	0.0167565	0.0380117
0.0155532	0.012325	0.0392715
0.0123069	0.00391753	0.0397734
0.029626	0.00190109	0.0378906
0.0242457	0.0167584	0.0383882
0.00600778	0.012775	0.0402784
0.038162	0.00780434	0.0370626
0.0076469	0.0144009	0.0400585
0.0161418	0.00611386	0.0391476
0.0471336	0.0107137	0.0361443
0.0198515	0.00912894	0.0389425
0.0289441	0.0135621	0.0380354
0.0209354	0.0145302	0.0386301
0.02879	0.0130969	0.0380308
0.0337093	0.00621002	0.0374432
0.0195101	0.00946899	0.0388801
0.0337483	0.0109931	0.0374394
0.0468879	0.00917081	0.0361416
0.0347143	0.0108185	0.0374333
0.0404136	0.00903221	0.036864
0.0497495	0.00842903	0.0357818
0.0313296	0.00287848	0.037749
0.0336136	0.0100486	0.0375233
0.0300736	0.0126325	0.0379212
0.0509127	0.00965165	0.0357353
0.035985	0.0107144	0.0373562
0.0459049	0.0143818	0.0361473
0.0290511	0.00858716	0.0379353
0.0200823	0.0108877	0.0388783
0.0271783	0.00556411	0.0381409
0.0305733	0.0138661	0.0378395
0.037897	0.0114964	0.0370211
0.0151647	0.00635358	0.0392884
0.0266973	0.00989608	0.0383254
0.0341399	0.0136355	0.0373735
0.0347619	0.0137545	0.0374434
0.0397556	0.0084207	0.0366697
0.0226184	0.014557	0.0386682
0.0338686	0.0110016	0.0374981
0.0282406	0.00654916	0.0380175
0.0341724	0.00869446	0.0374893
0.0425391	0.0137305	0.0366195
0.0293524	0.00919087	0.037927
0.0368728	0.00931762	0.0371738
0.0347761	0.0115209	0.0374397
0.0268206	0.0052999	0.0381599
0.037387	0.00243705	0.0371815
0.0179782	0.0131726	0.0391721
0.0153264	0.00917787	0.0393177
0.0205004	0.00930687	0.0388097
0.025273	0.00944004	0.0384053
0.0266223	0.0132629	0.0383221
0.0199114	0.0136398	0.0389254
0.0342888	0.00537469	0.0374261
0.0379789	0.0137239	0.0370187
0.0232751	0.01004	0.0384918
0.0348215	0.0156919	0.0376054
0.0284166	0.00874165	0.0380675
0.0296392	0.0144514	0.0379455
0.0162211	0.00397967	0.039162
0.038573	0.0145977	0.0369508
0.0421596	0.016211	0.0366867
0.0256262	0.00198642	0.0384124
0.0410434	0.00535513	0.0366752
0.0308033	0.013999	0.037659
0.0233629	0.012042	0.038566
0.0109415	0.0159533	0.0400165
0.0365343	0.00839098	0.0372184
0.04146	0.00358324	0.0367708
0.0319482	0.00298386	0.0375219
0.00481568	0.014406	0.0402323
0.0256743	0.0165148	0.0381423
0.0331523	0.00297183	0.0374558
0.0391234	0.00872393	0.0370097
0.0368887	0.0163842	0.0371191
0.0320937	0.00603578	0.0376636
0.0309553	0.00917505	0.0377635
0.04206	0.00828358	0.0366154
0.0410544	0.0132871	0.0367679
0.0182669	0.0137006	0.0391156
0.0396657	0.00390125	0.0366917
0.0274633	0.00670045	0.0380937
0.0327829	0.0170183	0.0377247
0.0348729	0.00807568	0.0374027
0.026494	0.00649039	0.0381975
0.0411758	0.0136917	0.0366992
0.0272599	0.00280571	0.0381544
0.0221418	0.0104942	0.0386229
0.023762	0.0161719	0.0385138
0.0305456	0.0137954	0.0379351
0.0293636	0.012182	0.0379475
0.0267697	0.0108674	0.0381903
0.00488665	0.00685576	0.0404787
0.0420623	0.0105577	0.0366761
0.0208819	0.00195618	0.0387939
0.0466481	0.00736282	0.0361717
0.0287059	0.00609911	0.0378317
0.0267277	0.00311974	0.0381963
0.0221411	0.0140978	0.0387538
0.0303033	0.0151546	0.0380376
0.0127597	0.00905628	0.0395711
0.0377933	0.00204755	0.0370171
0.0353863	0.00369903	0.0373976
0.0451153	0.0149034	0.0362926
0.00734313	0.0085332	0.0400353
0.0399755	0.00861756	0.036817
0.0289148	0.0122733	0.0381083
0.0397161	0.00978522	0.0368393
0.0257921	0.00837363	0.0382369
0.0429076	0.00833234	0.0363141
0.0355421	0.0132861	0.0374133
0.025389	0.0131561	0.0382825
0.0117266	0.000267258	0.0396895
0.0426753	0.00962436	0.0365756
0.0175067	0.00623426	0.0392165
0.0155653	0.00542066	0.0392296
0.0412996	0.0112184	0.036664
0.0234882	0.00324435	0.0385778
0.0434282	0.0118719	0.036547
0.030085	0.00973999	0.0378042
0.0263889	0.000404775	0.0380505
0.0176922	0.0157099	0.0391121
0.0403809	0.0114062	0.0367857
0.0346521	0.0112187	0.0374218
0.0182562	0.0123156	0.0391129
0.0448642	0.0167231	0.0364104
0.0317439	0.00774737	0.0376798
0.0269214	0.00590677	0.0381405
0.0249257	0.0139161	0.0384639
0.0274006	0.010115	0.0381879
0.0302945	0.00277279	0.037842
0.0179263	0.00774502	0.0391315
0.0206822	0.00571633	0.0388629
0.0515904	0.00886096	0.0357389
0.00267054	0.00367854	0.0403024
0.0283099	0.0145504	0.0381845
0.0291814	0.0113357	0.0379956
0.0137105	0.0101016	0.0395223
0.0361877	0.005468	0.0371986
0.0315271	0.0141065	0.0378563
0.0172553	0.0164182	0.0392215
0.0321131	0.00573381	0.0374677
0.0207419	0.00708448	0.0388424
0.0317885	0.0141993	0.0378455
0.0281684	0.00875675	0.0380536
0.0111152	0.00608963	0.0397923
0.0275542	0.0106934	0.0382059
0.0184489	0.0041952	0.0389764
0.0175731	0.00938841	0.0391716
0.0165388	0.0163029	0.0393007
0.0205951	0.0158068	0.0389891
0.0276842	0.0118631	0.0382028
0.0246693	0.00727157	0.0383382
0.0445525	0.0136555	0.036407
0.0302861	0.0129284	0.0377258
0.0355318	0.0111633	0.0373498
0.0201496	0.00933354	0.0389142
0.0337326	0.0126938	0.0375095
0.036077	0.0123166	0.0373399
0.028199	0.00778317	0.0380685
0.00476101	0.0123084	0.0406017
0.0312657	0.0143914	0.0376897
0.0492292	0.010735	0.0359345
0.027158	0.0054758	0.0381306
0.0380764	0.0148581	0.0370224
0.0427183	0.00918995	0.0364132
0.01899	0.00616207	0.0389947
0.0219317	0.00657107	0.0385875
0.0356808	0.00651254	0.0372715
0.0228558	0.00793454	0.038536
0.0371015	0.0146101	0.0372353
0.0386597	0.000163225	0.0368123
0.0247206	0.00935161	0.0384015
0.037045	0.01263	0.0370548
0.0343156	0.0152139	0.0376057
0.0176098	0.0159707	0.0390555
0.0260203	0.0114065	0.0383105
0.0336572	0.0120778	0.037547
0.0383762	0.0162385	0.0371731
0.0163112	0.00405858	0.0393697
0.0345354	0.0137498	0.0372959
0.0184561	0.00375984	0.0390105
0.0246413	0.0084825	0.0383894
0.0257975	0.0116381	0.0381902
0.0328474	0.00896055	0.0376305
0.016923	0.0113886	0.0390685
0.0358792	0.016075	0.0372286
