0.022777	0.00688533	0.0373681
0.0154927	0.00775836	0.0364354
0.0240858	0.0141893	0.0374997
0.0211709	0.0147141	0.0369705
0.0442921	0.00765094	0.0397792
0.0164795	0.00184162	0.0367051
0.042101	0.0131827	0.0393743
0.0046472	0.0035914	0.0352189
0.0428125	0.00872526	0.0394815
0.0313639	0.00558055	0.0381735
0.0309586	0.0134154	0.037976
0.0408479	0.0100144	0.0393114
0.0249661	0.0116467	0.0375087
0.0300649	0.0162281	0.0380394
0.0297622	0.00968028	0.0381518
0.0359109	0.0124854	0.0385536
0.00935559	0.0147744	0.0356161
0.0343664	0.0157404	0.0385114
0.0336451	0.00552182	0.0384757
0.0199292	0.00689218	0.0369563
0.0207765	0.00973863	0.0370984
0.0241649	0.0126927	0.0373985
0.0383022	0.00640158	0.03901
0.00917066	0.0042223	0.0355849
0.039111	0.000527466	0.0391196
0.0309078	0.00841771	0.0380803
0.0270477	0.0150508	0.0377657
0.0170508	0.0078038	0.036695
0.0369799	0.0116642	0.038855
0.0339008	0.00806215	0.0384586
0.0268912	0.0167577	0.037866
0.0254046	0.0137535	0.0374421
0.0218661	0.0121439	0.0371741
0.0382469	0.0126527	0.0388037
0.0331525	0.00538993	0.0383616
0.0176358	0.00755436	0.0366954
0.0342547	0.00383524	0.0386155
0.0418847	0.0143833	0.0392056
0.0353671	0.0107031	0.0386412
0.0413622	0.0121491	0.0394147
0.0397192	0.00339193	0.0392898
0.032064	0.0124441	0.0381985
0.0205798	0.0188881	0.0369852
0.0320716	0.00936756	0.0381771
0.0397398	0.00541896	0.0392774
0.0333226	0.0124457	0.0383608
0.0018488	0.00764731	0.0350154
0.0432733	0.000156142	0.0396533
0.0363362	0.0138919	0.0385742
0.0268292	0.00728043	0.0376817
0.0186461	0.00378293	0.0367475
0.025755	0.00419398	0.0374866
0.040172	0.00741038	0.0393411
0.0230571	0.00654741	0.0372824
0.0371145	0.00889275	0.0387739
0.0434686	0.00809842	0.0396058
0.0402264	0.00838077	0.0391223
0.0310894	0.0134054	0.0381999
0.0329035	0.00632094	0.0383742
0.0287559	0.0112104	0.0378087
0.0277916	0.00441825	0.0378834
0.021011	0.0125296	0.0370866
0.0406261	0.0057562	0.0393187
0.0351833	0.0126815	0.0386091
0.0239718	0.0123288	0.0373656
0.010807	0.0103028	0.035965
0.0178837	0.00801266	0.0367775
0.0468154	0.00881841	0.0399542
0.0389916	0.00347668	0.0391319
0.0471004	0.0169	0.0401114
0.0314563	0.00998205	0.0381686
0.0353018	0.00705495	0.0386319
0.0226671	0.000947203	0.0374513
0.0270465	0.014237	0.037772
0.0374507	0.00613614	0.0388841
0.0238802	0.00655614	0.0373026
0.0229078	0.00529998	0.0372649
0.0240561	0.00266766	0.0373822
0.0386703	0.0116357	0.0391194
0.0339988	0.0140625	0.0385864
0.0412401	0.00802946	0.0393168
0.0444496	0.0136257	0.0397606
0.00775004	0.0160846	0.0355524
0.0275639	0.0130171	0.0378033
0.0523789	0.0119985	0.0403413
0.0359308	0.0105989	0.0386766
0.0120461	0.0140688	0.036087
0.0252205	0.00947258	0.0375268
0.0474286	0.00862732	0.0400035
0.0345338	0.00779784	0.0385185
0.0335832	0.0101599	0.0384139
0.00613765	0.0141145	0.0352364
0.0173957	0.0129725	0.036639
0.0415165	0.00211663	0.0394525
0.0400106	0.0150552	0.0392608
0.0311793	0.00422536	0.0382196
0.0285307	0.00755735	0.0378439
0.0144563	0.00460705	0.0362566
0.0022226	0.0048796	0.0352159
0.0277199	0.0155005	0.0377036
0.0336325	0.0149713	0.0384289
0.0337211	0.00793551	0.038386
0.0335812	0.0138252	0.0384085
0.00929533	0.00851692	0.0357403
0.0231043	0.0149771	0.0373613
0.00144277	0.0155093	0.0347874
0.0109363	0.0104944	0.0357846
0.0221788	0.0172041	0.0371133
0.0392122	0.000910012	0.0390218
0.0448735	0.0150958	0.03972
0.0259772	0.0122457	0.037641
0.0388655	0.0109702	0.0391366
0.0529316	0.0100812	0.040554
0.0412632	0.016394	0.0391121
0.0493706	0.015139	0.040232
0.035671	0.0117401	0.0385656
0.0215475	0.0163258	0.0370373
0.0315342	0.0106	0.038201
0.0393651	0.0125914	0.0391881
0.0472325	0.00232915	0.0400307
0.0304317	0.00433803	0.0381687
0.0370037	0.0103299	0.0388019
0.0138942	0.0141544	0.036391
0.0351192	0.00345822	0.0385074
0.0398482	0.0127223	0.0390831
0.0325958	0.016271	0.0382301
0.0135908	0.00479709	0.0361252
0.0217246	0.0168764	0.0369072
0.0138208	0.00192672	0.0364142
0.0287284	0.0141041	0.0379344
0.0281182	0.0123095	0.0378044
0.0434661	0.00645469	0.039655
0.0533996	0.00373468	0.0405123
0.0242918	0.0146858	0.037436
0.0251316	0.0131894	0.0375686
0.0209552	0.00423214	0.0370926
0.00162497	0.00764778	0.0349512
0.0187187	0.0168326	0.0368064
0.0273674	0.0135335	0.0376981
0.0164259	0.0151077	0.0364868
0.0267246	0.00323034	0.0377739
0.0468774	0.00604088	0.0400322
0.0254723	0.0124689	0.0375732
0.0435491	0.00807568	0.039602
0.0220889	0.0131673	0.0371556
0.0393683	0.0137338	0.0390673
0.0239668	0.00963914	0.0373701
0.0383534	0.00768413	0.0389679
0.0224758	0.00264799	0.0372045
0.00131031	0.0083921	0.03453
0.0313995	0.00824029	0.0381732
0.0420644	0.0135365	0.0392831
0.0387554	0.00252565	0.0390468
0.0386414	0.00569715	0.0389939
0.0410173	0.00618893	0.0394012
0.0379754	0.00475579	0.0388906
0.044789	0.0114211	0.039774
0.0330076	0.0109727	0.0384105
0.0470436	0.00615767	0.040037
0.0310791	0.0152834	0.0382836
0.0329111	0.0063448	0.0384198
0.0101019	0.0110316	0.0358146
0.0226939	0.0100585	0.0372699
0.0460767	0.013963	0.03987
0.0227775	0.00529965	0.0371735
0.0298509	0.0155572	0.0380659
0.0372367	0.0103227	0.0389826
0.0270552	0.0106384	0.037673
0.0196067	0.00711253	0.036896
0.0340609	0.00624472	0.0385049
0.0394045	0.00781694	0.0392478
0.03942	0.0161899	0.0392381
0.0093689	0.0119138	0.0358506
0.0325364	0.0135736	0.0382501
0.0262367	0.0121701	0.0375966
0.0398627	0.00041085	0.0389711
0.0219839	0.0155202	0.0370602
0.0416414	0.0151755	0.0391701
0.0464472	0.0145774	0.0396818
0.0282431	0.00729078	0.0378506
0.0333219	0.0107858	0.0385449
0.0383356	0.0144731	0.0389102
0.0321794	0.0134752	0.0382055
0.015754	0.0077441	0.0363262
0.0334103	0.0129536	0.0385302
0.0394798	0.00909822	0.0390905
0.0323968	0.0120459	0.0384776
0.0149816	0.00466055	0.0363698
0.0384253	0.0164357	0.0388135
0.0335699	0.0196994	0.0384921
0.0279739	0.00881352	0.0378255
0.0323628	0.00962257	0.0382034
0.0375254	0.00725851	0.0389979
0.0289299	0.0124737	0.0378932
0.0341232	0.00337279	0.0385823
0.0414832	0.0104555	0.0392079
0.0278754	0.0105846	0.0377861
0.0305449	0.0208275	0.037925
0.0311948	0.0118167	0.0381402
0.0305903	0.00700277	0.0381792
0.034079	0.0037438	0.0385424
0.0150024	0.0105267	0.0366345
0.023048	0.00996584	0.0373329
0.0272119	0.0135177	0.0378288
0.0342498	0.0101248	0.0384607
0.0198505	0.0174934	0.0368484
0.0286387	0.0112187	0.0378582
0.0302631	0.00226816	0.0379536
0.0294337	0.00434396	0.0380495
0.0283559	0.016051	0.0377318
0.0286685	0.00547144	0.0379046
0.0464143	0.0138921	0.0400029
0.0152622	0.00824533	0.0362024
0.00752432	0.00974988	0.0352673
0.0254065	0.0104538	0.0375825
0.023541	0.013375	0.0372856
0.0343602	0.0154513	0.0386661
0.0318116	0.00664733	0.038285
0.0191533	0.0103265	0.0368691
0.0407255	0.0150315	0.0394032
0.00944282	0.00301908	0.0357253
0.028225	0.00341183	0.0379981
0.0327873	0.0142385	0.0382942
0.015835	0.0127238	0.036497
0.0337964	0.0167882	0.0385897
0.0355609	0.00570209	0.0386846
0.0436353	0.0153916	0.0397162
0.0323411	0.00912438	0.0383968
0.0344838	0.00720584	0.0386483
0.00479597	0.0117977	0.0352563
0.0342569	0.016928	0.0384082
0.0125876	0.0101619	0.0361396
0.0150656	0.0173702	0.0364937
0.0348059	0.00870123	0.0385862
0.022322	0.0116071	0.037193
0.0355923	0.00956494	0.0386596
0.0317354	0.0146072	0.0383523
0.0374182	0.0155832	0.0390056
0.0435259	0.0151587	0.039315
0.010701	0.011576	0.0358938
0.0443386	0.00974954	0.0397556
0.0229193	0.0143435	0.037278
0.0166655	0.00401294	0.0363951
0.0284444	0.0117526	0.0379248
0.0384358	0.00772225	0.0390088
0.0282534	0.0121939	0.0379393
0.0156678	0.0100377	0.036477
0.0329878	0.015246	0.0383588
0.042264	0.00635342	0.0395901
0.0381408	0.0068252	0.039002
0.0314961	0.0108274	0.0381154
0.0425394	0.00662068	0.0394169
0.0481299	0.0145222	0.0400059
0.018064	0.00675036	0.0367293
0.023853	0.00382394	0.0375274
0.0391453	0.0121263	0.0390648
0.0217547	0.00171536	0.0369869
0.0408849	0.0147481	0.0393011
0.0387554	0.0127143	0.0389407
0.0431214	0.0158018	0.0396593
0.0246578	0.0135597	0.0377013
0.0360685	0.00432959	0.0388181
0.00100693	0.0129352	0.0349131
0.0409871	0.0122753	0.03931
0.0442627	0.0125063	0.0394826
0.0410464	0.00869383	0.0394455
0.023899	0.0124734	0.0374161
0.00160299	0.0143762	0.0345994
0.0286471	0.00714977	0.0378445
0.0214663	0.0160846	0.0370382
0.0238017	0.0150262	0.0373841
0.0137354	0.0160415	0.0362561
0.0311395	0.00967845	0.0381208
0.0139368	0.00791452	0.036289
0.0358395	0.0163839	0.0387735
0.0517924	0.00387021	0.0404498
0.0398085	0.0084671	0.0390295
0.0169704	0.0134439	0.0367163
0.0342184	0.0112955	0.0385456
0.0340075	0.00500428	0.0385891
0.0331625	0.0100253	0.0384006
0.0184049	0.00478787	0.0367172
0.0405029	0.00886783	0.0391343
0.0321976	0.0125859	0.0384687
0.0334609	0.0104843	0.0385178
0.0246507	0.0106481	0.0374924
0.0235075	0.0121329	0.0373657
0.043318	0.0143415	0.0394812
0.0200039	0.00736648	0.0370606
0.0246978	0.00960985	0.037329
0.0160805	0.0084365	0.0362997
0.0175367	0.011091	0.0365436
0.0371682	0.00290359	0.0388571
0.0250817	0.0146616	0.0375269
0.0381533	0.00532067	0.038975
0.00932873	0.0121997	0.035506
0.0404032	0.0149791	0.0393691
0.0366925	0.000720716	0.0389462
0.0350356	0.00888089	0.0386915
0.0137676	0.00477037	0.0363917
0.0225635	0.0113522	0.0370876
0.0230506	0.0125936	0.0373608
0.0391897	0.00319138	0.0391739
0.0335018	0.0123819	0.0383726
0.00470118	0.0156193	0.0351649
0.0413175	0.0120748	0.0394162
0.0268657	0.0149007	0.0377381
0.00388128	0.00707082	0.0350891
0.0338198	0.0123921	0.0385476
0.0432853	0.0162395	0.039522
0.0113819	0.00275778	0.0360783
0.0251221	0.0123026	0.0375486
0.0290513	0.00999619	0.0380096
0.034648	0.0114244	0.0385397
0.0173711	0.00424571	0.0365754
0.0332191	0.0143306	0.0383774
0.0209469	0.0162786	0.0369786
0.0262591	0.0103793	0.0376129
0.0477786	0.0116405	0.0400709
0.0272945	0.0143952	0.037832
0.0294781	0.0126552	0.0379062
0.0385291	0.0117583	0.0390254
0.00904331	0.00614732	0.0358007
0.0535689	0.0166687	0.0408657
0.0398378	0.0120525	0.0392559
0.0364991	0.0169566	0.0386893
0.0379171	0.00372839	0.0389853
0.0351186	0.0201103	0.0387439
0.0535451	0.00459459	0.0406623
0.0170061	0.0155168	0.0365021
0.015638	0.00468285	0.036268
0.030757	0.00542969	0.0381671
0.01826	0.0133202	0.036548
0.0342599	0.0163944	0.0384381
0.0118105	0.0104102	0.0360573
0.0194086	0.0155622	0.0370287
0.0289417	0.0145998	0.0380265
0.0320003	0.00437225	0.0382341
0.020002	0.00438669	0.0370114
0.0378976	0.00860481	0.0389531
0.0280595	0.00862413	0.037808
0.0142824	0.00392724	0.036204
0.0401454	0.00154422	0.0390608
0.0159531	0.00361961	0.0365798
0.0367662	0.00838088	0.0387573
0.0324035	0.0161434	0.0384509
0.0282565	0.0124999	0.0378229
0.0442289	0.0150337	0.0394383
0.0392539	0.0148303	0.0389891
0.0261889	0.00652987	0.0376362
0.0303395	0.00413793	0.0380367
0.0174064	0.0147125	0.0363904
0.0276784	0.0117797	0.0377517
0.0294539	0.0069735	0.0380076
0.0337901	0.00717216	0.0383896
0.0258152	0.0104851	0.0374794
0.0274666	0.011283	0.0377787
0.0319499	0.0102241	0.0383311
0.0179051	0.0151235	0.0365353
0.0293909	0.0169285	0.0376874
0.010186	0.00912672	0.0359011
0.0418235	0.0133116	0.0395528
0.0226051	0.0106829	0.0372359
0.0240544	0.0103347	0.0373078
0.0306652	0.0140784	0.0381935
0.0284113	0.00766736	0.0378412
0.0426885	0.0106344	0.0395282
0.0150436	0.0145313	0.0363157
0.0243406	0.00865208	0.0374465
0.0341561	0.016533	0.0382644
0.0198715	0.00269227	0.0369682
0.0210178	0.0120835	0.0370297
0.0125932	0.00916286	0.0361039
0.033231	0.00157878	0.0382231
0.0322948	0.013638	0.0383977
0.03873	0.0119995	0.0391399
0.0248335	0.00253812	0.0373867
0.0376606	0.00561296	0.0388426
0.037607	0.00010451	0.0390127
0.0529005	0.0158206	0.0404024
0.0490309	1.44029e-05	0.0403014
0.0359613	0.0053743	0.0387113
0.0240442	0.000175379	0.037567
0.0281095	0.0106102	0.037753
0.0234764	0.00804622	0.0373655
0.0338459	0.0101236	0.0383759
0.0251101	0.00858579	0.0375372
0.0275178	0.01134	0.0379545
0.028211	0.00055358	0.0380093
0.0316665	0.0132076	0.0382949
0.0264387	0.00361162	0.0376668
0.0407549	0.0136079	0.0392486
0.0116227	0.00486272	0.0359469
0.0379939	0.014386	0.0387332
0.0236895	0.00642057	0.0373183
0.0212506	0.00887145	0.0370251
0.0175509	0.0140183	0.0366641
0.0117534	0.00449832	0.0359634
0.0287661	0.00656707	0.0378822
0.0486122	0.00793589	0.0403554
0.0245571	0.00710569	0.0375603
0.0436057	0.00998302	0.0395957
0.0384689	0.00758497	0.0390195
0.0250375	0.0158861	0.0374918
0.0354018	0.0164383	0.0387287
0.0284813	0.0112401	0.0378452
0.00933475	0.01605	0.0354448
0.0313068	0.00563446	0.0382592
0.0324599	0.00843555	0.0384048
0.0273646	0.015603	0.0375991
0.0392701	0.0182872	0.0390437
0.0226531	0.00910021	0.0371977
0.0347234	0.00791206	0.0386307
0.0136055	0.0164361	0.0360365
0.0348133	0.00605017	0.0386459
0.0372987	0.0169153	0.0388231
0.0326938	0.0160379	0.0385879
0.0288955	0.0146642	0.0378635
0.0313251	0.0164702	0.0383304
0.033244	0.00182386	0.0382835
0.0353329	0.00414143	0.0387666
0.0267814	0.0128342	0.0377486
0.0352036	0.00877233	0.0386712
0.0200309	0.0156027	0.0368995
0.0337917	0.00915702	0.0384419
0.01385	0.0120162	0.0361218
0.0338145	0.0127	0.0386402
0.0354129	0.0100766	0.0385417
0.0256938	0.00979472	0.037598
0.0336992	0.00855116	0.0384247
0.0519059	0.00782417	0.0406059
0.0310841	0.0136046	0.0380726
0.0119582	0.00326935	0.0359898
0.0227193	0.0109834	0.0372349
0.0245963	0.00577198	0.0374902
0.030519	0.0137248	0.0380293
0.0255029	0.00724855	0.037562
0.00674218	0.0133883	0.0355381
0.0409265	0.0156783	0.0392546
0.0296557	0.00865186	0.0380196
0.0238977	0.00614755	0.037362
0.0308536	0.00983921	0.0381459
0.0274758	0.0120392	0.0378083
0.0227987	0.0148752	0.0373281
0.0355936	0.011519	0.0385432
0.0326129	0.00847091	0.0382927
0.0393254	0.0107467	0.0390043
0.0412477	0.0124018	0.0392996
0.0190406	0.0162601	0.0368404
0.0277213	0.013653	0.0376697
0.0165458	0.00711344	0.0366034
0.0341614	0.00664186	0.0385549
0.0173268	0.00380009	0.0365697
0.0437798	0.00320241	0.0395661
0.0383817	0.0072296	0.0389653
0.0180098	9.8531e-05	0.0364844
0.0317017	0.00443602	0.0382461
0.037486	0.00864004	0.03885
0.0388508	0.00806085	0.0390576
0.0102851	0.012625	0.0356169
0.032079	0.0051998	0.0381859
0.00625142	0.0162576	0.0353845
0.049542	0.0055542	0.040116
0.0209714	0.00346997	0.0369328
0.0317388	0.00162809	0.0381328
0.0231783	0.0100697	0.0373165
0.0187106	0.00584315	0.0367455
0.0335385	0.0106531	0.0383955
0.037311	0.0111665	0.0388058
0.0357555	0.0053547	0.0387033
0.0257418	0.0094642	0.0376292
0.0323119	0.00729441	0.0382742
0.0419512	0.0115974	0.0394531
0.0389349	0.00298586	0.0391353
0.038443	0.00462467	0.0390073
0.0340362	0.0034085	0.0385493
0.0362042	0.00663129	0.038736
0.0471105	0.0140214	0.0399742
0.0327309	0.0119001	0.0384519
0.0203345	0.010288	0.0369405
0.0464171	0.0145286	0.0400108
0.0236485	0.00578641	0.0373985
0.0353837	0.00209405	0.0387712
0.025642	0.0132125	0.0375152
0.0394559	0.00730846	0.0391991
0.028166	0.0105667	0.0379076
0.0334636	0.0108516	0.0384711
0.0209034	0.00958646	0.0369959
0.0328721	0.0143527	0.0382983
0.0229253	0.00815242	0.0372221
0.0222331	0.0148635	0.0371374
0.0296079	0.0136135	0.0380723
0.0282709	0.00884019	0.0377468
0.0323581	0.0125158	0.0382313
0.0230008	0.0169019	0.0374432
0.0398197	0.00873339	0.0391686
0.0363896	0.00555234	0.0388248
0.0497456	0.0150448	0.0403451
0.0245986	0.000924074	0.0372864
0.0308468	0.013723	0.038229
0.0150927	0.0108764	0.0362917
0.0526591	0.00940318	0.0405733
0.0315287	0.0132539	0.0382974
0.0415329	0.00770489	0.0393362
0.0165516	0.00968803	0.0366498
0.0282148	0.0036091	0.0379248
0.0336621	0.0123179	0.0386164
0.0248169	0.0170148	0.0375713
0.0100791	0.00635218	0.035697
0.040633	0.0142391	0.0391367
0.0372684	0.00792132	0.0389041
0.0221833	0.0142071	0.0371406
0.0431965	0.0117097	0.0394533
0.0304145	0.00673812	0.0381555
0.0174012	0.00986487	0.0364499
0.0337843	0.00733946	0.0384681
0.0397182	0.011028	0.0391599
0.0503932	0.0133046	0.0401951
0.00876214	0.00958043	0.0359718
0.0285984	0.00826292	0.0378281
0.0483443	0.0116097	0.0401414
0.0408327	0.0105408	0.0393551
0.0427261	0.0104392	0.039391
0.0327106	0.00257459	0.0383887
0.0243881	0.00578121	0.0373487
0.0371488	0.0132546	0.0389323
0.0339352	0.014162	0.0384521
0.0490179	0.0119444	0.0402392
0.0311399	0.00452209	0.0382853
0.0508939	0.00720006	0.0402936
0.0342724	0.00715529	0.0383961
0.0326675	0.0103726	0.0382939
0.0168033	0.0133743	0.0365879
0.0266015	0.0131083	0.037718
0.0338144	0.0128472	0.0385416
0.0220897	0.0113708	0.0371022
0.045131	0.0103093	0.0397877
0.0245746	0.0132197	0.0374952
0.0381051	0.00202909	0.0390472
0.0337711	0.0135587	0.0385005
0.038762	0.00948894	0.0389506
0.0205674	0.0114179	0.0368702
0.0356828	0.00805524	0.0387815
0.03789	0.00851706	0.0390349
0.0378965	0.0022619	0.0389354
0.0420446	0.00114265	0.0394618
0.0200268	0.0107448	0.0369407
0.0480444	0.00731679	0.0400823
0.0422053	0.0112664	0.0394421
0.026431	0.0015524	0.0375235
0.024139	0.010487	0.0374342
0.0276933	0.012136	0.0378473
0.0220318	0.0144182	0.0374481
0.00864912	0.0102678	0.0357007
0.0416354	0.0114736	0.0392797
0.0106418	0.00882515	0.0358784
0.031301	0.0161211	0.0381777
0.0275266	0.0124531	0.0377607
0.0323981	0.00264199	0.0384092
0.0450971	0.00214969	0.039803
0.0215668	0.0090634	0.03714
0.0315557	0.0154327	0.0383349
0.0292915	0.0145432	0.0380612
0.0293236	0.0138022	0.0379417
0.0313246	0.0104877	0.0381718
0.0332219	0.012065	0.0383497
0.0366436	0.0171296	0.0385204
0.0473023	0.0102325	0.0400415
0.0246049	0.00501234	0.0374353
0.0223805	0.00572132	0.0372502
0.0346935	0.00878426	0.0384972
0.0447451	0.0126791	0.0396946
0.0202726	0.0135291	0.0369524
0.0424416	0.0110652	0.0394994
0.0384889	0.00457498	0.0390967
0.0359565	0.0159641	0.038647
0.0314937	0.0170197	0.0383662
0.023726	0.00654261	0.0372851
0.0402273	0.00461654	0.039226
0.0368133	0.00396592	0.0388152
0.034659	0.0112131	0.0384777
0.00220009	0.0197734	0.0354955
0.0220693	0.00193333	0.0371151
0.0233397	0.00903958	0.037305
0.0315876	0.00553843	0.0381605
0.0363997	0.0140808	0.0386349
0.0306002	0.000536742	0.038269
0.0294232	0.00702433	0.0380632
0.0259181	0.00854603	0.0376496
0.0407518	0.0153858	0.0392236
0.0314948	0.0127771	0.0382574
0.0351118	0.0107162	0.0385107
0.0310784	0.0117184	0.0383344
0.0277508	0.00361753	0.0377069
0.0273196	0.00955603	0.037788
0.0235246	0.00841851	0.0373217
0.0414182	0.0143148	0.0391067
0.0184989	0.0118905	0.0367869
0.0281283	0.0160362	0.0378733
0.0393958	0.000795425	0.039145
0.033054	0.00681805	0.0383445
0.0424326	0.0164391	0.039613
0.0272149	0.0122638	0.0376154
0.0334435	0.00519395	0.0384595
0.048908	0.0152034	0.0402242
0.0188714	0.0122971	0.0368934
0.026498	0.0149039	0.0377008
0.0144288	0.0110094	0.0363002
0.0381854	0.0107161	0.0388962
0.0376398	0.0144334	0.038819
0.0328499	0.0121909	0.0384541
0.0297101	0.0164865	0.0379882
0.0307985	0.0116482	0.038214
0.038972	0.0175388	0.0390289
0.0245275	0.0091301	0.0373322
0.0345241	0.00680062	0.0384775
0.0322163	0.0153645	0.0380591
0.027552	0.0102977	0.0377598
0.00455726	0.0120528	0.0353379
0.0360416	0.0109841	0.0387503
0.00679443	0.00852169	0.0353465
0.0239964	0.0121333	0.0373174
0.0218508	0.00982843	0.0371721
0.0245345	0.0164646	0.0376018
0.0400386	0.00170722	0.0392497
0.024575	0.0121566	0.0375186
0.0387045	0.0142791	0.0389578
0.00874425	0.0104623	0.0356548
0.0284022	0.00875312	0.0379332
0.0350057	0.0142144	0.0386877
0.0201424	0.00927376	0.0371499
0.0405018	0.0156494	0.0393992
0.0157872	0.00658822	0.0363817
0.0391608	0.00235071	0.0390002
0.0396684	0.0101409	0.0392208
0.0325313	0.000344706	0.0384104
0.0311291	0.0120634	0.0381524
0.0206781	0.0111691	0.0369324
0.0410789	0.0164711	0.0394389
0.0357299	0.0167935	0.0386867
0.026292	0.0143622	0.0374877
0.0078527	0.0121939	0.0356076
0.008253	0.00682934	0.0358569
0.0369637	0.0117675	0.0388888
0.0396288	0.0164425	0.0388611
0.0345948	0.0103412	0.0385118
0.0197881	0.00152738	0.0369479
0.0356362	0.0123875	0.038667
0.0137454	0.0056116	0.036039
0.0415746	0.0143602	0.0392391
0.0469266	0.00496335	0.0401545
0.0351645	0.00910984	0.0386048
0.0322411	0.00873375	0.0383819
0.0154086	0.00402569	0.0362313
0.03406	0.00949102	0.0384555
0.0455096	0.000883819	0.0398811
0.0254114	0.00928077	0.0375528
0.0386681	0.00552259	0.0389694
0.0205914	0.0122183	0.036997
0.0411839	0.00284858	0.039349
0.0396589	0.00823414	0.0391346
0.0332103	0.000673278	0.0382796
0.0429004	0.0126925	0.0395228
0.0330193	0.0147079	0.0382706
0.0182769	0.00227462	0.0369664
0.0510427	0.00815674	0.0403838
0.0469536	0.0120969	0.0398648
0.0327791	0.0102371	0.0383719
0.0255237	0.0154254	0.0373961
0.0339961	0.0152423	0.0386029
0.0260804	0.000781935	0.0375849
0.0424281	0.0169962	0.0395555
0.0232076	0.0141896	0.0374116
0.0338969	0.0129077	0.0384233
0.0301412	0.0128026	0.0381284
0.0400357	0.0144402	0.0391127
0.0386926	0.00924695	0.0389751
0.0370519	0.0115645	0.0387286
0.0422365	0.0106467	0.0392959
0.0330957	0.00732043	0.0384408
0.0356925	0.00843947	0.0387924
0.0284644	0.0131724	0.0378145
0.0277164	0.0112111	0.037807
0.0295556	0.00865277	0.0379478
0.0379756	0.00584419	0.0390678
0.0243969	0.0162765	0.0375266
0.036489	0.00278481	0.03883
0.0213424	0.0137933	0.0370592
0.0422197	0.00984219	0.0394501
0.0458247	0.0140495	0.0399135
0.0426791	0.00793788	0.0394585
0.0208163	0.0146908	0.0370221
0.0181002	0.0107664	0.0369665
0.0341695	0.016675	0.0386279
0.0435454	0.0090131	0.0394669
0.0348179	0.0152742	0.0386681
0.0378586	0.00842317	0.0388543
0.0340677	0.014391	0.0383865
0.0265966	0.0138792	0.0376099
0.0435124	0.0172041	0.0396795
0.0146921	0.0137546	0.0361109
0.0320845	0.0116959	0.0381793
0.0446358	0.00499979	0.0397988
0.00680516	0.00967889	0.0356151
0.0467347	0.00455836	0.0398689
0.0323625	0.00983194	0.0383669
0.0360099	0.0123399	0.038647
0.0292547	0.00809241	0.0379025
0.0251401	0.00590061	0.037622
0.0218923	0.0131665	0.0371998
0.0169886	0.00933698	0.0366662
0.0347776	0.0122637	0.0386095
0.0224304	0.0100964	0.0372025
0.0166538	0.00551019	0.0365437
0.0336635	0.00937007	0.0384576
0.0427618	0.00288885	0.0396527
0.0368368	0.0141162	0.0389433
0.0340726	0.00377866	0.0385993
0.0385122	0.00916852	0.0389223
0.0317293	0.00319752	0.0381336
0.0294699	0.00596636	0.0379167
0.0333359	0.0051744	0.0383224
0.0241637	0.0111826	0.0374145
0.045325	0.0101549	0.0396843
0.00296666	0.0136622	0.0350642
0.0488722	0.0128158	0.040192
0.0365906	0.0119464	0.038821
0.0133213	0.0148222	0.0362082
0.0285674	0.015928	0.0378068
0.0176675	0.0156059	0.0366244
0.0376123	0.00401344	0.0389056
0.0229429	0.00508768	0.0373229
0.0375873	0.0121067	0.038745
0.00321553	0.0148334	0.0351001
0.042531	0.00884484	0.0393477
0.028412	0.00909298	0.0378676
0.0257759	0.0157969	0.0374955
0.0378623	0.00884431	0.0389809
0.0464648	0.0126086	0.039994
0.0273912	0.0125001	0.0376288
0.0385595	0.00510497	0.0388831
0.0424156	0.0159841	0.0395635
0.017699	0.00245769	0.036822
0.0367748	0.0118803	0.0387932
0.0320694	0.00993571	0.0383555
0.033327	0.00349511	0.0384639
0.0174105	0.00214012	0.0365641
0.0292536	0.00818611	0.0380054
0.0288583	0.012577	0.038007
0.0217608	0.00996996	0.0371631
0.0345913	0.0161309	0.0384482
0.0333507	0.00457427	0.038434
0.0130011	0.00761301	0.0361545
0.0389879	0.0105968	0.03898
0.0439444	0.00637936	0.0395724
0.0269988	0.0129924	0.0376858
0.0533063	0.0148649	0.0405789
0.0372684	0.00608977	0.0388967
0.0229465	0.0148527	0.037173
0.0288662	0.0133872	0.0378023
0.0436865	0.0130349	0.039439
0.018935	0.0115239	0.0367927
0.0314938	0.0150549	0.0381894
0.0367976	0.00433385	0.038731
0.00680169	0.0110981	0.0354657
0.00708492	0.0120972	0.0355867
0.0239907	0.0113959	0.0374342
0.0353187	0.0118366	0.0385905
0.0300147	0.00940464	0.0380656
0.0464384	0.0129111	0.0400057
0.0205034	0.0125431	0.0369758
0.0378235	0.0134867	0.0389669
0.0228034	0.014312	0.0372652
0.0390348	0.00724587	0.0390911
0.0361684	0.0137017	0.0388192
0.0173304	0.00484704	0.0366708
0.0176417	0.0149352	0.0366257
0.0379456	0.0125185	0.0388528
0.013993	0.0151835	0.0361917
0.0327651	0.0145215	0.0382853
0.0361134	0.0120645	0.0386611
0.0363127	0.0125408	0.038783
0.0244382	0.0182722	0.0373325
0.0377719	0.00935978	0.03901
0.0372504	0.0019663	0.038956
0.0391518	0.00631057	0.0389658
0.0461458	0.0048371	0.0399337
0.0264854	0.00689729	0.0376435
0.021753	0.0115501	0.0371243
0.0223564	0.0107153	0.037403
0.0245284	0.00792369	0.0372927
0.0413015	0.0112714	0.0392328
0.0345947	0.00285295	0.0386532
0.0149037	0.0155407	0.0362715
0.0317371	0.0140006	0.0384463
0.0459154	0.0144562	0.0396485
0.044788	0.0156306	0.0395785
0.0304036	0.00953186	0.0381105
0.0280461	0.00596385	0.0378051
0.0452651	0.0106194	0.0397857
0.0206639	0.0119375	0.0369267
0.0274744	0.00417979	0.0378418
0.0265298	0.00931176	0.0375998
0.0355143	0.0113359	0.0387522
0.0444541	0.0158466	0.0398676
0.021499	0.0123692	0.0370935
0.0252748	0.00899587	0.037384
0.0235192	0.00625052	0.0372567
0.0195031	0.0105962	0.0369114
0.0293794	0.0140795	0.0380487
0.0275265	0.00991728	0.0376943
0.0328577	0.0166772	0.0384766
0.0338466	0.00266033	0.038364
0.0365955	0.0121673	0.0387349
0.0251583	0.0124372	0.0375607
0.039991	0.00379383	0.0390069
0.0378625	0.0130093	0.0388436
0.0281057	0.0146623	0.0378148
0.0128801	0.0150679	0.0358651
0.0168156	0.00484514	0.0366184
0.0327594	0.00737866	0.0384155
0.0295483	0.0114617	0.0380654
0.0400528	0.00145903	0.0390531
0.0205325	0.0130257	0.0370551
0.0256154	0.0145187	0.037496
0.0399409	0.0145124	0.0393146
0.0366407	0.0157279	0.0389011
0.0297667	0.01145	0.0379276
0.0115866	0.00844111	0.0360127
0.0314159	0.0142459	0.0381837
0.0464895	0.00852108	0.0400298
0.0294658	0.012088	0.0380437
0.0159553	0.0150212	0.0364486
0.0334149	0.0143406	0.0383569
0.037534	0.0132796	0.0389804
0.0277275	0.00196889	0.0377877
0.0491049	0.00654393	0.0402068
0.0384439	0.00707101	0.0391271
0.0211056	0.0122587	0.0369808
0.0216295	0.0168344	0.0368053
0.0306977	0.0148799	0.0381967
0.0232719	0.00795179	0.0372706
0.0385743	0.00581812	0.0390823
0.0404495	0.013411	0.0391768
0.037971	0.0115601	0.038914
0.038148	0.00487029	0.0390901
0.0329484	0.00876583	0.038325
0.0304801	0.0157161	0.0381362
0.0310184	0.00641006	0.0382266
0.0216259	0.0145505	0.0371521
0.0188966	0.0152383	0.0367399
0.0250685	0.00891515	0.0375489
0.0359517	0.0140673	0.0387954
0.0492418	0.0120853	0.0400766
0.0375656	0.0103601	0.0390234
0.03	0.0127927	0.0381132
0.0337263	0.0106023	0.0383627
0.0322461	0.0134431	0.0382669
0.0427047	0.00984875	0.0393854
0.0411028	0.00394681	0.0391304
0.0319749	0.0157596	0.0383047
0.0324922	0.0166223	0.0381883
0.0310071	0.00858829	0.03818
0.0277655	0.0107018	0.0377119
0.0211393	0.0144063	0.0370724
0.0149503	0.0126754	0.0363808
0.0355707	0.0144806	0.0384684
0.0313111	0.00782303	0.0381678
0.0439115	0.0124939	0.0395028
0.0232286	0.0145046	0.0372852
0.0229862	0.00991393	0.037279
0.0189907	0.0136813	0.0368148
0.0349119	0.00245887	0.0387154
0.0321178	0.013448	0.0382312
0.0289691	0.00275046	0.037898
0.0235528	0.00863095	0.037286
0.0318076	0.00816827	0.038209
0.0224569	0.00704884	0.037179
0.0226069	0.00335338	0.0372835
0.0127581	0.013679	0.0361586
0.018652	0.00112782	0.0369575
0.0323674	0.0124699	0.0383376
0.0346071	0.00201556	0.0384904
0.0301156	0.0133336	0.0380147
0.0269002	0.00465961	0.0376213
0.0257892	0.00890381	0.0375931
0.0315052	0.00960902	0.0382916
0.0396227	0.0127417	0.0391209
0.0373714	0.00900531	0.0388088
0.0290429	0.00707047	0.0379183
0.028061	0.000454682	0.0376366
0.0120896	0.0148698	0.0361749
0.0257877	0.0160018	0.0377267
0.0138784	0.00625626	0.0361618
0.0311121	0.00930408	0.0381237
0.0161951	0.00983327	0.0364337
0.0248862	0.00303712	0.037553
0.0329117	0.0166848	0.0384449
0.0183113	0.00541984	0.0366493
0.0402414	0.00168218	0.0392007
0.0137689	0.0081647	0.0360245
0.0420629	0.013741	0.0393389
0.0171045	0.0132711	0.0366205
0.033635	0.00352823	0.0383578
0.0290764	0.00699957	0.0378717
0.0238207	0.0155579	0.0373143
0.041165	0.0146581	0.0393087
0.0447615	0.0136418	0.0398097
0.0193546	0.0102752	0.0367513
0.0185794	0.0168526	0.0367
0.0298038	0.0136474	0.0379811
0.038823	0.0119625	0.0391429
0.0217787	0.00912541	0.0371096
0.0354855	0.0050485	0.0387691
0.0307867	0.00354991	0.0380329
0.0411659	0.0119505	0.0391875
0.0200311	0.00941936	0.0369512
0.0140714	0.00670465	0.0362908
0.0324553	0.0101258	0.0382364
0.0373922	0.00685873	0.0388892
0.0457488	0.00937952	0.0396945
0.0247424	0.00887002	0.0375074
0.0352963	0.00776036	0.0386537
0.0206451	0.00230294	0.0369993
0.035172	0.0131649	0.0386955
0.0377037	0.00529361	0.0390261
0.0275508	0.0164588	0.0378065
0.024081	0.00709558	0.0373859
0.0303065	0.00174682	0.0382076
0.0177299	0.00546734	0.0366658
0.020912	0.0141499	0.0368076
0.0203151	0.0133981	0.0369546
0.0384802	0.00601769	0.0390094
0.0294392	0.0153015	0.0377832
0.0345411	0.0109628	0.0384615
0.0442037	0.00953614	0.0397606
0.0315474	0.00814458	0.03821
0.0279288	0.000290024	0.0379164
0.034307	0.00843584	0.0386206
0.0306715	0.00671394	0.0380766
0.00956126	0.0164894	0.0358545
0.0217966	0.0135766	0.0372496
0.0389367	0.0170795	0.0391971
0.0142794	0.0119004	0.0363066
0.0268105	0.0121038	0.0376948
0.0293506	0.00278703	0.0379788
0.0148857	0.00716345	0.0363566
0.0286775	0.0117173	0.0379587
0.0462281	0.0116552	0.0397589
3.57024e-05	0.00458639	0.0344791
0.0441801	0.0127839	0.0396487
0.0285068	0.0104419	0.0378535
0.030446	0.0113501	0.0379884
0.026166	0.0170073	0.037437
0.0314386	0.0117706	0.0382338
0.0269856	0.0102287	0.0377223
0.0503241	0.00815888	0.0403938
0.0269051	0.00779667	0.0377171
0.0375166	0.0105854	0.0387744
0.0381009	0.010242	0.038935
0.0200002	0.0138637	0.0368423
0.0302387	0.012124	0.0379787
0.0426364	0.0122945	0.0396424
0.0480042	0.0067303	0.0400106
0.0279409	0.00561732	0.0378515
0.0325709	0.010272	0.0382587
0.022839	0.0128521	0.0370852
0.0221255	0.00718902	0.0371787
0.0478523	0.00808992	0.0399875
0.0252698	0.00538085	0.0375218
0.02488	0.0132532	0.0373384
0.019524	0.0106456	0.0368202
0.027769	0.0124795	0.0376708
0.0210796	0.00447126	0.037141
0.0339863	0.0161737	0.0384685
0.0347479	0.0148819	0.0385046
0.0537804	0.0210104	0.0409663
0.0334838	0.00294652	0.0384228
0.0228302	0.0134557	0.0372432
0.0354722	0.0143934	0.0388438
0.0280617	0.0153818	0.0378808
0.0265131	0.0126633	0.037634
0.0389173	0.00728021	0.0390241
0.0423103	0.0142878	0.0392974
0.0283278	0.0120177	0.0377208
0.0433914	0.011357	0.0394362
0.0391893	0.0110555	0.0391091
0.0209872	0.011753	0.0371099
0.0525618	0.0109524	0.0406285
0.0274865	0.0147253	0.0375846
0.0391254	0.0028595	0.0391603
0.0342553	0.0166163	0.0384136
0.0374378	0.0135345	0.0387976
0.0228698	0.0169862	0.0372792
0.0384058	0.0127661	0.0391167
0.0258664	0.0148218	0.0375203
0.0105113	0.00999578	0.0361567
0.023513	0.011218	0.0373651
0.0394013	0.00555525	0.0390729
0.0173615	0.0124022	0.0364574
0.0363669	0.00988713	0.0388469
0.031273	0.00905343	0.03821
0.037354	0.004759	0.038805
0.0332418	0.00375613	0.0383188
0.0350304	0.00664291	0.0385189
0.0232539	0.0141516	0.0371393
0.00883665	0.000779527	0.0356313
0.0500004	0.00594606	0.0402335
0.0292024	0.000675253	0.0378739
0.0309382	0.0157232	0.0380869
0.0250355	0.0136096	0.0373465
0.0265801	0.00333869	0.0377921
0.0472836	0.0157558	0.0399482
0.0275577	0.0155424	0.0378644
0.023773	0.0157588	0.0376599
0.0158917	0.0106274	0.0365319
0.0251361	0.00801006	0.0375891
0.0282487	0.00947546	0.0378678
0.0187879	0.0139494	0.0369182
0.0358773	0.00887144	0.0387883
0.0194049	0.0120658	0.0367728
0.0505469	0.00870089	0.0405924
0.0308775	0.00876168	0.038114
0.00845606	0.00291941	0.0355886
0.0359214	0.00498707	0.0387243
0.036631	0.0144856	0.0386887
0.0175656	0.0118649	0.0364983
0.0397807	0.0149544	0.0392116
0.0187445	0.015412	0.0367051
0.0288711	0.0140268	0.0379923
0.0457096	0.00898951	0.0398573
0.0261418	0.00379377	0.0376529
0.0334654	0.0108679	0.0383837
0.0425563	0.0117789	0.0393802
0.0364489	0.0109997	0.0388826
0.0269233	0.0116913	0.0377446
0.032678	0.0166353	0.038417
0.0196102	0.00974718	0.0367983
0.0420251	0.00708053	0.0394377
0.0308865	0.015535	0.0380956
0.038621	0.0107573	0.0389457
0.044068	0.0126906	0.0397317
0.0434643	0.0123828	0.0394531
0.0330269	0.00557337	0.0384705
0.0141301	0.00686849	0.0362624
0.0352973	0.00968061	0.0385814
0.0256262	0.0121266	0.0375407
0.0206281	0.0140133	0.0371287
0.0308367	0.012445	0.0379924
0.0391618	0.0122538	0.0391599
0.0246801	0.00946698	0.0374555
0.0350703	0.0152855	0.0386498
0.038246	0.00399167	0.0390652
0.030734	0.0062267	0.038116
0.0416339	0.0136846	0.0394052
0.025468	0.00952771	0.0375588
0.0263402	0.00489494	0.0377169
0.0271203	0.00793231	0.0377425
0.0443218	0.0150958	0.0395004
0.0237442	0.0141906	0.0376257
0.0385851	0.0111862	0.0390148
0.0250932	0.0151956	0.0377849
0.0414348	0.00869195	0.0393565
0.0348649	0.0133383	0.0385136
0.0329226	0.00154417	0.0382595
0.0326371	0.00428355	0.0381808
0.0320611	0.0027964	0.0381348
0.0340492	0.012333	0.0384534
0.0387806	0.00730295	0.0389047
0.0412987	0.00950693	0.0392771
0.0277675	0.0045743	0.0377869
0.0364554	0.0145999	0.0387102
0.0321532	0.00225213	0.0384332
0.0317279	0.0109295	0.0382533
0.0365938	0.0100248	0.0387566
0.0246973	0.0139786	0.037439
0.0433492	0.0159036	0.0396442
0.0381041	0.00925226	0.0388821
0.0177022	0.0102295	0.036701
0.0323336	0.00878972	0.0381882
0.0403379	0.00389495	0.0393464
0.0338774	0.00319097	0.038525
0.0278737	0.00417213	0.0378844
0.0111468	0.00592381	0.0360309
0.0123784	0.0016859	0.0359098
0.0354622	0.00658054	0.0387618
0.0232667	0.0032056	0.0374801
0.0253047	0.00114563	0.0375205
0.038668	0.00136002	0.0389559
0.0237352	0.00832987	0.0373815
0.0191848	0.0128111	0.0369313
0.0260779	0.00221631	0.0377719
0.0263899	0.0133507	0.0376713
0.036849	0.0109205	0.0387826
0.0342511	0.0169247	0.0385083
0.033614	0.0121148	0.0383929
0.0266616	0.0109057	0.0377
0.0213498	0.00785451	0.0369355
0.0325743	0.00824678	0.0383431
0.0260376	0.00327457	0.0376073
0.0408297	0.00940979	0.0393532
0.0320619	0.0139391	0.0384845
0.0449784	0.00665464	0.0397437
0.0180983	0.00839845	0.0367948
0.0261203	0.00794922	0.0377409
0.0300358	0.0169396	0.0380412
0.0306653	0.00293544	0.0380072
0.0262782	0.0162985	0.0376775
0.0459224	0.0156727	0.0399459
0.047576	0.00603323	0.0400045
0.0222059	0.0109911	0.0371454
0.0321843	0.0102529	0.038316
0.0250067	0.0163076	0.0375089
0.0375121	0.00749317	0.0388494
0.0282674	0.00889027	0.0378998
0.0338064	0.0155998	0.0385087
0.0105627	0.0169742	0.0360928
0.0502839	0.0116051	0.040351
0.0376768	0.0052805	0.0389982
0.030922	0.0153338	0.0382637
0.0358527	0.00645282	0.0387032
0.0303093	0.0117124	0.0380481
0.0438357	0.00209554	0.0395076
0.0437576	0.00500123	0.0397646
0.00474655	0.0111019	0.0349791
0.0236326	0.00977646	0.0372008
0.0159204	0.0167991	0.0365015
0.0105349	0.00693711	0.0358505
0.0263318	0.0122741	0.0376079
0.0261652	0.0102875	0.0375281
0.0259376	0.00930575	0.0375825
0.0350617	0.00551828	0.0385574
0.0453767	0.00759688	0.0398886
0.0287656	0.00185687	0.0379121
0.0212766	0.00834001	0.0370333
0.031548	0.0109969	0.0381188
0.0274844	0.00680766	0.037757
0.0242234	0.0102986	0.0374423
0.0364163	0.00341481	0.0388305
0.0349206	0.0127965	0.0384973
0.0473249	0.0127008	0.0400077
0.0335734	0.0155019	0.0385585
0.0296105	0.0127039	0.038066
0.0370387	0.00660227	0.038959
0.0365321	0.00096823	0.0388769
0.0398235	0.0165901	0.038995
0.0366931	0.0156918	0.0389294
0.0319983	0.00873262	0.0382213
0.0215947	0.0120955	0.0371062
0.0225124	0.00898134	0.0372548
0.0170813	0.00787359	0.0366523
0.0528287	0.0167945	0.0406669
0.0307945	0.0126115	0.0382001
0.0279634	0.00587677	0.0376599
0.0312362	0.0160411	0.0380518
0.0256867	0.0104119	0.0374691
0.0448234	0.0151307	0.0395722
0.0442059	0.0120227	0.039662
0.0262834	0.0110093	0.0375192
0.0380821	0.00675816	0.0390431
0.0402618	0.0157248	0.0392692
0.0341511	0.00774752	0.0385534
0.0216495	0.0165178	0.0369242
0.0294976	0.00713021	0.038075
0.0229343	0.016428	0.037287
0.0215781	0.00976584	0.0371141
0.029662	0.0143255	0.0379388
0.0344577	0.0123927	0.0384821
0.0302336	0.00211882	0.0381125
0.0132728	0.00998428	0.0362188
0.0206272	0.00859814	0.0369529
0.0137424	0.0168155	0.0364413
0.0345643	0.0143506	0.0384885
0.0361539	0.00822278	0.0386921
0.0349395	0.0123089	0.0386811
0.022144	0.00596068	0.0370464
0.0416314	0.00907085	0.0392975
0.0270393	0.00769912	0.0377085
0.00383108	0.0147945	0.0352076
0.0370935	0.0115647	0.0387667
0.0235445	0.0048233	0.0373364
0.0444129	0.00752213	0.0396401
0.0491372	0.0166996	0.0401341
0.0403117	0.00539052	0.0392294
0.0287012	0.00749282	0.0379181
0.0332699	0.012911	0.0384692
0.0260301	0.00302234	0.0375462
0.0357272	0.0135608	0.0388118
0.0179983	0.00917823	0.0367342
0.0316236	0.00716898	0.0381562
0.0268658	0.0095337	0.0377488
0.0281947	0.00835653	0.0377552
0.0237879	0.0135735	0.037346
0.0484892	0.0032663	0.040001
0.01622	0.0125708	0.0364484
0.0382437	0.0141268	0.0389462
0.0190993	0.0169216	0.0368622
0.0189031	0.0164611	0.0368046
0.034174	0.00697276	0.0385
0.024138	0.00868431	0.0373912
0.0271725	0.00825149	0.0377412
0.0195302	0.0146581	0.0366341
0.0291661	0.00995729	0.0378799
0.0478555	0.00930573	0.0400741
0.0341952	0.00241564	0.0384628
0.0158919	0.0153568	0.0365738
0.0386391	0.0149375	0.0389741
0.0258829	0.0155686	0.0375162
0.0320778	0.0119268	0.0383181
0.0280102	0.0116643	0.0378461
0.0147625	0.00871947	0.0361958
0.0336688	0.0100036	0.0383917
0.0296014	0.00447835	0.0379922
0.0319257	0.0167199	0.0383024
0.0326313	0.0098365	0.0382253
0.0460107	0.0160634	0.0398009
0.0321264	0.0134236	0.0382169
0.0283039	0.0147854	0.0378884
0.0326221	0.0165303	0.0384347
0.0331509	0.0160354	0.0384546
0.0219946	0.0130556	0.0371982
0.03404	0.00403686	0.03854
0.012552	0.00623734	0.0360982
0.0440708	0.0124652	0.0395149
0.0253911	0.00451766	0.0376745
0.0352887	0.00162235	0.0386924
0.0289473	0.0168536	0.0379296
0.0377813	0.011558	0.0387792
0.0478894	0.00247797	0.0400513
0.025147	0.00793572	0.0375409
0.0132843	0.00885621	0.0362095
0.0232512	0.00722716	0.0374304
0.0465806	0.0134541	0.039779
0.0233452	0.0139256	0.0372065
0.0330373	0.0149768	0.0384519
0.0149125	0.00894122	0.0361585
0.0274802	0.015316	0.0378733
0.0338535	0.0163445	0.0385915
0.0372684	0.008908	0.0388365
0.0348455	0.0165504	0.038466
0.0318594	0.0155777	0.0382923
0.0202105	0.00870632	0.0370039
0.0199647	0.0129276	0.0372053
0.0318374	0.0108034	0.0382802
0.0347417	0.0125543	0.0385305
0.0418626	0.00629727	0.0392437
0.0285803	0.0110511	0.0377934
0.0242773	0.00992331	0.0373252
0.0428117	0.00999269	0.0393821
0.0134317	0.00803892	0.036207
0.0216608	0.0120622	0.0373593
0.0208209	0.0164856	0.0371208
0.0167345	0.00744459	0.0367515
0.0385238	0.015214	0.0389123
0.020652	0.0161069	0.0369346
0.0357244	0.00770997	0.0386985
0.0210202	0.00671176	0.0369844
0.0148184	0.0134936	0.0361419
0.0478058	0.0141443	0.0400829
0.0410332	0.0157071	0.0392678
0.0255282	0.0124104	0.0374914
0.032896	0.012902	0.0382166
0.0393696	0.0141527	0.0390632
0.0333172	0.0126198	0.0384462
0.0415001	0.00866558	0.0393095
0.0219819	0.0154532	0.0371492
0.0383097	0.000664955	0.0391153
0.0286871	0.0134188	0.03796
0.0289001	0.0114265	0.0379836
0.00755887	0.00501932	0.0354175
0.0422819	0.011032	0.0393536
0.038806	0.0130099	0.0388554
0.0293442	0.0105313	0.0379461
0.0144968	0.00223812	0.03616
0.0302995	0.0100148	0.0382214
0.0309982	0.00364504	0.0381831
0.0290545	0.0135569	0.0380095
0.0459591	0.0137447	0.0398805
0.0295184	0.008123	0.0379923
0.0251419	0.0115273	0.0374531
0.0175653	0.0138673	0.0366744
0.0455984	0.00743667	0.0398152
0.0388295	0.00253461	0.0391392
0.0420819	0.0130447	0.0392464
0.0187169	0.0102271	0.0368155
0.0375769	0.0122248	0.0388176
0.023809	0.00507723	0.0373579
0.0255975	0.0109795	0.0377456
0.0406142	0.00866125	0.0392454
0.0108093	0.00804455	0.0357449
0.0247023	0.013155	0.0373123
0.0310195	0.0127618	0.0381041
0.0212074	0.00751749	0.0371357
0.0250896	0.0130621	0.0374101
0.029961	0.011939	0.0380895
0.051413	0.00810044	0.0402961
0.0385398	0.013375	0.0388416
0.0251837	0.0161484	0.0375433
0.0294376	0.00969928	0.0380034
0.0305794	0.0136973	0.038064
0.0252319	0.013615	0.0375841
0.0213469	0.0167338	0.0374258
0.0324845	0.0144562	0.0381177
0.0344096	0.0167752	0.0384922
0.011022	0.0167972	0.0359723
0.0345543	0.0117875	0.0384734
0.0212606	0.00499667	0.0369422
0.0225273	0.000116684	0.0370666
0.0123116	0.0112662	0.0360787
0.0268791	0.00934454	0.0376382
0.0286974	0.00865756	0.0378789
0.0230276	0.00802661	0.0372607
0.0259112	0.00985166	0.0375327
0.0240804	0.012908	0.0373651
0.024447	0.00218499	0.037369
0.0355814	0.00116915	0.0386729
0.0398182	0.0112861	0.0390526
0.0326779	0.0117545	0.0383971
0.029397	0.00497622	0.0380624
0.0252635	0.00136352	0.0375257
0.00911804	0.00170407	0.0357039
0.0316524	0.0150004	0.0383456
0.016274	0.0140919	0.0366528
0.0313495	0.00860984	0.0381615
0.0382068	0.0142635	0.0387757
0.00570283	0.00607511	0.0353085
0.045404	0.00354248	0.0398218
0.0375253	0.0132002	0.0390324
0.0153916	0.00633618	0.0363735
0.0286804	0.0105401	0.0378727
0.0273542	0.00584394	0.0378219
0.0315468	0.00895498	0.0382889
0.0264106	0.0125371	0.0377029
0.0367496	0.0112821	0.0387415
0.000944139	0.00623084	0.0347799
0.0425954	0.00692389	0.0395037
0.0448826	0.0150115	0.0397189
0.0483104	0.011308	0.0402276
0.0242002	0.0150774	0.0376897
0.0405157	0.00101672	0.0393033
0.0270104	0.00880975	0.0377298
0.0247761	0.00829241	0.0375467
0.028209	0.0118539	0.0378071
0.0322999	0.00548046	0.0383898
0.0127616	0.00684338	0.0359863
0.0289117	0.012605	0.0379883
0.0248739	0.0116851	0.0373408
0.0236426	0.0149858	0.0373034
0.0262545	0.0160846	0.0377461
0.0116651	0.00275634	0.0361261
0.0317176	0.0130931	0.0381891
0.0478861	0.0121129	0.0398683
0.0226306	0.0059527	0.0373564
0.0264101	0.00433099	0.0377206
0.0328486	0.0134083	0.038439
0.0379397	0.0102199	0.0389608
0.0322465	0.000650681	0.0384145
0.0216659	0.0125069	0.0371791
0.0371998	0.0136627	0.0387867
0.0406472	0.0148215	0.0393643
0.0369369	0.01155	0.0387448
0.0380419	0.0147199	0.0388396
0.0297638	0.0126293	0.0382145
0.0209186	0.00683245	0.0368732
0.0264644	0.0133004	0.0375198
0.031518	0.00747302	0.0382266
0.0285553	0.00611019	0.0378681
0.0369362	0.01203	0.038901
0.0327063	0.0149611	0.0382919
0.0280809	0.0131771	0.0377742
0.035752	0.0123428	0.0386215
0.0299399	0.0116429	0.0381096
0.0330763	0.010877	0.0384601
0.0229518	0.0159183	0.0371994
0.00613763	0.00918179	0.0353574
0.0229016	0.014873	0.0371744
0.0350433	0.00819026	0.0386172
0.0371515	0.0139004	0.0388781
0.0376566	0.0153653	0.0389855
0.0468288	0.0189917	0.0400256
0.0294016	0.00690802	0.0380006
0.0331289	0.00858239	0.0383697
0.0285917	0.0143301	0.0378274
0.0125083	0.00905961	0.0360525
0.0041141	0.0118049	0.0352198
0.0266289	0.000485503	0.0377082
0.0220191	0.000870975	0.0372204
0.00640134	0.000558356	0.0351868
0.0266994	0.0163592	0.0375997
0.0354393	0.0139302	0.0385819
0.0391638	0.00351825	0.0390231
0.0202651	0.0101702	0.0369878
0.0272773	0.0148235	0.0377877
0.0274229	0.00140331	0.0377874
0.0051846	0.0115436	0.0352425
0.0336288	0.0148462	0.0386603
0.036033	0.0133442	0.0387906
0.020717	0.00907477	0.0368985
0.0264492	0.00487415	0.0375651
0.00141126	0.00766092	0.0349583
0.0176231	0.00906707	0.0366964
0.0211799	0.0111047	0.0371367
0.0289736	0.0152645	0.0378558
0.0420416	0.00373404	0.0392282
0.0275083	0.00446001	0.0378116
0.0235704	0.00518245	0.0372566
0.0315689	0.0110426	0.0382924
0.0361566	0.0150402	0.038703
0.0353374	0.012194	0.0384988
0.0349199	0.00952666	0.0386449
0.02349	0.0105321	0.0375188
0.0174757	0.0106404	0.0367202
0.0333127	0.0140904	0.0383489
0.019097	0.00767423	0.0368551
0.0165515	0.00714041	0.0363674
0.0304442	0.0097837	0.0380827
0.0414603	0.00059061	0.039332
0.0251398	0.0120411	0.0375303
0.0128605	0.0108141	0.0362398
0.0318323	0.0140407	0.0382077
0.0246847	0.0116282	0.0374283
0.0456218	0.0136004	0.0396695
0.0422264	0.00708974	0.0393265
0.030045	0.00986656	0.0380337
0.0431432	0.0116373	0.0394326
0.0224291	0.0142696	0.0370475
0.0482093	0.0120443	0.040085
0.0393963	0.00192354	0.0391225
0.0229562	0.00954009	0.03722
0.0385588	0.00543423	0.0390002
0.0359734	0.00911585	0.0386855
0.0333583	0.0156466	0.0384776
0.0284337	0.0138716	0.0378011
0.030023	0.0147792	0.0380024
0.0242681	0.01164	0.0373882
0.027605	0.00418728	0.0376815
0.0344326	0.0169868	0.0384947
0.0291205	0.0132627	0.0381589
0.0280603	0.0139027	0.0377097
0.0283741	0.0107446	0.0379325
0.0367879	0.00950702	0.0388564
0.0306268	0.00335303	0.0379408
0.039047	0.0148774	0.0390978
0.0350675	0.010259	0.0387006
0.0115825	0.0132403	0.0358924
0.0154845	0.0112411	0.0364665
0.0233467	0.0136858	0.0372917
0.0425998	0.00809666	0.0393707
0.0359025	0.0179043	0.0387657
0.0361586	0.00991129	0.0387618
0.0313157	0.000903607	0.0381382
0.0263316	0.0122446	0.0378522
0.0285675	0.00963343	0.0379516
0.0350101	0.011683	0.0386452
0.0213936	0.0150267	0.03708
0.0345368	0.0110484	0.0384403
0.00680337	0.00250066	0.0352301
0.0310034	0.00810126	0.0380262
0.0226415	0.00822406	0.0372735
0.0312216	0.00805621	0.0382653
0.0262295	0.0103959	0.0375069
0.0294215	0.0136166	0.0379234
0.0312578	0.0136648	0.0380201
0.0326275	0.00847325	0.0383228
0.0449983	0.00607667	0.0396032
0.0148004	0.0124627	0.0362637
0.029233	0.0121361	0.0378374
0.0150912	0.0076282	0.036295
0.0269712	0.00616781	0.0376388
0.034671	0.00910578	0.0385023
0.0507719	0.0122066	0.0402326
0.0387137	0.00983557	0.03896
0.0305359	0.0099645	0.0381231
0.0408205	0.0076435	0.0392049
0.0275523	0.00862134	0.0377193
0.0323927	0.0135035	0.038369
0.0307699	0.0111954	0.0380501
0.0524076	0.00330832	0.0405293
0.03013	0.00576018	0.038054
0.0470982	0.0103434	0.0398109
0.0298911	0.0135801	0.0381348
0.0409556	0.0067846	0.0393239
0.00817107	0.000406232	0.0355452
0.0396647	0.0166473	0.0393309
0.023009	0.0101787	0.0371454
0.0270017	0.0108129	0.0376736
0.0223794	0.00606735	0.0372401
0.00589021	0.0117618	0.0354847
0.0254205	0.0153448	0.0375638
0.0242974	0.0132049	0.0373399
0.0279676	0.0102272	0.0378043
0.038201	0.0165578	0.0391051
0.0318771	0.00236549	0.0383042
0.0277065	0.0103433	0.0378252
0.0428294	0.00793861	0.0394364
0.0491004	0.0159519	0.0399866
0.0174203	0.0109878	0.0366572
0.0352411	0.00774492	0.0386075
0.0358755	0.0163585	0.0386585
0.0246425	0.00381989	0.0376142
0.0403668	0.0095505	0.0392354
0.0341598	0.0164847	0.038266
0.0315644	0.0135857	0.0381349
0.0375187	0.0091498	0.0388978
0.0405116	0.000144713	0.0392653
0.0289462	0.0150898	0.0380181
0.0284177	0.0148369	0.0376418
0.0420257	0.0131744	0.0394839
0.0318612	0.0137569	0.0382216
0.0371796	0.00644324	0.0388164
0.0272542	0.00484075	0.0378063
0.019976	0.00590933	0.036968
0.0183734	0.0137206	0.0368562
0.0100728	0.0195708	0.0355148
0.0300641	0.00810902	0.0380488
0.02418	0.0169021	0.0373762
0.0345434	0.00616008	0.0384479
0.0348882	0.00490195	0.0387021
0.0264461	0.00470227	0.0375657
0.034237	0.0104223	0.0385762
0.0375229	0.0106923	0.038813
0.0353194	0.000887157	0.0385787
0.0383406	0.00230158	0.0391129
0.0373735	0.0115297	0.0388347
0.0298374	0.00851487	0.0380186
0.0438155	0.0139833	0.0397092
0.0306017	0.0129249	0.0380685
0.0335151	0.0156183	0.0383111
0.0251238	0.00323174	0.0375762
0.0363543	0.0164455	0.0389778
0.0456716	0.00875391	0.0397997
0.0238278	0.0167352	0.0373752
0.00512206	0.0158428	0.0351075
0.0340932	0.0162934	0.0384004
0.0298	0.00909679	0.037973
0.0311936	0.0139993	0.0379845
0.037305	0.011023	0.0389451
0.028698	0.0148536	0.0381499
0.0367534	0.0140103	0.0389686
0.0222875	0.0178169	0.0375437
0.0388666	0.00243256	0.0389779
0.0334632	0.0120595	0.0383698
0.044715	0.0057254	0.0395941
0.0155789	0.0154698	0.0368033
0.0356859	0.0103479	0.0388028
0.0144528	0.00859534	0.036341
0.0168799	0.00440111	0.0367078
0.0296668	0.0060648	0.0379979
0.0394018	0.00643192	0.039117
0.0307971	0.0145585	0.0381997
0.0355757	0.00917042	0.0386023
0.0132214	0.0143323	0.0359251
0.0394893	0.0152338	0.0391737
0.0287291	0.0133566	0.0379623
0.0491907	0.0107596	0.0402646
0.041448	0.0119868	0.0394308
0.0285841	0.00576219	0.0379677
0.0311634	0.00654692	0.0382365
0.033464	0.0115313	0.0385072
0.038917	0.0116238	0.0390741
0.0296795	0.0102228	0.03808
0.0411886	0.0139861	0.0392881
0.0248387	0.00735167	0.0374693
0.0207438	0.00500309	0.0370172
0.0328691	0.00574057	0.0382772
0.0349941	0.00775947	0.0386131
0.0404208	0.00999364	0.0393151
0.0486309	0.0164359	0.0401975
0.0258446	0.0127836	0.0375604
0.0216202	4.6105e-05	0.0371236
0.0223354	0.0150269	0.0372688
0.050649	0.0102115	0.0405006
0.0229187	0.00618391	0.0373714
0.0329002	0.015038	0.0382873
0.0335287	0.0079324	0.0385317
0.0383203	0.00804485	0.0389237
0.0249888	0.0141478	0.0376043
0.0182711	0.013508	0.0368373
0.0449148	0.0146399	0.0398232
0.0239352	0.0131759	0.0376198
0.0254154	0.0176594	0.0373705
0.0223604	0.0126214	0.0371985
0.0442923	0.0152567	0.0394402
0.0273376	0.00870639	0.0377355
0.0413729	0.00684508	0.0392599
0.0290702	0.0103472	0.0378635
0.0236728	0.00761178	0.0374446
0.0347796	0.00570794	0.038654
0.0296667	0.00865272	0.0380567
0.0372312	0.0163365	0.0387242
0.0403497	0.0131588	0.0391698
0.0410513	0.0127335	0.0392568
0.0275675	0.0104998	0.0378368
0.0420728	0.0088099	0.0394233
0.0343707	0.0160818	0.0386697
0.0367541	0.0122692	0.0387554
0.0306025	0.00564886	0.0381278
0.0201252	0.0153418	0.0369084
0.0344196	0.016208	0.0384259
0.0418202	0.0121569	0.0392307
0.0358023	0.00793689	0.038813
0.0268663	0.00564938	0.0376903
0.0377765	0.00849584	0.0389623
0.0246765	0.0163306	0.0372883
0.0205422	0.0111332	0.0370131
0.0379421	0.00640364	0.0390493
0.0327254	0.0140992	0.0382484
0.0355869	0.0119762	0.0385501
0.00618679	0.00658136	0.0352089
0.0405488	0.0112526	0.0393263
0.0466637	0.0109715	0.0399405
0.0361655	0.0128796	0.0385721
0.0403723	0.0180691	0.0393836
0.034711	0.0168503	0.0384904
0.0316721	0.00311393	0.0382827
0.039092	0.0109946	0.0392098
0.0120899	0.0156697	0.0359487
0.0398093	0.00282047	0.0389752
0.0233408	0.00436423	0.0374027
0.0288612	0.0104018	0.0378743
0.0399154	0.0119206	0.0390916
0.0381191	0.0155975	0.0389062
0.0365301	0.0141699	0.0385875
0.0301607	0.00461895	0.0381368
0.0235736	0.0107045	0.0373807
0.0219717	0.0115632	0.0371451
0.0332791	0.0132486	0.038476
0.038767	0.0138204	0.0390792
0.0287178	0.00940221	0.0378785
0.0279066	0.00895727	0.0378285
0.0451841	0.00782867	0.0397721
0.0438974	0.0136521	0.0394777
0.0411103	0.00969538	0.0392517
0.0423311	0.00306811	0.0394803
0.0283682	0.00828385	0.0378829
0.0166674	0.0156806	0.0364737
0.0235746	0.0087749	0.0372884
0.0355738	0.000961422	0.0385971
0.020479	0.000941095	0.037051
0.0373104	0.0147099	0.0387208
0.0119227	0.00814445	0.035974
0.0125973	0.0107189	0.035967
0.0313668	0.0169323	0.0382634
0.0404791	0.00558917	0.0391734
0.0166095	0.0022982	0.036688
0.0462684	0.0104367	0.0398865
0.0293784	0.00599663	0.0379796
0.0388713	0.00261755	0.0389149
0.0403541	0.00809047	0.0392092
0.020932	0.010019	0.0370433
0.0249342	0.00839099	0.0374303
0.0440441	0.00198226	0.0397119
0.0415608	0.0119535	0.03918
0.0193523	0.000304314	0.0369882
0.0290852	0.0050926	0.0380599
0.031066	0.0155774	0.0380597
0.0315532	0.0156055	0.0383073
0.0294471	0.0105402	0.0379601
0.0465854	0.0112376	0.0397771
0.0176739	0.0134772	0.0369813
0.0205437	0.0120545	0.036999
0.0233249	0.0127246	0.0373075
0.0105293	0.0148299	0.0359143
0.0388704	0.0107377	0.0391041
0.0458744	0.0151003	0.0399387
0.0458907	0.00983856	0.0397015
0.00987909	0.00987536	0.0358139
0.0370364	0.0123148	0.0389636
0.0287847	0.00244054	0.0379046
0.0260172	0.0088575	0.0376691
0.0280517	0.0106407	0.0378857
0.0258226	0.00960829	0.0376304
0.0410622	0.00193377	0.0393893
0.0311143	0.0124456	0.0381402
0.0311487	0.00565792	0.0381116
0.0448273	0.0118339	0.0395372
0.0185439	0.0115629	0.0366186
0.0336135	0.0106127	0.0385272
0.0288684	0.00582264	0.0379219
0.0239407	0.0125633	0.0372025
0.0270417	0.00666097	0.0377874
0.0297589	0.00871659	0.0380641
0.0432706	0.011465	0.0394232
0.0256222	0.0154982	0.0375963
0.0509053	0.0119328	0.0403421
0.0271159	0.0152998	0.0377602
0.0158797	0.00712666	0.0366574
0.0355851	0.0106336	0.0386086
0.0311451	0.0121285	0.0382352
0.0129086	0.0129623	0.0361467
0.0284999	0.00921097	0.0378758
0.0373566	0.0126527	0.0388167
0.00733776	0.00202929	0.0357081
0.0398376	0.00627527	0.0391161
0.0349836	0.0089388	0.0386157
0.040091	0.0092195	0.0391503
0.039245	0.0107497	0.0390014
0.0314951	0.015959	0.0382638
0.0304952	0.0100235	0.0381176
0.0261236	0.00817132	0.0375888
0.0190058	0.00932301	0.0367871
0.0425867	0.0155647	0.0395189
0.0361036	0.0157558	0.0388629
0.0134115	0.00967209	0.0361116
0.0295257	0.0123295	0.0380859
0.0431312	0.010584	0.0393908
0.0439304	0.0111082	0.0397223
0.0284524	0.0127134	0.0379017
0.0382748	0.00802562	0.038919
0.0324982	0.00392789	0.0382804
0.0170332	0.0132704	0.0366658
0.0440448	0.00820361	0.0395908
0.0318897	0.0133239	0.0383266
0.0471495	0.00960541	0.040018
0.0341856	0.00774787	0.0384696
0.0240794	0.00885448	0.0373938
0.0282494	0.0121314	0.0380499
0.0392075	0.0168408	0.0392868
0.0362636	9.66936e-05	0.0388188
0.0391249	0.0142639	0.0388804
0.0404804	0.0151652	0.0390087
0.0263761	0.0137443	0.037681
0.0108461	0.00748451	0.0359827
0.0525979	0.0146769	0.0404116
0.0333888	0.0146572	0.0385313
0.0311094	0.0164321	0.0381558
0.0171839	0.0111373	0.0366287
0.0256062	0.0145578	0.0374957
0.0363095	0.0122527	0.0386796
0.0065649	0.00163535	0.0355852
0.0195142	0.0140912	0.0368838
0.0375776	0.0108084	0.0389276
0.029861	0.0112689	0.0379266
0.0217272	0.0169989	0.036904
0.0411583	0.00345622	0.0393399
0.0180512	0.00101707	0.0367562
0.0274275	0.0133351	0.0378143
0.0336953	0.00938838	0.0384101
0.0349417	0.0139047	0.0387231
0.0499895	0.00296237	0.0404413
0.0304847	0.0164892	0.0380487
0.0251807	0.00854344	0.0373947
0.0372624	0.00598996	0.0388602
0.0452132	0.0134863	0.0398029
0.0426026	0.0147303	0.0392774
0.0495238	0.0139936	0.0402699
0.0293465	0.0162461	0.0381158
0.014669	0.00985325	0.0363457
0.0267551	0.00790716	0.0377214
0.0372262	0.0128493	0.0390006
0.0304758	0.0154137	0.038348
0.0389919	0.0117636	0.0389059
0.0310993	0.016818	0.0381017
0.0379604	0.0134243	0.0390261
0.0330409	0.00455391	0.0384672
0.0223855	0.000634352	0.0372162
0.0150242	0.00965176	0.0362131
0.0426058	0.00845364	0.0393665
0.0173205	0.0114606	0.0366387
0.0537585	0.0035241	0.0405042
0.0256736	0.00954258	0.0376131
0.0424685	0.0168121	0.0393718
0.0240122	0.0124708	0.0372633
0.0342148	0.011973	0.0384845
0.0289648	0.005998	0.0379809
0.0197891	0.00671764	0.0370554
0.0407881	0.00937965	0.0392812
0.0303663	0.00268445	0.0379747
0.0353568	0.0171501	0.0383608
0.0417164	0.00982583	0.0392536
0.0162908	0.0165827	0.0363246
0.0373623	0.0104189	0.0388968
0.0352533	0.00513271	0.0386494
0.0294005	0.015173	0.0380208
0.030609	0.00682715	0.0381877
0.0338356	0.0153694	0.0385347
0.0232928	0.00556707	0.0373535
0.0344729	0.0138166	0.0383657
0.0411217	0.00754055	0.0392089
0.013512	0.0114709	0.0360477
0.0268615	0.0156135	0.037625
0.0303054	0.0107713	0.0381019
0.0294193	0.00680171	0.0380605
0.0240803	0.0095867	0.0372554
0.0332046	0.00870394	0.0384003
0.0397664	0.0145543	0.039177
0.0193621	0.0123144	0.0369029
0.0271086	0.0128306	0.0376065
0.0252401	0.00976175	0.0375248
0.0364051	0.00595228	0.0387036
0.0294186	0.0160571	0.0378944
0.024869	0.0139077	0.0374093
0.0372728	0.00523216	0.038828
0.0401486	0.00310225	0.0390901
0.0266889	0.00887484	0.0378147
0.0476737	0.00745033	0.0399087
0.0296456	0.00331127	0.0380681
0.0377551	0.0111978	0.0390074
0.0485471	0.00319388	0.0399734
0.0210292	0.00100441	0.0370396
0.0275418	0.0060041	0.0378199
0.0427581	0.00927536	0.0394997
0.0289721	0.0119348	0.0378387
0.0347589	0.0125722	0.038484
0.0317289	0.00556574	0.0381577
0.0215626	0.0138199	0.0371022
0.0269424	0.0112589	0.0377488
0.0376173	0.0149459	0.0387939
0.0324401	0.0152927	0.0384074
0.0397738	0.0110021	0.0390565
0.0320746	0.00753247	0.038204
0.0242788	0.0083504	0.0374202
0.0138936	0.0127845	0.0363398
0.015543	0.0145029	0.0362945
0.0246288	0.0168959	0.0374804
0.0448418	0.00855705	0.0396662
0.0312479	0.0030984	0.0381646
0.0333835	0.00968294	0.0383879
0.0413205	0.00562969	0.0393317
0.0288326	0.00701829	0.0379341
0.0264834	0.0143178	0.0377274
0.0334039	0.0023714	0.0385108
0.0357406	0.00422297	0.0387903
0.0249904	0.0140653	0.0372754
0.0284343	0.0100712	0.0378527
0.0284998	0.0145455	0.0379352
0.0396916	0.00261827	0.0391406
0.0180278	0.00711288	0.0368801
0.0240206	0.0158568	0.0374665
0.032902	0.0171755	0.0382448
0.0236342	0.000607624	0.0372326
0.038232	0.0133736	0.0389571
0.000394039	0.00990218	0.0348227
0.0374609	0.0070619	0.0389749
0.0270182	0.0016243	0.0377982
0.0307513	0.0156677	0.0382124
0.0341356	0.00704548	0.0385101
0.0318351	0.0133002	0.0383271
0.0027049	0.0156763	0.0346852
0.0367132	0.0111882	0.0387638
0.00603924	0.010715	0.0354523
0.0428758	0.00373251	0.0395232
0.0399891	0.00976479	0.0390632
0.0154792	0.0119857	0.0365129
0.0342137	0.0104634	0.0385289
0.0250962	0.0139683	0.0376094
0.0351416	0.00137793	0.0387147
0.0325991	0.00719965	0.0383267
0.0446305	0.0141648	0.0395632
0.0410331	0.0091288	0.0391911
0.0265361	0.00466938	0.0378019
0.0266561	0.0089478	0.0376363
0.034657	0.0142725	0.0386722
0.0306223	0.0092059	0.0380697
0.0366314	0.0139068	0.0389597
0.0230846	0.00789304	0.0371913
0.0383547	0.00839146	0.0390854
0.0258928	0.00986289	0.0375563
0.0193032	0.0134114	0.0369675
0.0321595	0.0150742	0.0382262
0.034957	0.010139	0.0386237
0.0392179	0.0112426	0.0391049
0.0377558	0.013691	0.0388989
0.0356564	0.0119192	0.0387173
0.0283014	0.0102094	0.0377744
0.0330849	0.0159838	0.0386287
0.0398337	0.00766956	0.0392628
0.0275677	0.00876241	0.0377832
0.0375339	0.00980839	0.0389883
0.0262262	0.0123165	0.0377025
0.0504476	0.0134944	0.0404296
0.0249459	0.0108651	0.0375
0.0440737	0.0111077	0.0396466
0.0387544	0.0128719	0.0390174
0.0267429	0.0107252	0.0377036
0.0369692	0.0120444	0.0389642
0.0319925	0.00911991	0.0382061
0.0283741	0.0111159	0.0377603
0.0271333	0.00151958	0.0377509
0.0306051	0.0104584	0.0380765
0.026469	0.0164794	0.0375026
0.036351	0.0127568	0.038648
0.0251051	0.0148924	0.0374526
0.0265585	0.0138676	0.0377657
0.0289864	0.0141851	0.037896
0.0381136	0.0108857	0.0388728
0.0312722	0.00393461	0.0382421
0.0326755	0.00985915	0.0382674
0.0334056	0.00404231	0.0384653
0.0242511	0.0128146	0.0372306
0.0235262	0.0132756	0.0374188
0.0408642	0.00240226	0.0394032
0.0358188	0.0129564	0.038775
0.0348878	0.00435846	0.0386052
0.0295731	0.0122093	0.0379636
0.0159711	0.00772285	0.0366827
0.00715184	0.0161875	0.035358
0.0340826	0.00762313	0.0385911
0.0208381	0.0125839	0.037029
0.0203107	0.00730629	0.0368155
0.0390298	0.0186319	0.0389403
0.019805	0.0173868	0.0368971
0.0326011	0.0145054	0.038261
0.0437143	0.0101527	0.039605
0.0227167	0.00490403	0.0372897
0.022973	0.0109202	0.0372988
0.0362204	0.000829996	0.0388511
0.0169768	0.0134875	0.0366142
0.0110895	0.0140769	0.0359869
0.00878937	0.0138029	0.0357955
0.0339562	0.0120458	0.038569
0.034185	0.0137638	0.0384287
0.0239693	0.0102272	0.0374358
0.0223137	0.0170695	0.0373689
0.0403999	0.0137648	0.0393142
0.0279938	0.00979101	0.0378155
0.0282827	0.00696469	0.0377744
0.0255924	0.0159283	0.0376084
0.0163296	0.00276909	0.0366896
0.0355333	0.011452	0.0387167
0.0363032	0.0103614	0.0388505
0.013149	0.00913385	0.036149
0.0272184	0.00795262	0.0377101
0.014882	0.00903673	0.0362816
0.0324017	0.0157668	0.0385556
0.0298724	0.012116	0.0379944
0.028531	0.0125091	0.0379315
0.0345823	0.0100086	0.0386716
0.0230704	0.010955	0.0371244
0.0321255	0.0140025	0.0382265
0.0302897	0.000717816	0.0381419
0.0175339	0.0129043	0.0369519
0.0239198	0.0125088	0.0374165
0.0377827	0.0084926	0.0389084
0.0439062	0.0127662	0.0396335
0.0300648	0.0100214	0.0380772
0.0440518	0.00608558	0.0396793
0.046464	0.0125839	0.0399031
0.0219773	0.0145044	0.0371813
0.0307822	0.0132251	0.0380395
0.0373181	0.00463296	0.0388764
0.0278617	0.00933187	0.0378529
0.0435011	0.00639082	0.0395193
0.0253578	0.0113867	0.0375684
0.0336554	0.0151215	0.0386701
0.034296	0.0030499	0.0386186
0.0350321	0.0173268	0.0387572
0.0366156	0.0091491	0.0388848
0.0322284	0.00466522	0.0383758
0.0300208	0.0111833	0.0380917
0.0254635	0.00492977	0.0375974
0.0294735	0.0139142	0.0377911
0.032445	0.004651	0.0383308
0.0275877	0.0109482	0.0376709
0.0471203	0.00743346	0.040107
0.0325325	0.00313318	0.0382995
0.0175452	0.00731299	0.0367082
0.0304283	0.0128611	0.038067
0.0401724	0.00610296	0.0391837
0.0354178	0.0107093	0.0387659
0.0384282	0.011945	0.0390153
0.0289174	0.00344284	0.0379538
0.0330207	0.0131451	0.0385687
0.047309	0.00585096	0.0399805
0.0285379	0.0133103	0.0379363
0.0149532	0.0139449	0.0362435
0.0345911	0.00606238	0.0385139
0.0312545	0.00290122	0.038278
0.0205692	0.00566399	0.0369997
0.0328726	0.00636428	0.0384426
0.0318546	0.00737443	0.0382671
0.00942768	0.0108545	0.0358282
0.0198349	0.0155912	0.0369389
0.028528	0.0139892	0.037795
0.0297237	0.0027804	0.038168
0.026443	0.00494516	0.0376522
0.0300885	0.0166191	0.0383332
0.0419009	0.0156584	0.0393588
0.0177439	0.0132455	0.0367462
0.0377628	0.0138098	0.038949
0.028657	0.00197741	0.0379002
0.0305182	0.0150743	0.0381856
0.0523326	0.0155845	0.040662
0.0308745	0.00894147	0.038133
0.0241218	0.0137265	0.0374959
0.00195739	0.00892573	0.0352525
0.0126421	0.00260025	0.0360155
0.0478033	0.00872383	0.0400995
0.0228707	0.0112038	0.0373003
0.01868	0.0161008	0.0367782
0.0280866	0.011767	0.0380281
0.0436277	0.00498094	0.0394318
0.0492746	0.00985448	0.040132
0.0373069	0.0130813	0.0386912
0.032657	0.0114796	0.0384167
0.0478934	0.0142569	0.0398945
0.035369	0.00420937	0.0387466
0.0215506	0.0118417	0.0369535
0.0386572	0.0132451	0.0389645
0.0257303	0.00718804	0.0375059
