0.0311608	0.0121388	0.151366
0.0304686	0.00974371	0.0827746
0.0290228	0.00991864	0.0460912
0.0332257	0.00960938	0.131035
0.0239017	0.0162304	0.0561325
0.0240617	0.012273	0.12238
0.0305735	0.0048245	0.0391371
0.0264733	0.0126284	0.12096
0.0313975	0.0102312	0.02301
0.030208	0.00461332	0.0632532
0.0310782	0.0029449	0.065662
0.035447	0.00889659	0.0364278
0.0325093	0.0155335	0.200393
0.0250832	0.00832308	0.0338366
0.0267885	0.0135455	0.15242
0.0313073	0.0070654	0.109612
0.0311622	0.0102584	0.0469004
0.0367594	0.00982698	0.0903753
0.0333256	0.0103252	0.16016
0.0314743	0.0126224	0.218005
0.0237247	0.00657162	0.0383893
0.0358246	0.0104045	0.140192
0.034879	0.00955569	0.0454111
0.0274045	0.0054821	0.210226
0.0295335	0.00518004	0.0613452
0.0342072	0.00606694	0.166482
0.0276596	0.00712485	0.0302216
0.0309192	0.00643906	0.0977954
0.0309836	0.0090995	0.00778476
0.0159709	0.00995986	0.205657
0.0300686	0.00572614	0.0330112
0.0248605	0.0130265	0.0227442
0.0306248	0.00975848	0.0337636
0.0314682	0.00700433	0.026861
0.0312123	0.0113946	0.0610144
0.0202585	0.0118636	0.138558
0.0214863	0.0102165	0.0970467
0.0298794	0.00660467	0.00838178
0.0323863	0.00911328	0.0415452
0.0236047	0.00764949	0.0376689
0.0319942	0.0148969	0.0628987
0.0344922	0.010309	0.222563
0.0347283	0.012519	0.143591
0.0290577	0.00983587	0.0693901
0.0308079	0.01031	0.153756
0.0301153	0.0102943	0.000790251
0.0266684	0.0116524	0.180541
0.0348617	0.00431926	0.0984494
0.0285235	0.0101275	0.0303066
0.0236332	0.0083883	0.174006
0.0188137	0.00809968	0.00967075
0.0245456	0.0118054	0.0763147
0.0313861	0.00382332	0.311835
0.0363921	0.00608905	0.107157
0.0305292	0.0108324	0.128462
0.0266554	0.0101979	0.0452804
0.034442	0.00810254	0.28992
0.0358143	0.00680301	0.0102797
0.0361916	0.0111642	0.00178202
0.0271162	0.0111942	0.147981
0.028024	0.00961371	0.0737845
0.0253823	0.00761203	0.0273897
0.0255572	0.00813792	0.159991
0.0332497	0.0114716	0.0661757
0.0255588	0.00687077	0.0391223
0.0301952	0.0112077	0.020466
0.0244563	0.0111619	0.0964769
0.0295678	0.0113106	0.131059
0.033905	0.0119711	0.0616748
0.0363794	0.0106319	0.0847728
0.0358515	0.0102256	0.0100289
0.022527	0.0120966	0.0231579
0.0176815	0.00616963	0.0650509
0.0156455	0.0113459	0.102913
0.02883	0.0105284	0.00848713
0.0310924	0.00939625	0.0259383
0.0321291	0.00750172	0.279944
0.0283634	0.0124733	0.0587013
0.0387455	0.0104966	0.00199344
0.0343752	0.0103834	0.138625
0.0309899	0.010345	0.158222
0.0330069	0.010877	0.00880068
0.0268485	0.0119614	0.182881
0.0237287	0.0128068	0.129631
0.0321525	0.0116915	0.0289432
0.0330702	0.0087033	0.0660494
0.0367163	0.00620876	0.036568
0.026213	0.00990816	0.0764259
0.0281553	0.0108468	0.108086
0.0332376	0.0103815	0.02395
0.032549	0.0109446	0.067617
0.0249195	0.0112989	0.32475
0.0274668	0.00989419	0.0240992
0.0324744	0.0116394	0.137164
0.0303793	0.00971235	0.0156409
0.0376489	0.00874947	0.044684
0.0299137	0.0130077	0.000737966
0.0297325	0.0122032	0.13955
0.0257573	0.0055461	0.137111
0.027333	0.00973446	0.0116363
0.0237026	0.00675547	0.172531
0.0285872	0.0100009	0.000863157
0.0206899	0.0110707	0.0294911
0.0273976	0.00917214	0.144541
0.0293221	0.010228	0.0371899
0.0240424	0.0115411	0.0645099
0.0351129	0.00556255	0.0625183
0.0240206	0.0118784	0.0820945
0.0359312	0.0132044	0.0580827
0.0334402	0.00879367	0.114278
0.0377439	0.0111114	0.0433329
0.0250926	0.00909837	0.101565
0.0391811	0.00984696	0.0464619
0.0323927	0.00874151	0.10807
0.025757	0.0131361	0.0617556
0.0338418	0.0111294	0.0197637
0.0332545	0.0112087	0.203002
0.0352088	0.0123616	0.293003
0.0275379	0.00987939	0.00885861
0.035673	0.00796086	0.110019
0.0200019	0.00783095	0.00907656
0.025851	0.0093386	0.0428441
0.0262625	0.00899738	0.0254051
0.0285844	0.0111373	0.0407909
0.0291844	0.0111853	0.0119196
0.0280288	0.0118465	0.0065675
0.0229618	0.00619578	0.120839
0.0306532	0.0106075	0.0865117
0.0290063	0.011728	0.039726
0.0330536	0.0076351	0.0371951
0.033803	0.0103097	0.077166
0.0357202	0.0068538	0.0352916
0.0353198	0.0120662	0.0511888
0.0301385	0.00678373	0.0357417
0.0211188	0.0126967	0.205471
0.0310919	0.013528	0.060658
0.0201383	0.013949	0.0463233
0.033267	0.0143528	0.0740241
0.0269338	0.00841396	0.00639268
0.0384259	0.011552	0.0605468
0.0321472	0.00806491	0.00844046
0.0415721	0.0122477	0.0231508
0.0330235	0.0123279	0.0516156
0.0358375	0.0109762	0.0383442
0.0348509	0.00983778	0.136035
0.0289168	0.0095695	0.0332868
0.0289107	0.0109329	0.0834163
0.0255075	0.0103687	0.315137
0.03015	0.00768595	0.0307695
0.0298924	0.00711716	0.0361133
0.0255841	0.00973644	0.185375
0.0342567	0.0127254	0.0694709
0.0255976	0.00966942	0.0673817
0.0295006	0.00690927	0.0273812
0.0296793	0.011207	0.0301533
0.0349722	0.012206	0.00146718
0.0291128	0.00924573	0.0437384
0.026141	0.012925	0.0528942
0.0359673	0.00632754	0.0649492
0.029208	0.0116901	0.00887494
0.0323277	0.00908301	0.0392221
0.0277064	0.0111455	0.087823
0.0361295	0.0100529	0.0722174
0.0313802	0.0101931	0.134016
0.0371931	0.0104177	0.0598757
0.0355069	0.0134987	0.189404
0.030325	0.00708832	0.0222886
0.0319966	0.00654582	0.0278806
0.0358494	0.0110972	0.0963301
0.0212384	0.00951229	0.067685
0.0280629	0.0106839	0.135131
0.0320254	0.012344	0.140012
0.0302178	0.0130832	0.0530888
0.0316508	0.006668	0.0573342
0.0219477	0.00908832	0.128601
0.0300046	0.00979767	0.186322
0.0243142	0.00799049	0.123284
0.025978	0.00873748	0.0261835
0.0284679	0.0107884	0.0606391
0.037084	0.0112707	0.268349
0.0325299	0.00587272	0.0578681
0.0289144	0.0104279	0.114193
0.0268621	0.00722287	0.00747052
0.0353133	0.00553117	0.0380168
0.0316421	0.0106983	0.0450239
0.037024	0.00972969	0.0119253
0.0364862	0.00920384	0.042918
0.0372169	0.00470067	0.0349421
0.0343922	0.00790264	0.00631036
0.0269445	0.0124343	0.0899064
0.0234925	0.00927257	0.0262145
0.0272003	0.011253	0.0566814
0.0331346	0.00856365	0.143603
0.0385383	0.0128814	0.105459
0.0333861	0.00789611	0.081411
0.0278185	0.00884743	0.180756
0.0263932	0.0112452	0.211812
0.0242486	0.0103064	0.0654733
0.0232231	0.0116108	0.124542
0.0307363	0.00423425	0.030579
0.0303011	0.00575744	0.0356416
0.0253321	0.00771012	0.142935
0.0248364	0.0101762	0.318883
0.0347406	0.0102237	0.0720713
0.0321497	0.00826199	0.00163682
0.0329163	0.00908547	0.0382328
0.0254256	0.00575952	0.133292
0.0228501	0.0087364	0.0403295
0.0220656	0.00848196	0.192522
0.028599	0.0118564	0.0122573
0.0284141	0.0113744	0.0608047
0.0332213	0.00602009	0.081075
0.0340298	0.0108239	0.088174
0.0304762	0.00292265	0.237406
0.033435	0.0105637	0.0890543
0.0316387	0.0146056	0.0105226
0.0245611	0.00967426	0.085966
0.0355703	0.0102228	0.0431154
0.0331634	0.00705825	0.068057
0.0253324	0.00819973	0.0112808
0.0324579	0.0116282	0.013543
0.0251902	0.0131196	0.135582
0.0234525	0.00776212	0.0371114
0.0328659	0.0120999	0.138941
0.0416365	0.0137107	0.0541157
0.034379	0.0112932	0.19502
0.0279635	0.00971764	0.325589
0.0314296	0.0109701	0.0435214
0.0285336	0.00882928	0.0649407
0.0269145	0.0101973	0.0797093
0.0281188	0.00798247	0.0661356
0.0426551	0.0118043	0.0488192
0.0363569	0.0122634	0.0655505
0.0317822	0.0107845	0.259259
0.0361631	0.0080213	0.039448
0.027652	0.00812796	0.142617
0.0315277	0.0104006	0.0379781
0.0294737	0.00895699	0.0217388
0.0340307	0.00875959	0.0230595
0.026758	0.0120336	0.0823259
0.0355592	0.00990775	0.0610388
0.0243884	0.00822333	0.105376
0.0322951	0.00649215	0.0772184
0.024239	0.0112239	0.0973993
0.0301586	0.0105768	0.198436
0.029643	0.007877	0.0337796
0.0308518	0.00829543	0.0686423
0.0387398	0.0122012	0.0535219
0.0244348	0.011266	0.0849463
0.0361954	0.0120815	0.149005
0.0276197	0.0118151	0.0468326
0.0195636	0.0107704	0.0600838
0.0331031	0.00789455	0.201339
0.0310936	0.00943763	0.0311134
0.0366571	0.0146448	0.133728
0.0177681	0.00997842	0.0445854
0.0345346	0.0107245	0.0694837
0.0273938	0.0114979	0.245794
0.0328024	0.00715038	0.0196581
0.0291664	0.00967745	0.0411326
0.0308832	0.00905762	0.0255157
0.0297652	0.0135748	0.0570706
0.0276761	0.0105286	0.0603032
0.0355736	0.00823526	0.0988483
0.028056	0.0123817	0.0473217
0.0344973	0.0137992	0.124675
0.0253933	0.00813933	0.115212
0.0288865	0.00922574	0.024872
0.0369685	0.0095036	0.00154154
0.0280666	0.00866148	0.128051
0.0339854	0.0130451	0.0639802
0.0253298	0.0119745	0.158395
0.0280034	0.00968264	0.21628
0.0322261	0.00719144	0.00733962
0.0390477	0.00990708	0.0747196
0.0282014	0.0109718	0.0794165
0.0314683	0.0112877	0.0497463
0.0299686	0.0107163	0.0685811
0.0275969	0.0116016	0.0733613
0.0315534	0.0120632	0.013451
0.0410717	0.00833635	0.0328821
0.0340854	0.011145	0.082822
0.0320873	0.00952388	0.0153614
0.029158	0.00864101	0.0289552
0.0302127	0.0141461	0.0115667
0.0316943	0.00837854	0.127377
0.0315182	0.00806473	0.0670736
0.0376068	0.0115891	0.0439135
0.0283738	0.0121542	0.0166315
0.0263418	0.00590113	0.0270549
0.0252931	0.0109298	0.0233398
0.0157671	0.011076	0.0584342
0.0254402	0.00386834	0.00549845
0.0259721	0.00946131	0.0562073
0.033836	0.00887707	0.0165911
0.0362655	0.00552678	0.279836
0.0294142	0.0101297	0.168664
0.031686	0.0110788	0.00920204
0.0315864	0.00913005	0.097797
0.0308387	0.00583605	0.0691164
0.0296593	0.00716852	0.261773
0.0333653	0.00942293	0.0323933
0.0210161	0.01242	0.0585029
0.0241261	0.00900927	0.130016
0.0348307	0.00931063	0.116334
0.0353177	0.0108965	0.0441181
0.0347089	0.0112554	0.067544
0.0234456	0.0148598	0.140201
0.031029	0.0105055	0.0572686
0.031673	0.0106077	0.245873
0.0317044	0.0113952	0.0856267
0.0278693	0.0133335	0.0456718
0.0317295	0.00691635	0.0368315
0.032382	0.012458	0.0215895
0.0292868	0.00985032	0.0321448
0.0280235	0.0107719	0.215788
0.0241074	0.00862203	0.183058
0.0299859	0.0083352	0.0329666
0.0236176	0.0121883	0.121522
0.0239705	0.0122556	0.0421422
0.0275098	0.00970142	0.0635282
0.0339696	0.0112362	0.0579996
0.0287624	0.0119654	0.0814162
0.028058	0.0132709	0.0589031
0.0227693	0.0103944	0.0839366
0.0310696	0.00436503	0.125357
0.0297354	0.0107066	0.0817394
0.0268593	0.0106483	0.0282909
0.0306716	0.00819441	0.151943
0.0270056	0.0098536	0.0929917
0.0206642	0.0105279	0.185501
0.0313349	0.00662559	0.0342223
0.0380298	0.00804923	0.0562756
0.0227165	0.0132191	0.200952
0.0336646	0.00760283	0.110811
0.0328631	0.010147	0.0672063
0.028461	0.0122767	0.148554
0.025086	0.00564002	0.281291
0.0299068	0.00613879	0.0273316
0.0320621	0.0107864	0.0306424
0.040589	0.0112906	0.0885154
0.0328575	0.0103351	0.0132294
0.0291197	0.0114091	0.0554694
0.0239625	0.0102971	0.0381674
0.03348	0.0138767	0.143918
0.0255862	0.0113496	0.031603
0.026552	0.00699183	0.176554
0.0218835	0.0118991	0.0502341
0.0201106	0.0101512	0.0449751
0.0270668	0.00964116	0.0253431
0.025293	0.0128679	0.0874072
0.0308188	0.0083642	0.170698
0.0264458	0.00975497	0.0329621
0.0337406	0.0115619	0.104731
0.0267945	0.0125306	0.0166467
0.0349804	0.00793424	0.059746
0.0292964	0.00841966	0.0251519
0.0273	0.00827054	0.00727747
0.0215863	0.00915825	0.0438062
0.0349852	0.0082644	0.0563537
0.0288064	0.0103232	0.00180263
0.0316355	0.0127281	0.0113602
0.03084	0.00980403	0.0217584
0.0380122	0.00979731	0.0160177
0.0212158	0.00990981	0.0287921
0.0358225	0.00469186	0.154302
0.0348384	0.0116243	0.0469561
0.0328434	0.00629241	0.0574181
0.0314079	0.0112145	0.0699012
0.0299001	0.00751907	0.0210474
0.03308	0.0103804	0.229411
0.0286513	0.0115247	0.0588927
0.0378795	0.0128269	0.120952
0.0385442	0.0109691	0.0442613
0.0280151	0.00829794	0.0385783
0.0241894	0.00904313	0.0812635
0.0276461	0.00945176	0.0855882
0.024497	0.0113805	0.0848444
0.0296239	0.00859149	0.0373029
0.0256473	0.0134265	0.235481
0.0314102	0.00375978	0.124028
0.0259916	0.00972646	0.0282654
0.0310524	0.00967391	0.106265
0.0344874	0.00425804	0.0813483
0.0428388	0.00941711	0.000957577
0.0238972	0.0029638	0.0640446
0.0320469	0.0073955	0.0237828
0.0385128	0.00772717	0.271212
0.0189924	0.012498	0.0651615
0.029811	0.0107216	0.0478683
0.0280653	0.0111564	0.374702
0.0298568	0.0107118	0.207917
0.0248742	0.0111279	0.0836594
0.0266163	0.00743195	0.267013
0.0285495	0.010982	0.0203349
0.0249393	0.0120784	0.141944
0.0311015	0.00542848	0.128782
0.0277295	0.0100921	0.0108054
0.0253649	0.0113224	0.190883
0.0340719	0.0069222	0.263195
0.0257689	0.00798612	0.0673828
0.031485	0.00932375	0.247267
0.0248957	0.010787	0.199965
0.0362195	0.0115082	0.010153
0.0313062	0.0067517	0.0316757
0.0365681	0.00647034	0.0214273
0.0309289	0.0127998	0.0597371
0.0294536	0.00652751	0.0387713
0.0252434	0.0124664	0.00376391
0.0333413	0.00829217	0.0842961
0.0381555	0.00947341	0.0606342
0.0249203	0.00955572	0.222831
0.0331998	0.0087216	0.0833673
0.0299615	0.00980331	0.0373324
0.0308161	0.0136131	0.0450698
0.0296321	0.0100004	0.00988627
0.027957	0.00759364	0.0373757
0.0355346	0.0114632	0.0545065
0.0305283	0.0110575	0.162997
0.0343457	0.00930447	0.094444
0.0214784	0.00697708	0.0594149
0.0326132	0.0112431	0.119063
0.0225943	0.0125037	0.0899526
0.0220775	0.00930253	0.0338179
0.031853	0.00913787	0.112077
0.025842	0.00866339	0.0347109
0.027828	0.0106582	0.201811
0.0361532	0.00979315	0.148389
0.0219993	0.0094115	0.0340149
0.0340679	0.0105792	0.0309699
0.0259202	0.00872115	0.102807
0.0302366	0.00873903	0.104604
0.0297779	0.00883669	0.153653
0.0341166	0.0124353	0.0403724
0.0289112	0.012573	0.110662
0.0347742	0.00782595	0.0909989
0.0331194	0.0130289	0.0486058
0.0318863	0.0125504	0.0431162
0.0189528	0.00914572	0.198702
0.0318483	0.00997648	0.0235823
0.0319785	0.011698	0.0276467
0.0389471	0.010676	0.0437085
0.0192319	0.0103756	0.0264479
0.0240732	0.00905825	0.0296297
0.0290545	0.011636	0.0461015
0.0367355	0.0105653	0.056044
0.039806	0.00886102	0.0666125
0.0307278	0.00987931	0.0553698
0.0372328	0.011571	0.0689263
0.0347254	0.0140204	0.051594
0.0316487	0.0114796	0.00798999
0.0318202	0.00735673	0.0652601
0.0335271	0.0113982	0.0100586
0.0312327	0.00982583	0.165177
0.0313656	0.00475586	0.0960231
0.0289728	0.00997938	0.222899
0.0275785	0.0116388	0.00525169
0.0377415	0.0110192	0.0102199
0.0289263	0.0094904	0.0327404
0.0234068	0.0101032	0.0324737
0.0378877	0.00796901	0.158204
0.0317201	0.00927522	0.127006
0.0281391	0.0097383	0.025383
0.0267983	0.00844104	0.0375323
0.030322	0.0136173	0.140214
0.030835	0.00753005	0.110386
0.0254339	0.0121402	0.122035
0.0308467	0.00232512	0.00654694
0.0325744	0.00761376	0.115752
0.0253562	0.0106465	0.144737
0.0340543	0.011455	0.04847
0.0310767	0.0135521	0.010221
0.0281847	0.0129554	0.0442456
0.0301049	0.0072629	0.113443
0.0341801	0.0103057	0.0156341
0.0246115	0.0124667	0.0586472
0.0344508	0.0117996	0.118662
0.031224	0.00725525	0.083689
0.0345238	0.00759102	0.037319
0.0348585	0.00625897	0.056979
0.0384635	0.00650088	0.0334269
0.0329652	0.00712628	0.267032
0.0255194	0.0124085	0.123761
0.0270036	0.0155621	0.136683
0.0347216	0.011209	0.0745654
0.0327831	0.012142	0.201183
0.0276314	0.0106389	0.191406
0.0286214	0.00853515	0.0672351
0.035621	0.0108047	0.00536934
0.0248809	0.0130907	0.0579719
0.0328778	0.00981417	0.00718288
0.0315106	0.00953038	0.0104078
0.0276827	0.00784229	0.16286
0.0284266	0.0118664	0.121004
0.0283722	0.00796449	0.139735
0.0284999	0.0133296	0.0660095
0.0303292	0.00885771	0.127962
0.0328367	0.0101156	0.00910745
0.0256462	0.0125531	0.142031
0.0225634	0.00824412	0.093396
0.0285438	0.0112025	0.0883469
0.0269693	0.0110849	0.0678398
0.0328525	0.0128342	0.0609706
0.0311581	0.0107632	0.0488909
0.0219051	0.00512125	0.0346855
0.0340962	0.00933238	0.0621781
0.0348185	0.0130801	0.00130606
0.0305251	0.00894246	0.0405108
0.0205812	0.0109656	0.0444129
0.0245599	0.0108387	0.00192345
0.0341054	0.0134474	0.0215569
0.0297176	0.0111248	0.130288
0.0386819	0.00909894	0.0703606
0.0313893	0.00778713	0.0348455
0.0258796	0.00821263	0.0947101
0.0293479	0.0097707	0.0209951
0.0314528	0.012457	0.14375
0.0345496	0.00456081	0.103633
0.0292241	0.00669975	0.0393927
0.0275352	0.0122444	0.157756
0.0266455	0.00833286	0.0628321
0.0257713	0.0124346	0.137138
0.0329235	0.00860761	0.0323784
0.0328894	0.0123253	0.0451812
0.0277288	0.00959639	0.0800562
0.0275926	0.0123518	0.0537512
0.0318788	0.0089959	0.0166766
0.025173	0.00812038	0.0311198
0.0322682	0.00502484	0.108367
0.0242493	0.00917481	0.0358154
0.0359507	0.00656187	0.0392591
0.0230591	0.00580235	0.0349975
0.0384786	0.00891992	0.118998
0.0285628	0.00759124	0.00366702
0.0322943	0.00957178	0.0987242
0.0225153	0.00637742	0.0353552
0.0265406	0.0109783	0.0201735
0.0355585	0.00970961	0.0837698
0.0251559	0.0117172	0.14312
0.0300631	0.00913849	0.0402744
0.0274725	0.01288	0.168086
0.0321007	0.00904955	0.0813733
0.0304813	0.0103879	0.0187098
0.0218366	0.00734402	0.0302529
0.0349829	0.00566214	0.0728417
0.0352012	0.0128311	0.0665722
0.0298484	0.00860655	0.150446
0.0253408	0.0122864	0.188183
0.026399	0.00802269	0.174775
0.0212019	0.0129874	0.170907
0.0282471	0.0105298	0.115995
0.0302742	0.00726825	0.111776
0.0299791	0.0112304	0.0111536
0.0366193	0.0104636	0.025024
0.0343077	0.0135987	0.0570007
0.0330264	0.00866489	0.000575595
0.035229	0.0131801	0.0111851
0.0288441	0.00919667	0.0282259
0.0346688	0.00809301	0.0168069
0.0291408	0.0105902	0.146955
0.0267868	0.00789969	0.0262697
0.0292625	0.0125465	0.0764002
0.026627	0.0124559	0.0548662
0.0304539	0.000170385	0.0446137
0.0282056	0.0104531	0.0393805
0.0367439	0.00848207	0.0977903
0.0398023	0.0128627	0.0681353
0.0279513	0.00772579	0.00889776
0.0318561	0.00968273	0.145548
0.0324661	0.0123411	0.198004
0.0319242	0.00844863	0.0349681
0.0310623	0.0107568	0.00907073
0.039943	0.0107292	0.00428439
0.0222184	0.0130885	0.0449638
0.0344735	0.0111934	0.00162539
0.0355276	0.00812585	0.0339577
0.0253186	0.00479267	0.0363128
0.0280633	0.00642407	0.169245
0.0289749	0.0118443	0.168137
0.0362859	0.00864622	0.0396479
0.0279992	0.00956309	0.038032
0.0276307	0.00761721	0.158128
0.0308184	0.00792994	0.0975712
0.0299736	0.0131717	0.146567
0.022361	0.00903233	0.10035
0.0329608	0.0115323	0.266685
0.0298905	0.0103155	0.176086
0.0335187	0.00665378	0.00640577
0.02452	0.00999771	0.264602
0.0257071	0.0117246	0.0061064
0.0317775	0.00760923	0.038847
0.0263356	0.0106313	0.0274405
0.0329161	0.00999102	0.00138168
0.0267262	0.00809078	0.0293119
0.0400761	0.0111633	0.0608011
0.0318028	0.00737736	0.105595
0.0368047	0.00809709	0.0850789
0.0317562	0.0102329	0.0396576
0.0371044	0.0116274	0.0492177
0.029662	0.00699655	0.00978261
0.0305624	0.0085793	0.10114
0.0389345	0.0106364	0.0813584
0.0325002	0.0142238	0.137696
0.0372534	0.00595108	0.00630949
0.0310412	0.0101349	0.163707
0.0226797	0.0120015	0.0259097
0.0335637	0.0108122	0.00957599
0.0249455	0.00925594	0.0360207
0.0318161	0.0115834	0.280714
0.0235127	0.0102639	0.00968944
0.0400355	0.0127844	0.11936
0.0250473	0.009058	0.0930863
0.0322078	0.00787861	0.277188
0.0290764	0.0120095	0.0923664
0.0296049	0.00827762	0.137055
0.026637	0.00668949	0.0326525
0.0241072	0.0077431	0.197022
0.0251159	0.0108752	0.0655256
0.0354523	0.0123708	0.0703418
0.030533	0.0081039	0.166435
0.0362271	0.00813148	0.0826042
0.0354094	0.00827117	0.00215043
0.0349311	0.00896624	0.078812
0.0244538	0.00775075	0.0103249
0.0234223	0.00755473	0.103048
0.033876	0.0136006	0.0655877
0.0262483	0.0137387	0.0499142
0.0308753	0.0081994	0.164272
0.0369758	0.00764012	0.0423808
0.027893	0.00874576	0.0581691
0.02885	0.0116072	0.0270498
0.0313169	0.0137551	0.00706372
0.0359967	0.00723382	0.00852585
0.0305313	0.0107298	0.17244
0.0222759	0.00575582	0.0584608
0.0275206	0.0126394	0.442529
0.0384982	0.00896681	0.141952
0.0261681	0.0102344	0.0310309
0.0283243	0.0120086	0.0472541
0.021425	0.0110821	0.0120639
0.0298409	0.0127638	0.0485914
0.0228927	0.010001	0.175796
0.035254	0.012622	0.00999992
0.0390226	0.00727644	0.0207912
0.0309858	0.0108238	0.0418978
0.0375342	0.00763749	0.114769
0.0278872	0.00764436	0.0965777
0.0291962	0.00853464	0.0426093
0.0300941	0.0124293	0.0665391
0.0355182	0.0125229	0.0209997
0.0327664	0.00649431	0.0898945
0.0266208	0.00904053	0.0348719
0.0310348	0.00896066	0.207494
0.0282758	0.00859009	0.0354792
0.0360233	0.00978977	0.0420568
0.0300984	0.00773337	0.0313983
0.0277099	0.0114628	0.00931476
0.0329397	0.00903233	0.00930708
0.0248479	0.0100187	0.0559248
0.0269343	0.011706	0.0165281
0.0263122	0.0114038	0.025536
0.0251551	0.012675	0.0701696
0.0293653	0.00485089	0.202632
0.023501	0.00865608	0.0334403
0.0357725	0.0139783	0.0593854
0.0295684	0.0144077	0.0660909
0.0339931	0.00746522	0.0673344
0.038981	0.0103005	0.0689816
0.0250598	0.0118627	0.195561
0.034054	0.0105819	0.10095
0.0338878	0.0107117	0.0139133
0.0308139	0.0099875	0.0779579
0.0305445	0.0108263	0.110874
0.0385921	0.0100587	0.0589696
0.031227	0.0103154	0.0241376
0.0299954	0.0114095	0.0152899
0.0309884	0.00796397	0.0979557
0.0350427	0.0116289	0.0553306
0.0305214	0.00707504	0.111729
0.0304374	0.00844912	0.0230766
0.031683	0.0115225	0.0500541
0.0278109	0.0104223	0.0378424
0.0280577	0.00863573	0.0977779
0.0260064	0.0120579	0.0392601
0.0323813	0.00809008	0.0361433
0.0367014	0.00959016	0.00772429
0.0249561	0.0131333	0.0120295
0.029974	0.00860306	0.0748163
0.023859	0.00808814	0.00224873
0.0246882	0.013051	0.0523423
0.0253778	0.00771342	0.0289004
0.0232032	0.0101236	0.0581816
0.0317765	0.00805133	0.0688211
0.02925	0.00661629	0.0901945
0.0347876	0.00997732	0.122822
0.0242418	0.0107113	0.0264778
0.0321986	0.00899329	0.0708912
0.0302434	0.0113807	0.0254254
0.0335495	0.013118	0.194967
0.0252431	0.0134233	0.0905105
0.0294901	0.00942155	0.0301104
0.0369275	0.00682576	0.0336767
0.0347791	0.00982745	0.0077359
0.0313365	0.0123739	0.131078
0.0333396	0.0139455	0.0526503
0.0257301	0.0139455	0.0174686
0.0338071	0.0112348	0.105371
0.0338763	0.0116316	0.113502
0.0285732	0.0135899	0.0178622
0.0256883	0.00952873	0.0900147
0.0356962	0.0129757	0.0255148
0.0281906	0.0110264	0.0705372
0.0292465	0.0066952	0.0996597
0.0370026	0.0110443	0.126519
0.0318126	0.0117912	0.0762012
0.0301253	0.00927202	0.092897
0.033421	0.0122319	0.00096644
0.0346674	0.0087249	0.0563986
0.0251559	0.00744124	0.197884
0.0261454	0.0106161	0.0302658
0.0434514	0.00942018	0.00453733
0.0266145	0.0111411	0.0450564
0.0329284	0.014334	0.0574395
0.0342714	0.0118024	0.0621956
0.031004	0.011109	0.043596
0.0237256	0.00944142	0.201069
0.034382	0.0122189	0.0515717
0.0308511	0.0118172	0.0450969
0.0343768	0.0111899	0.0671865
0.033542	0.00963509	0.139032
0.0356747	0.0100699	0.0859091
0.0259662	0.0110345	0.0108329
0.0291699	0.0107832	0.166851
0.0292281	0.00851291	0.157536
0.0276263	0.00824048	0.0104027
0.0363824	0.011925	0.0407848
0.0280129	0.00864237	0.0342955
0.0252323	0.0108583	0.182512
0.0335626	0.00817497	0.16287
0.0257591	0.00884583	0.0029675
0.0315639	0.01262	0.0764189
0.0311765	0.0108244	0.021926
0.0275691	0.00846989	0.185971
0.0219316	0.0113633	0.183462
0.0283542	0.00252012	0.0466179
0.0213479	0.0113267	0.187094
0.0273132	0.00848386	0.133016
0.0280146	0.0132586	0.0540665
0.0248237	0.0126383	0.139221
0.0292767	0.010377	0.116493
0.0351152	0.00875233	0.253118
0.0306138	0.0116497	0.019266
0.0221537	0.0102241	0.0957586
0.0318921	0.00895961	0.169893
0.0342697	0.00863327	0.039961
0.0312087	0.0069855	0.00619496
0.0313	0.00683098	0.121364
0.0338017	0.00447004	0.0903035
0.0251343	0.00829237	0.194913
0.0221507	0.00901172	0.0358356
0.0284765	0.00761087	0.165775
0.0332924	0.00905757	0.40442
0.0259674	0.00895842	0.193768
0.0277976	0.0121656	0.135289
0.023927	0.00997933	0.0996024
0.0343101	0.0117274	0.0270308
0.0294149	0.0146203	0.120958
0.0271849	0.0101152	0.0651003
0.0257311	0.00773831	0.0839895
0.0351425	0.0106947	0.0244546
0.0305422	0.0100432	0.0943964
0.0306638	0.0148336	0.0154476
0.0290236	0.0120351	0.217239
0.0286306	0.0070631	0.163339
0.0340691	0.00738839	0.00832933
0.0336866	0.00999778	0.203606
0.0225253	0.0103216	0.0328529
0.0330256	0.011034	0.048138
0.0336063	0.00994424	0.00816315
0.0297603	0.00909134	0.0568732
0.0355024	0.0138268	0.0600405
0.0368225	0.00656598	0.039783
0.0299218	0.0136816	0.213816
0.0277322	0.011863	0.0241422
0.0308755	0.00913294	0.197632
0.0296238	0.0130398	0.0825112
0.0232701	0.00456345	0.0428219
0.0259767	0.0092585	0.0103773
0.0298871	0.00950395	0.0861716
0.0214122	0.0129407	0.0275268
0.0313658	0.00923834	0.0556428
0.0280672	0.0089164	0.0350416
0.0271304	0.00503776	0.215011
0.0269105	0.0108069	0.0695179
0.0210877	0.0104385	0.0425194
0.0324939	0.00465549	0.0877819
0.0256048	0.00982953	0.0403174
0.0345792	0.0102044	0.0773165
0.026049	0.0135207	0.0011268
0.034769	0.0116069	0.00906976
0.0339769	0.0076821	0.0952189
0.0320693	0.0109425	0.0110724
0.0356502	0.00773414	0.000608114
0.03324	0.0109745	0.0208527
0.0237955	0.0121336	0.04066
0.0184216	0.0124386	0.0497238
0.0259866	0.00802033	0.120296
0.0255967	0.00944565	0.184448
0.0286875	0.00836284	0.0975707
0.0193109	0.00572698	0.110566
0.0291173	0.00746899	0.0405594
0.0275109	0.0123476	0.0688925
0.0339109	0.0109099	0.119573
0.0280242	0.0106801	0.011076
0.0238216	0.00613027	0.180904
0.0327118	0.0118368	0.244229
0.0208534	0.0114598	0.0377721
0.0275057	0.013103	0.0128754
0.030672	0.0102982	0.00768646
0.0207137	0.00981305	0.125557
0.0326164	0.0122379	0.0627426
0.0247352	0.0112852	0.00157362
0.0377551	0.0126719	0.068265
0.0321699	0.010224	0.126045
0.0383625	0.0122077	0.0261134
0.0290799	0.01181	0.0179936
0.0290492	0.00814159	0.104724
0.0298772	0.0120718	0.108204
0.0333074	0.0102424	0.0785954
0.0391923	0.0113345	0.0675149
0.0314602	0.0095374	0.0372116
0.0245619	0.00816758	0.106485
0.0339554	0.00784554	0.0219755
0.0290944	0.00883446	0.0423345
0.0314798	0.00936646	0.0609244
0.0319307	0.0102392	0.0247909
0.0302554	0.00916029	0.0676711
0.0243505	0.0110815	0.0642891
0.0335698	0.00631786	0.0930269
0.0325317	0.00988886	0.0615978
0.023392	0.00897817	0.0373006
0.0282434	0.00895696	0.00814606
0.0282745	0.00770654	0.132904
0.0209	0.0122899	0.249121
0.0268605	0.0106015	0.185912
0.0272731	0.00634877	0.0384803
0.0261367	0.0106796	0.191542
0.0388438	0.00956235	0.120205
0.0326601	0.0128041	0.117789
0.0269292	0.00926541	0.15487
0.029334	0.00765058	0.0582284
0.0308463	0.00847337	0.0835785
0.0275075	0.0100251	0.0273521
0.0168849	0.0104146	0.0962702
0.0285867	0.00819146	0.0233644
0.0287743	0.011404	0.0910183
0.0256836	0.00970048	0.0920623
0.0179511	0.0110943	0.037483
0.0370194	0.00727571	0.119568
0.0385635	0.00843945	0.0157511
0.0294448	0.0108251	0.0781162
0.0244812	0.0120387	0.148204
0.0257135	0.0129324	0.0229859
0.0295318	0.00863158	0.00292772
0.0269819	0.0101525	0.124817
0.0299066	0.00756201	0.0692145
0.033419	0.0107062	0.00760963
0.0298389	0.00883266	0.154146
0.0298393	0.0058011	0.0950203
0.0358259	0.0125709	0.118316
0.0335988	0.00944197	0.209361
0.0165876	0.0105164	0.0426711
0.036296	0.00907679	0.204017
0.0400104	0.0101667	0.0646143
0.0288734	0.00906939	0.0029416
0.0240957	0.0110402	0.0906449
0.0387968	0.00439863	0.0416635
0.0385622	0.0109565	0.0411467
0.0282211	0.0108541	0.0569837
0.0264901	0.0129199	0.152134
0.0320833	0.0108252	0.0311873
0.028997	0.0116464	0.0709656
0.0364516	0.0108018	0.0490051
0.0267372	0.0126695	0.0175382
0.0242445	0.00898851	0.0272863
0.0370467	0.00768144	0.0208184
0.0275183	0.00761255	0.0416909
0.038932	0.0138523	0.313741
0.0236905	0.00993544	0.153126
0.0357962	0.0140747	0.0765128
0.0288312	0.0144321	0.123224
0.0260089	0.0137833	0.047063
0.0336802	0.0108031	0.0955448
0.0256593	0.0111935	0.0119237
0.0292819	0.0108563	0.142811
0.0360851	0.00774182	0.113746
0.0300326	0.0103843	0.163731
0.039229	0.0105668	0.158302
0.027789	0.00598083	0.0618548
0.0352813	0.0107471	0.141472
0.0292235	0.00688959	0.0316734
0.0286945	0.00757704	0.125012
0.025543	0.00652699	0.058975
0.0319054	0.0109038	0.0242723
0.0352651	0.00892241	0.0359536
0.0241592	0.013424	0.0815379
0.0310244	0.012485	0.218688
0.0200807	0.00945572	0.00229427
0.03278	0.0109526	0.0227507
0.0354351	0.00967102	0.158793
0.0337705	0.0107099	0.0677682
0.0265223	0.0120424	0.0816553
0.0237205	0.0101537	0.0248515
0.0249142	0.00790922	0.13708
0.0265297	0.00790983	0.0314898
0.0262855	0.0120391	0.08352
0.0229487	0.0102116	0.136244
0.0233702	0.0131507	0.0750915
0.0348726	0.0114731	0.0604922
0.0339971	0.00834892	0.175779
0.0283466	0.0140123	0.0766171
0.0351845	0.0128458	0.116205
0.0365716	0.00642088	0.0789553
0.0302854	0.0112421	0.0128142
0.0321325	0.0115639	0.0597068
0.0226876	0.0114138	0.0303951
0.0346567	0.0121528	0.140609
0.0316976	0.00902259	0.0393018
0.0266363	0.0106822	0.13472
0.0287045	0.00540623	0.00389222
0.0343924	0.00871865	0.278162
0.0196495	0.0114333	0.0289698
0.0327711	0.0152061	0.0670332
0.0350123	0.00865703	0.00607732
0.0269538	0.0109387	0.00877872
0.0295677	0.0110661	0.00725529
0.0320043	0.00541589	0.0859362
0.0229945	0.0109194	0.344845
0.0288815	0.00927127	0.040011
0.0243216	0.00993303	0.0342778
0.0290966	0.00843776	0.225431
0.0336827	0.0109442	0.216848
0.0295507	0.00769631	0.0353715
0.0287962	0.0121513	0.0443145
0.0293564	0.00899553	0.00986583
0.0327062	0.007127	0.0690599
0.0367076	0.0140457	0.0697949
0.0312192	0.0115449	0.138549
0.0339937	0.0112436	0.0495918
0.0229483	0.0103643	0.0660922
0.027336	0.00854778	0.00766362
0.0333759	0.00967622	0.0912613
0.0324544	0.00892524	0.0583155
0.0298377	0.0097405	0.0559848
0.0369462	0.0135254	0.000194622
0.0290603	0.0118111	0.124133
0.0375294	0.00965242	0.00750042
0.0345179	0.00960095	0.0681261
0.0284639	0.0118746	0.0232711
0.0341184	0.00902273	0.00246095
0.0300098	0.0084637	0.115918
0.0208611	0.0102155	0.213338
0.0319662	0.0109271	0.0665384
0.0287736	0.0115664	0.0735989
0.033873	0.00897337	0.0972505
0.0357835	0.00885607	0.00863163
0.0329427	0.00939205	0.106378
0.0248321	0.00881267	0.025602
0.0238821	0.00717718	0.186702
0.0404802	0.0113032	0.0393509
0.0291232	0.00639816	0.0702727
0.0179152	0.0106738	0.12974
0.0297516	0.0127153	0.018895
0.0287887	0.00950968	0.158264
0.03054	0.0116578	0.0583543
0.0307554	0.0072993	0.0382803
0.0293877	0.0109185	0.122508
0.0278077	0.00385489	0.114258
0.0375375	0.00901017	0.110006
0.0280758	0.00934286	0.0446576
0.0298591	0.0104152	0.0805217
0.0279427	0.0128292	0.0624863
0.0263814	0.00702263	0.0878424
0.0296114	0.0110848	0.0458264
0.0314394	0.00872888	0.0570595
0.0383953	0.0130133	0.058981
0.0237135	0.00398227	0.0252326
0.022314	0.012649	0.163289
0.0386356	0.0114147	0.0398621
0.0262479	0.0107856	0.0400377
0.0304647	0.0117631	0.0618308
0.0336493	0.00856841	0.273304
0.0218982	0.0101303	0.199498
0.034348	0.0111779	0.0558177
0.0213039	0.00981166	0.0986933
0.0294706	0.0115294	0.0486692
0.0293736	0.0131307	0.0173687
0.0324173	0.0123018	0.0681095
0.0307997	0.0137967	0.144273
0.0232179	0.0154687	0.0880496
0.0275211	0.0106559	0.0311643
0.024288	0.0106237	0.186708
0.0212445	0.0103257	0.0257918
0.0277284	0.010429	0.0434045
0.03405	0.00795312	0.0317207
0.0286672	0.0104353	0.0913287
0.036481	0.00919546	0.17054
0.0288434	0.00948396	0.19496
0.0229435	0.00944603	0.0597596
0.0336747	0.00637161	0.0927042
0.0309603	0.0107148	0.126595
0.0240599	0.0112021	0.0860981
0.0334383	0.00994904	0.0364806
0.0250209	0.0103682	0.121167
0.0316411	0.0122862	0.0187037
0.0253829	0.0106259	0.0252111
0.0248519	0.00634199	0.0314075
0.0313454	0.0106229	0.0642597
0.0235337	0.013234	0.153773
0.020252	0.0109933	0.0453475
0.0204274	0.00960332	0.0358543
0.0310054	0.0106851	0.068545
0.029629	0.0107147	0.259039
0.0253838	0.00726583	0.00890406
0.0332237	0.00952991	0.0163379
0.035805	0.00907278	0.119923
0.0319192	0.00925663	0.151205
0.0308312	0.00529023	0.107155
0.0295479	0.0107207	0.0683997
0.0321882	0.0127999	0.0238363
0.0283232	0.00986825	0.0331718
0.0291282	0.00785186	0.113574
0.0298131	0.0102423	0.144209
0.0321403	0.00654943	0.0597262
0.0274158	0.00895604	0.0421755
0.0318592	0.00448556	0.0662776
0.0299318	0.00897931	0.0428324
0.0169099	0.0103998	0.0402348
0.0256315	0.0102575	0.025803
0.0317992	0.00925836	0.0811125
0.0296095	0.0125768	0.0632298
0.0350349	0.00673752	0.0606244
0.0350727	0.0113973	0.153695
0.0292717	0.0085529	0.170906
0.0325439	0.0100388	0.0121622
0.0250812	0.011866	0.0672924
0.0244381	0.0115905	0.00964584
0.0264146	0.0100123	0.0243509
0.0368011	0.00896819	0.139357
0.0292402	0.00758189	0.191962
0.0328176	0.0118225	0.0157917
0.0302487	0.0106656	0.128159
0.0316643	0.00897257	0.0434615
0.0378042	0.00946181	0.106792
0.0327655	0.0101601	0.113939
0.0323258	0.00864989	0.120505
0.0259399	0.00863155	0.0357519
0.0292749	0.00751221	0.120448
0.0304627	0.0119122	0.0419737
0.0280312	0.011691	0.172481
0.0310796	0.0100746	0.146933
0.0255899	0.00897113	0.0924778
0.0297568	0.00932393	0.00886664
0.0207778	0.0112069	0.0235757
0.0258309	0.0122922	0.0634179
0.0271582	0.0111374	0.0398214
0.023957	0.0122457	0.139704
0.0339205	0.0108476	0.0614026
0.0369495	0.0110321	0.045985
0.0339025	0.0111572	0.00542176
0.0366587	0.00862225	0.106102
0.0304964	0.00659501	0.0584804
0.0315106	0.00806799	0.0378388
0.0357736	0.0124125	0.00536919
0.0397578	0.00802411	0.0857097
0.0313478	0.00920454	0.0174957
0.0231056	0.0128785	0.00593982
0.0327407	0.00576738	0.0937863
0.0279115	0.00593311	0.230825
0.0283127	0.0119243	0.0491383
0.0205068	0.0118114	0.211482
0.0314468	0.0155684	0.0538084
0.0316324	0.0119958	0.113388
0.0306962	0.016202	0.0177777
0.0254534	0.0101897	0.0297075
0.0316763	0.00969708	0.0991801
0.0265016	0.00839387	0.0683267
0.025275	0.00890936	0.00818305
0.0264724	0.0105536	0.0583146
0.0312081	0.0116816	0.142763
0.0283969	0.0087624	0.107875
0.0211969	0.00701355	0.0368818
0.0330478	0.0115541	0.0167819
0.033141	0.00965766	0.0016509
0.0244918	0.00676323	0.00332821
0.036001	0.00458321	0.023176
0.0358538	0.0115142	0.0775685
0.0363725	0.0118313	0.126285
0.0295105	0.00986238	0.224721
0.0346712	0.0122158	0.00712813
0.0243399	0.00958353	0.0439133
0.0361995	0.00787335	0.0689898
0.037479	0.0112352	0.00971978
0.0269975	0.0101173	0.0439567
0.0249567	0.012156	0.00319116
0.0377127	0.0108465	0.0582365
0.0395146	0.0132816	0.0558889
0.0351395	0.0093028	0.0362569
0.0288597	0.0117917	0.0866667
0.0327634	0.00675362	0.0835846
0.0332503	0.0109069	0.123421
0.0281215	0.0111952	0.169722
0.032857	0.0117927	0.0648772
0.0212875	0.0127551	0.0452435
0.0301691	0.00872392	0.0281971
0.0309912	0.0110649	0.0620078
0.0302689	0.0113745	0.0469856
0.0328188	0.00636051	0.0288379
0.0334529	0.0102025	0.0651408
0.0327056	0.0119983	0.153668
0.0341786	0.00698287	0.091275
0.0256371	0.01122	0.253935
0.0297409	0.0118932	0.0217569
0.033782	0.0131343	0.0106684
0.0286491	0.00945277	0.0575126
0.0228793	0.00668548	0.125091
0.0274436	0.00988373	0.0435871
0.0287442	0.0111306	0.130247
0.0316025	0.0112134	0.21239
0.0305436	0.0123923	0.00453387
0.0345483	0.00939435	0.000534335
0.0419776	0.0139534	0.0538565
0.0281402	0.0140989	0.00652628
0.0256598	0.00996091	0.202513
0.0315166	0.00831944	0.163941
0.0345504	0.0127317	0.0683634
0.0278601	0.0111289	0.0456962
0.0296748	0.00541321	0.189736
0.0187983	0.0116926	0.130732
0.0256382	0.00569965	0.00900156
0.0258857	0.00906973	0.0271417
0.0233995	0.0119632	0.0751244
0.0301375	0.0124968	0.0702874
0.0344878	0.0135633	0.188525
0.0284803	0.010821	0.129672
0.0282868	0.00856809	0.00919311
0.022103	0.00862368	0.0304912
0.0320838	0.0117607	0.023613
0.0361238	0.0107981	0.0145722
0.0331989	0.0102122	0.189616
0.0220924	0.0115249	0.0387821
0.0249693	0.00875064	0.0967696
0.0314379	0.00845735	0.056385
0.0236046	0.00475716	0.113982
0.0321175	0.0109895	0.0684738
0.029683	0.0113222	0.180542
0.0179594	0.0081097	0.0339917
0.0309014	0.0107198	0.0680147
0.0310407	0.0116293	0.0296395
0.0371212	0.0114973	0.0100584
0.0259821	0.00786862	0.100944
0.0253762	0.00870589	0.0880413
0.0342081	0.0110066	0.0470075
0.0293743	0.0107441	0.0225142
0.0345628	0.0112519	0.0253571
0.0297274	0.0124504	0.0119726
0.0347522	0.0120848	0.00753808
0.0280501	0.012921	0.200545
0.031797	0.00561102	0.0652443
0.0341771	0.0126117	0.0624509
0.0318324	0.0114221	0.0729254
0.0312226	0.00842543	0.0848509
0.0335269	0.00686855	0.0101481
0.0294356	0.00865327	0.0257575
0.0251834	0.00827102	0.174529
0.037322	0.0095676	0.157292
0.0342375	0.00959696	0.0312816
0.0328737	0.00929299	0.0611692
0.019763	0.00675167	0.0400676
0.0318534	0.00664996	0.0360634
0.0279348	0.00897677	0.0436616
0.0160543	0.011591	0.0688308
0.0276857	0.0109136	0.0595528
0.0414555	0.010835	0.0689967
0.0255947	0.0104587	0.113139
0.0315425	0.0109427	0.0427714
0.0376831	0.0133576	0.00808135
0.0219723	0.00551822	0.0990691
0.0279211	0.0131721	0.0196288
0.0311365	0.0104568	0.0133993
0.0335247	0.00739613	0.029054
0.0316821	0.0108363	0.0381035
0.0310114	0.00919207	0.192766
0.0282107	0.00814681	0.0310692
0.0282284	0.0144046	0.00720624
0.0324845	0.0114522	0.00876209
0.0324667	0.00874637	0.14967
0.0338015	0.00737019	0.127819
0.0278038	0.0103467	0.0397294
0.0303733	0.0101736	0.0782266
0.0333174	0.0095415	0.0586548
0.0275755	0.00860032	0.0355688
0.0371811	0.0105761	0.0639171
0.0289813	0.012852	0.116969
0.0328216	0.0103736	0.00476528
0.0315242	0.00350533	0.035641
0.0348397	0.0101151	0.0472225
0.0372651	0.00957225	0.217979
0.0279362	0.00777297	0.117416
0.0210538	0.00823444	0.103777
0.033071	0.00928262	0.303968
0.0135117	0.00907495	0.201014
0.022839	0.00567327	0.112409
0.0333212	0.0105015	0.168042
0.0329722	0.00926588	0.0681946
0.0296839	0.00755777	0.00716591
0.0319703	0.00951304	0.109698
0.0270768	0.00890527	0.0364911
0.0341628	0.00581416	0.0997145
0.0323984	0.00929579	0.195444
0.0242154	0.0117877	0.0421504
0.0235487	0.00947624	0.094642
0.0301206	0.00790971	0.0403245
0.0277959	0.0085182	0.0264526
0.0221427	0.0123976	0.125721
0.0299763	0.00480311	0.0306485
0.0318318	0.00645366	0.117691
0.0221408	0.00792953	0.0337364
0.0279709	0.0106379	0.169066
0.0319285	0.0117251	0.0162253
0.025835	0.0103947	0.0989124
0.0324028	0.00621219	0.0292546
0.0218462	0.00865524	0.085988
0.0323037	0.00925857	0.0760657
0.0257918	0.0137464	0.0523079
0.0265842	0.00801388	0.028497
0.0301558	0.0125848	0.0415823
0.0316292	0.0126884	0.169287
0.0287401	0.00902811	0.221785
0.0283073	0.0132617	0.117363
0.0310481	0.0113969	0.0594925
0.0254228	0.00951568	0.0862037
0.0260443	0.00982504	0.0104301
0.0205651	0.00915927	0.0436444
0.0298161	0.0142789	0.132622
0.0297412	0.00915657	0.0977163
0.0347257	0.00943386	0.00896926
0.0347692	0.0105681	0.0666032
0.0333496	0.00618155	0.0306848
0.0267567	0.0117663	0.000312085
0.0352127	0.00847243	0.17059
0.023382	0.00944759	0.104259
0.037743	0.00831265	0.0305858
0.0309935	0.00710071	0.0299644
0.0286538	0.0121442	0.0846898
0.0304808	0.0117368	0.14402
0.0339976	0.0135602	0.0530006
0.0259107	0.0105145	0.00604975
0.0277175	0.00923224	0.0409306
0.0313384	0.00988054	0.0929763
0.0236252	0.0120268	0.138694
0.021361	0.0112994	0.0864538
0.0317638	0.00714081	0.0588744
0.0269056	0.0138463	0.0685405
0.0295283	0.00870959	0.158521
0.0326033	0.0106616	0.0574875
0.037233	0.0121061	0.0460548
0.029072	0.0142885	0.0130507
0.0267993	0.0110762	0.00996908
0.0338207	0.0119894	0.0675607
0.0284601	0.00743533	0.0392974
0.0260653	0.0068528	0.0603472
0.0300169	0.0117302	0.1068
0.0285029	0.00839607	0.0560878
0.0328418	0.00837542	0.0676534
0.0310803	0.0118878	0.145935
0.036004	0.0125514	0.0512054
0.0315473	0.00992306	0.00350405
0.0347277	0.00659004	0.00609634
0.023811	0.00873839	0.0104573
0.0296167	0.00842012	0.216305
0.0340507	0.0114097	0.140919
0.0286431	0.00532391	0.0666436
0.0286375	0.0124946	0.0114383
0.0297294	0.0133116	0.0446733
0.0243478	0.0110876	0.086529
0.0270905	0.00679583	0.0386281
0.0292192	0.0147297	0.258181
0.0385981	0.0108963	0.0855194
0.0284998	0.00845537	0.0317735
0.0274538	0.0115832	0.0911084
0.0304104	0.00825653	0.0618598
0.0323027	0.0114106	0.212775
0.0329562	0.0129337	0.085882
0.0346338	0.00978736	0.252503
0.0283451	0.00852922	0.0631862
0.0380971	0.00720406	0.0338362
0.0287928	0.00661896	0.0301857
0.0359384	0.00962405	0.0233044
0.0241505	0.00800864	0.0378224
0.0309163	0.00943823	0.00557586
0.0284111	0.00859836	0.0682077
0.0247265	0.00873148	0.147831
0.0342563	0.0108973	0.0486725
0.0290939	0.0121842	0.0805471
0.0265325	0.0129263	0.0812787
0.0321592	0.00888068	0.0332185
0.0262186	0.0134419	0.131959
0.0217206	0.00871242	0.0619767
0.0398117	0.00869636	0.0111075
0.0309909	0.0133299	0.142316
0.0269551	0.0115177	0.0924857
0.0286991	0.00755332	0.333089
0.0331069	0.0102263	0.0118755
0.0284325	0.00913987	0.152007
0.0295697	0.00964846	0.127333
0.0322901	0.00805282	0.00292194
0.0342933	0.00997835	0.00983378
0.0322791	0.0118794	0.0235855
0.02824	0.0107518	0.0899105
0.0390437	0.00613184	0.0397711
0.0326	0.00935945	0.112111
0.029056	0.0134186	0.0184425
0.0239865	0.0114503	0.170309
0.0348439	0.00943388	0.0666924
0.0320785	0.0110675	0.0487536
0.0288651	0.00929644	0.0943289
0.025717	0.00615346	0.132398
0.0313571	0.00765432	0.09623
0.0321014	0.010665	0.0103767
0.0225237	0.013258	0.0467008
0.0252523	0.009363	0.0031318
0.0324332	0.00905648	0.0206233
0.0267552	0.010246	0.0561558
0.0268763	0.0100452	0.037969
0.0203704	0.0113776	0.0943362
0.0280768	0.010444	0.0323744
0.0339358	0.0114584	0.046451
0.0308692	0.0115657	0.0436474
0.0332645	0.0117146	0.0394766
0.0256552	0.00443582	0.0921365
0.0332186	0.0148311	0.0205355
0.0238989	0.0130962	0.0463767
0.0270449	0.00912757	0.0592883
0.0275796	0.00946447	0.18179
0.0305196	0.0108767	0.00528802
0.0287176	0.0102703	0.163172
0.0303913	0.00619003	0.165059
0.0326956	0.00931989	0.056167
0.0187197	0.0119449	0.0269397
0.0301574	0.0110716	0.0543467
0.026441	0.0123762	0.170354
0.0269142	0.0115447	0.27523
0.0259484	0.0130784	0.149999
0.0286556	0.00596486	0.11759
0.0306191	0.0100731	0.070362
0.0308241	0.00933937	0.260187
0.0240346	0.0122569	0.138577
0.0275183	0.00592687	0.0688059
0.0239565	0.00984239	0.0463173
0.0282697	0.0100073	0.199909
0.0313298	0.0112317	0.00875823
0.0259577	0.0115493	0.0501078
0.0300193	0.00714046	0.196103
0.0279082	0.0132322	0.0571318
0.0314826	0.012983	0.0615083
0.0270302	0.00872931	0.0928406
0.0254357	0.00637372	0.104937
0.0320837	0.00888119	0.0430572
0.0318561	0.00755143	0.255712
0.0339409	0.0143256	0.0542495
0.0364958	0.0101684	0.0782565
0.0310427	0.0124892	0.17188
0.0246774	0.0086458	0.0274756
0.0357583	0.0105193	0.000596595
0.0333034	0.0124104	0.0258938
0.0275326	0.0147704	0.0216072
0.0304956	0.0116645	0.152757
0.0336209	0.0102421	0.0108806
0.0345582	0.0110218	0.00408616
0.0356602	0.00752982	0.142743
0.0297543	0.0109478	0.0225544
0.0372477	0.0105274	0.0615366
0.0301552	0.00747734	0.0394991
0.0346731	0.0126833	0.21443
0.0273103	0.0112229	0.0238928
0.0318616	0.00906618	0.0793509
0.0322917	0.00584232	0.0312196
0.0251903	0.00965244	0.0306787
0.028147	0.0114828	0.140798
0.0324555	0.0116712	0.0296696
0.0249915	0.0131454	0.00193991
0.0352644	0.0124201	0.186862
0.033881	0.0112799	0.138227
0.0362552	0.0100439	0.164734
0.0272316	0.0113327	0.0903439
0.0334298	0.00886134	0.0217062
0.0373228	0.0100906	0.0286485
0.0312613	0.0109984	0.140062
0.035586	0.00727168	0.0314911
0.0214462	0.0106746	0.00297585
0.0251128	0.0113886	0.202568
0.0254376	0.0135651	0.0610391
0.0328225	0.00957724	0.0714891
0.0331105	0.0102165	0.00844418
0.0304972	0.013101	0.16002
0.0347593	0.0134367	0.24997
0.0324637	0.00708485	0.0614351
0.0318105	0.0110528	0.193699
0.0323482	0.00985768	0.0550197
0.016874	0.00445642	0.113332
0.0300878	0.00902724	0.0410793
0.0361568	0.00586093	0.0340982
0.0174876	0.00723647	0.213357
0.0202074	0.00964732	0.252327
0.0287278	0.00752226	0.170344
0.0409925	0.00541901	0.0589521
0.0227609	0.00989968	0.0451521
0.0365057	0.0114844	0.0479381
0.0337254	0.00940955	0.208822
0.0313859	0.00941945	0.168779
0.0222384	0.0122793	0.0990011
0.0268437	0.0154088	0.055481
0.0353145	0.00712681	0.0380519
0.0275091	0.013581	0.0510629
0.0366752	0.00673193	0.0571898
0.0347432	0.0111382	0.0204435
0.0294193	0.00385688	0.0320581
0.0329182	0.0107902	0.0183805
0.0374681	0.0117877	0.00913413
0.0364831	0.0113262	0.0642326
0.0231396	0.00281636	0.0987564
0.0321809	0.0108759	0.0998632
0.0255211	0.0095241	0.11964
0.0320339	0.0121156	0.0887491
0.0331905	0.0123511	0.00144791
0.0315132	0.00822027	0.0309624
0.0334762	0.0110668	0.0198416
0.0288783	0.0130463	0.0511797
0.0268624	0.00840406	0.0331822
0.0252003	0.0148558	0.160096
0.0228164	0.0111733	0.136485
0.0273738	0.00767664	0.0815171
0.0302476	0.0117547	0.1093
0.0366947	0.00896293	0.235432
0.0323124	0.00759053	0.0999006
0.0277537	0.0123866	0.271708
0.0299134	0.0127393	0.0230155
0.0307494	0.00917827	0.0568874
0.0278594	0.0064142	0.114049
0.0231775	0.010841	0.0672236
0.0353518	0.0153011	0.0515491
0.0204646	0.0113551	0.023651
0.0306154	0.00587374	0.158831
0.0370439	0.0121533	0.00888539
0.0345585	0.0080092	0.0629897
0.0343151	0.0111495	0.145128
0.0309171	0.00815944	0.290796
0.0378223	0.00860731	0.297777
0.0252521	0.0122016	0.0854041
0.02757	0.0128041	0.00954248
0.0232908	0.0102015	0.044851
0.0383076	0.00914029	0.0118135
0.0340999	0.00491036	0.108991
0.0356419	0.00964946	0.0667711
0.0282429	0.00998869	0.0250889
0.0374176	0.00524911	0.0368041
0.0247121	0.0100232	0.0247795
0.0332421	0.00614353	0.110784
0.0269145	0.0123924	0.0769179
0.0325291	0.0127946	0.0609699
0.0370392	0.013013	0.106184
0.0288861	0.0117059	0.0088929
0.033252	0.00792371	0.255033
0.0368086	0.00612044	0.0580499
0.027881	0.00935554	0.125631
0.0221267	0.00770521	0.0347644
0.0396782	0.0107429	0.0486647
0.0325042	0.00764718	0.071893
0.036366	0.0118685	0.00865058
0.0330693	0.00950466	0.0425473
0.0349231	0.0098807	0.03621
0.0294625	0.0161712	0.197549
0.0314669	0.0135535	0.070361
0.0321834	0.0115509	0.0285924
0.0253285	0.0123467	0.0739637
0.0313976	0.0120962	0.0149271
0.0280776	0.0128472	0.11723
0.0263651	0.0139474	0.134317
0.0306665	0.00811146	0.0627917
0.0269035	0.0126154	0.0609606
0.0309793	0.0105624	0.00864046
0.0370117	0.0101808	0.0979856
0.0287633	0.0111448	0.118065
0.0294619	0.00807704	0.303871
0.0408053	0.0139232	5.27867e-05
0.0343817	0.0078108	0.180522
0.0269022	0.00647234	0.0290081
0.03128	0.013751	0.0015679
0.0240399	0.00688208	0.00876705
0.0290062	0.00888008	0.0579534
0.0326207	0.0115194	0.0408861
0.0276906	0.00894223	0.159596
0.0277766	0.00773742	0.197511
0.0281795	0.00856847	0.0369325
0.0348717	0.0101883	0.0127178
0.0296276	0.00929186	0.0277156
0.0313128	0.0113127	0.193818
0.0325751	0.00926582	0.211535
0.0412625	0.0120144	0.195714
0.0229774	0.0125187	0.0607606
0.0273772	0.0134377	0.052943
0.0283034	0.0123165	0.0141844
0.0227595	0.00966064	0.0285421
0.023106	0.0148807	0.0134444
0.0286915	0.0115595	0.0566268
0.034456	0.0119798	0.132311
0.0328492	0.0111368	0.0589668
0.0273695	0.00947865	0.0335369
0.032443	0.00834996	0.0433856
0.0346104	0.0119367	0.0645451
0.0243633	0.00875056	0.0300924
0.0290076	0.00923332	0.0561711
0.0181473	0.0122885	0.0431773
0.0238396	0.0107361	0.13097
0.0321946	0.00735868	0.0281546
0.0322779	0.00921743	0.00110734
0.0338439	0.00979973	0.0367528
0.0366932	0.0139537	0.0210207
0.0222729	0.0128568	0.0269869
0.0308104	0.00751207	0.029143
0.0231746	0.00701371	0.00357576
0.0304556	0.0114483	0.0844948
0.0311239	0.0125099	0.0504963
0.0167673	0.0117123	0.0607719
0.0291187	0.00902999	0.0337488
0.0284413	0.00983844	0.130794
0.0313691	0.00881312	0.109206
0.0353297	0.0123513	0.199794
0.0325801	0.00814496	0.031061
0.0306371	0.0106613	0.0472419
0.0264346	0.00709274	0.22531
0.0332708	0.0103896	0.0167702
0.028844	0.0103088	0.0107792
0.0308531	0.0130471	0.0615245
0.0278257	0.00964695	0.00103911
0.0323717	0.00564044	0.00224203
0.0315425	0.0105042	0.103717
0.0299179	0.0112785	0.0458528
0.0247187	0.00951641	0.0269799
0.036168	0.0120159	0.0105933
0.0303641	0.00834169	0.0965461
0.0272213	0.0105143	0.0249038
0.0245373	0.00813143	0.0569707
0.0348433	0.0101616	0.0696845
0.0266	0.00347635	0.0978019
0.0261976	0.0103177	0.0318897
0.0252489	0.011557	0.0216554
0.0373424	0.0112327	0.120836
0.0291852	0.00524445	0.0594475
0.0254991	0.0121285	0.0503577
0.0328495	0.010966	0.125334
0.0234015	0.00788764	0.0390162
0.0324813	0.0111423	0.0269352
0.0178214	0.010305	0.0364218
0.0289359	0.0113529	0.0758626
0.0317012	0.0079655	0.311187
0.0295961	0.00766942	0.0341354
0.0401494	0.0141434	0.00273248
0.0228632	0.00946582	0.0262722
0.0302297	0.00873675	0.0409465
0.0387514	0.00987445	0.218557
0.0324222	0.00844518	0.000896975
0.0306977	0.0129375	0.0128498
0.0348493	0.00731731	0.0806903
0.0220001	0.0115387	0.00766921
0.0276405	0.00852043	0.0961965
0.0300206	0.0119587	0.0510261
0.0286483	0.00913655	0.010052
0.0225311	0.00934505	0.0315675
0.0307015	0.01194	0.0412668
0.0342809	0.0104252	0.0275136
0.0266342	0.0101561	0.0994645
0.029759	0.0116317	0.152049
0.02995	0.010515	0.055639
0.0259894	0.0119334	0.0237553
0.0359393	0.0100237	0.018448
0.0400041	0.0111264	0.0743958
0.0324354	0.00895549	0.0837374
0.0373371	0.0107121	0.193413
0.0403078	0.0102142	0.0234825
0.0284487	0.0094203	0.169649
0.0333151	0.00868803	0.0943805
0.0206445	0.00962523	0.0346796
0.0371847	0.00738629	0.0161592
0.0318556	0.00769589	0.166309
0.0342394	0.0113359	0.055558
0.0240211	0.00801617	0.0827514
0.0323997	0.0126401	0.136469
0.0330667	0.00769117	0.0370664
0.0255338	0.0101937	0.129216
0.030413	0.0105239	0.0264485
0.0327455	0.0078056	0.0698675
0.0288389	0.00647493	0.0714188
0.0249488	0.0101256	0.00921119
0.0379511	0.00913851	0.267296
0.0387946	0.00905357	0.0668486
0.0218697	0.00617223	0.0343413
0.0298737	0.0111219	0.0488125
0.02884	0.00677583	0.0280536
0.0286937	0.00885974	0.0550545
0.0317959	0.0131789	0.111953
0.0265718	0.0116185	0.114098
0.028003	0.00575563	0.0599276
0.0266493	0.00655202	0.114766
0.0321242	0.010432	0.143983
0.027411	0.010387	0.190395
0.0326286	0.00837874	0.0639346
0.0270901	0.00932711	0.0938185
0.0297399	0.00737125	0.0244358
0.032679	0.0124668	0.112819
0.0294438	0.0112952	0.00992431
0.0283915	0.00681045	0.175478
0.0248548	0.0110858	0.139991
0.0222087	0.0103714	0.131997
0.0317426	0.00739447	0.00962991
0.0324735	0.00976498	0.0139188
0.0341008	0.00732095	0.0274026
0.0286225	0.00777003	0.00899562
0.0331252	0.00952446	0.0808913
0.0324038	0.0114915	0.0244921
0.0272473	0.0117773	0.0735953
0.0276868	0.00652488	0.00827817
0.0262903	0.0138476	0.0482496
0.0341156	0.0103272	0.198963
0.0392603	0.0108114	0.0663383
0.0308123	0.00972466	0.0773923
0.0311134	0.00582758	0.0575259
0.0273626	0.0132319	0.0841939
0.027238	0.0101509	0.108033
0.0322382	0.00834449	0.0737235
0.0331529	0.0109553	0.257017
0.021441	0.0128064	0.132604
0.0308553	0.011965	0.0244719
0.0340992	0.00783475	0.0580367
0.0293494	0.0121666	0.00931575
0.0245861	0.00932904	0.0252471
0.0337575	0.0103451	0.0105476
0.0284022	0.0125062	0.0285337
0.02846	0.0112774	0.115487
0.0338167	0.00912506	0.0820218
0.03034	0.00605643	0.0285519
0.0258069	0.0115716	0.0193619
0.0348943	0.00744497	0.11767
0.0281945	0.00922702	0.0386612
0.0255214	0.0142309	0.048907
0.0402145	0.00973722	0.0224291
0.0280751	0.0132336	0.00996245
0.0314523	0.0121036	0.021786
0.0224623	0.00964772	0.0643238
0.0261871	0.00500637	0.0615916
0.0317808	0.0105263	0.0102367
0.0257231	0.00756434	0.0309354
0.0394271	0.00865834	0.00207736
0.0310767	0.0117127	0.13039
0.0326082	0.0110108	0.0673141
0.025772	0.00661208	0.307993
0.0279069	0.00878898	0.00640893
0.0314857	0.0137948	0.11692
0.0295299	0.00833079	0.0386076
0.0259284	0.0144867	0.0520366
0.0271476	0.00999178	0.0973416
0.031778	0.00956603	0.0258349
0.0262028	0.00947658	0.0642729
0.0307815	0.0103708	0.0314599
0.0342111	0.0103725	0.000436736
0.0311272	0.00787251	0.0775113
0.0372424	0.00860652	0.0663884
0.0168487	0.00941121	0.0372748
0.0338809	0.00829278	0.215778
0.0269481	0.00594554	0.0368908
0.0291772	0.0118482	0.0688624
0.0266559	0.00809245	0.0339634
0.0234578	0.0129636	0.154775
0.0185226	0.00703607	0.0376435
0.0341684	0.0111897	0.0772386
0.0230142	0.0102588	0.0617949
0.0369635	0.0106781	0.0096247
0.0342294	0.0102722	0.0423729
0.0304091	0.0129356	0.000804792
0.026379	0.0103187	0.192936
0.0227791	0.0114453	0.158444
0.0279817	0.0113501	0.0588964
0.0310932	0.0133017	0.0693306
0.0177868	0.00617947	0.00483363
0.0280413	0.00903135	0.0271238
0.0324141	0.0138694	0.119414
0.0280438	0.00801567	0.088227
0.026604	0.0102249	0.0763847
0.033507	0.0113317	0.0731668
0.0217159	0.0103181	0.191504
0.0349241	0.0117011	0.131572
0.0345371	0.0107634	0.119359
0.0309372	0.00670364	0.0407487
0.0350218	0.0104255	0.0544754
0.0276365	0.00853924	0.00976617
0.0288243	0.0114808	0.0166227
0.0192894	0.0079108	0.0406733
0.0262645	0.012097	0.0792756
0.032744	0.0122824	0.212231
0.026648	0.0056391	0.0349245
0.0369279	0.0077937	0.235001
0.0323821	0.0116074	0.0782131
0.0203137	0.0111178	0.094728
0.0280234	0.0121236	0.0280041
0.0338983	0.0120682	0.0608979
0.0287098	0.00955818	0.0446875
0.0312088	0.0089319	0.0279004
0.0304083	0.0107007	0.118036
0.0297778	0.00875668	0.0291133
0.024021	0.0113846	0.287778
0.0277034	0.0105403	0.168384
0.0252989	0.00640584	0.118202
0.0326414	0.00548162	0.0669912
0.0417449	0.0114576	0.130843
0.0332233	0.0144145	0.117517
0.0352322	0.00378606	0.218878
0.0259118	0.00846703	0.0851612
0.0295513	0.00543631	0.171829
0.03298	0.00830503	0.172701
0.0347797	0.013851	0.134381
0.0340672	0.0114233	0.127449
0.0296782	0.0104692	0.181232
0.0245738	0.011691	0.047329
0.0267142	0.0102271	0.0749581
0.0293011	0.0130307	0.0576588
0.0283685	0.0130376	0.084409
0.0313134	0.0106179	0.113734
0.0313712	0.00868371	0.156503
0.0283194	0.0134602	0.163096
0.0301796	0.0091758	0.0596661
0.0297778	0.00917964	0.108569
0.0414192	0.00834175	0.0164385
0.0386636	0.010004	0.0899383
0.0296848	0.00909001	0.0273121
0.0319337	0.00691729	0.0673533
0.0164361	0.0100064	0.0893297
0.0253267	0.012201	0.0586074
0.0214438	0.00761013	0.104831
0.0221665	0.00946171	0.361994
0.0323309	0.0112347	0.173311
0.027848	0.00912633	0.0873308
0.0337773	0.013056	0.0214637
0.0314017	0.0102176	0.0175673
0.0273993	0.0106108	0.0870525
0.0268128	0.00990583	0.0547612
0.0269816	0.00932015	0.00178865
0.0309514	0.0102459	0.227676
0.0291293	0.00727041	0.197551
0.0316555	0.00836737	0.125768
0.0349721	0.00840359	0.160219
0.0314574	0.00664845	0.0815381
0.0296066	0.00912082	0.0364983
0.0330577	0.0105843	0.140476
0.0382635	0.00842376	0.0978601
0.0353399	0.0095797	0.0440168
0.037274	0.0105679	0.0246532
0.0311785	0.00953555	0.0659757
0.0326377	0.010442	0.0207357
0.0373974	0.00773143	0.170709
0.0229054	0.00872034	0.171316
0.0333362	0.0130663	0.0634495
0.0324617	0.0109448	0.0438101
0.0331777	0.00559055	0.0355914
0.0316598	0.00855551	0.209437
0.028155	0.00892373	0.0422454
0.0225571	0.0133662	0.0454901
0.0371731	0.0116963	0.198211
0.0299517	0.00848449	0.0636457
0.0291418	0.00767494	0.00754238
0.0293798	0.00621857	0.182385
0.0354837	0.0114038	0.00774693
0.0188154	0.0113318	0.0932865
0.0293021	0.0123363	0.0608941
0.0280207	0.0115842	0.0465161
0.0240704	0.0124125	0.00132586
0.0312037	0.0112457	0.361563
0.0283302	0.00595695	0.0315863
0.0301683	0.00898261	0.106804
0.0356028	0.00930553	0.0235766
0.0325953	0.00513684	0.00636386
0.0273882	0.0142061	0.0112211
0.0280697	0.0119719	0.0227555
0.0319626	0.0088862	0.041021
0.0320033	0.00681193	0.038943
0.0352565	0.0132847	0.103349
0.0217103	0.00908187	0.0357267
0.0303293	0.0113843	0.310639
0.0291656	0.00677053	0.163331
0.0218881	0.0108981	0.0249999
0.0329223	0.010646	0.0799303
0.0266778	0.0135687	0.0841464
0.0371675	0.0116508	0.0586982
0.0283155	0.0109531	0.175288
0.0380187	0.00971934	0.0374679
0.0259554	0.0126806	0.0184667
0.0314625	0.0115358	0.0891559
0.0302099	0.00686574	0.117098
0.0291356	0.0060824	0.096928
0.0265054	0.0108182	0.0609274
0.0284847	0.0113309	0.0195805
0.0298413	0.00826198	0.0887472
0.0252951	0.0134515	0.0514518
0.0338379	0.0104884	0.103107
0.0315342	0.00648609	0.0879195
0.0362341	0.0108242	0.00982886
0.0310152	0.00430532	0.0938822
0.0277595	0.0068728	0.0602512
0.0335415	0.0108072	0.00948675
0.0358728	0.0104065	0.120412
0.0262168	0.00614525	0.0044493
0.0386536	0.0101586	0.0571028
0.0266874	0.0124661	0.122055
0.0317483	0.00890386	0.0291595
0.0342478	0.0124852	0.263492
0.0308724	0.00938543	0.0892026
0.0344322	0.0102849	0.0770224
0.0307707	0.0119527	0.10745
0.0297156	0.00965999	0.0651336
0.0309319	0.0117361	0.116595
0.0266569	0.0101775	0.115413
0.030465	0.0105404	0.0705273
0.0260498	0.0084462	0.163522
0.0260618	0.0108446	0.0579642
0.0286945	0.0120355	0.0697488
0.0298591	0.0108845	0.0576758
0.0268678	0.011865	0.071002
0.030214	0.0101891	0.0710626
0.0253571	0.0119247	0.0203515
0.029373	0.0114592	0.115659
0.0330913	0.0147679	0.183351
0.0283189	0.0131634	0.0282188
0.0281546	0.0114991	0.149731
0.0282994	0.0138043	0.0168019
0.0214949	0.0115202	0.366881
0.0316412	0.0119046	0.117947
0.0259635	0.00836171	0.108246
0.0287214	0.0124892	0.0184454
0.0321582	0.0077399	0.0418209
0.0297003	0.0100184	0.0589131
0.0209344	0.0105667	0.124133
0.0444127	0.00918242	0.00557576
0.0338735	0.0116673	0.194404
0.0271284	0.0116776	0.171684
0.0361231	0.0106805	0.047342
0.032682	0.00849083	0.036925
0.0326459	0.0111942	0.186691
0.0274114	0.00767714	0.192322
0.0271714	0.00857858	0.109607
0.0270885	0.00953433	0.0832125
0.026456	0.0117871	0.146075
0.0153982	0.0135017	0.170347
0.0353049	0.00987357	0.028155
0.0312052	0.00964114	0.174488
0.0365944	0.0104914	0.044179
0.0306741	0.00924986	0.0154339
0.0311732	0.0111608	0.0635404
0.0271058	0.00881072	0.0639296
0.022029	0.00986093	0.0915031
0.0312236	0.0091239	0.0428845
0.0359394	0.0113729	0.0610614
0.0282053	0.0124976	0.0412006
0.0231271	0.0104337	0.0210443
0.027541	0.0124229	0.0464374
0.0367205	0.0109844	0.0690328
0.0338927	0.00791751	0.0600668
0.0283242	0.010953	0.0308911
0.0234379	0.0111029	0.16069
0.0255925	0.0127699	0.0191162
0.032751	0.0122069	0.0167669
0.031993	0.0121457	0.00895729
0.0313693	0.00926337	0.0424433
0.0322485	0.0104542	0.0156702
0.0286747	0.00912487	0.0345742
0.0325403	0.00873491	0.17753
0.0348405	0.0092131	0.0908264
0.0335328	0.0107533	0.0782253
0.0290634	0.00840677	0.0832833
0.0313628	0.0119217	0.242188
0.0302834	0.0129872	0.0693831
0.0219977	0.010209	0.131514
0.0290014	0.0105082	0.0931174
0.0235113	0.0132219	0.13076
0.0331052	0.00780827	0.146966
0.03739	0.015206	0.0966903
0.0294754	0.0113772	0.0259134
0.0225234	0.00891832	0.0371823
0.028716	0.010981	0.0903907
0.0329687	0.00900761	0.0901375
0.0267838	0.00950767	0.064252
0.0249456	0.0116421	0.0469387
0.0318553	0.0111218	0.080701
0.0259564	0.0105046	0.358903
0.0308507	0.00936491	0.129149
0.0234245	0.0136748	0.206941
0.0269407	0.00708905	0.0377769
0.0201376	0.00924006	0.0891405
0.031391	0.00560621	0.0915019
0.0276993	0.00903239	0.122405
0.0238172	0.00801261	0.0301116
0.0251509	0.00874704	0.039
0.0273153	0.0093762	0.0106617
0.0346241	0.00930188	0.11645
0.029676	0.0063594	0.0277634
0.0334184	0.0102424	0.148711
0.0262481	0.013935	0.0857564
0.0236512	0.00989695	0.193604
0.0282228	0.0120658	0.087227
0.0350018	0.00996904	0.145242
0.0332432	0.00920006	0.0149152
0.0360954	0.0122421	0.1877
0.0326389	0.00888524	0.0183138
0.0356898	0.00972816	0.123982
0.0230787	0.0121003	0.0691128
0.0277123	0.00950615	0.0547112
0.0313037	0.00895841	0.153328
0.0306607	0.00927627	0.0557526
0.0265663	0.0116069	0.0871607
0.0312556	0.012533	0.0473972
0.0281003	0.00953946	0.167693
0.0337922	0.00908971	0.00912968
0.0279114	0.0111949	0.0181082
0.0231887	0.0110304	0.0603872
0.0384134	0.00904339	0.00958086
0.0237056	0.00911977	0.113612
0.0218697	0.0036194	0.00799711
0.0285527	0.00772375	0.00710892
0.0291189	0.00872912	0.131315
0.0323479	0.0113637	0.0201678
0.027847	0.012095	0.0406368
0.0261267	0.00734786	0.030862
0.0288355	0.00863498	0.121929
0.0346805	0.00804786	0.0398256
0.0345262	0.0122608	0.0157239
0.0287564	0.0107585	0.0034737
0.0274299	0.0136013	0.0166834
0.0259817	0.0124183	0.0545239
0.030597	0.0119011	0.143032
0.0346482	0.0119503	0.10995
0.0351845	0.00947665	0.00872302
0.0285453	0.0124023	0.0601608
0.0337055	0.0107853	0.0991678
0.0264218	0.00598556	0.109585
0.0340385	0.00966483	0.00629158
0.0244756	0.00969715	0.0295119
0.0302281	0.00566919	0.00643567
0.0231924	0.0100717	0.032897
0.0291778	0.0083312	0.0405695
0.0389954	0.00957409	0.121357
0.021651	0.00939572	0.00226869
0.033433	0.0108357	0.222863
0.0335818	0.0098984	0.0250883
0.0305145	0.00983798	0.284883
0.0379775	0.0140273	0.0509207
0.0280741	0.0133557	0.0502511
0.0271038	0.00936768	0.0551964
0.0385625	0.00993416	0.0474948
0.0210602	0.00840959	0.0394018
0.0275007	0.00869044	0.0616484
0.0288395	0.0131557	0.126275
0.0228447	0.0111901	0.155558
0.0227724	0.011957	0.0598231
0.0344461	0.0123501	0.0742114
0.0264764	0.0106331	0.173311
0.0292693	0.00863245	0.0591391
0.0302254	0.0103689	0.0189822
0.0253249	0.0118205	0.0962592
0.0289475	0.00755085	0.17746
0.030974	0.0142347	0.0823173
0.0280771	0.012013	0.113874
0.0277215	0.011186	0.0383786
0.0267109	0.00666553	0.0298018
0.031844	0.00809545	0.0421686
0.0286394	0.00493694	0.104877
0.0298693	0.00833655	0.0861402
0.0285148	0.0147939	0.0634922
0.0296071	0.0102601	0.0430975
0.0287691	0.00995737	0.184211
0.0339766	0.00904654	0.218847
0.0333774	0.0113547	0.0665403
0.0288846	0.0116286	0.026391
0.0284559	0.00954423	0.00179343
0.0346905	0.00709449	0.144285
0.0223608	0.0131027	0.0837859
0.0301793	0.00905852	0.107782
0.0308627	0.0121086	0.112855
0.0268875	0.00725716	0.138617
0.0278223	0.0107596	0.0227037
0.0317582	0.00670786	0.164115
0.0368575	0.00642099	0.0283642
