0.034476	0.00396415	0.0371212
0.0463922	0.00810107	0.0356489
0.0315381	0.00775083	0.0375079
0.0365493	0.0138537	0.0367906
0.0291249	0.0137967	0.0376581
0.0239989	0.0138267	0.03841
0.0322225	0.0170688	0.0374014
0.0358522	0.000193569	0.0368312
0.0393971	0.00634891	0.0364691
0.0343627	0.0023451	0.0368458
0.0287185	0.00800667	0.0378019
0.0279322	0.00627239	0.0377715
0.0331402	0.0099957	0.0371527
0.0391735	0.0104463	0.036416
0.0436343	0.0140066	0.0359177
0.0252047	0.012972	0.0382261
0.0267634	0.0115301	0.0379146
0.0319974	0.0130327	0.037423
0.0275778	0.012611	0.0379073
0.0267613	0.0117946	0.0380449
0.051735	0.00522932	0.0345881
0.029175	0.0121663	0.0377424
0.022557	0.0117234	0.0385297
0.0147324	0.00502929	0.0395379
0.032879	0.0118505	0.0373756
0.0133569	0.0109588	0.0397663
0.0217736	0.0117553	0.038649
0.0512476	0.00891466	0.0351645
0.0212827	0.0111101	0.0386659
0.0445763	0.00410684	0.0357993
0.0336231	0.0126124	0.0372129
0.0432831	0.00747214	0.0357333
0.0390009	0.00317689	0.0364585
0.0265989	0.0123529	0.0380054
0.026448	0.00263057	0.0381672
0.0176263	0.0140737	0.0391659
0.0365676	0.00491205	0.0365915
0.0123868	0.00642878	0.0398833
0.0399653	0.0106574	0.0364387
0.0203914	0.0108518	0.0386731
0.0449539	0.0132769	0.0358168
0.0289792	0.00879437	0.0376489
0.0415475	0.00984308	0.0360844
0.0332031	0.00615952	0.037182
0.0221642	0.0154659	0.0385701
0.0128013	0.0121418	0.0395728
0.0165648	0.0153009	0.0392988
0.0181722	0.0140637	0.0391209
0.0256265	0.00750766	0.0382068
0.0277196	0.00989083	0.0378952
0.040752	0.0112765	0.0362179
0.0448022	0.0138961	0.0359579
0.0333255	0.0103955	0.0372598
0.0295919	0.0142765	0.0376677
0.0018842	0.00573879	0.0407982
0.0256396	0.00477503	0.0380933
0.0416347	0.0145876	0.0360185
0.0269124	0.0104627	0.0379759
0.0447694	0.00819824	0.0357822
0.0245944	0.00967774	0.0383339
0.0482161	0.00724289	0.0354348
0.0247325	0.0145089	0.0383281
0.00860626	0.0127412	0.0403305
0.0445582	0.0116399	0.0358271
0.0160403	0.00933887	0.0394376
0.0340585	0.00834754	0.0370996
0.0309146	0.0125295	0.0375332
0.0375178	0.00971788	0.0368079
0.0334938	0.00325091	0.0370967
0.03065	0.00235964	0.0376
0.0332302	0.00856004	0.0372339
0.0348583	0.00673447	0.0369665
0.0356575	0.00483333	0.0369481
0.0443383	0.00881005	0.0358893
0.0384063	0.0110808	0.0366286
0.0292443	0.00509566	0.0377271
0.0352497	0.00553195	0.0370656
0.0289833	0.00967622	0.0376489
0.0369527	0.00570144	0.0368148
0.0104784	0.0145511	0.0399189
0.0208422	0.0148569	0.0388091
0.0088653	0.0135604	0.0401506
0.00230868	0.0140596	0.0409518
0.0183069	0.00936883	0.0391521
0.0391254	0.0109584	0.0363929
0.0334384	0.00862446	0.0372216
0.0200846	0.00510633	0.0387553
0.0419196	0.0127777	0.0359688
0.0359569	0.0161958	0.0368673
0.0430818	0.0126242	0.0360034
0.0186955	0.0163336	0.0392257
0.0361232	0.0123612	0.0368912
0.0206582	0.0132036	0.0388295
0.0408841	0.00269734	0.036254
0.0191593	0.00764362	0.0390766
0.0244223	0.00824305	0.0382657
0.0418251	0.00654183	0.036192
0.0293602	0.00369587	0.0376987
0.0311608	0.0170028	0.0375038
0.0438457	0.00156786	0.0357052
0.0182078	0.0107049	0.03921
0.0238075	0.0124658	0.0383995
0.0131728	0.00590873	0.0396733
0.031351	0.0147312	0.0374641
0.0465799	0.0110322	0.0356062
0.035107	0.00689845	0.0369529
0.0331743	0.00567229	0.0371759
0.0133905	0.00656675	0.0396729
0.0304206	0.00946018	0.037597
0.0285551	0.00728549	0.0377705
0.0255867	0.00981757	0.0381148
0.0120212	0.00388277	0.0397575
0.025788	0.0041276	0.0381542
0.0285422	0.0169852	0.0378791
0.0375098	0.00960383	0.0367603
0.0320879	0.00299993	0.0372508
0.0391874	0.0107845	0.0365749
0.0335732	0.0157844	0.0371567
0.0244197	0.0176241	0.0384602
0.0372441	0.000387848	0.0365999
0.0373775	0.00733063	0.0367516
0.033615	0.0114521	0.0371239
0.0393762	0.00835456	0.0364692
0.0263548	0.0144146	0.0382314
0.0414693	0.0148643	0.0361232
0.0349786	0.00587508	0.0369495
0.0507358	0.0179993	0.0351451
0.0434113	0.00778475	0.0360101
0.0176481	0.0119005	0.0389924
0.0336666	0.00839925	0.0371932
0.0331341	0.0130128	0.0371321
0.0317339	0.0144915	0.0374478
0.0359581	0.0079415	0.0368615
0.00255045	0.00485065	0.0410215
0.0458353	0.0137863	0.0357551
0.0174889	0.00916289	0.0391375
0.00872263	0.00913998	0.0401984
0.0429742	0.0146046	0.0360267
0.0378999	0.00497807	0.0365806
0.0372103	0.0156397	0.0368884
0.0388631	0.0144074	0.0364873
0.0350654	0.0106382	0.0370202
0.0410111	0.00121264	0.0363743
0.0364091	0.000880733	0.0367102
0.00830283	0.0151376	0.0404582
0.0385068	0.0133158	0.0366127
0.0219123	0.0147855	0.0384832
0.00547713	0.00508036	0.0409547
0.021807	0.0142877	0.0385028
0.0423343	0.0111892	0.0360102
0.0351088	0.0112367	0.0369535
0.0205774	0.00522387	0.0386905
0.0199405	0.0148574	0.0390199
0.043316	0.0132317	0.036017
0.0296175	0.00346703	0.0374486
0.0215493	0.00574845	0.0385585
0.0235059	0.0055852	0.0386104
0.0227888	0.0114868	0.0385518
0.0184987	0.01055	0.0390721
0.0487323	0.00899542	0.0354676
0.0289834	0.0141625	0.0377998
0.0348186	0.0143823	0.0370897
0.0397069	0.00111709	0.0363819
0.0355025	0.00585406	0.0370212
0.00764291	0.0140124	0.0401646
0.0306633	0.00126172	0.0375965
0.0367805	0.00589119	0.0367288
0.037912	0.0180592	0.0365783
0.0161882	0.0149052	0.0393728
0.0323488	0.0142951	0.0372831
0.0348099	0.0139901	0.037
0.0181227	0.00137085	0.0388761
0.0438133	0.0133256	0.0359443
0.0241714	0.0146012	0.0382276
0.026217	0.00337314	0.0381367
0.0298931	0.0141596	0.0376785
0.0405799	0.00829522	0.0363836
0.0368319	0.0167298	0.0368079
0.0369557	0.00650347	0.0368473
0.00852394	0.00117623	0.040091
0.0280129	0.00416755	0.0380166
0.0310074	0.00755384	0.0373809
0.0445507	0.014214	0.0358847
0.0291971	0.00596928	0.0378118
0.0468171	0.00478463	0.0354855
0.0401094	0.0107053	0.0364669
0.0288226	0.00470071	0.0377615
0.0196537	0.0092608	0.0388615
0.034757	0.0137269	0.0369697
0.0232561	0.0137074	0.0385141
0.0262426	0.00832651	0.0381232
0.0218501	0.00610797	0.0385488
0.0258785	0.0114683	0.0381263
0.0367633	0.0138645	0.0367903
0.0412279	0.0114241	0.0362694
0.0333065	0.0138189	0.0372156
0.0379269	0.0160718	0.0366658
0.0396038	0.00442808	0.0362632
0.0336005	0.0094351	0.0372512
0.023042	0.0053679	0.0383509
0.0464782	0.0111029	0.0357096
0.0303844	0.011796	0.0375757
0.0198352	0.00375379	0.0389457
0.0343853	0.0164151	0.0371322
0.040612	0.00855466	0.0363509
0.0287343	0.0112651	0.0378018
0.0350834	0.00022269	0.0368545
0.0244271	0.0152641	0.0383431
0.0268431	0.0120995	0.0380448
0.0346074	0.00728012	0.037018
0.0249662	0.0108299	0.0381918
0.0377959	0.0112956	0.0366789
0.0194355	0.010912	0.0387837
0.0210371	0.00994075	0.0386363
0.0278011	0.00403195	0.0379941
0.0352912	0.0121503	0.036906
0.0178953	0.0174203	0.0389237
0.00623651	0.0153434	0.0404784
0.0269951	0.010276	0.0380521
0.0394841	0.0101946	0.0362671
0.0327961	0.00868131	0.0371858
0.0328091	0.0119455	0.0372417
0.0243641	0.00551006	0.0384134
0.0371842	0.0104273	0.0368167
0.0453827	0.00171888	0.0356655
0.017492	0.012732	0.039232
0.0249577	0.00830285	0.0382764
0.0343507	0.0166213	0.0370791
0.0496709	0.00383117	0.03525
0.0337002	0.0162954	0.0370375
0.0237828	0.0100864	0.0384649
0.0231006	0.00871266	0.0384103
0.0209141	0.0144187	0.038814
0.022169	0.00951615	0.0385496
0.0221294	0.0163268	0.0386322
0.0300257	0.00352198	0.0376254
0.0156199	0.00564605	0.0393836
0.0377478	0.00656051	0.0366643
0.034702	0.0160597	0.0370522
0.0236693	0.0092158	0.0383075
0.0441064	0.00566563	0.0358605
0.0324723	0.0138661	0.0373593
0.0392908	0.0145981	0.0366304
0.0269446	0.0139549	0.0380473
0.0344246	0.0135398	0.0370763
0.0216492	0.00455852	0.0385898
0.0344797	0.0124211	0.0371227
0.0231296	0.0101149	0.0386179
0.0363041	0.00171448	0.0367345
0.0167563	0.0155581	0.039305
0.0174021	0.0112263	0.0390214
0.0413539	0.0057492	0.0361972
0.0479543	0.0166405	0.0354915
0.0376932	0.0144015	0.0367008
0.0321873	0.0141813	0.0373016
0.0250592	0.0160328	0.0382323
0.0250727	0.0115869	0.0383546
0.0412045	0.0168953	0.0362369
0.0317411	0.000753243	0.0373377
0.0325898	0.0114137	0.0373411
0.0146263	0.00459889	0.0396444
0.0413099	0.0133539	0.0363801
0.0430129	0.0101477	0.0359154
0.0231844	0.0148205	0.0385128
0.0163582	0.0130466	0.0394652
0.0239383	0.00919176	0.0382978
0.0328905	0.00959573	0.0372266
0.00275197	0.00917813	0.041031
0.0303208	0.00560253	0.037494
0.0384228	0.0124658	0.0366184
0.0129427	0.0161517	0.0399052
0.0342406	0.0156623	0.0371068
0.0450692	0.00525684	0.0358215
0.0308987	0.00738299	0.0373949
0.013486	0.00676104	0.0395846
0.0530662	0.00479017	0.0348398
0.0222807	0.0116756	0.0385524
0.0323979	0.015376	0.0372966
0.0237588	0.0111056	0.0384346
0.0368714	0.00600258	0.036738
0.0449153	0.00541583	0.0359237
0.0254857	0.0114808	0.0382898
0.0308778	0.00378627	0.0374382
0.00715653	0.0104731	0.040537
0.01359	0.0165314	0.0395628
0.0333361	0.0164168	0.0371422
0.0293984	0.00606315	0.0377579
0.0286984	0.012901	0.0377405
0.0415505	0.011849	0.0363225
0.0211318	0.0154336	0.0388008
0.0385619	0.014276	0.0366096
0.0288624	0.0162615	0.0377326
0.0409881	0.00860113	0.0362468
0.0350717	0.0124418	0.0370335
0.0338137	0.012492	0.0370813
0.0259761	0.0126529	0.0381167
0.0279556	0.00867607	0.037768
0.0361977	0.0155385	0.0368761
0.0297024	0.00841943	0.0376199
0.0400932	0.00724574	0.0365097
0.00627056	0.0105916	0.040578
0.0379064	0.0102825	0.036553
0.0286426	0.0158849	0.0377931
0.0391317	0.00869019	0.036557
0.0105847	0.00953991	0.0399879
0.0261525	0.0121712	0.0381343
0.0430353	0.0162015	0.0362616
0.0447672	0.00615412	0.0355917
0.0507739	0.0125291	0.0349694
0.0343489	0.00527379	0.036943
0.0287711	0.0107069	0.0378053
0.0271067	0.0111229	0.0380391
0.0196644	0.0106449	0.0389167
0.0250943	0.0091	0.0381567
0.0371494	0.00684186	0.0367823
0.0288957	0.0101092	0.0377298
0.0359434	0.00306922	0.0369703
0.0310805	0.00859314	0.037462
0.0429178	0.0143859	0.0360376
0.0267212	0.0130578	0.0380911
0.0353164	0.0114462	0.0369502
0.0290786	0.0159134	0.0378626
0.0380869	0.0123499	0.0366516
0.0315711	0.00286773	0.0375572
0.0251669	0.00771487	0.0382632
0.0438316	0.0105856	0.0360641
0.0293943	0.0131042	0.0377446
0.0304792	0.00845156	0.0375337
0.0300807	0.0136559	0.0376179
0.0210697	0.0102824	0.0386748
0.0322749	0.0117213	0.0373497
0.0373265	0.0112935	0.036621
0.0393945	0.00512543	0.0363973
0.0355298	0.0104647	0.0370444
0.0351268	0.0167578	0.0370014
0.0229558	0.0154926	0.0385755
0.0237925	0.0149803	0.0383948
0.0404088	0.00713206	0.0363561
0.0265062	0.0152304	0.0379298
0.0341177	0.00972983	0.037051
0.0222139	0.0107762	0.0386927
0.0360717	0.00914015	0.0368965
0.0348429	0.00249297	0.0369235
0.0216261	0.00757759	0.0386042
0.0407417	0.0102911	0.0364276
0.0249056	0.01556	0.038139
0.0367157	0.0144936	0.0367364
0.0383188	0.00987724	0.0366237
0.0277719	0.00224085	0.037794
0.0175008	0.00749664	0.0392924
0.0236856	0.00495428	0.0382726
0.0334946	0.0124506	0.0372413
0.0237701	0.0153388	0.0383443
0.0439576	0.0159678	0.035978
0.0374689	0.0155375	0.0367101
0.0409928	0.00922355	0.0363534
0.0209503	0.0129753	0.0386969
0.0434462	0.00959258	0.0361059
0.0252881	0.0014499	0.0380068
0.0356272	0.00503162	0.0370191
0.0350922	0.0126821	0.0370327
0.0217476	0.00678353	0.0385395
0.0422653	0.00477186	0.036073
0.020617	0.00784794	0.0388049
0.0305759	0.00597376	0.0374918
0.0421834	0.0122214	0.0360862
0.0138768	0.0166299	0.0397894
0.0404812	0.0102333	0.036362
0.0350722	0.0188877	0.0371916
0.0458591	0.00544449	0.0356001
0.0347177	0.0124366	0.0371568
0.0244464	0.00736717	0.0382558
0.0359378	0.0038867	0.0369948
0.0297729	0.0159512	0.0377497
0.0235735	0.00744405	0.038293
0.0186607	0.00394592	0.0388736
0.0212365	0.0171672	0.0388108
0.0276934	0.0165786	0.0379267
0.0198532	0.0149675	0.0389208
0.0261573	0.0020833	0.0380474
0.0211431	0.00309115	0.0386294
0.0184177	0.010761	0.0390659
0.00834721	0.000417289	0.0400877
0.044978	0.00482744	0.0356884
0.0408201	0.0102497	0.036388
0.0264433	0.00910313	0.0381013
0.0313426	0.0132179	0.0374718
0.0280071	0.0104842	0.0378474
0.0348389	0.00935917	0.0370416
0.0445354	0.00628845	0.0356105
0.0225902	0.0111642	0.0386608
0.0220039	0.0124082	0.038478
0.0100527	0.00482348	0.0398893
0.027723	0.000619089	0.0377917
0.041961	0.0201797	0.0361997
0.0170634	0.00588985	0.0391492
0.0373731	0.00121129	0.0368283
0.0331462	0.0145522	0.037156
0.0317802	0.00869612	0.037514
0.0412835	0.00913352	0.0363155
0.0320315	0.0116198	0.0373964
0.0196831	0.0143936	0.0389664
0.0291294	0.0111259	0.0377986
0.040224	0.00422992	0.0364284
0.0151946	0.0105992	0.039414
0.0285769	0.0120825	0.0378398
0.0356335	0.0044322	0.0368641
0.0464749	0.010865	0.035428
0.0330035	0.0114623	0.0372348
0.031804	0.011554	0.0372908
0.0226951	0.0112695	0.0384848
0.0319563	0.00687471	0.0373432
0.0200091	0.00584738	0.0387893
0.0279156	0.00846252	0.0378198
0.0100039	0.00865253	0.0399095
0.0351615	0.00254183	0.0369787
0.0305576	0.00879868	0.0375425
0.0194014	0.0133038	0.0388849
0.0379369	0.0115798	0.0365678
0.0156672	0.0108317	0.0396025
0.0265404	0.0106496	0.0379583
0.0209585	0.0152362	0.0386899
0.0209222	0.0139049	0.0386018
0.0222871	0.00428593	0.0386267
0.0361794	0.012514	0.036897
0.0351285	0.00572995	0.036922
0.0301316	0.0133835	0.0375348
0.0311411	0.0108471	0.0374893
0.0150648	0.00719791	0.0396819
0.0368957	0.0115593	0.0367316
0.0420803	0.0109591	0.0361432
0.027608	0.0121501	0.0380294
0.0276227	0.011027	0.0380378
0.0211276	0.00339902	0.0386137
0.0251258	0.0140568	0.0381134
0.00362502	0.0120305	0.0407564
0.0390431	0.01491	0.0366351
0.0287321	0.0157267	0.0377926
0.0326768	0.0113774	0.0373383
0.0416181	0.00765935	0.0360895
0.0509047	0.00916049	0.034868
0.0240366	0.0101665	0.0383029
0.0387599	0.00847178	0.0365789
0.0279111	0.00920706	0.037807
0.0321252	0.0132984	0.0372773
0.0298884	0.00708594	0.0375898
0.0386433	0.00813875	0.0364828
0.0345126	0.0137491	0.0371191
0.0386643	0.0120782	0.0364953
0.022928	0.00674097	0.0385797
0.0253091	0.0110687	0.0383102
0.0167347	0.00316687	0.0391804
0.026309	0.0114674	0.0380198
0.0389878	0.00122422	0.0367095
0.0389199	0.00616037	0.0364677
0.0439661	0.0150852	0.0359598
0.0317122	0.0141745	0.0375519
0.0244703	0.0106105	0.0382779
0.0337744	0.0140927	0.0372209
0.0306527	0.00800555	0.0374553
0.0278063	0.00802195	0.0378732
0.0386075	0.0109833	0.0366044
0.0268747	0.00818238	0.0380767
0.0429993	0.010579	0.0359937
0.0152961	0.0104642	0.0395232
0.0340805	0.0175828	0.0370352
0.0330341	0.00755547	0.0373132
0.0314039	0.0112428	0.0373903
0.0341348	0.00945705	0.0371996
0.024211	0.0100213	0.0383332
0.0274078	0.0156545	0.0379029
0.0152631	0.0151051	0.0393737
0.0333951	0.0156714	0.0372786
0.0305702	0.00747949	0.0375233
0.041424	0.00577133	0.0362791
0.0323968	0.0127201	0.0372321
0.0342274	0.0160061	0.0370296
0.0340489	0.0143522	0.0370898
0.0148821	0.0142864	0.0396666
0.0249511	0.0108316	0.0382362
0.0387897	0.0169136	0.0364977
0.029392	0.00969765	0.0376024
0.0302207	0.00181006	0.0373412
0.0304456	0.012847	0.037492
0.0192556	0.012295	0.038932
0.0326917	0.00865392	0.0373138
0.0286425	0.00416545	0.0376665
0.02467	0.0116026	0.0382417
0.0372543	0.00480306	0.0365849
0.0335862	0.0151699	0.0371535
0.0389046	0.0103665	0.0364518
0.0273541	0.00794305	0.0378463
0.0333614	0.0113132	0.0373015
0.0244409	0.0141397	0.0381769
0.0224929	0.0111181	0.0384848
0.0445263	0.00734145	0.0359037
0.0331907	0.0129719	0.0371562
0.0185702	0.00376348	0.0389508
0.023847	0.00986995	0.038354
0.0344321	0.00936554	0.0371375
0.0166008	0.00349472	0.0393133
0.0184033	0.00990756	0.0389137
0.0392105	0.0143782	0.0364401
0.0444914	0.00687054	0.0358142
0.0195637	0.00997372	0.039027
0.0323407	0.00254793	0.037272
0.0364574	0.0130047	0.0368495
0.017326	0.00724434	0.0390267
0.0293471	0.000311103	0.0376795
0.0348947	0.0134642	0.0371265
0.0353764	0.0106866	0.036871
0.0232467	0.00939663	0.0384753
0.0252384	0.00369265	0.0383068
0.0196366	0.00983427	0.0388382
0.0196765	0.000766492	0.0389475
0.0387395	0.00794336	0.0364042
0.038714	0.012322	0.0365038
0.0370886	0.00846515	0.03674
0.0307668	0.0117948	0.0374563
0.0272925	0.00282329	0.0379002
0.0189275	0.015522	0.0390507
0.0403455	0.00992425	0.0363201
0.0346614	0.0108566	0.03711
0.0143445	0.0116783	0.0396055
0.0255115	0.00636136	0.0382083
0.0270878	0.0131695	0.0378857
0.0376631	0.00142523	0.0365862
0.0314514	0.00511396	0.0373546
0.0194117	0.00457234	0.0388321
0.0343583	0.00747451	0.0370362
0.0336934	0.00643644	0.0372753
0.0210356	0.0127992	0.0385906
0.0254819	0.017045	0.0382866
0.0311846	0.00248284	0.0373796
0.0234212	0.00534743	0.0382852
0.0307755	0.0163338	0.037496
0.040324	0.0125665	0.0363874
0.0342046	0.010909	0.0370653
0.013265	0.00240768	0.0399535
0.0176366	0.0118037	0.039164
0.0234031	0.00736641	0.03841
0.0345121	0.00486275	0.0369984
0.0324581	0.00701309	0.0371712
0.0348574	0.0155509	0.0370539
0.0188936	0.0160326	0.0390437
0.0304411	0.0167489	0.0376231
0.0340991	0.00476489	0.0372355
0.00862736	0.0115312	0.0402246
0.024588	0.014918	0.0382962
0.0410321	0.0161983	0.0362122
0.0338776	0.0164774	0.0372187
0.0464975	0.00462031	0.0352744
0.0389978	0.0086929	0.0365714
0.0225924	0.00886075	0.038431
0.0292474	0.013588	0.0378592
0.0141155	0.0125456	0.0396206
0.0263688	0.00874985	0.0380226
0.0397665	0.00975796	0.0364795
0.0188674	0.013216	0.0390371
0.00155081	0.007554	0.0408966
0.0187441	0.00634023	0.0389091
0.0210284	0.0156054	0.0385935
0.0461786	0.012805	0.0356451
0.0381137	0.00929725	0.0364375
0.0255261	0.00175229	0.0381089
0.0404458	0.014282	0.0364905
0.03878	0.0123047	0.0365608
0.031631	0.00623721	0.0373742
0.0269966	0.00523036	0.0378743
0.00724372	0.0110473	0.0405319
0.0347496	0.0073953	0.0370366
0.027682	0.0118027	0.0378433
0.0337453	0.0116176	0.0371291
0.0451294	0.00529666	0.035697
0.0153126	0.0119385	0.0395812
0.0315812	0.0131663	0.0375178
0.0187316	0.0133979	0.0390538
0.0236034	0.00302074	0.0386023
0.0383848	0.0122564	0.0365609
0.0334591	0.013463	0.0372965
0.0207974	0.0100171	0.0388607
0.0367331	0.00180426	0.0367518
0.0378557	0.0101497	0.0366819
0.0253509	0.000906054	0.0383816
0.0476943	0.0084282	0.0354347
0.0447075	0.00761693	0.0357665
0.020837	0.0156344	0.038759
0.0179942	0.00748192	0.0391997
0.0327407	0.0155105	0.0373853
0.0373231	0.0121847	0.0367492
0.0383587	0.0059925	0.0365909
0.0310098	0.00911523	0.0374621
0.0345271	0.0180027	0.0370051
0.0412365	0.00325768	0.0360476
0.0339508	0.0124649	0.0371714
0.0313838	0.0125343	0.0374687
0.0129053	0.00811067	0.0397538
0.0267703	0.00355104	0.0380194
0.0239358	0.0124353	0.0384183
0.032982	0.0136123	0.037265
0.0207426	0.013446	0.0387735
0.0281271	0.00334455	0.0379012
0.0240175	0.00436454	0.0382417
0.0392995	0.00386037	0.0366419
0.0243297	0.0149569	0.0383979
0.0454194	0.00813385	0.0357673
0.0252043	0.0125327	0.0382022
0.0245644	0.0158682	0.0383028
0.0263343	0.0169682	0.0380227
0.037315	0.0163665	0.0366685
0.0426828	0.00833591	0.0361139
0.0352813	0.0122798	0.0370193
0.00375936	0.0113969	0.0407703
0.00331514	0.00879035	0.0411812
0.0309802	0.0142879	0.0376364
0.0395896	0.0122743	0.0364042
0.0121279	0.00726134	0.0396089
0.0241027	0.013099	0.0383162
0.0345448	0.00706594	0.0369362
0.0473839	0.0056964	0.0352494
0.0322829	0.00524343	0.0372915
0.0353234	0.0135607	0.0370222
0.022032	0.00685044	0.038499
0.0407192	0.00358269	0.0363223
0.0311324	0.0151572	0.0375572
0.0380238	0.00181086	0.0363323
0.0431272	0.0115254	0.0360539
0.02794	0.0035022	0.0379117
0.03822	0.0123407	0.0365845
0.0180046	0.00594755	0.0389486
0.0382108	0.00622838	0.0366815
0.0398003	0.00785158	0.0364568
0.0359259	0.0114132	0.0369839
0.0339241	0.00662138	0.037101
0.0345392	0.00676244	0.0371035
0.0378876	0.0130853	0.0366231
0.0354687	0.00941185	0.0368547
0.0232062	0.0129526	0.0383373
0.0274349	0.0144644	0.0380452
0.0197603	0.0125252	0.0390189
0.0430748	0.0133473	0.036159
0.0159252	0.0161149	0.0393616
0.0303766	0.0116601	0.0374977
0.0199987	0.0139245	0.0388738
0.035506	0.0106728	0.0370161
0.0404695	0.00927765	0.0363695
0.0332258	0.00405199	0.0370008
0.0364022	0.0112139	0.0368601
0.0364343	0.0129369	0.0369438
0.0280233	0.0128044	0.0378578
0.0126542	0.0146598	0.0396907
0.0325551	0.00831098	0.0372927
0.0390358	0.0127994	0.0363557
0.0422441	0.0116011	0.0361903
0.0195132	0.00997812	0.0389099
0.0235907	0.0114025	0.0383794
0.0122402	0.00698867	0.0396364
0.0416594	0.00720273	0.0361387
0.0184806	0.00137544	0.0388285
0.027371	0.0149588	0.0380427
0.0270978	0.0115295	0.0379462
0.0177002	0.0110394	0.0390788
0.034835	0.0135575	0.0369183
0.0289864	0.000352358	0.037576
0.0296893	0.0155641	0.0376248
0.0389926	0.0135144	0.036479
0.052184	0.00358401	0.034882
0.0263977	0.00861931	0.0379551
0.0272894	0.0105708	0.03796
0.00868204	0.0129187	0.0404852
0.0215435	0.0105299	0.0388418
0.0319598	0.00813931	0.0373565
0.0367374	0.00990713	0.0366911
0.0259545	0.00195917	0.0380606
0.0260125	0.00438701	0.0379845
0.035649	0.00723639	0.0368788
0.0381902	0.013751	0.0366584
0.0324429	0.0118125	0.0372427
0.0261908	0.0142717	0.0382397
0.0189066	0.0147433	0.0389887
0.0209595	0.0148015	0.038765
0.00428543	0.00565777	0.04103
0.0479159	0.00238708	0.0352149
0.0237436	0.00769879	0.038429
0.0250043	0.0129703	0.0381952
0.0193823	0.01221	0.0388638
0.02327	0.00876064	0.0384804
0.0318866	0.0101797	0.0372938
0.040231	0.0106255	0.0364384
0.0163413	0.0108301	0.0392405
0.0379647	0.0149292	0.036679
0.0299803	0.00898276	0.0375024
0.0362475	0.0147536	0.0369774
0.0204629	0.00987391	0.0388274
0.035144	0.0105672	0.0369215
0.0211972	0.0114807	0.0387423
0.03644	0.00849294	0.0368087
0.0184606	0.010345	0.0389858
0.0431282	0.0045348	0.0357139
0.0429697	0.0117416	0.036013
0.0240874	0.00975794	0.0382493
0.0274107	0.00798779	0.037858
0.0222587	0.00331018	0.0387659
0.0194601	0.011316	0.0390979
0.0230617	0.0112918	0.0385116
0.0140417	0.00598965	0.0396061
0.02381	0.00737557	0.038417
0.033785	0.0154042	0.037273
0.0494036	0.0169267	0.0352449
0.0427631	0.00519161	0.0361023
0.0426967	0.0161988	0.0359076
0.0135504	0.0149065	0.0397275
0.0276581	0.0112026	0.0379572
0.0343074	0.00605338	0.0371774
0.0318891	0.0117762	0.037287
0.010802	0.00491682	0.0398884
0.0238061	0.0156898	0.0383368
0.0417975	0.00939495	0.036188
0.0209776	0.0136592	0.0387098
0.0188714	0.0153217	0.0390487
0.00966741	0.00338004	0.0401368
0.0296885	0.0138784	0.0377554
0.0207065	0.0134864	0.0388459
0.0314592	0.0121092	0.0374844
0.039866	0.00813353	0.0364585
0.0439258	0.0105699	0.0360532
0.016092	0.0134498	0.0393213
0.0261931	0.0127771	0.0381304
0.0359886	0.0155638	0.0368601
0.0333065	0.0116194	0.037179
0.021377	0.00707507	0.0385988
0.036847	0.00408953	0.0367276
0.0466109	0.0055655	0.0356266
0.0274184	0.0168486	0.0379371
0.0134247	0.0106173	0.0398465
0.0208617	0.016489	0.0387024
0.0163229	0.0134426	0.0392468
0.0340582	0.00951251	0.037091
0.0309927	0.00860095	0.0373718
0.0400786	0.0105801	0.0363359
0.0320393	0.00656845	0.0372069
0.0189676	0.00867157	0.0389473
0.0147437	0.0076839	0.0394674
0.028959	0.0151512	0.0377102
0.0341955	0.0115707	0.0370722
0.0479225	0.0116448	0.0355324
0.0260821	0.00908484	0.0381798
0.0220813	0.0137772	0.0386782
0.0399432	0.0156872	0.0364443
0.0108491	0.00915745	0.0400315
0.0310206	0.00747602	0.0374485
0.0280247	0.00614251	0.0378143
0.0389914	0.0050485	0.0365313
0.0395819	0.00842907	0.0365017
0.0395463	0.0132719	0.0364245
0.0161459	0.00815848	0.0394334
0.0269432	0.0127665	0.0380382
0.0401027	0.00942177	0.0364211
0.0372028	0.0145646	0.0366639
0.0286049	0.0122112	0.0378094
0.0411758	0.0128592	0.0362791
0.0312472	0.0157634	0.0374475
0.0440605	0.0202184	0.0358867
0.0261937	0.00590965	0.0379699
0.0243448	0.00919961	0.0382518
0.0333703	0.013515	0.0371554
0.0312665	0.00381509	0.0374771
0.0333961	0.00980628	0.0371207
0.0265662	0.00981644	0.0381213
0.0452055	0.0139242	0.0357884
0.0293147	0.0160717	0.03767
0.0205803	0.0138476	0.0388039
0.0369319	0.00692	0.036602
0.0330266	0.00391726	0.0371706
0.0207103	0.0101286	0.0389501
0.0339463	0.0120537	0.0371898
0.04078	0.0128698	0.0362492
0.0200799	0.0154115	0.0390302
0.0267808	0.0119983	0.0380342
0.0408698	0.00434491	0.0361489
0.0278143	0.0115358	0.0379394
0.0175741	0.0149532	0.0391523
0.0149431	0.0162157	0.0395003
0.0240151	0.0109564	0.0383932
0.0227573	0.0174832	0.0383578
0.0499587	0.00683489	0.0351549
0.00976186	0.00932161	0.0402194
0.0440092	0.0132157	0.0359345
0.0340185	0.00892525	0.0371581
0.00613935	0.0139386	0.0404521
0.0306247	0.00811236	0.0375406
0.032105	0.0151254	0.0373371
0.0353714	0.00441053	0.0367369
0.042649	0.00488262	0.0360583
0.0348994	0.0148439	0.0371382
0.0474589	0.0122073	0.0352373
0.0384778	0.0114635	0.0366898
0.0265218	0.01161	0.0380808
0.0457794	0.00983758	0.0356606
0.0447	0.0100025	0.0356802
0.0321403	0.00735654	0.0372026
0.0352614	0.0145743	0.0371228
0.0397871	0.00950669	0.0364965
0.0514155	0.00978184	0.0348041
0.0311292	0.00287361	0.0376247
0.013701	0.0142998	0.0396295
0.0297155	0.00316327	0.0376248
0.0219668	0.0137631	0.0386237
0.0151247	0.0109615	0.039467
0.051673	0.00733017	0.0350237
0.0285217	0.0137693	0.0378619
0.023825	0.00344187	0.0382579
0.0349034	0.00564988	0.0369569
0.0329399	0.000114508	0.0371754
0.0289086	0.0016705	0.0376538
0.0328214	0.014575	0.0372915
0.0199938	0.015728	0.038822
0.0396048	0.01331	0.0363818
0.0158833	0.00893689	0.0392103
0.022619	0.000333038	0.0383957
0.0320134	0.00827092	0.0374545
0.0133873	0.0151932	0.0397722
0.0339059	0.00960618	0.0370805
0.0227985	0.0141892	0.0384812
0.0270634	0.0103432	0.0380281
0.0221158	0.00388757	0.0385261
0.0481672	0.0127704	0.0354009
0.0392906	0.0101688	0.0365494
0.0226773	0.00746935	0.0385571
0.024487	0.0120874	0.038417
0.0322893	0.00920109	0.0372494
0.0303289	0.0149069	0.0376268
0.0268606	0.00612223	0.0380565
0.0236246	0.00655788	0.0385791
0.0412493	0.014726	0.0362543
0.0344878	0.00413574	0.036992
0.0273605	0.00605275	0.0379019
0.0202842	0.0102456	0.0389866
0.0337531	0.00632858	0.0370163
0.023297	0.0108894	0.0384817
0.0261394	0.0109923	0.0381534
0.0246473	0.00901961	0.0383261
0.00927817	0.0165145	0.0401598
0.0235421	0.00945755	0.0384993
0.0316452	0.00951225	0.0372934
0.0237523	0.0116844	0.0383893
0.032119	0.0114913	0.0373946
0.0328599	0.00478797	0.037344
0.0420528	0.0164942	0.0361097
0.0401576	0.00908385	0.0364806
0.0225598	0.0126639	0.0385188
0.0405432	0.0124879	0.0362877
0.0229336	0.0128328	0.0384627
0.011215	0.0154353	0.0401777
0.0489996	0.00708144	0.0352328
0.0416835	0.0142619	0.0362895
0.0275125	0.00561262	0.0379354
0.0236422	0.00978183	0.0383494
0.031679	0.00891163	0.0373305
0.0465206	0.0126789	0.0355226
0.0428128	0.0165439	0.0360287
0.0330242	0.00956604	0.0372607
0.0346386	0.012953	0.0369862
0.0506817	0.00757818	0.0351162
0.0423293	0.0134738	0.0362817
0.0310679	0.00694605	0.03753
0.0459082	0.00624547	0.0356747
0.0314823	0.00749089	0.0374037
0.0404342	0.012588	0.0363673
0.0419118	0.0160122	0.0361736
0.0322594	0.0128114	0.0372676
0.0187457	0.0104256	0.0389806
0.0214772	0.00957267	0.0385657
0.0265816	0.0120335	0.0379736
0.0339835	0.0172393	0.0372423
0.0414629	0.00463982	0.0359416
0.0207432	0.0161118	0.0386094
0.0413847	0.00647664	0.0362232
0.0249943	0.0149399	0.0381282
0.0172348	0.0132111	0.0391429
0.0143891	0.00634608	0.0394024
0.0319553	0.00742776	0.0373508
0.0393858	0.0144783	0.0365084
0.0326909	0.0158526	0.0374069
0.0211697	0.0148977	0.0387765
0.0320475	0.0141193	0.0374877
0.0402072	0.0154795	0.036328
0.0454577	0.0115901	0.0357448
0.0183992	0.016007	0.039048
0.0383368	0.0146992	0.0365593
0.0249923	0.0146078	0.0382976
0.0186913	0.0118524	0.0388685
0.0380707	0.00396262	0.0366112
0.0326365	0.00557264	0.0373082
0.0229956	0.00937267	0.0384879
0.0244292	0.0136985	0.0382621
0.0112612	0.0168482	0.0399875
0.0272984	0.0106961	0.0380507
0.0254384	0.00931603	0.0381758
0.0274914	0.0108949	0.0378269
0.0191951	0.0137792	0.0387873
0.028693	0.013147	0.0378321
0.0115765	0.0138342	0.0401049
0.0504321	0.0165162	0.0350279
0.0202257	0.00985823	0.0389366
0.0211111	0.00421195	0.0386419
0.0328595	0.000268702	0.0374456
0.0159919	0.0109508	0.0392993
0.0351071	0.00298385	0.0370762
0.0296172	0.0131858	0.037708
0.0325634	0.0168887	0.0374416
0.0251817	0.00395926	0.0380547
0.0379699	0.00487827	0.036636
0.0364732	0.0112173	0.036873
0.0261924	0.00738056	0.0379787
0.0209722	0.00472271	0.0387467
0.0299865	0.0102497	0.0376688
0.0381498	0.00936801	0.0366853
0.014908	0.00288221	0.0394215
0.0226638	0.00420145	0.0383542
0.04134	0.0138168	0.0363662
0.0396932	0.00804007	0.0363109
0.0306726	0.017248	0.0375045
0.0528204	0.00919197	0.0348464
0.0383076	0.00756163	0.0364589
0.0220721	0.00433462	0.0384385
0.0203883	0.0101274	0.0387986
0.0319328	0.0135078	0.0373085
0.041758	0.0148613	0.0361748
0.0215201	0.0161762	0.0386168
0.0252922	0.000385352	0.0380848
0.0439822	0.00827401	0.0356452
0.0354613	0.0158287	0.0368768
0.025098	0.0125453	0.0381132
0.0369692	0.0110294	0.0366621
0.0283902	0.00941155	0.0378474
0.019131	0.0157593	0.0391289
0.0285368	0.0122997	0.0377418
0.0414543	0.00369494	0.0359531
0.0364774	0.00946129	0.0368556
0.0191722	0.0110856	0.0390375
0.00557727	0.0120452	0.0406117
0.0288785	0.0148548	0.0378181
0.0413693	0.00508273	0.0362677
0.0362082	0.0163638	0.0368777
0.0321585	0.00264665	0.0374223
0.0419756	0.00670182	0.0361097
0.0326152	0.0117343	0.0373405
0.0232719	0.00897475	0.0383573
0.030373	0.0134828	0.0376186
0.0229285	0.000396838	0.0387049
0.0330694	0.00309983	0.0371785
0.0268386	0.0165495	0.0379684
0.0362225	0.0118959	0.0369663
0.0309922	0.0113046	0.0375226
0.0341808	0.00935677	0.0371005
0.0382711	0.00778642	0.0364648
0.0219781	0.0105243	0.0385592
0.0407336	0.0121572	0.0361217
0.0155587	0.00293246	0.0393231
0.0186838	0.0117623	0.0392027
0.0401225	0.0128873	0.0365057
0.0235987	0.0170317	0.0384085
0.0411511	0.00336779	0.0362168
0.0160048	0.00848847	0.039489
0.043682	0.0129697	0.0359279
0.0264689	0.00766877	0.0380455
0.0260616	0.0104216	0.0380199
0.0371866	0.00816528	0.0366683
0.0342616	0.0110234	0.0371288
0.0156174	0.00945982	0.039514
0.0142634	0.0125817	0.0396372
0.0291859	0.0145011	0.0376287
0.0328176	0.00850418	0.0373426
0.0324854	0.0128692	0.0372841
0.0327872	0.0117748	0.0372644
0.0407432	0.00162905	0.0363498
0.0288214	0.00889792	0.0377929
0.0269136	0.012372	0.0380621
0.0160164	0.0110229	0.0394317
0.0215481	0.0151375	0.0386694
0.0284752	0.0163099	0.0379022
0.0488377	0.0153991	0.0353074
0.024327	0.0107726	0.0383315
0.028936	0.00390817	0.0376212
0.0396215	0.00512018	0.0363812
0.0266578	0.0121737	0.0380903
0.0383252	0.0156215	0.0366381
0.0301238	0.0148681	0.0376682
0.0361871	0.00512489	0.0369528
0.0377933	0.0150343	0.0367942
0.040288	0.0142011	0.0365382
0.0349088	0.0108627	0.0368793
0.038349	0.017869	0.0367988
0.0329491	0.00509397	0.0372133
0.0380331	0.0173607	0.0366608
0.0251747	0.00159866	0.038407
0.0210878	0.00174896	0.0385951
0.04562	0.00719632	0.0357071
0.0274917	0.0069271	0.0378226
0.0325044	0.0115165	0.0373134
0.0118584	0.0163688	0.0398751
0.0310389	0.0156189	0.0374155
0.0296952	0.011996	0.0375745
0.0368799	0.00588663	0.0367491
0.0315368	0.00984074	0.0374033
0.0324563	0.00936892	0.0373467
0.0361058	0.015183	0.0368793
0.0189207	0.011721	0.0389505
0.0328528	0.0126933	0.037238
0.0359574	0.00620999	0.0368741
0.0311697	0.012984	0.0375173
0.0184249	0.0030174	0.0391323
0.024159	0.0159853	0.0383926
0.0501556	0.0153642	0.0349038
0.0210077	0.0128585	0.0387161
0.0315919	0.0142884	0.0375113
0.0312216	0.0131412	0.0375598
0.0472645	0.00559245	0.0355066
0.0413037	0.0127933	0.0362697
0.023478	0.0122465	0.0384036
0.0361344	0.0142752	0.0368954
0.0337591	0.0147531	0.0371699
0.0279151	0.00485937	0.0380306
0.0276317	0.00593707	0.0378145
0.00984312	0.01162	0.0400847
0.0247847	0.016877	0.0383121
0.0341393	0.0144244	0.0370617
0.0302079	2.93996e-06	0.037539
0.0394629	0.0132882	0.0364343
0.0301727	0.00753108	0.0375532
0.0337851	0.00538769	0.0371759
0.021499	0.0111997	0.0386027
0.0119113	0.0125353	0.0398308
0.0315502	0.0144807	0.0374689
0.021115	0.0139422	0.0386664
0.0193184	0.00254691	0.0390193
0.0214189	0.0141097	0.0386833
0.0339211	0.0136524	0.0371798
0.0280314	0.0156815	0.0379784
0.000746835	0.0144661	0.0412247
0.0350974	0.0056498	0.0370075
0.0195335	0.0106057	0.0389308
0.0174501	0.00985546	0.0391721
0.0355409	0.0106297	0.0370107
0.0133654	0.011577	0.0396509
0.0313534	0.0137096	0.0375572
0.0281697	0.0104815	0.0378283
0.0426709	0.00918161	0.0360602
0.0413733	0.00951937	0.0360918
0.0332908	0.0104462	0.0372757
0.049257	0.0110176	0.0352788
0.0336126	0.00792175	0.0371409
0.0378927	0.0149899	0.0367765
0.0343729	0.00133762	0.0369688
0.0169614	0.0119933	0.0392737
0.0177439	0.016138	0.0391591
0.0291181	0.0146328	0.0377998
0.0303198	0.00728446	0.0376232
0.0110978	0.0122684	0.0398088
0.0406917	0.0073053	0.0362658
0.0351331	0.00955692	0.0370652
0.0373784	0.0139288	0.0367093
0.0282176	0.0117054	0.0378842
0.0232101	0.0100587	0.0384141
0.0358458	0.00621922	0.0370227
0.0271448	0.00687724	0.0378811
0.0392118	0.0105918	0.0363075
0.0130122	0.0118739	0.0396568
0.0335667	0.0132248	0.0372224
0.0480506	0.0126423	0.0354722
0.0451257	0.00466813	0.0356805
0.0315143	0.0117293	0.0373619
0.0235331	0.0150927	0.0385367
0.0132298	0.00743183	0.0395235
0.0337949	0.0086535	0.0370828
0.0148411	0.00731207	0.0395722
0.0310879	0.0079334	0.0373457
0.0259066	0.0100259	0.0381141
0.0424624	0.0151648	0.0361366
0.0401156	0.0161835	0.0362079
0.0315882	0.0141114	0.0374352
0.0337631	0.0103961	0.0371746
0.00114717	0.0134262	0.041501
0.00653501	0.0131657	0.0405393
0.0312642	0.0130511	0.0375124
0.0249558	0.0146999	0.0382144
0.0228037	0.00633139	0.0385782
0.0309081	0.013965	0.0374258
0.0207229	0.00531869	0.0387796
0.0287363	0.016853	0.0378769
0.0153732	0.00285219	0.0395403
0.0375287	0.0146064	0.036707
0.0198096	0.0049241	0.0389207
0.0506274	0.00876099	0.035071
0.040609	0.0102217	0.0363601
0.0487072	5.18e-05	0.0350755
0.0214122	0.0140666	0.0387206
0.0126049	0.0116585	0.0399893
0.0324761	0.0116455	0.0373877
0.0276575	0.015229	0.0378108
0.0213418	0.0155634	0.0387267
0.0282612	0.00778921	0.0377746
0.0391603	0.012563	0.0365174
0.0169408	0.0129672	0.0390587
0.0234582	0.00936461	0.0383762
0.0313913	0.00504909	0.0374143
0.0271097	0.0136023	0.0379579
0.0364067	0.00533686	0.036844
0.0526737	0.0109961	0.0348131
0.0381289	0.0120329	0.0367407
0.0453494	0.0182361	0.0360341
0.0225275	0.00397309	0.0383758
0.0418258	0.00941289	0.0361376
0.0443814	0.0107332	0.0356214
0.0228294	0.0119675	0.0385195
0.0173486	0.0156925	0.0392324
0.0201685	0.00800504	0.0388199
0.0339892	0.0115446	0.0370431
0.0173135	0.0114462	0.0391262
0.028896	0.00203138	0.0378612
0.00805681	0.000481235	0.0402308
0.0322387	0.0140868	0.0372638
0.0367312	0.00824021	0.0367521
0.032338	0.0127355	0.0373409
0.0327324	0.00189408	0.0370602
0.0259123	0.0155486	0.0381742
0.0489038	0.0168016	0.0353132
0.0445451	0.0117682	0.0359066
0.0230919	0.00954363	0.0383516
0.016615	0.00219816	0.0393951
0.0426067	0.0146123	0.0360965
0.0352442	0.00935424	0.0370185
0.0023109	0.0156488	0.0409467
0.0240502	0.00643064	0.0382963
0.0473587	0.00133149	0.0354779
0.0292449	0.0148065	0.0376952
0.0356822	0.00843975	0.0368547
0.0357815	0.00973562	0.0369397
0.0250421	0.0142703	0.0382423
0.0167406	0.0105586	0.0392274
0.0201423	0.0142362	0.0388145
0.0314302	0.0146729	0.0375314
0.0294011	0.0157714	0.0377547
0.0470801	0.0143596	0.035515
0.0234915	0.0132658	0.0384144
0.0279558	0.0109341	0.0377981
0.0372559	0.0157449	0.0368056
0.0228772	0.0117697	0.0384671
0.0250736	0.0139229	0.0382078
0.0215032	0.013076	0.0386201
0.0439794	0.0135596	0.0357344
0.0216473	0.00527707	0.0385459
0.0284113	0.00518193	0.0376969
0.0245874	0.0103265	0.0382395
0.0227402	0.00734205	0.0385374
0.0233723	0.00270257	0.038539
0.0246676	0.00910336	0.0382122
0.0275238	0.00120806	0.0379672
0.0195587	0.00294842	0.0389759
0.037702	0.0170538	0.0368039
0.006101	0.0131728	0.0407595
0.0357661	0.0157988	0.0370899
0.0371549	0.00889921	0.0365584
0.0171669	0.00714546	0.0392042
0.0291303	0.0158243	0.0376923
0.0328461	0.00406042	0.0374026
0.0211573	0.011628	0.0387478
0.0437302	0.00693979	0.0358276
0.018421	0.014119	0.0391402
0.0404004	0.0134694	0.0363682
0.0265378	0.0115024	0.0379916
0.0271264	0.0145789	0.0379855
0.0158177	0.0143205	0.0395567
0.0363733	0.00884388	0.0367787
0.0358131	0.0131307	0.0370015
0.0359608	0.0133713	0.0368956
0.0246019	0.00461487	0.038228
0.0255694	0.00641854	0.0380576
0.0429071	0.0129914	0.0360391
0.0400915	0.00680821	0.0363336
0.018998	0.00456715	0.0389015
0.0429042	0.00520882	0.0360872
0.040371	0.00730347	0.0362586
0.0438464	0.0111543	0.035946
0.00773638	0.00527478	0.040113
0.0367457	0.0154327	0.0368284
0.0204914	0.0127326	0.0387389
0.0406668	0.000886147	0.036249
0.0262508	0.00944112	0.0380591
0.032654	0.00774233	0.037197
0.0139912	0.00796494	0.0394417
0.0236315	0.0131087	0.0384697
0.0289179	0.00372807	0.0378527
0.0350139	0.0104931	0.0370353
0.0191727	0.00824733	0.0391558
0.0294539	0.00986084	0.0376434
0.0458363	0.00953012	0.0356582
0.023431	0.00373707	0.0383559
0.0219144	0.00541123	0.0384824
0.0297654	0.0131198	0.0376086
0.0283575	0.0129257	0.0378522
0.0372925	0.0125114	0.0368246
0.0367516	0.00588758	0.0367726
0.0134759	0.00851276	0.0397442
0.0360716	0.0117228	0.0368927
0.0189087	0.0128105	0.0391459
0.0392229	0.015738	0.036453
0.0293548	0.0149812	0.0378163
0.0324803	0.00938932	0.0374016
0.0352235	0.0121335	0.0370092
0.0222825	0.0148509	0.0385804
0.0292178	0.00545612	0.0376685
0.0322028	0.0129038	0.0374407
0.0374699	0.00990577	0.0367744
0.035921	0.00983017	0.036726
0.0158505	0.0116007	0.0393516
0.0210268	0.0094628	0.0386966
0.0378882	0.00936908	0.0366862
0.0114439	0.0135489	0.0397929
0.0455006	0.00454387	0.035519
0.0235459	0.00928558	0.0384224
0.0431846	0.0103931	0.0360107
0.0186475	0.0113476	0.0391598
0.0406078	0.013926	0.0363187
0.0500999	0.0151416	0.034922
0.0208565	0.00951316	0.0388497
0.0518297	0.00797077	0.0349783
0.0445864	0.0121063	0.0357099
0.0469665	0.0114722	0.0354191
0.0157955	0.0116811	0.0393831
0.0351428	0.0128732	0.0370292
0.0168585	0.00894355	0.0393839
0.0342477	0.0150078	0.0371085
0.0336076	0.00724078	0.0372758
0.00252788	0.0165759	0.041217
0.0369749	0.0120392	0.0367319
0.0347122	0.0182024	0.0370385
0.037514	0.00849824	0.0366758
0.0164568	0.00581293	0.0393814
0.0403668	0.00442983	0.036418
0.0353525	0.00153949	0.0369616
0.0322838	0.0105889	0.0372803
0.0270127	0.000660361	0.0378723
0.0279513	0.012918	0.0378235
0.0355723	0.0134342	0.0369341
0.0362157	0.00129535	0.0367503
0.0103361	0.00362397	0.0400553
0.0230496	0.00723069	0.0383555
0.0159978	0.00228797	0.0391673
0.0315541	0.0116451	0.0373904
0.0142219	0.00763678	0.0395523
0.0393418	0.015619	0.0365007
0.0215607	0.0113292	0.0386404
0.013022	0.0156405	0.0397475
0.0210155	0.0117897	0.0387121
0.0263632	0.00670489	0.038227
0.0371404	0.0142299	0.036612
0.0303321	0.0175541	0.037715
0.025689	0.00538359	0.0380205
0.0229936	0.0117967	0.0384305
0.026188	0.0103066	0.0380467
0.0273176	0.00951505	0.0379355
0.0376142	0.0107716	0.0367743
0.0341161	0.016697	0.0372546
0.0335847	0.0169187	0.0372091
0.0369581	0.00725458	0.0366007
0.0271822	0.0173203	0.0379313
0.0151972	0.00585162	0.0392264
0.0242532	0.0104093	0.0383505
0.0330887	0.00322903	0.0371616
0.0418687	0.014994	0.0361724
0.0357701	0.0146251	0.036883
0.0399974	0.00804033	0.0364248
0.0409358	0.0115842	0.0363161
0.0392832	0.00918788	0.0362764
0.0222092	0.00889167	0.0385434
0.0346671	0.010417	0.0370773
0.0159201	0.00746849	0.0392005
0.0248961	0.0123931	0.0382387
0.0346119	0.00597174	0.0370082
0.0462112	0.00425943	0.0356115
0.0294706	0.00419194	0.0378414
0.0193412	0.0135202	0.0389626
0.0325557	0.0152207	0.0374099
0.0302963	0.00955127	0.0375315
0.0387292	0.014259	0.0366032
0.0199527	0.00959393	0.0388035
0.0323755	0.0126163	0.0374459
0.041395	0.00827569	0.0363433
0.0364608	0.0133699	0.0367065
0.00859811	0.0021755	0.0402032
0.0237123	0.0132412	0.0383756
0.0342732	0.0110897	0.0371527
0.0354306	0.0100999	0.0369209
0.0123514	0.00410859	0.0397192
0.039269	0.00934354	0.0366002
0.0270051	0.0105431	0.0380496
0.0259398	0.0137133	0.0380045
0.0289148	0.0134006	0.037769
0.042626	0.0145908	0.0360759
0.0202138	0.0135606	0.0389648
0.0403984	0.0111451	0.036471
0.0254888	0.00924019	0.038142
0.0277894	0.000219279	0.0380449
0.0348824	0.00372322	0.0369412
0.0273544	0.0150344	0.0380471
0.0492592	0.00591557	0.0350821
0.0514571	0.00770124	0.0349377
0.0292214	0.0114912	0.0377915
0.0266665	0.0102385	0.0381662
0.0439661	0.011243	0.0360531
0.0311793	0.0167457	0.0375729
0.0372505	0.014364	0.0368492
0.0143786	0.00387574	0.0396657
0.0134861	0.0168611	0.0397139
0.0223544	0.0164726	0.0386175
0.0317567	0.00810609	0.0375239
0.0409384	0.00294528	0.0363455
0.0357684	0.00995702	0.0369761
0.0340226	0.0132785	0.0372291
0.0481786	0.0121508	0.0354151
0.03119	0.00664524	0.0374242
0.044498	0.0119927	0.0358257
0.040124	0.0102434	0.0362594
0.0392329	0.0111123	0.0363939
0.0369155	0.00618221	0.0368033
0.00421908	0.0113379	0.0405836
0.0254603	0.0026554	0.0381895
0.0320301	0.0103332	0.0373192
0.0284282	0.0110766	0.0378433
0.0363557	0.0102208	0.0368954
0.0253636	0.0168049	0.0383745
0.0343882	0.0122436	0.0370954
0.0305972	0.0131654	0.0374667
0.0405735	0.0127488	0.0363491
0.031365	0.0140057	0.0373827
0.0199077	0.0135778	0.0389093
0.0427057	0.00770837	0.0361202
0.0433777	0.0111035	0.036039
0.0272292	0.00956421	0.0380224
0.0342899	0.00311061	0.0371171
0.0231529	0.00754335	0.0383681
0.0380118	0.00936952	0.0366837
0.0265957	0.0180837	0.0380998
0.0373419	0.0156838	0.0367416
0.0345671	0.0135095	0.0370694
0.0280336	0.012385	0.0378537
0.0415162	0.0111554	0.0362462
0.0111548	0.00750951	0.0400481
0.0336994	0.0159118	0.0370972
0.0360208	0.00514278	0.0370156
0.0490734	0.0143095	0.0353662
0.0285958	0.00772584	0.0376778
0.00944393	0.0131225	0.0402249
0.0356044	0.0133693	0.0370409
0.0342308	0.00378439	0.0371817
0.0344768	0.00274	0.0370795
0.02743	0.00868453	0.0378415
0.0339221	0.0110595	0.0370704
0.026299	0.00932946	0.0381692
0.0533327	0.00809242	0.0347527
0.0457706	0.0100943	0.0356624
0.0308939	0.00542909	0.0374873
0.0230247	0.0132528	0.0385281
0.0372769	0.0162026	0.0366766
0.0264332	0.012486	0.0380133
0.0260898	0.00711962	0.0379955
0.0303353	0.00511048	0.0374102
0.0298528	0.0120905	0.0375727
0.0366205	0.000794935	0.0368024
0.0366917	0.0143857	0.0368097
0.0361797	0.0113803	0.0367633
0.03447	0.0142561	0.0369698
0.0193631	0.0100178	0.0389522
0.025969	0.00297114	0.0381276
0.0203647	0.00392987	0.0387321
0.0441292	0.00734901	0.0358402
0.0215891	0.0155912	0.0387985
0.0441959	0.0129208	0.0359101
0.0394002	0.00314342	0.0366383
0.0180907	0.00521888	0.0390413
0.0467836	0.00144281	0.0352019
0.0187288	0.00352182	0.0392339
0.0394893	0.00591939	0.0365653
0.0205661	0.00830847	0.0386501
0.0323593	0.00357771	0.0372758
0.0155221	0.0150004	0.039338
0.0395518	0.0130495	0.0363868
0.022492	0.00660066	0.0385749
0.0292737	0.0156588	0.0377604
0.0376961	0.00210526	0.0363813
0.0185251	0.00640152	0.038885
0.0311669	0.00993251	0.0375329
0.0526085	0.00964969	0.0346217
0.0237762	0.0154561	0.038331
0.0236676	0.0138763	0.0384671
0.0316217	0.0120575	0.0374601
0.0151512	0.00885765	0.039549
0.0190212	0.0127918	0.0389355
0.0487632	0.0154615	0.0353088
0.028464	0.00176227	0.0378117
0.0249082	8.3376e-05	0.0382334
0.036238	0.00523383	0.0369385
0.0211945	0.000742521	0.0385686
0.0215728	0.00744002	0.0388383
0.02414	0.0161142	0.0384752
0.0233843	0.00953643	0.03853
0.0243973	0.0103175	0.0383267
0.0333787	0.013269	0.0371503
0.0187994	0.00870936	0.0388538
0.0437229	0.0109201	0.0358366
0.0230973	0.0108386	0.0385595
0.0372308	0.0083648	0.0367698
0.0318706	0.00611646	0.0374726
0.0274382	0.0151357	0.0378629
0.042535	0.013407	0.0360509
0.0249688	0.00939932	0.0382724
0.0330118	0.0128922	0.0372209
0.0328857	0.00712073	0.0373622
0.034366	0.00578051	0.0371019
0.0429541	0.0137464	0.0360473
0.0351347	0.0113923	0.0368989
0.0377102	0.00872197	0.0366353
0.0491087	0.00762066	0.0354393
0.0212988	0.0112709	0.0386703
0.0258476	0.00925946	0.0380193
0.0434931	0.0111544	0.0359877
0.0250008	0.00709291	0.038409
0.0324054	0.0142128	0.0373448
0.0331552	0.0103189	0.037149
0.0156478	0.00954205	0.0393803
0.0259965	0.00881042	0.0380612
0.0277126	0.0115912	0.0378917
0.0300974	0.00289182	0.0375764
0.0262253	0.0152148	0.0380974
0.0306609	0.0145349	0.0376275
0.0216174	0.0104867	0.0386254
0.0325603	0.00154818	0.0371677
0.0342779	0.01353	0.0370387
0.0236922	0.0115483	0.0384025
0.0250375	0.00797423	0.0381401
0.0201242	0.0107348	0.0388596
0.0445192	0.00751143	0.0357942
0.0411928	0.00946705	0.0362331
0.0431568	0.00515655	0.03601
0.0274267	0.00836094	0.0378737
0.00563693	0.0161189	0.04048
0.0187445	0.0108517	0.0390213
0.0424099	0.00584622	0.0360601
0.0439484	0.0101408	0.0358797
0.0359272	0.0104794	0.0368272
0.044149	0.0101512	0.0360064
0.0426282	0.00880387	0.0360462
0.0334267	0.0135589	0.0372826
0.0235829	0.0096698	0.0382917
0.0452411	0.0134436	0.0356498
0.0183426	0.0118749	0.0392021
0.0193316	0.0104909	0.0391134
0.0374488	0.01767	0.0367597
0.0244106	0.0104869	0.0382065
0.0344536	0.0118506	0.0371471
0.0199219	0.00615796	0.0389282
0.0461499	0.0106874	0.0355137
0.0182449	0.0150854	0.039077
0.035708	0.00717954	0.0369409
0.0351556	0.00462457	0.0370369
0.0471545	0.0129849	0.035439
0.00467297	0.00942907	0.0410339
0.0412025	0.0123547	0.0362338
0.0446576	0.0101447	0.0358674
0.0431768	0.0160195	0.0359248
0.0205502	0.0166438	0.0388893
0.029341	0.00602507	0.0377435
0.0262605	0.00609775	0.0381314
0.0419602	0.010662	0.0362713
0.0173321	0.0126641	0.0391925
0.014406	0.0138378	0.0397439
0.0518509	0.00667654	0.0350218
0.0330307	0.0106792	0.0372383
0.00214353	0.00496373	0.0407029
0.0431438	0.00561793	0.0360357
0.0484277	0.0114732	0.0351917
0.0326149	0.00738303	0.0373559
0.0411027	0.00994881	0.0362293
0.0328962	0.00846842	0.0373455
0.0305581	0.0104731	0.0374805
0.0289046	0.0107273	0.037791
0.036635	0.00653229	0.036597
0.019377	0.00964686	0.0388689
0.0309629	0.0115189	0.0376027
0.0301345	0.014697	0.0375505
0.0400454	0.0107157	0.0363383
0.03258	0.00711962	0.0371616
0.0241092	0.0143123	0.0384492
0.0168001	0.00918152	0.03921
0.0274127	0.00423117	0.0379388
0.03094	0.0127595	0.0374719
0.037254	0.00808992	0.0365983
0.0281261	0.0140611	0.0378626
0.0293501	0.0104956	0.0376192
0.0419089	0.00797538	0.0362125
0.0370251	0.015121	0.0368943
0.0189796	0.00872916	0.0388445
0.0354091	0.0147346	0.0368864
0.0444177	0.00618029	0.0357888
0.0424573	0.0153357	0.0361327
0.0368048	0.0145473	0.0367998
0.0278818	0.0020735	0.0378669
0.0378288	0.00471102	0.0367085
0.0369876	0.00481671	0.0369042
0.0282677	0.0100963	0.0378976
0.0349881	0.0188538	0.0371919
0.0250055	0.00547205	0.0381192
0.0278469	0.00713859	0.0378246
0.0206888	0.0135213	0.03883
0.0061753	0.00455372	0.0405505
0.0262688	0.0126903	0.0382031
0.0175156	0.00650117	0.0392575
0.0131252	0.0152862	0.0395021
0.028836	0.00619519	0.0376959
0.0234829	0.0165003	0.0384781
0.0435977	0.0076443	0.0357727
0.0395483	0.0124537	0.0364013
0.01742	0.0126055	0.0393279
0.0402806	0.0116631	0.0364426
0.0344667	0.0153564	0.0370811
0.0223884	0.0073008	0.0386303
0.0358065	0.0133917	0.0370082
0.0155129	0.00571749	0.039327
0.039571	0.00385784	0.0364485
0.0172214	0.0146522	0.0390438
0.0216407	0.00863728	0.0385814
0.031225	0.00781274	0.0375507
0.0230713	0.0103171	0.0384747
0.0304872	0.00323558	0.0375667
0.0354567	0.00493658	0.0367337
0.0342679	0.00591521	0.0371178
0.0314545	0.0123683	0.0374467
0.0402169	0.0112672	0.0362624
0.0289962	0.00306597	0.0376101
0.0277152	0.0162857	0.0380289
0.0244093	0.0149545	0.0384149
0.0421558	0.0101828	0.0361018
0.0233438	0.00404427	0.0385267
0.0314043	0.0124707	0.0375339
0.0234449	0.00862318	0.038514
0.0243562	0.0122758	0.0383366
0.0144241	0.00733674	0.0396313
0.0285707	0.00161107	0.0378575
0.0249651	0.0108778	0.0381256
0.0335023	0.00834508	0.0372128
0.0146425	0.0116861	0.0395041
0.0359813	0.00817981	0.036815
0.027889	0.00980896	0.0378869
0.0185016	0.0124958	0.0390508
0.0372566	0.0153289	0.0366713
0.0261663	0.0101742	0.0381211
0.00239214	0.0155036	0.040762
0.0278705	0.00667805	0.0378255
0.026872	0.0169898	0.0380006
0.0247923	0.00510562	0.0383433
0.0406942	0.0164645	0.036325
0.0445889	0.0162577	0.0356549
0.0214843	0.00980842	0.038755
0.0370337	0.0140102	0.0367781
0.0255217	0.0102691	0.0381454
0.0376437	0.0133044	0.0367166
0.0324176	0.00894587	0.0372446
0.0249561	0.0125003	0.0382268
0.0255981	0.0128138	0.0382297
0.0418918	0.00667217	0.0361719
0.0324161	0.00859982	0.0371835
0.0246738	0.00630709	0.0383177
0.0247467	0.00398737	0.0383021
0.0389995	0.00954905	0.0365864
0.0332295	0.0103022	0.037272
0.0255957	0.00811975	0.0381771
0.0281985	0.00979594	0.0377663
0.0396652	0.012873	0.0364685
0.0226881	0.0147532	0.0383998
0.0284493	0.00942616	0.0378951
0.0138304	0.00716408	0.0394472
0.0140803	0.011144	0.0396328
0.023171	0.00708165	0.0384018
0.0406881	0.0022797	0.0362449
0.032594	0.0140928	0.0373128
0.0382928	0.00581034	0.0366125
0.0234188	0.000682429	0.0383682
0.045794	0.011046	0.0356596
0.0361338	0.0136059	0.0369041
0.02564	0.0151431	0.0382463
0.0128403	0.0131352	0.0398317
0.0312834	0.0107312	0.0375199
0.030581	0.0142281	0.0375439
0.0356742	0.00969799	0.0369204
0.0397315	0.0141865	0.0363372
0.0193552	0.0160727	0.0390978
0.0316488	0.00942554	0.0374119
0.0231348	0.00791368	0.0384003
0.0392712	0.00629146	0.0364284
0.0185352	0.0140438	0.0390731
0.0439463	0.00170218	0.0360281
0.0373244	0.00965191	0.036715
0.0404209	0.015246	0.0363215
0.00183811	0.00833575	0.0410971
0.0322726	0.0107011	0.0373196
0.0226605	0.0123205	0.0386727
0.0269565	0.0069176	0.0380483
0.046225	0.0143048	0.0357273
0.0224581	0.00700046	0.0384674
0.0249874	0.0120078	0.0383823
0.00107312	0.00907945	0.0413451
0.0218633	0.00212792	0.038487
0.00256455	0.00713844	0.0409724
0.0282221	0.00918008	0.0378045
0.0313859	0.000737334	0.037614
0.0479293	0.00705097	0.0352812
0.0449013	0.0135532	0.0356751
0.0331604	0.00838445	0.0370828
0.0283122	0.0130455	0.0379354
0.0366028	0.000169586	0.0364747
0.024999	0.00825302	0.0381593
0.0327748	0.00795935	0.037315
0.0343087	0.0124463	0.0371267
0.0152792	0.00377737	0.0393567
0.0190467	0.0164327	0.0390323
0.0138334	0.0160498	0.0398112
0.010854	0.00806676	0.039903
0.0277577	0.0141943	0.0379713
0.0181889	0.0141335	0.0389103
0.0153635	0.00567774	0.0394146
0.0366849	0.0149854	0.0368444
0.0384139	0.0100692	0.0364036
0.0358857	0.00600194	0.0368293
0.0152262	0.0123342	0.0394949
0.0201504	0.0127881	0.0388485
0.0374616	0.00339297	0.0366136
0.0367738	0.00894735	0.0367075
0.0281284	0.00690106	0.0379271
0.0253426	0.00811649	0.0383378
0.0232824	0.0140051	0.0384097
0.0153173	0.00861267	0.0395377
0.0383133	0.00426678	0.0365616
0.0254033	0.005013	0.0380628
0.0277328	0.0165443	0.0379428
0.0357238	0.00846575	0.0368797
0.0339924	0.0122189	0.037063
0.0448454	0.0122507	0.0355748
0.0246187	0.0032369	0.0382668
0.0430899	0.0128062	0.0359196
0.0464687	0.0138953	0.0356931
0.0120138	0.00968706	0.0397669
0.0341877	0.0100112	0.0371884
0.0263772	0.00569287	0.0379395
0.027707	0.0156191	0.0379705
0.0129592	0.0141914	0.0396929
0.0257524	0.0155849	0.0381421
0.0246557	0.0129595	0.0382535
0.0261269	0.0122323	0.0379952
0.0192516	0.00636597	0.0388797
0.031853	0.0136658	0.037528
0.0334931	0.011838	0.0371604
0.00111206	0.0131088	0.0411776
0.0267377	0.00428921	0.0381157
0.0399919	0.014748	0.0363709
0.0323763	0.00454253	0.0372463
0.0338352	0.0164995	0.0371213
0.0468057	0.0104351	0.0355879
0.0156229	0.00415829	0.0391533
0.0263676	0.00245904	0.0379832
0.0354204	0.0124278	0.0369747
0.0288631	0.0134409	0.0377645
0.0197565	0.00100795	0.0387651
0.015477	0.0134217	0.0394202
0.00907435	0.0136146	0.0400704
0.0247695	0.0109356	0.0382194
0.0459353	0.0130641	0.0357176
0.0324013	0.0119343	0.0372443
0.0180263	0.00224271	0.0388629
0.0274075	0.00820547	0.0378969
0.0279673	0.00451304	0.0377015
0.0281257	0.0114936	0.0379212
0.0266147	0.00502628	0.0381291
0.0463762	0.00297677	0.0355555
0.0312274	0.00795318	0.0374931
0.0421422	0.0135846	0.0359532
0.0290795	0.012861	0.0378559
0.0337718	0.00226166	0.0372464
0.0319748	0.00663581	0.0372706
0.0366774	0.00432234	0.0367293
0.0191909	0.00964962	0.0388899
0.0369373	0.0114296	0.0367872
0.0257254	0.0139252	0.0381559
0.0254583	0.00758355	0.0382173
0.0472835	0.00789777	0.0354798
0.0349861	0.0143981	0.0369081
0.0311655	0.0148291	0.0375251
0.0263501	0.0154521	0.0380387
0.0315358	0.0147833	0.0373318
0.0315717	0.00737106	0.0374001
0.0207755	0.012591	0.0389023
0.0268252	0.0119375	0.0380477
0.0255405	0.0117819	0.0383011
0.033203	0.00922915	0.0371427
0.0394601	0.0108576	0.0365417
0.04311	0.0111146	0.0359088
0.0431039	0.0133865	0.0360489
0.0366683	0.0134537	0.0368473
0.034305	0.000272138	0.0370851
0.0401209	0.00950877	0.0362615
0.0304227	0.0131099	0.0375635
0.0253337	0.00440693	0.0381353
0.0126925	0.00267471	0.039802
0.036548	0.0130305	0.0368595
0.0361033	0.00321861	0.036874
0.0335675	0.00413266	0.037102
0.021807	0.0151868	0.0385014
0.0308264	0.00573372	0.0374708
0.0356721	0.0120698	0.0368177
0.0416572	0.0167111	0.0363359
0.0357295	0.0147185	0.0369411
0.0441273	0.0102456	0.0358797
0.0322143	0.00142436	0.0372024
0.00899465	0.00323952	0.0403778
0.020557	0.00637446	0.0387261
0.0247201	0.0085821	0.0383167
0.0210786	0.0129017	0.0386786
0.0319496	0.0102168	0.037317
0.0343026	0.0151218	0.0369681
0.0372721	0.0123422	0.0367576
0.0322106	0.0108713	0.0372916
0.0360217	0.00597273	0.0368726
0.0174269	0.00776518	0.0390459
0.0412732	0.0119195	0.0362797
0.03518	0.00955282	0.0370445
0.0221067	0.00147207	0.0386271
0.0382189	0.0143533	0.0366258
0.0285441	0.0155895	0.0377754
0.0347912	0.0119973	0.0370032
0.0253097	0.0105799	0.0381419
0.0185423	0.00637451	0.0389432
0.0307171	0.0131886	0.0375483
0.0286713	0.0142699	0.037758
0.0238802	0.0156049	0.0382615
0.0219856	0.0043866	0.0385369
0.0384404	0.00257663	0.0366635
0.0393909	0.00988533	0.0365532
0.0246847	0.00243023	0.0380658
0.0459332	0.0109294	0.0355047
0.0177589	0.0128409	0.03897
0.0340576	0.0116357	0.0371918
0.0388372	0.0140722	0.0366766
0.0278236	0.00923382	0.0377938
0.0210384	0.0118272	0.0386698
0.0223239	0.0152349	0.0385929
0.0413557	0.00594493	0.0361408
0.0358462	0.0100422	0.0369785
0.0469962	0.0103319	0.0355544
0.0317177	0.0102646	0.0374189
0.0235218	0.00675747	0.0384546
0.0365688	0.00937879	0.0367791
0.0264989	0.012003	0.0380427
0.0215131	0.00527388	0.0386044
0.0413573	0.0132628	0.0362492
0.0260236	0.0075591	0.0381229
0.0425792	0.00625381	0.0361197
0.014617	0.00824679	0.0395417
0.0460501	0.0126088	0.0355685
0.0371964	0.0138064	0.0367755
0.0377267	0.0160017	0.0366502
0.0128155	0.00932705	0.0397736
0.000361606	0.0106646	0.0410079
0.0377714	0.00804304	0.0366848
0.0327481	0.0107807	0.0372897
0.0228122	0.0116267	0.0385287
0.0290199	0.0102957	0.0378116
0.0301204	0.00661828	0.0376739
0.0289103	0.0153461	0.0378392
0.0229167	0.00980243	0.0385035
0.0424542	0.0125901	0.0360816
0.0327857	0.0169788	0.0374177
0.0165605	0.00080977	0.0391776
0.0361196	0.00881892	0.0368532
0.0347754	0.00534248	0.0370511
0.0199141	0.0151492	0.0388419
0.0224695	0.0115135	0.0385654
0.0183568	0.00348824	0.0391674
0.0451798	0.0144016	0.0356808
0.0163288	0.0103989	0.0393284
0.0305334	0.0164525	0.0377337
0.0365284	0.0133005	0.0368631
0.0356513	0.00968232	0.0368888
0.0252696	0.00591727	0.0382627
0.0330048	0.0137453	0.0372669
0.040355	0.011308	0.0364479
0.0249088	0.00868065	0.038168
0.0440666	0.0130818	0.0358641
0.0332968	0.014368	0.0372853
0.0442779	0.00498641	0.0358712
0.0323412	0.0139628	0.0372862
0.0344511	0.0146277	0.0369953
0.0345634	0.00499813	0.0370838
0.016866	0.0157406	0.0391558
0.0282609	0.0127414	0.0378802
0.0173063	0.00662649	0.0391353
0.0330462	0.00849799	0.0372516
0.041453	0.00919767	0.0361854
0.0304281	0.00302366	0.0377115
0.0351234	0.0124562	0.0370975
0.0319288	0.0118229	0.0374201
0.0317567	0.00243649	0.0373898
0.0281147	0.000758082	0.0376535
0.0457003	0.0147495	0.0358977
0.0309912	0.014619	0.0374073
0.048083	0.0130976	0.0354965
0.0387537	0.00794939	0.0365146
0.0310175	0.0105142	0.0374956
0.0250945	0.00590506	0.0382418
0.0261117	0.0132415	0.0381128
0.02725	0.00675022	0.0379251
0.0335191	0.0109186	0.0370641
0.00593003	0.00252763	0.0404919
0.0324325	0.00326144	0.0371142
0.0343787	0.0145419	0.0370888
0.0103743	0.0122898	0.0401349
0.0324193	0.01366	0.0372493
0.0228118	0.00941581	0.0385858
0.0373957	0.0109364	0.0366498
0.0403446	0.0138502	0.0363682
0.0111698	0.00428077	0.039863
0.024537	0.00663832	0.0382393
0.0425606	0.0132775	0.0361477
0.0460737	0.0149307	0.0357563
0.0415928	0.00691498	0.0363353
0.023311	0.0105395	0.038418
0.039461	0.0109391	0.036531
0.0349426	0.00823278	0.0369539
0.0223996	0.00886259	0.0385761
0.0344616	0.00280725	0.0369956
0.0396059	0.00956678	0.0364132
0.0123585	0.00461919	0.0397837
0.037123	0.0106949	0.0368079
0.0413473	0.0134619	0.0362075
0.0265224	0.00231751	0.0379362
0.0265153	0.0100878	0.0380612
0.0328123	0.0116441	0.0372604
0.0273736	0.0129174	0.037993
0.0185191	0.0153728	0.0392195
0.0292678	0.0157942	0.0377768
0.0401871	0.00804833	0.0363261
0.0440438	0.00186389	0.0357017
0.0483037	0.00266286	0.0353628
0.0196033	0.00301507	0.0387198
0.0273775	0.00634613	0.0380944
0.0170364	0.00556827	0.0393013
0.0349824	0.0137072	0.0370188
0.0316822	0.00635541	0.037455
0.0253944	0.0108381	0.0381656
0.0422484	0.0135947	0.0361139
0.0317347	0.0102346	0.0374382
0.0376026	0.00402104	0.0366042
0.00794984	0.0113756	0.0405102
0.0322433	0.00981866	0.0373032
0.043826	0.0164738	0.0361724
0.0180233	0.0122827	0.0392792
0.0382324	0.0112283	0.0365687
0.0346459	0.0129586	0.037069
0.0205045	0.00361146	0.0388009
0.0266279	0.00971654	0.0380661
0.0228797	0.00138268	0.038591
0.0286664	0.0116451	0.0378257
0.0221608	0.0150441	0.0385495
0.0238568	0.0142657	0.0384349
0.0302271	0.0141083	0.0376462
0.0235614	0.0142933	0.0385222
0.0410324	0.0124515	0.0362274
0.0274767	0.0163897	0.0380271
0.0367724	0.0106569	0.0368406
0.0173581	0.00639292	0.0390461
0.028548	0.00866063	0.037871
0.0286984	0.00626359	0.0376614
0.0115314	0.0107604	0.040101
0.0374888	0.0105644	0.0367822
0.0324102	0.0106477	0.0373329
0.0283948	0.0143531	0.0378098
0.0400499	0.00738064	0.0364215
0.0277576	0.00969547	0.0378664
0.0338599	0.00534862	0.0370837
0.0173846	0.00700131	0.0391516
0.0425228	0.0154965	0.0363059
0.0326	0.0109199	0.0372468
0.0485045	0.0157981	0.0356009
0.0119747	0.0041956	0.0397708
0.0313261	0.00549826	0.0375434
0.0327267	0.013673	0.0373964
0.0442085	0.0149527	0.0356938
0.0114711	0.00820325	0.0398703
0.029609	0.0163202	0.0377423
0.0224663	0.00469039	0.0383964
0.0191214	0.0114096	0.038979
0.0160007	0.013309	0.0393394
0.0205104	0.00475863	0.0387103
0.0371435	0.0135516	0.0366995
0.0351483	0.00882619	0.0370749
0.0268855	0.0119983	0.0380374
0.0408199	0.0152134	0.0362356
0.0354602	0.00896946	0.0369134
0.035018	0.0119819	0.0370542
0.0446484	0.0141256	0.0358578
0.0278128	0.00808036	0.0377966
0.0236677	0.004695	0.038579
0.0375809	0.0121579	0.0365769
0.0395502	0.0142112	0.0365789
0.0252946	0.0105219	0.0380898
0.0376709	0.00660845	0.0366244
0.0200883	0.0167594	0.038896
0.0342581	0.0120365	0.0370846
0.037618	0.011008	0.0366636
0.0318456	0.0165148	0.0374941
0.0247937	0.0102082	0.0382385
0.0230751	0.0134506	0.0384884
0.025698	0.00930033	0.0382051
0.0366392	0.0156419	0.0369248
0.0235132	0.0116566	0.0384229
0.0467716	0.0157132	0.035818
0.0438515	0.00303178	0.0359601
0.0389164	0.0133773	0.0365573
0.0293366	0.00533475	0.0377092
0.0371062	0.00541863	0.0367549
0.0312171	0.00948281	0.0374402
0.0335202	0.00807828	0.0372
0.0266245	0.0162794	0.0381446
0.0362829	0.00139524	0.0369118
0.0469396	0.0136827	0.0356003
0.0245436	0.0148457	0.038265
0.0441978	0.0157717	0.0361135
0.0220966	0.00690389	0.0387774
0.0400638	0.00869154	0.0363462
0.0282803	0.0166512	0.0377414
0.0324944	0.00418598	0.0373257
0.0179773	0.014221	0.0392127
0.0192705	0.0106891	0.0390218
0.0379198	0.0169033	0.0365938
0.0309608	0.00420388	0.0373208
0.0109471	0.0154054	0.039904
0.00760005	0.0109715	0.0404186
0.0289092	0.00913969	0.0378222
0.0253574	0.00759308	0.0380974
0.0236831	0.0165378	0.0385236
0.0327743	0.00748867	0.0372332
0.0428405	0.00403386	0.0360897
0.0178205	0.0151443	0.0389774
0.0395044	0.00927977	0.036326
0.0205002	0.00181538	0.0386951
0.0219912	0.00984103	0.0387687
0.0432298	0.010792	0.0359979
0.0385526	0.000847243	0.0366363
0.0375425	0.00499917	0.0364721
0.0298353	0.00882622	0.0375801
0.0132645	0.0035643	0.0396157
0.0276366	0.0110058	0.0378914
0.0433743	0.00731808	0.0361104
0.0219034	0.0162769	0.038459
0.0208764	0.0129424	0.0387799
0.0244279	0.0086789	0.0382343
0.0197959	0.00258903	0.0387365
0.0193852	0.000916811	0.0388297
0.0365851	0.0119307	0.0367809
0.0408426	0.010408	0.0361941
0.0364281	0.0111844	0.0367349
0.0314009	0.0111046	0.0375332
0.0395223	0.0113621	0.0364804
0.0457818	0.0146944	0.0355706
0.0342283	0.0129441	0.0369989
0.0258952	0.0123122	0.038264
0.0408349	0.0100434	0.0362852
0.031223	0.00635619	0.037342
0.0366746	0.00497028	0.0368112
0.0198952	0.0139255	0.0387247
0.0257148	0.0104236	0.0380465
0.0131419	0.00677061	0.0395615
0.0249273	0.00772041	0.0382223
0.0295733	0.0131567	0.0376098
0.027178	0.0170206	0.0380592
0.0322867	0.00338077	0.037236
0.0277953	0.00945969	0.0377916
0.0160007	0.015797	0.0393438
0.0273017	0.0125582	0.0379632
0.0397822	0.0137683	0.036274
0.0310221	0.00770714	0.0374498
0.0332316	0.0103192	0.037253
0.0455359	0.0114329	0.0356892
0.0356784	0.0148564	0.0370504
0.0252852	0.00671892	0.0380851
0.0256175	0.012495	0.0381398
0.0286041	0.0152741	0.0379039
0.0244533	0.00640261	0.0381863
0.00964418	0.0153961	0.0403517
0.0227944	0.00336475	0.0384316
