0.0315822	0.00571508	0.0387652
0.0329131	0.0134488	0.0390672
0.0238844	0.00891383	0.0377907
0.0380387	0.0101957	0.0397139
0.0337655	0.0105017	0.039184
0.0276727	0.0101771	0.0382568
0.0314817	0.0121573	0.0388327
0.0311889	0.0115216	0.0388047
0.0235945	0.0101442	0.0378282
0.0278893	0.0113463	0.0382785
0.0334348	0.00767027	0.0391112
0.0301737	0.00752121	0.0385686
0.0305534	0.011302	0.0386684
0.0324001	0.0105588	0.0389914
0.029653	0.00664724	0.0385824
0.0306129	0.00597706	0.0386899
0.0283956	0.00672335	0.0383045
0.0298405	0.00674523	0.038443
0.0354757	0.0108607	0.039397
0.033087	0.0112876	0.0390758
0.0272417	0.00824745	0.0382486
0.0244436	0.0148054	0.0379695
0.0271848	0.00887878	0.0381749
0.0299871	0.00797212	0.0385739
0.0194223	0.0077603	0.0373328
0.0329397	0.00832736	0.0390162
0.0272568	0.00632399	0.0382176
0.0210915	0.0112791	0.0374377
0.0231026	0.0106642	0.0377388
0.038305	0.0134568	0.0397571
0.036512	0.0124343	0.0395569
0.0326675	0.0112832	0.0390332
0.0281739	0.0134693	0.0383261
0.0320743	0.011218	0.038911
0.0271084	0.00884562	0.0381693
0.0299698	0.00699012	0.0385673
0.0339545	0.0127187	0.0391327
0.0296362	0.00846199	0.0386284
0.0281811	0.0106966	0.0384061
0.0318975	0.00991446	0.038893
0.0338483	0.0100541	0.0392546
0.0261695	0.0142857	0.0380628
0.0258148	0.0130403	0.0380134
0.0343568	0.0120647	0.0392473
0.0276153	0.00614984	0.0382683
0.0291766	0.0100231	0.0384709
0.0308273	0.0121135	0.0387108
0.0327413	0.0121346	0.0390285
0.0290652	0.0101832	0.0384257
0.0261568	0.0100385	0.0380708
0.030304	0.0127326	0.0386436
0.0353701	0.00743117	0.0393235
0.0261964	0.00846041	0.0380078
0.0361536	0.0101687	0.0394214
0.0362583	0.0129422	0.0394904
0.0335719	0.0131642	0.0390069
0.0282909	0.0123516	0.0383461
0.0285076	0.0119532	0.0383874
0.0357003	0.0111312	0.0394031
0.0353194	0.0152313	0.039468
0.0293773	0.0058319	0.0385196
0.0228339	0.0118624	0.0375779
0.0290095	0.0123818	0.0384904
0.0272123	0.0127239	0.0381656
0.031009	0.0102224	0.0387406
0.0274744	0.0129653	0.0382494
0.0267565	0.00918859	0.0381624
0.037973	0.00844977	0.0397563
0.0239257	0.0131367	0.0378166
0.0253362	0.0127348	0.0379812
0.0306249	0.0140436	0.0387041
0.0259656	0.0108329	0.0379913
0.0283913	0.0128055	0.0384599
0.025801	0.00868501	0.0380636
0.0244025	0.00550849	0.0379275
0.0329821	0.0101332	0.0389867
0.032635	0.00976021	0.0389443
0.0292522	0.0103499	0.0384961
0.0309703	0.0105028	0.0387588
0.028913	0.0120843	0.0385128
0.0348222	0.0119378	0.0392675
0.0345203	0.0116161	0.0392196
0.0224184	0.00787786	0.0374807
0.0371001	0.0109544	0.0396051
0.0353024	0.0108053	0.0393597
0.0325687	0.00704864	0.0388999
0.0214219	0.00742766	0.0373342
0.0298521	0.0103955	0.038629
0.0335853	0.0128072	0.0391048
0.0351728	0.00508541	0.0393003
0.0248096	0.0091767	0.0379354
0.0253353	0.0103155	0.0379621
0.0343226	0.0111746	0.0392623
0.0274406	0.00771544	0.0383457
0.0275886	0.0151084	0.0382662
0.0340611	0.00885886	0.0390758
0.0206964	0.00906256	0.0373131
0.0298433	0.00715861	0.0386849
0.0316943	0.00864242	0.0388065
0.0303997	0.010651	0.0386694
0.0287686	0.00822944	0.0384031
0.033024	0.0122855	0.0391424
0.039464	0.00994961	0.0399406
0.0253044	0.006307	0.0377975
0.0292289	0.00720276	0.0384982
0.0237717	0.0119373	0.037756
0.0329272	0.0121637	0.0391107
0.0218183	0.00785365	0.0374565
0.0304325	0.0152354	0.0386868
0.031148	0.00947725	0.0387689
0.0360336	0.00813706	0.0394289
0.0191615	0.0122975	0.0370498
0.0313306	0.0113871	0.0388201
0.02503	0.0135668	0.0379045
0.02449	0.00792211	0.0378199
0.0241688	0.0106362	0.0378305
0.0307609	0.0106803	0.0387343
0.0227944	0.0135757	0.0376527
0.0294598	0.010397	0.0385117
0.0298385	0.010015	0.0385911
0.029292	0.00592724	0.0384627
0.0329352	0.00898504	0.0389974
0.035187	0.0129457	0.039384
0.0230934	0.0134089	0.0376593
0.0345628	0.0115187	0.0392575
0.0319668	0.0090157	0.0388828
0.0264998	0.00976842	0.0381875
0.024737	0.00547177	0.0377789
0.0217926	0.00952787	0.0374727
0.0291242	0.00808451	0.038487
0.0260071	0.0112215	0.0381141
0.0322761	0.011089	0.0389454
0.0355707	0.012221	0.0394144
0.0286527	0.00822163	0.0384572
0.0276529	0.0104509	0.0382253
0.0257136	0.00949627	0.0380257
0.0315787	0.0114143	0.0388068
0.0274802	0.0128346	0.0383208
0.0381645	0.00856732	0.0397544
0.029352	0.00916154	0.038487
0.0261415	0.00982113	0.0381164
0.0253285	0.0109354	0.038043
0.0349209	0.0112747	0.0393101
0.0281355	0.00860754	0.038428
0.0326587	0.0116719	0.0389434
0.0365861	0.00952566	0.0395846
0.0337152	0.0105991	0.039081
0.0298395	0.00827562	0.0385606
0.0286862	0.0115873	0.038399
0.0336527	0.0126245	0.0391496
0.0291339	0.00928703	0.0384813
0.0284454	0.00977465	0.0384553
0.0359577	0.0119081	0.0393879
0.0317494	0.00786481	0.0389115
0.0312873	0.00637995	0.0388915
0.0299944	0.0120118	0.0385872
0.0323342	0.00663494	0.0388885
0.0284768	0.00980376	0.0384184
0.033624	0.00766436	0.0392362
0.033154	0.0124201	0.0390575
0.0264956	0.0123602	0.0381438
0.0270928	0.0107598	0.0382441
0.0261798	0.0102103	0.0380489
0.0311653	0.0088231	0.0388536
0.0288205	0.0124936	0.0384942
0.0339225	0.00512164	0.0391637
0.0379679	0.0112031	0.039705
0.0238137	0.0128667	0.0376328
0.0229824	0.00733515	0.0376506
0.030294	0.0112497	0.0387063
0.0287042	0.0101002	0.0384696
0.027226	0.0110021	0.0381583
0.0345639	0.00901001	0.0392501
0.025583	0.00961322	0.0379566
0.0291353	0.0120082	0.0385314
0.0313302	0.0072086	0.0388928
0.027221	0.00958928	0.0382982
0.0305662	0.00832206	0.0386688
0.0291306	0.00874931	0.0384817
0.0287128	0.0113553	0.0383947
0.0271903	0.0114644	0.038312
0.0317754	0.0107998	0.038766
0.0319865	0.00814717	0.0388488
0.0318872	0.0082857	0.0388833
0.0324914	0.0101565	0.038976
0.0261308	0.00994463	0.038025
0.0265999	0.012518	0.0381747
0.0192147	0.0100203	0.0371619
0.0291818	0.00946992	0.0384736
0.0368948	0.00948343	0.0395896
0.0269937	0.0100695	0.0381743
0.02815	0.0123734	0.03836
0.027958	0.0084418	0.0383172
0.0290541	0.0111931	0.038513
0.0301329	0.00997852	0.0386236
0.0280473	0.00751378	0.0383138
0.03255	0.0118979	0.0389536
0.0282618	0.00545817	0.0383103
0.0259007	0.0119448	0.0379599
0.0323724	0.0112117	0.0389481
0.0318286	0.00936956	0.0388449
0.0331055	0.0106017	0.039045
0.0229704	0.00916904	0.0376327
0.0369745	0.00976494	0.0395579
0.0193986	0.00762508	0.0371944
0.0293141	0.0106155	0.0385137
0.031745	0.00865485	0.0388557
0.0239337	0.00776535	0.037852
0.0201029	0.00898602	0.0373093
0.0314966	0.0136095	0.0388083
0.0256905	0.0113863	0.038081
0.0338206	0.00996311	0.0391832
0.0343458	0.00713172	0.0393152
0.0230544	0.0108543	0.0376248
0.0294274	0.0101334	0.0385221
0.0241397	0.00889418	0.0378703
0.0258133	0.0104328	0.0380463
0.0279668	0.00787715	0.0384211
0.0390052	0.00662663	0.0398836
0.0324498	0.00786565	0.0389269
0.0258103	0.00939096	0.0380964
0.0282019	0.00716687	0.0384286
0.027473	0.00854729	0.0382571
0.0323648	0.0112179	0.0389397
0.0310087	0.0114771	0.0387562
0.0259226	0.00910642	0.0379538
0.0369286	0.00589495	0.0395453
0.0404412	0.010492	0.0399568
0.0326592	0.0109463	0.039038
0.0358581	0.00652463	0.0394981
0.0188444	0.0122061	0.0370438
0.0189886	0.0133547	0.0370224
0.032204	0.0115608	0.0389595
0.0292718	0.00733932	0.0385712
0.035318	0.00979859	0.0394429
0.0322173	0.00909724	0.0389143
0.0314083	0.00641548	0.038845
0.0241408	0.0129911	0.0377613
0.0244401	0.0104924	0.0378539
0.0375078	0.0113112	0.0396266
0.0368033	0.00692769	0.0395893
0.0330848	0.00864868	0.0390343
0.031938	0.0141126	0.0388373
0.0362659	0.0111975	0.0395148
0.0271175	0.00868797	0.038238
0.0256414	0.00914827	0.0379116
0.0274747	0.00677002	0.0383932
0.0274982	0.0119161	0.0382224
0.0291389	0.00896295	0.0384713
0.0199981	0.0055368	0.0372154
0.033267	0.00717941	0.0391595
0.0304838	0.0100839	0.0387136
0.0368358	0.0102981	0.0395928
0.0357277	0.00865573	0.0394257
0.026199	0.00864801	0.0381048
0.0310226	0.0114097	0.0387307
0.0390027	0.011863	0.0398994
0.0377487	0.0100292	0.0397147
0.0300491	0.00888515	0.0385767
0.0309659	0.00517438	0.0387242
0.0219181	0.00997081	0.0374187
0.0325475	0.00804889	0.0389745
0.0322042	0.0122828	0.038846
0.0357114	0.0111157	0.0392873
0.0209689	0.00912451	0.037318
0.0353129	0.0136468	0.0392307
0.0303401	0.0110888	0.038678
0.0313005	0.0105213	0.0387677
0.0309306	0.0129299	0.0387548
0.0308902	0.0110362	0.0387464
0.0318058	0.012427	0.0388217
0.0271239	0.0102132	0.0382004
0.0354257	0.0101565	0.0393503
0.0288096	0.00664846	0.0384405
0.0350411	0.0106491	0.0392815
0.0341481	0.0103812	0.0391904
0.0401971	0.00955583	0.0400167
0.0337257	0.0101768	0.0391339
0.031768	0.0114502	0.0388135
0.0363369	0.011428	0.0394718
0.0273818	0.0121418	0.0383419
0.0311783	0.00940047	0.0387226
0.033715	0.0105693	0.0391152
0.0348764	0.0119935	0.0391248
0.0329262	0.0129276	0.0389821
0.0284395	0.00584275	0.0384981
0.0324959	0.0107049	0.0389221
0.0268816	0.010446	0.0382083
0.0184276	0.0112061	0.03705
0.0332033	0.0113375	0.0390765
0.0329353	0.0119932	0.0391268
0.0338115	0.0146623	0.039258
0.0383501	0.00697057	0.0396481
0.0394046	0.013754	0.0399606
0.0230078	0.011545	0.0377609
0.0279995	0.0119403	0.0383379
0.0301829	0.00969101	0.0387073
0.0287093	0.00967563	0.0384518
0.0346927	0.0111908	0.0392642
0.0278665	0.0079485	0.0383049
0.0207972	0.0100265	0.037264
0.0314169	0.0074508	0.0388728
0.0268248	0.00787347	0.0381997
0.0320822	0.0112149	0.0389393
0.0317853	0.00623142	0.0388389
0.0344203	0.00604286	0.03924
0.0286172	0.0110954	0.0384858
0.0341745	0.00665848	0.0392508
0.0377771	0.00693798	0.0396772
0.0227239	0.010992	0.0375203
0.0358364	0.0146823	0.0395076
0.0261591	0.00678427	0.0381362
0.0348347	0.0155918	0.0392718
0.0360286	0.0165431	0.0394641
0.0288266	0.00941651	0.0384913
0.0311028	0.00945635	0.0387994
0.0285749	0.0104175	0.0384736
0.0288061	0.00895092	0.0384457
0.0197883	0.00687873	0.0371569
0.0304336	0.0101776	0.0386775
0.0235396	0.00735079	0.0378111
0.0344966	0.00996314	0.0392833
0.0294049	0.0133735	0.0385445
0.0416012	0.0111764	0.0401736
0.0271676	0.00797354	0.038172
0.0297536	0.0126875	0.0385915
0.0282788	0.00492378	0.038348
0.0330818	0.00515478	0.038977
0.032866	0.00919148	0.0390552
0.0337909	0.0110112	0.0392893
0.0367339	0.0148378	0.0396125
0.0262955	0.00493349	0.0380604
0.0236391	0.0101066	0.0377213
0.0316448	0.0107208	0.0388253
0.0318657	0.010907	0.0389198
0.0208751	0.0129344	0.0372917
0.0269107	0.0074696	0.0382464
0.0252619	0.0111152	0.0379802
0.0304197	0.00848652	0.0386585
0.0284061	0.00877841	0.0384372
0.0239839	0.00938745	0.0377775
0.0308659	0.00899943	0.0387319
0.0275608	0.0110359	0.0383136
0.0233368	0.00917483	0.0377083
0.0277779	0.00656639	0.0382732
0.030036	0.0120699	0.0386872
0.0360792	0.0116496	0.0394137
0.0389665	0.0104848	0.0398297
0.0341748	0.00626922	0.0391967
0.0307942	0.00901899	0.0387395
0.0329635	0.0117668	0.0390592
0.0270061	0.0114158	0.0382149
0.0276299	0.00729967	0.0382507
0.0211885	0.00837852	0.0374997
0.017766	0.00749383	0.0368383
0.0382233	0.012759	0.039648
0.0315764	0.00705948	0.0388456
0.031603	0.0133339	0.0388509
0.0293521	0.0107167	0.0385428
0.0222085	0.0083144	0.037632
0.0284939	0.00848706	0.0384781
0.0330412	0.0143006	0.0390271
0.0322992	0.0107215	0.0389997
0.0312878	0.0100959	0.0388538
0.0374247	0.0107122	0.0396278
0.0255597	0.0125552	0.0379669
0.0346555	0.0128735	0.0393057
0.0314476	0.00763606	0.0387799
0.0338582	0.00826699	0.0391684
0.037125	0.00797417	0.0396271
0.02298	0.00853702	0.037698
0.0254864	0.0104347	0.0380238
0.0281707	0.00795146	0.0383782
0.0360331	0.0108208	0.0394699
0.0254103	0.011093	0.0380586
0.022747	0.011356	0.0377235
0.0262844	0.0103404	0.038032
0.0337257	0.0105424	0.0391759
0.0291916	0.0134184	0.0384282
0.031068	0.00646073	0.0388914
0.0307548	0.00935809	0.0387191
0.0328652	0.0129861	0.0390041
0.0214811	0.00637927	0.0374992
0.0302828	0.0116068	0.0385992
0.0243787	0.0083378	0.0376903
0.014736	0.0127488	0.0364402
0.023376	0.00981494	0.0377106
0.0316866	0.0131461	0.0388244
0.0257389	0.0136327	0.03801
0.0273039	0.0112564	0.0381826
0.0275687	0.0114199	0.0382621
0.0259633	0.0102422	0.0380442
0.0251469	0.00955336	0.0379538
0.0249723	0.0120226	0.0379363
0.0366288	0.0127489	0.039444
0.0259848	0.0112185	0.0380651
0.0327493	0.0125914	0.039025
0.0309778	0.0079108	0.0386681
0.0346119	0.00917963	0.0392469
0.0292314	0.00740496	0.0385302
0.0326068	0.00777775	0.0389668
0.034336	0.0102926	0.0391827
0.0175933	0.00848218	0.0369717
0.0271924	0.0115395	0.0381809
0.0282899	0.00850345	0.0383445
0.0336374	0.0096972	0.0390976
0.0243908	0.0132022	0.0378737
0.0248317	0.00789587	0.0378377
0.0283518	0.0139737	0.0383857
0.0327273	0.0125737	0.0390295
0.0198486	0.0141948	0.0372234
0.0264315	0.0111823	0.0380958
0.0341743	0.0133869	0.0391502
0.0334041	0.00607189	0.0389942
0.0315513	0.0102797	0.0387837
0.0409152	0.00835528	0.040141
0.0375186	0.00872934	0.0395863
0.0322855	0.00963158	0.0388692
0.0418808	0.0109947	0.0403318
0.0272218	0.0092017	0.0382906
0.0321894	0.00882362	0.0389551
0.0276669	0.0124113	0.0383155
0.0351274	0.00968843	0.0393137
0.0206271	0.0109126	0.0373348
0.0258282	0.00950804	0.0380844
0.0312754	0.00886518	0.0388225
0.0190923	0.00851167	0.0371858
0.0272059	0.00773365	0.0382643
0.032075	0.00904109	0.0389081
0.0296976	0.0116992	0.0385079
0.0348663	0.0119899	0.0393185
0.0266922	0.0104064	0.0382078
0.0297293	0.00986406	0.0385727
0.0319392	0.00903407	0.0389414
0.0294107	0.00498889	0.0386494
0.0205307	0.00961186	0.0373021
0.0300837	0.0111716	0.0386578
0.0179489	0.0130041	0.0369793
0.0331167	0.00849939	0.0390795
0.0315658	0.0115432	0.0387737
0.0250199	0.0103387	0.0379132
0.0279057	0.0120871	0.0383558
0.0308823	0.0114815	0.0387324
0.0278331	0.0101208	0.0382566
0.0375699	0.0117327	0.0397849
0.0354186	0.0114561	0.0394202
0.0327789	0.00663866	0.0390196
0.033943	0.0122195	0.0391718
0.0252758	0.00750368	0.0378803
0.028652	0.0139103	0.0384987
0.0273708	0.00621485	0.038228
0.0244276	0.0137601	0.0379121
0.0344836	0.0112393	0.0392057
0.037751	0.00898886	0.0397066
0.0249987	0.00760365	0.037961
0.0269012	0.0116807	0.0381406
0.0246782	0.0124157	0.0378787
0.037361	0.00559974	0.0396085
0.0325553	0.0108534	0.0389302
0.0291877	0.00740713	0.038489
0.0290139	0.00986666	0.0384854
0.0257892	0.0096971	0.0381602
0.0307756	0.0157546	0.0387857
0.02388	0.0119457	0.0377939
0.0283609	0.0117693	0.0383498
0.0252417	0.00906372	0.0379122
0.0255973	0.012592	0.0379757
0.0288789	0.00499199	0.0385933
0.0327478	0.00854374	0.0389468
0.0347333	0.0107738	0.0392933
0.0193338	0.0117452	0.0371231
0.0267006	0.00780839	0.038173
0.0315294	0.00694705	0.0389208
0.0233516	0.0125227	0.0378061
0.0317124	0.0133473	0.0387599
0.0357959	0.0121094	0.0394641
0.0327885	0.0105321	0.0390468
0.0262089	0.00926015	0.0381292
0.0223649	0.00655098	0.0375372
0.0319919	0.00804684	0.038878
0.0312805	0.0123486	0.0387701
0.0310579	0.0127233	0.0386851
0.0289471	0.012025	0.038552
0.0326763	0.0092778	0.0390196
0.038582	0.0136349	0.0398551
0.0297143	0.00447791	0.0384564
0.0289837	0.00869906	0.0384442
0.0254763	0.00996613	0.0380252
0.0233348	0.00995757	0.037648
0.0312829	0.0103179	0.0387321
0.0279562	0.00949074	0.0383019
0.0303115	0.00934178	0.0386859
0.0282823	0.0108848	0.0384551
0.0304766	0.00562053	0.0386763
0.034346	0.00941081	0.0392048
0.0299303	0.00582593	0.0385136
0.0231789	0.00584876	0.0377956
0.028494	0.010388	0.0384624
0.025533	0.0125234	0.0379518
0.0371829	0.0101272	0.0395435
0.0204833	0.0130952	0.0372791
0.0346591	0.0082891	0.0392764
0.029771	0.00884931	0.0385883
0.03183	0.010654	0.0388966
0.0285422	0.00712046	0.0383664
0.0222241	0.0148431	0.0375222
0.0316637	0.00786087	0.0388329
0.0279785	0.00785239	0.0383324
0.0258382	0.00996231	0.0380904
0.0290125	0.00667256	0.0384931
0.0360675	0.0109506	0.0394412
0.0322717	0.00838144	0.0389387
0.0368451	0.0115392	0.0396123
0.0288961	0.0142116	0.0384982
0.0286992	0.0127503	0.038413
0.028795	0.0155939	0.0384835
0.033097	0.011163	0.0390598
0.0286429	0.0105024	0.0384605
0.0297284	0.00939759	0.0386369
0.0326507	0.0116158	0.0390208
0.0365443	0.00991416	0.0394686
0.0252398	0.0116106	0.0380854
0.027623	0.0100422	0.0383858
0.0310741	0.00979205	0.0388232
0.0211212	0.0128648	0.03739
0.0327951	0.0101431	0.0390385
0.0274821	0.00917409	0.0382227
0.0298775	0.0104397	0.0386002
0.0277139	0.012143	0.0382923
0.0227867	0.00605305	0.0375968
0.0254246	0.0132043	0.0379864
0.0297324	0.00823533	0.0385621
0.0303381	0.00680276	0.0386832
0.0210837	0.00669031	0.037386
0.0275819	0.0115783	0.0382641
0.0307437	0.00701732	0.0386689
0.0347824	0.00687074	0.0392702
0.0208869	0.0115245	0.0373429
0.0228397	0.0109468	0.0375989
0.0213503	0.00978129	0.0373537
0.024558	0.0127174	0.03781
0.0306729	0.00833252	0.0387891
0.0234398	0.00864651	0.0377466
0.0309658	0.0110433	0.0386969
0.0331108	0.00911408	0.0390842
0.0379442	0.00963879	0.039758
0.0222927	0.00767824	0.0376484
0.0304322	0.00781172	0.0386727
0.027992	0.00448043	0.0382728
0.0278519	0.0135674	0.0383314
0.0375182	0.00933486	0.0396334
0.0295408	0.0121062	0.0385043
0.0251603	0.00911353	0.037945
0.0315028	0.0135888	0.0389344
0.0241614	0.00914081	0.0378396
0.0323402	0.00816577	0.0390117
0.0390773	0.00968752	0.0398074
0.0289895	0.0104036	0.0384108
0.0320061	0.0106196	0.0388859
0.0325578	0.00678884	0.0389286
0.0262286	0.0118556	0.0380584
0.0217644	0.00861724	0.0374076
0.031455	0.00721059	0.0388746
0.0297275	0.00962742	0.0385458
0.0226656	0.00938474	0.0375835
0.0317466	0.00906074	0.0388149
0.0279164	0.00575818	0.0382651
0.0342236	0.0114616	0.0391794
0.042348	0.00901433	0.0403926
0.0322329	0.00392833	0.0388554
0.0335301	0.011984	0.0391346
0.0350122	0.0100558	0.0392949
0.0254088	0.0132828	0.0379815
0.0276592	0.0115605	0.0382338
0.024594	0.00975909	0.0379178
0.0271993	0.00733607	0.0381799
0.0284932	0.0123608	0.0383709
0.0314887	0.014527	0.0388785
0.0361028	0.00977915	0.0394023
0.0330154	0.0115996	0.0389964
0.0306112	0.012758	0.0388076
0.026565	0.0112587	0.0381171
0.0265387	0.00704628	0.038083
0.0268209	0.0100923	0.0381989
0.0321176	0.012499	0.0389404
0.0291474	0.0112338	0.0385351
0.0286238	0.014804	0.038406
0.0186739	0.00916246	0.0370549
0.02865	0.0104741	0.0384071
0.0322436	0.0116073	0.0390078
0.0198678	0.00886809	0.0369926
0.0219442	0.0115775	0.0375927
0.0309733	0.00665694	0.0387097
0.0315613	0.00970265	0.0388215
0.0360291	0.0122168	0.0395925
0.0342778	0.0124345	0.0392579
0.0286697	0.0108858	0.0385972
0.0331422	0.00768071	0.0391752
0.029229	0.00688011	0.0385756
0.0358882	0.011439	0.0393716
0.0269065	0.0105539	0.038212
0.0314279	0.0102797	0.0388313
0.0365488	0.0109617	0.0394867
0.0333797	0.00893264	0.0390418
0.0283424	0.00919317	0.0382994
0.0325697	0.0101025	0.0389219
0.0283452	0.0116364	0.0383986
0.0215978	0.0087183	0.0376239
0.0323952	0.0128001	0.0389932
0.0331459	0.00706686	0.0390771
0.0320758	0.0107163	0.038782
0.0414331	0.0104902	0.0402617
0.0281975	0.00958332	0.0383347
0.0304214	0.011602	0.0387761
0.0318499	0.00848791	0.0389183
0.0369078	0.00452266	0.0394328
0.0232595	0.00899104	0.0376411
0.0294219	0.00488042	0.0385204
0.0274971	0.0124306	0.0382303
0.0355929	0.00825324	0.0393614
0.0320096	0.0106888	0.0388723
0.0264822	0.0103023	0.0381066
0.0305842	0.00854828	0.0387107
0.0337976	0.00848287	0.0392177
0.0309291	0.0154205	0.0388602
0.0299866	0.0105583	0.0385809
0.0355111	0.012519	0.0393988
0.0278709	0.010437	0.0383678
0.0323028	0.0109708	0.0389656
0.0346853	0.012485	0.0392517
0.031713	0.0112289	0.0388728
0.0278713	0.00841118	0.0383273
0.0304514	0.00594048	0.0386447
0.0365566	0.0126184	0.0395114
0.0286681	0.0107664	0.0384588
0.0247933	0.0117146	0.0378714
0.0197782	0.0136554	0.0372187
0.0330506	0.0108761	0.0389759
0.0292053	0.00771403	0.0384705
0.0274144	0.00959437	0.0382396
0.0177906	0.0125636	0.0368714
0.0276777	0.00979016	0.0381538
0.0305087	0.0066447	0.0386498
0.0395389	0.0125752	0.0399128
0.022104	0.00911522	0.0374167
0.0227737	0.0103524	0.0376149
0.0243805	0.00741066	0.0377669
0.0244151	0.00832488	0.0378558
0.0348394	0.0106331	0.0393186
0.0387547	0.00920276	0.039816
0.0399612	0.0100019	0.0399942
0.0243761	0.010188	0.03788
0.0300652	0.010841	0.0386683
0.0295771	0.0103675	0.0384312
0.0327504	0.0121005	0.0389886
0.0247162	0.0116709	0.0378907
0.0186926	0.00777415	0.0371011
0.024672	0.0139381	0.0378208
0.0196719	0.00951926	0.0371698
0.0339126	0.00808129	0.0392041
0.0315682	0.0142646	0.0387618
0.0219023	0.0120364	0.0374683
0.0283338	0.00805648	0.0383517
0.0295821	0.00634862	0.0385734
0.0379796	0.00903055	0.0396968
0.0289576	0.0111056	0.0385066
0.0341837	0.00835583	0.0391886
0.0442164	0.00771136	0.0405771
0.0288356	0.00908461	0.0385688
0.023007	0.0114133	0.037592
0.0378659	0.0124973	0.0397622
0.030531	0.00598089	0.0386801
0.0273215	0.0115319	0.0382504
0.0240458	0.00535777	0.0377808
0.0232354	0.0107881	0.037684
0.0368476	0.0102355	0.0394551
0.0254559	0.01069	0.0379371
0.0290653	0.00523442	0.0384663
0.0277028	0.00952715	0.0383255
0.0282963	0.00997541	0.0383482
0.035047	0.0101598	0.0393712
0.0220672	0.0078194	0.0375507
0.0353113	0.0110641	0.0393424
0.0363962	0.0110963	0.0395398
0.0247923	0.0125745	0.0379147
0.0222353	0.00971721	0.0375366
0.0225281	0.0123937	0.0376223
0.0300397	0.0106103	0.0386243
0.0332154	0.011575	0.039049
0.0241215	0.00768862	0.0378745
0.0281533	0.01269	0.0382982
0.035362	0.0109219	0.0393937
0.0296111	0.00937335	0.0385913
0.0348138	0.00670241	0.0393664
0.0245577	0.00602999	0.0379421
0.0254806	0.0076813	0.0378156
0.0313473	0.00959301	0.038815
0.0313584	0.00982194	0.0387604
0.0358854	0.007022	0.0395116
0.0238415	0.00443288	0.0377559
0.031135	0.0101672	0.0386871
0.0317691	0.00975073	0.0388877
0.0383107	0.00960324	0.0398283
0.0299636	0.0127907	0.0386732
0.0300119	0.00917584	0.0386425
0.0309934	0.0135257	0.03878
0.030606	0.0109721	0.0387195
0.0245806	0.0125126	0.0378775
0.0351181	0.00802121	0.0392898
0.0398556	0.00906377	0.039979
0.0364922	0.00813127	0.0396119
0.0367208	0.0118597	0.0395127
0.0250522	0.0100031	0.0379951
0.0310629	0.0118019	0.0387284
0.0339355	0.00624942	0.0391596
0.0291757	0.00402161	0.0385255
0.0260776	0.010798	0.0381549
0.0309081	0.0122968	0.0387203
0.0248676	0.012271	0.0380131
0.0331326	0.0117379	0.0390237
0.0310148	0.00697609	0.0387477
0.0360486	0.0106192	0.0394374
0.0235335	0.0129664	0.0376981
0.029999	0.00581901	0.0385878
0.0268461	0.0123742	0.0382062
0.0328544	0.0100481	0.0389455
0.027338	0.00840466	0.0382891
0.0469855	0.00421623	0.0408923
0.0307461	0.0134899	0.0387234
0.026577	0.00768173	0.0381465
0.0367524	0.0109412	0.0396175
0.0299853	0.00818219	0.0385473
0.0252602	0.0087361	0.0379624
0.0273357	0.00690089	0.0381896
0.0345719	0.0114067	0.0391413
0.022201	0.00675036	0.0375492
0.0259359	0.0125559	0.0380523
0.028257	0.0118853	0.038341
0.0290016	0.01005	0.0385154
0.0180059	0.0122939	0.0369087
0.0411048	0.0086255	0.0399441
0.0345763	0.0100932	0.0391869
0.0260452	0.0104788	0.0380573
0.038783	0.0105852	0.0398256
0.0278165	0.00854706	0.0382968
0.0278392	0.00682029	0.038259
0.0240246	0.01269	0.0377316
0.0242223	0.00868023	0.0376709
0.025524	0.0114369	0.0379376
0.0277203	0.00872519	0.0382711
0.0345627	0.00792547	0.0393202
0.0356753	0.0121039	0.0392649
0.0404232	0.00957099	0.040102
0.0295556	0.00845992	0.0385207
0.0280687	0.0109567	0.0383503
0.0244117	0.0150578	0.0377868
0.0274215	0.00849172	0.0381818
0.0313033	0.0110147	0.0388699
0.0246591	0.013748	0.0378918
0.0287683	0.00908983	0.0385115
0.0329251	0.00795144	0.0389091
0.0278831	0.00947761	0.0383315
0.0297736	0.0126812	0.0386658
0.0301879	0.0104462	0.0386878
0.017516	0.00868533	0.0371723
0.0315701	0.0111763	0.0388485
0.0300639	0.0125275	0.038641
0.0379977	0.0106021	0.0396843
0.0281289	0.011694	0.0383082
0.034197	0.00472563	0.039245
0.0267935	0.00985601	0.0381433
0.0291307	0.00807884	0.0384703
0.0298118	0.01298	0.0386092
0.0323491	0.0101696	0.0390149
0.0340513	0.00777819	0.0390768
0.0192762	0.00985628	0.0371669
0.0323052	0.00621086	0.0388973
0.0290135	0.0131287	0.0384734
0.0319991	0.00971951	0.0389257
0.0321947	0.0088879	0.0389611
0.0318523	0.00697903	0.0388597
0.038622	0.0115987	0.0397114
0.0348385	0.0113678	0.0392711
0.0216073	0.0113759	0.0373963
0.0322844	0.00929643	0.0389297
0.0192318	0.0104349	0.0370473
0.0275218	0.0094298	0.0382758
0.0332863	0.00944586	0.0390167
0.0227189	0.0100685	0.0375483
0.0329194	0.00787332	0.0389611
0.0296205	0.0114605	0.0385182
0.0346694	0.00806032	0.0392979
0.0353901	0.0091939	0.0393823
0.0235919	0.0118386	0.0377113
0.0356176	0.0126274	0.0393763
0.0366789	0.00890565	0.039492
0.0329328	0.011515	0.0390124
0.0352123	0.0138613	0.0393249
0.0339916	0.00959429	0.0392124
0.0379414	0.00946601	0.0397541
0.0311183	0.00852413	0.0387462
0.036052	0.0112735	0.0395838
0.0278193	0.0131308	0.0383954
0.0313334	0.0078475	0.0387955
0.0348232	0.011375	0.0392005
0.0318125	0.00564166	0.0388101
0.0408766	0.00826949	0.0401549
0.0304698	0.00886313	0.0386158
0.0311897	0.0129833	0.038759
0.0321576	0.00983709	0.0388513
0.0242622	0.00938788	0.0377829
0.035168	0.00997664	0.0393549
0.0256589	0.00804873	0.0379544
0.0278876	0.00874395	0.0383691
0.0306745	0.011322	0.0387656
0.0350573	0.0139958	0.0393387
0.0253566	0.00940026	0.038058
0.0307915	0.0122295	0.0387197
0.0257659	0.0108773	0.0380092
0.0274299	0.0112507	0.0383462
0.0294675	0.0055685	0.038559
0.0305214	0.00980787	0.0386557
0.0289255	0.00963757	0.0384065
0.0304208	0.0118053	0.0386186
0.0289649	0.00961818	0.0384482
0.0282622	0.0120458	0.0384112
0.0252106	0.00848157	0.0379896
0.026927	0.0103304	0.0381857
0.0245571	0.00478355	0.0379601
0.0271672	0.010357	0.0382221
0.0306686	0.010303	0.0387515
0.03324	0.0091322	0.0390244
0.0251753	0.0140534	0.0378142
0.0318283	0.0119738	0.0388031
0.0309916	0.0122726	0.0388485
0.0337683	0.0119754	0.0391449
0.0340922	0.010597	0.0392298
0.0211621	0.0110227	0.0374666
0.0250239	0.00900553	0.0379028
0.0342889	0.0111116	0.0392404
0.0331669	0.00746905	0.0391011
0.0337252	0.00611604	0.0391803
0.0286002	0.00934023	0.0384212
0.0301548	0.0117499	0.0386796
0.0332608	0.00987123	0.0391168
0.0278002	0.0113945	0.0382796
0.0266506	0.00980267	0.0381071
0.0348902	0.0125673	0.0392111
0.0322485	0.00990498	0.0388906
0.0287644	0.00755805	0.0385114
0.0287383	0.0137445	0.0385558
0.030542	0.0122894	0.038685
0.0202033	0.00761746	0.0372136
0.0284412	0.0097363	0.0384258
0.0278592	0.0101987	0.0382162
0.0330948	0.0131348	0.0390258
0.0244753	0.0116157	0.0378666
0.030731	0.0113906	0.0387222
0.0232084	0.0085185	0.0377382
0.0308274	0.0106735	0.0388483
0.0298926	0.0114795	0.0386547
0.0246694	0.0107361	0.0379749
0.0339473	0.0106454	0.0391494
0.0323534	0.0124639	0.038988
0.0269923	0.01357	0.038325
0.0298373	0.0104031	0.0385913
0.0245329	0.012618	0.0378665
0.0408739	0.0101778	0.0399935
0.035957	0.0126222	0.039492
0.0293809	0.0111589	0.0385191
0.0233321	0.012015	0.0376409
0.0337506	0.010788	0.0391464
0.031961	0.00774009	0.0388753
0.0372246	0.0123869	0.0395767
0.0279568	0.0141043	0.0384501
0.0317942	0.00707076	0.0388533
0.0322338	0.0156292	0.0389285
0.0314105	0.0131239	0.0389327
0.0394276	0.00992109	0.0399186
0.0234697	0.0129925	0.0377221
0.0302064	0.00699776	0.0385823
0.0344543	0.00813719	0.0392018
0.0376924	0.00925532	0.0397984
0.0382867	0.0137161	0.0397853
0.0258138	0.00775426	0.0379587
0.0250241	0.0116003	0.0379418
0.0314925	0.0112513	0.0387809
0.0398535	0.0116813	0.0400724
0.0281838	0.0132614	0.0383817
0.0334266	0.00986185	0.0391105
0.0274289	0.00692877	0.0381951
0.0200822	0.00771872	0.0371465
0.0270794	0.010416	0.038175
0.0364453	0.00918726	0.0394605
0.0212022	0.0107948	0.0374426
0.0288417	0.0087417	0.038546
0.0184272	0.00896031	0.036917
0.0219411	0.00918344	0.0374453
0.0267855	0.0077959	0.038192
0.0247627	0.0129065	0.0378707
0.0292583	0.00933291	0.0385878
0.0386834	0.0116632	0.0397674
0.0286313	0.00956908	0.0384648
0.0281066	0.00993336	0.0382855
0.026348	0.0104168	0.0381988
0.0229037	0.00942242	0.0376521
0.0331607	0.013345	0.0391141
0.0243258	0.00671973	0.0377713
0.0315853	0.0078549	0.0389099
0.0282828	0.00805696	0.0382071
0.031347	0.00975506	0.0388669
0.0267655	0.0081207	0.0381358
0.0346428	0.0122512	0.0392155
0.035131	0.00792585	0.0393705
0.0284915	0.0126853	0.0384467
0.0386634	0.0108221	0.0398199
0.0336346	0.00946537	0.0391128
0.0198352	0.0131845	0.0371761
0.030152	0.00682148	0.0385519
0.0251013	0.0113474	0.0379757
0.0319411	0.0104005	0.0388637
0.0237581	0.0107251	0.0377611
0.039044	0.00650664	0.0397952
0.0375603	0.00711333	0.0396031
0.0297661	0.00298319	0.038453
0.0302761	0.0118739	0.038699
0.0218761	0.00858172	0.0375778
0.0211027	0.00820883	0.0373009
0.0279792	0.00753306	0.0384327
0.0318671	0.00909391	0.0388306
0.0226456	0.00930101	0.0376487
0.0233262	0.0131181	0.0376689
0.0232285	0.009287	0.0376372
0.0213781	0.0127519	0.0374748
0.0273964	0.0108036	0.0382819
0.0312877	0.00801272	0.0386862
0.0333919	0.0105918	0.0390462
0.0271858	0.0102843	0.0383781
0.0226858	0.0080987	0.0375581
0.0344362	0.0112936	0.0392347
0.0205848	0.0106016	0.0373811
0.0270503	0.00585284	0.0381305
0.0294131	0.0129022	0.0385568
0.0230453	0.00781618	0.0377618
0.0282373	0.00924993	0.0383367
0.0326805	0.00855771	0.0389311
0.0288484	0.0118514	0.038396
0.0305589	0.0114747	0.0386886
0.0360573	0.0109036	0.0395068
0.0272768	0.0119695	0.0382573
0.0255568	0.0101527	0.0380597
0.0346939	0.00986654	0.0392335
0.035269	0.0121774	0.0392603
0.031734	0.0097077	0.0388092
0.0389289	0.0111968	0.0398217
0.0298965	0.00854348	0.038601
0.0360723	0.00725615	0.0394346
0.0310177	0.00710077	0.0387131
0.0326596	0.00835088	0.0390011
0.0202451	0.01222	0.0372626
0.0315664	0.010062	0.0388797
0.0315434	0.0108159	0.0387898
0.0285548	0.00775127	0.0384169
0.0356496	0.0103659	0.0393802
0.0264629	0.011376	0.0380801
0.0299068	0.00610152	0.0385443
0.0332698	0.0119777	0.0390988
0.0294543	0.0109389	0.038602
0.0339434	0.00437347	0.0391137
0.0301945	0.00735538	0.0386305
0.0222839	0.00747477	0.0375081
0.0339243	0.00674144	0.0391205
0.0264876	0.0126876	0.0381109
0.0236546	0.00977573	0.0377479
0.0338105	0.00938994	0.039117
0.0298764	0.0122229	0.0385965
0.0264967	0.0112681	0.0381182
0.0297294	0.00938745	0.0385391
0.0291253	0.00950719	0.0385204
0.024409	0.00795043	0.0379441
0.030899	0.00983807	0.0387087
0.027696	0.0114191	0.0382923
0.0433007	0.0101921	0.0402248
0.021618	0.0096624	0.0375526
0.0342319	0.0126439	0.0391703
0.0276109	0.00768899	0.0383234
0.0339852	0.00853148	0.0391734
0.0259014	0.0131092	0.0380769
0.0271777	0.0105812	0.0383217
0.0299991	0.0129294	0.0385196
0.0342546	0.0102591	0.0392535
0.0303801	0.0113582	0.0386827
0.0336518	0.0131628	0.0391416
0.0287041	0.0123451	0.0383961
0.0257409	0.0148586	0.0381424
0.028234	0.00612609	0.0385159
0.0297033	0.00403618	0.0385741
0.0332599	0.0119584	0.0390434
0.0364802	0.00538048	0.0394382
0.0317221	0.0125399	0.0387935
0.0358358	0.00917554	0.0394237
0.0232376	0.00981394	0.0376668
0.0220979	0.00759255	0.0376251
0.0303892	0.00769586	0.0386072
0.0327853	0.0134909	0.0389507
0.0305806	0.0129236	0.0386846
0.0383123	0.00969593	0.0396399
0.0312439	0.0117473	0.038765
0.0220388	0.00915119	0.0374826
0.0397354	0.0122381	0.0400259
0.0255437	0.00881342	0.0379767
0.0386903	0.0102881	0.039822
0.0261347	0.0105299	0.0381246
0.0319525	0.0112675	0.0388959
0.0277275	0.00867601	0.0383085
0.036702	0.00552496	0.0395742
0.033871	0.00485882	0.0390868
0.0284595	0.0128329	0.0383823
0.0282721	0.0102571	0.0384276
0.033323	0.0121322	0.0390349
0.0273263	0.00593425	0.0382511
0.0388261	0.00926253	0.0399004
0.0289236	0.0116355	0.0384574
0.0373545	0.0113293	0.0396123
0.0216734	0.00858834	0.0374281
0.0324671	0.00974366	0.0389279
0.0348531	0.00884568	0.0392981
0.0346428	0.0137415	0.0393272
0.0269284	0.0113454	0.038178
0.0290788	0.0118008	0.038487
0.0427938	0.0103387	0.0402645
0.0219567	0.00859959	0.0375642
0.029928	0.00847797	0.0386336
0.0228201	0.0122804	0.0376134
0.0339613	0.0134198	0.0390806
0.0275869	0.0108653	0.0383913
0.0326899	0.010994	0.0389919
0.025228	0.00812089	0.0378844
0.0309272	0.00811248	0.0387382
0.0307076	0.00934812	0.0387371
0.0291543	0.00804771	0.038586
0.0416547	0.00837544	0.0402871
0.0343732	0.00935204	0.0392018
0.0398425	0.00787412	0.0399931
0.0263952	0.0145307	0.0381757
0.0323293	0.00965891	0.0389001
0.0207004	0.0134323	0.0374196
0.0216053	0.0114168	0.0374255
0.0276633	0.0103342	0.0383495
0.0245403	0.00849594	0.0378827
0.0386885	0.0123205	0.0398939
0.0328873	0.00716864	0.0389624
0.0212917	0.0100982	0.037443
0.0276904	0.0119557	0.0383707
0.0300859	0.0128719	0.038657
0.0345277	0.00788702	0.0392462
0.0314332	0.0103546	0.0387795
0.031934	0.0143566	0.038815
0.0320559	0.00693945	0.0389894
0.0280396	0.0106872	0.0383792
0.0287365	0.00688601	0.0384207
0.0362106	0.0101037	0.0394445
0.0282647	0.0133508	0.0382876
0.0295983	0.0140459	0.0386265
0.0325284	0.00887436	0.0389929
0.0261581	0.015015	0.0381087
0.0245229	0.0116741	0.0379642
0.0336158	0.00947556	0.0391808
0.0371828	0.0100745	0.0396752
0.0250799	0.00996722	0.0379806
0.0355714	0.012163	0.0393973
0.0338491	0.0106968	0.0391234
0.0169813	0.0113394	0.0367801
0.0287706	0.0106278	0.038418
0.0359672	0.009373	0.039356
0.0311077	0.010342	0.0387491
0.0255623	0.0090428	0.0380834
0.0312991	0.0127187	0.0388021
0.0270339	0.0129878	0.0381779
0.0326171	0.01096	0.0390027
0.0340794	0.00917687	0.0391728
0.0250166	0.00285828	0.0380733
0.0283357	0.00657266	0.0383299
0.0268706	0.0111902	0.0382156
0.0241678	0.00905158	0.0378266
0.0203859	0.0118234	0.0373105
0.03572	0.0113938	0.0393126
0.0251478	0.00962063	0.0379354
0.0376178	0.0113958	0.0395956
0.021134	0.0076013	0.0374284
0.0334237	0.0119418	0.0390484
0.0298878	0.00993954	0.0385764
0.0304179	0.0120029	0.0385308
0.0253202	0.00988124	0.0379764
0.0338165	0.0105742	0.0391874
0.0225319	0.00931795	0.0374934
0.0399258	0.00955603	0.0400498
0.0379351	0.00975375	0.0396896
0.0283994	0.011949	0.0383653
0.0318402	0.00883206	0.0388694
0.0361868	0.0112618	0.0394642
0.0319489	0.00899274	0.0388787
0.0305929	0.00914391	0.038704
0.0301914	0.00896045	0.0386196
0.0242232	0.00799356	0.0377892
0.0256534	0.00874727	0.0380179
0.0289454	0.00967333	0.0384583
0.0279295	0.0141132	0.038458
0.031096	0.0134538	0.0387326
0.030392	0.011484	0.0386782
0.0356358	0.00758446	0.0394549
0.0323	0.0128074	0.0389351
0.0237392	0.0129278	0.0378381
0.0260775	0.00820694	0.0380613
0.0288646	0.011721	0.0383525
0.020846	0.0137221	0.0373118
0.0233951	0.00535472	0.0377338
0.0331624	0.0114274	0.0390719
0.03628	0.00972144	0.0394946
0.0285498	0.00999115	0.0383919
0.0290924	0.0102909	0.0385574
0.0238131	0.0068274	0.0377882
0.0307284	0.0095627	0.0386516
0.0283487	0.00938885	0.0383944
0.0303973	0.011446	0.0386615
0.0306169	0.00959699	0.0386887
0.0260889	0.00964172	0.038092
0.0290175	0.00982126	0.0384425
0.0291297	0.0115775	0.0385153
0.0312709	0.00927179	0.0389431
0.0180538	0.00848919	0.0367798
0.0317048	0.0127095	0.0388486
0.0219868	0.0104454	0.0375818
0.0153559	0.00812297	0.0364848
0.0343907	0.00866689	0.0391609
0.0233536	0.0109368	0.0376611
0.0321702	0.00788032	0.0389
0.0321385	0.00808029	0.0389036
0.0316535	0.00779243	0.038799
0.0292134	0.0126261	0.0384595
0.025905	0.0129681	0.0379714
0.0384402	0.0113981	0.0398212
0.0297089	0.0120519	0.0386043
0.0334239	0.00991157	0.0390974
0.0348699	0.00913082	0.0393016
0.0241263	0.0123926	0.0379437
0.0297215	0.00730912	0.0385562
0.0273458	0.0103306	0.0382208
0.0143649	0.00760692	0.0365443
0.0257733	0.00955917	0.0380343
0.0355785	0.0110631	0.0393989
0.0326244	0.0102051	0.0390149
0.026935	0.0104487	0.0382191
0.0356694	0.0132663	0.039389
0.0276637	0.00633337	0.0383207
0.0237449	0.00918474	0.0378396
0.0290924	0.0121172	0.0385449
0.027456	0.00974753	0.0382436
0.0259505	0.0112431	0.0381428
0.0330742	0.0113749	0.0389694
0.0351196	0.00860026	0.0393753
0.0246706	0.00926418	0.0379701
0.0353257	0.00527555	0.0394133
0.0297127	0.0113053	0.0386184
0.0275811	0.00898466	0.038304
0.0312483	0.0132015	0.0387499
0.0249978	0.00831802	0.0378553
0.0209524	0.00638672	0.0373234
0.0392221	0.0093711	0.039944
0.0303795	0.00787544	0.0386437
0.027124	0.0106165	0.0381889
0.0280922	0.00895639	0.0383375
0.0312394	0.0090399	0.0387274
0.0329205	0.00892099	0.0390322
0.0245126	0.00964082	0.0378607
0.0325849	0.00687946	0.0389404
0.0287701	0.00948685	0.0383361
0.0350362	0.00782447	0.0392669
0.0282191	0.0110966	0.0383402
0.0398519	0.0095673	0.0398522
0.0275932	0.00822036	0.0382488
0.0240072	0.0104976	0.0377868
0.0302812	0.00998373	0.0386917
0.0224388	0.0118322	0.0376465
0.0272447	0.00949887	0.0383175
0.0269611	0.00988565	0.0381966
0.0271531	0.0103918	0.0382935
0.0213893	0.0061679	0.037382
0.032114	0.00808775	0.0389177
0.0273616	0.00946957	0.0382021
0.0330528	0.00941459	0.0390416
0.0368388	0.0124748	0.0396134
0.0271042	0.0100955	0.0381894
0.0272796	0.0113189	0.0382961
0.0320293	0.00982866	0.0389101
0.0331714	0.00882293	0.0391049
0.031053	0.00701424	0.038804
0.0321977	0.00854247	0.038895
0.0336385	0.0145751	0.0392468
0.0253346	0.00864974	0.0380515
0.0274495	0.00817433	0.0383386
0.0284398	0.00847586	0.0384243
0.0275172	0.0120588	0.0382476
0.0333468	0.00968084	0.0390951
0.0275504	0.00772203	0.0382567
0.0319163	0.0117376	0.0389246
0.0206496	0.0100956	0.0373317
0.0313673	0.0164281	0.0387046
0.0290568	0.00957337	0.0385061
0.0225346	0.00731907	0.0375999
0.0194494	0.00904682	0.0372428
0.0365629	0.0133335	0.0395573
0.0248837	0.00795897	0.0378947
0.0288404	0.0100891	0.0383422
0.0209498	0.0068506	0.0374367
0.0302669	0.0103374	0.0386123
0.0335565	0.00908903	0.0391473
0.0187659	0.0118887	0.0372606
0.0367001	0.0127442	0.0394903
0.0218585	0.0113974	0.0374639
0.0227009	0.00814895	0.0374179
0.0339597	0.01246	0.0391702
0.0298021	0.0093133	0.0385312
0.0347296	0.00821264	0.0392723
0.0340159	0.0104907	0.0392949
0.027241	0.0101817	0.0382813
0.024216	0.0093561	0.0377936
0.0269584	0.00918528	0.0381909
0.0326314	0.0137771	0.0389395
0.0247989	0.0137575	0.0379679
0.0258988	0.00918804	0.0380104
0.0330283	0.0117598	0.0391692
0.0309086	0.0104302	0.0387945
0.0224779	0.0128757	0.0375443
0.0295311	0.00894973	0.0386195
0.0214636	0.00741391	0.037427
0.0297971	0.00763326	0.0385721
0.0271507	0.0139078	0.0382639
0.0296084	0.0130875	0.0385554
0.0351882	0.0125639	0.0393323
0.0330118	0.0100142	0.0390587
0.0263666	0.0115235	0.0381735
0.0324827	0.0132725	0.0389391
0.0280292	0.0128616	0.0383162
0.0371207	0.00946819	0.0396492
0.0361539	0.00820136	0.0395267
0.0306927	0.00720477	0.0387501
0.0281099	0.00953225	0.0383322
0.0298238	0.00938347	0.038585
0.0196963	0.00855492	0.0372971
0.0162355	0.0102775	0.0368314
0.0222649	0.0116272	0.0377016
0.0232435	0.00884531	0.0376127
0.0344666	0.00533956	0.0393748
0.0394598	0.0128291	0.0398955
0.0371621	0.0106366	0.0395357
0.030653	0.00549424	0.0386897
0.0318934	0.00881907	0.0388756
0.0279027	0.00926691	0.0383074
0.0298269	0.0118323	0.0386162
0.0278772	0.0132618	0.0383903
0.0223553	0.0110454	0.0376063
0.0312553	0.00735186	0.038744
0.0308914	0.00377127	0.0386046
0.0277365	0.0093122	0.0383143
0.0319471	0.0091397	0.0388955
0.0363607	0.0094658	0.0394755
0.0286946	0.0085638	0.0384949
0.0276593	0.0129218	0.0384064
0.0283518	0.0122727	0.0384779
0.0211512	0.00868022	0.0373437
0.0246669	0.0121307	0.0378975
0.0281347	0.00970819	0.0384112
0.0292414	0.0122354	0.0385538
0.0274559	0.00971108	0.0383153
0.0316606	0.0122902	0.0388404
0.0284579	0.00835918	0.0383993
0.035345	0.00998356	0.0393372
0.0301018	0.00951132	0.0385958
0.0334618	0.0109536	0.039103
0.0352131	0.0116851	0.0393772
0.0314359	0.0131137	0.0387812
0.0312036	0.00747232	0.0388374
0.03313	0.00907344	0.0389962
0.0203136	0.00911179	0.037323
0.0283867	0.00564966	0.0383987
0.0329872	0.0123958	0.0390304
0.0233922	0.00906614	0.0377661
0.0191906	0.0060571	0.0371303
0.0252732	0.0122659	0.0379074
0.0320736	0.00936591	0.0388457
0.0339464	0.00698152	0.0392083
0.0378761	0.00775258	0.039751
0.0350877	0.0105832	0.0393627
0.0333878	0.0102945	0.0391271
0.0276767	0.00705931	0.0382998
0.0399338	0.00944809	0.0400343
0.0271182	0.0108588	0.0382206
0.0232061	0.0132557	0.0378032
0.0311869	0.0132976	0.0387588
0.0307711	0.0109543	0.0387912
0.037065	0.0100459	0.0396358
0.0270919	0.0113035	0.0381977
0.019622	0.0111431	0.0372892
0.0340172	0.0118725	0.0391467
0.0340723	0.00873587	0.0391235
0.0282349	0.00938582	0.038334
0.0262006	0.013154	0.0381154
0.0399665	0.0133929	0.039966
0.0287711	0.00809943	0.038484
0.0282529	0.012801	0.0384168
0.0310904	0.00762605	0.038754
0.0361199	0.0105442	0.039453
0.027166	0.0120698	0.0382507
0.0229745	0.0116306	0.0376181
0.0323782	0.00854042	0.0389402
0.0278515	0.00962703	0.0382436
0.0237821	0.0106048	0.0377301
0.0248062	0.00962718	0.0378523
0.02835	0.00572765	0.0383607
0.0355382	0.0121923	0.0393966
0.0318836	0.0121258	0.0388549
0.0244812	0.00335744	0.0376768
0.0317255	0.00887464	0.0388605
0.0303548	0.00726578	0.0386707
0.0253119	0.0107477	0.0380016
0.0292966	0.0117846	0.0385711
0.0254678	0.0074667	0.0379984
0.0337548	0.00768005	0.0390907
0.039413	0.00920638	0.0400517
0.0274363	0.00507443	0.038303
0.0200454	0.00711322	0.0371729
0.0350702	0.00608859	0.039233
0.0341387	0.00571527	0.0392322
0.0349853	0.00844321	0.0393108
0.0300608	0.00785204	0.0386712
0.031221	0.00785019	0.0387395
0.0342874	0.0106429	0.0392347
0.0339087	0.0126554	0.0391614
0.0241997	0.0103124	0.037896
0.0264616	0.0071378	0.0381413
0.0326468	0.0115724	0.0389168
0.0342904	0.0126758	0.0390652
0.0293694	0.00676422	0.0385981
0.0263656	0.0123766	0.0380842
0.0245996	0.0103965	0.0378423
0.0360636	0.00982651	0.0394366
0.0240904	0.00835041	0.0378602
0.0301957	0.0123919	0.0386953
0.0323688	0.00691509	0.0389575
0.0259995	0.00958869	0.0380036
0.0233924	0.0091107	0.0376876
0.0249351	0.0108189	0.0379764
0.0295369	0.0117974	0.0385512
0.0252663	0.00782298	0.0379476
0.0260654	0.00738144	0.0381607
0.0272105	0.00897685	0.0382108
0.028159	0.0100305	0.0383515
0.0322861	0.0142125	0.0389259
0.0288669	0.007164	0.0384485
0.0351147	0.00742319	0.039312
0.0292836	0.00964214	0.0384904
0.0311501	0.00883807	0.0387669
0.0320115	0.0108763	0.0388849
0.0340703	0.0103009	0.0391661
0.0247826	0.0120575	0.0379304
0.0247688	0.0124995	0.037845
0.0285233	0.00675929	0.0383146
0.0236848	0.0100217	0.0378096
0.0194218	0.00555147	0.0371183
0.0350365	0.00668525	0.0393446
0.0312015	0.0127512	0.0387563
0.0319877	0.0106162	0.038859
0.0254633	0.00871413	0.03794
0.0258847	0.0101004	0.0380716
0.0210033	0.00838595	0.0374409
0.0382036	0.0108794	0.0398079
0.037854	0.00680139	0.0397119
0.0319151	0.0107885	0.0389412
0.0260792	0.00864736	0.0380739
0.0281099	0.0136825	0.0384048
0.0268502	0.00871052	0.0381583
0.0347246	0.0135804	0.0392783
0.0267533	0.00708232	0.0380952
0.0235806	0.00683873	0.0377105
0.0313419	0.00877663	0.0387629
0.032452	0.0091733	0.0388847
0.0289751	0.0115324	0.0384993
0.0348897	0.00785098	0.039349
0.0325798	0.0125373	0.038995
0.0321789	0.0119736	0.0388887
0.0294123	0.00672246	0.03867
0.0354118	0.0100982	0.0393337
0.0369639	0.0127827	0.0395673
0.0307336	0.00870504	0.0388481
0.0293541	0.0111629	0.038559
0.022982	0.00994419	0.0377379
0.036187	0.0102293	0.0395857
0.0236213	0.00902666	0.0376882
0.0270653	0.00998355	0.0382081
0.0304797	0.01166	0.0387792
0.0255792	0.0111126	0.0379681
0.0318387	0.0106164	0.0389306
0.0339422	0.00748226	0.0392056
0.0218632	0.0145228	0.0375189
0.0303706	0.0111504	0.038721
0.032091	0.0119747	0.0389023
0.0363013	0.00872199	0.0394079
0.0207277	0.00926548	0.0373243
0.0387007	0.00804414	0.0398723
0.0315867	0.00928904	0.0388005
0.0290539	0.00990256	0.0384379
0.0275516	0.00727248	0.0384007
0.0294323	0.0128474	0.0385591
0.0276809	0.00764809	0.038302
0.030052	0.00949209	0.0386068
0.0368228	0.00875446	0.0395215
0.0270784	0.0138727	0.0382366
0.0268076	0.00650343	0.0382345
0.0383323	0.00997514	0.0397822
0.0291171	0.00632112	0.0385661
0.0278917	0.0116682	0.0382832
0.0302848	0.0101937	0.0386665
0.0277923	0.0153031	0.0383361
0.0331025	0.00716587	0.0390544
0.0264044	0.00909722	0.0380515
0.0332893	0.00599699	0.0390502
0.0204029	0.0121407	0.0372965
0.0334313	0.0106907	0.0390775
0.0310918	0.011106	0.0387031
0.0269053	0.00566224	0.038191
0.0359163	0.0125609	0.0394513
0.0252642	0.0134309	0.0379534
0.0295714	0.010602	0.0385448
0.0266744	0.00520275	0.0381392
0.0220235	0.00664401	0.0376176
0.0209519	0.0145572	0.0374603
0.0265212	0.00975086	0.0380517
0.0367257	0.00985681	0.0395845
0.0279883	0.00901102	0.0383931
0.0223829	0.00807808	0.0375661
0.0348818	0.0128806	0.039283
0.0308794	0.00793742	0.038792
0.0263498	0.007385	0.038034
0.034023	0.00794036	0.0392135
0.0325617	0.00590401	0.0389421
0.023812	0.0120121	0.0377971
0.0292137	0.0109876	0.0384776
0.0302557	0.00959621	0.0386169
0.0310742	0.012333	0.0387223
0.0300306	0.0130446	0.0385823
0.0293943	0.0107916	0.038511
0.0247612	0.0113206	0.0378383
0.0300959	0.0135762	0.0386446
0.0261858	0.00723688	0.0381405
0.0292795	0.0103321	0.0384839
0.0273377	0.00818094	0.0383433
0.0383535	0.00820091	0.0398312
0.0277528	0.0109761	0.0383661
0.0351202	0.00985955	0.0393044
0.0351508	0.0102895	0.0393469
0.0367299	0.00818328	0.0395662
0.0159933	0.0118719	0.0368408
0.0338633	0.00822024	0.0391119
0.0284968	0.00889112	0.0384431
0.0245639	0.00581308	0.0379173
0.0224683	0.0136263	0.0375856
0.0258114	0.00956027	0.0380063
0.0321678	0.0120418	0.0388251
0.0383711	0.0120287	0.0398092
0.0336135	0.0107454	0.0391305
0.0300108	0.00793141	0.0386545
0.0290611	0.0101733	0.0384919
0.0273283	0.0101206	0.0382493
0.0304122	0.00828331	0.0386747
0.0269564	0.0127443	0.0381699
0.0266149	0.0113245	0.0381522
0.0371376	0.0103523	0.0395972
0.0340517	0.00982096	0.0391777
0.0331926	0.00276223	0.0389892
0.0271207	0.0106439	0.0382613
0.0344358	0.00893098	0.0392491
0.0270417	0.0127396	0.0381453
0.0268677	0.00955358	0.0381801
0.0289096	0.00505211	0.038556
0.0237006	0.0145471	0.0377572
0.0233428	0.00823026	0.0379044
0.0384515	0.00580227	0.0398531
0.0331952	0.0125077	0.0389619
0.035084	0.0126889	0.0392782
0.0278971	0.00856511	0.0383555
0.0312893	0.00804295	0.0387701
0.0198664	0.0106221	0.037223
0.0317489	0.00793625	0.0388993
0.0371912	0.00651042	0.0394681
0.0305205	0.0104452	0.0386657
0.0298698	0.00647761	0.0385662
0.0350749	0.00966147	0.039313
0.0235396	0.010474	0.0377565
0.0225331	0.0116773	0.03756
0.0306184	0.0103775	0.038658
0.0254491	0.0105902	0.0378923
0.0234915	0.0106117	0.0375937
0.0228086	0.0111488	0.0376579
0.0347957	0.0103074	0.0393363
0.0365556	0.0051476	0.0394617
0.0313225	0.00915756	0.0387697
0.0390905	0.012605	0.0398544
0.0192328	0.0100628	0.0371592
0.0342605	0.00570414	0.0391715
0.0298959	0.0119384	0.0386141
0.0377577	0.0128335	0.0396456
0.0340215	0.0136431	0.03921
0.0339994	0.0103971	0.0391304
0.0273838	0.000704337	0.0382606
0.0343497	0.00787703	0.0391705
0.0321076	0.0103687	0.0389355
0.0229518	0.0106749	0.0376008
0.023822	0.00751501	0.0377528
0.0342789	0.0106512	0.0392147
0.0313637	0.0122378	0.0387312
0.0409127	0.010773	0.0399479
0.0275023	0.0113939	0.0382377
0.0247479	0.0127193	0.0379407
0.028819	0.00665249	0.0383988
0.0228547	0.0108387	0.0375898
0.0303859	0.00809374	0.0387057
0.0340364	0.0126988	0.0390842
0.0280283	0.00876828	0.0382832
0.0287326	0.0121809	0.0384966
0.0321483	0.0111007	0.038905
0.0265104	0.00990015	0.038188
0.0367367	0.00873711	0.0395241
0.0265829	0.0129663	0.0381554
0.0296476	0.00497038	0.0385626
0.0287983	0.0141816	0.038463
0.0343029	0.00719673	0.039206
0.0325692	0.0122134	0.0389799
0.0352658	0.00924544	0.0392906
0.0299941	0.0112914	0.0385855
0.0344549	0.00935602	0.0391749
0.0271004	0.0117658	0.0381947
0.0373653	0.0143082	0.0395323
0.0330381	0.00948774	0.0391044
0.035308	0.00484312	0.0394876
0.0297161	0.0142658	0.0385566
0.0394255	0.0102222	0.0399516
0.0223975	0.00921511	0.0373732
0.0308974	0.0102773	0.0387289
0.03939	0.0139212	0.0399137
0.0303713	0.00780828	0.0386578
0.0339283	0.0103348	0.0391495
0.0262146	0.00613865	0.0380572
0.0299091	0.0107365	0.0385933
0.0408635	0.0123866	0.0401206
0.0253897	0.00774229	0.0381081
0.0372055	0.00785742	0.0396131
0.037926	0.0131149	0.0397678
0.0254968	0.00661833	0.0378369
0.0208213	0.00942163	0.037388
0.0240143	0.0133166	0.0377683
0.0313781	0.00963486	0.0387536
0.0347455	0.0155006	0.0392794
0.0289659	0.012318	0.0385165
0.0304964	0.0073444	0.0387507
0.0289786	0.00838828	0.0384378
0.0315204	0.00739997	0.0387575
0.0333372	0.0118044	0.0389996
0.037729	0.00806489	0.039562
0.0316935	0.00853453	0.0388293
0.0269905	0.00992948	0.0382309
0.0225564	0.00981786	0.0374293
0.0300178	0.0096826	0.0386008
0.0237971	0.00883785	0.0377886
0.0255247	0.00703989	0.0379845
0.0331651	0.0108928	0.0390651
0.0285501	0.0095169	0.0384072
0.0303277	0.0129515	0.0385932
0.0252727	0.00813674	0.0379742
0.0315024	0.00426183	0.0386851
0.0227662	0.0105826	0.0375355
0.0251724	0.0113696	0.0379907
0.0319426	0.0124311	0.0388353
0.0214991	0.00985025	0.0374801
0.0308704	0.0102563	0.0387075
0.0307842	0.0122769	0.0388008
0.0323368	0.00949112	0.0389555
0.0385759	0.0113127	0.039809
0.033812	0.00912514	0.0391155
0.0326428	0.0083473	0.038985
0.0344274	0.0121186	0.0392378
0.0319809	0.0105737	0.0389024
0.033765	0.0127311	0.0392363
0.0356769	0.0106587	0.039477
0.0242199	0.00287361	0.037803
0.0336576	0.00630834	0.0391088
0.0232942	0.0121048	0.0376801
0.027212	0.0105444	0.0381934
0.03647	0.0132594	0.0393251
0.0336498	0.00979913	0.0391263
0.0359341	0.0106506	0.0394296
0.0415548	0.00708661	0.040115
0.0247809	0.0125461	0.0379058
0.0333805	0.00791006	0.0389951
0.026657	0.014328	0.0380974
0.0174924	0.0100741	0.03707
0.0359331	0.00872713	0.0394043
0.0302307	0.0106481	0.0386605
0.0262162	0.00821103	0.038079
0.0330148	0.0131438	0.0389741
0.0294518	0.00971545	0.0384994
0.0320272	0.0116219	0.0389818
0.0248307	0.0100444	0.0380386
0.0220364	0.0133411	0.0375335
0.0326544	0.00822382	0.0390233
0.0370005	0.0140203	0.0395782
0.0308915	0.00829772	0.0388044
0.0335604	0.00978643	0.0391431
0.0387034	0.0122573	0.0398093
0.0246336	0.00990128	0.0379042
0.0186795	0.0050958	0.0368589
0.0215506	0.00589322	0.0375237
0.0232648	0.00716689	0.0378539
0.0297008	0.00952389	0.0385631
0.0272352	0.0144002	0.0383618
0.0374788	0.00779332	0.0396227
0.0346376	0.00780776	0.0391265
0.0302976	0.0116168	0.0386536
0.0321974	0.0128554	0.0388957
0.0247191	0.0123703	0.0378305
0.0355424	0.00871092	0.0393684
0.0304983	0.0078518	0.0387318
0.0258166	0.0108378	0.0380328
0.0283115	0.0120828	0.0383646
0.0293539	0.00782485	0.0385177
0.0372369	0.0107852	0.0396207
0.0321997	0.00819611	0.0389548
0.0276911	0.0107557	0.0382532
0.0337285	0.00975713	0.0391985
0.0208203	0.0096926	0.0372919
0.0355016	0.00710294	0.0393278
0.0289798	0.0109204	0.0383948
0.024973	0.0111975	0.037904
0.0364403	0.0133831	0.039498
0.0255271	0.00514266	0.0380367
0.0353205	0.0102797	0.0393333
0.0285035	0.0132772	0.0384674
0.0304169	0.0120082	0.0386224
0.0289128	0.00818391	0.0385122
0.0329969	0.0119203	0.0389737
0.0340809	0.00911149	0.0392209
0.0289766	0.0076221	0.0384688
0.0222072	0.013373	0.0375024
0.0269289	0.0118413	0.0381935
0.0278938	0.00901484	0.0382779
0.0334169	0.00653816	0.0390884
0.0319415	0.0111124	0.0389429
0.0251781	0.0090777	0.0379013
0.0271189	0.0108112	0.0382351
0.0287232	0.00793536	0.0384215
0.0326135	0.0104307	0.0389285
0.034022	0.0116755	0.0391941
0.0285389	0.0117714	0.0384031
0.0289536	0.0118172	0.0383819
0.0337161	0.00966253	0.0390973
0.0338724	0.0106202	0.0391824
0.0261893	0.00855772	0.0379878
0.0305587	0.0107314	0.0386665
0.0273121	0.0116358	0.0382132
0.0217986	0.0096838	0.0376574
0.0304362	0.00909581	0.0386333
0.0268686	0.0101868	0.0382494
0.0303027	0.0123421	0.038724
0.0155736	0.00805787	0.0365392
0.0249578	0.0086478	0.0379037
0.0266635	0.00775321	0.0381179
0.0279023	0.00990024	0.0382918
0.0308707	0.00849892	0.0387219
0.0247833	0.0120187	0.0379516
0.0284614	0.00893225	0.0383909
0.032681	0.0137897	0.0389819
0.0249536	0.0093179	0.0379287
0.0326901	0.00830898	0.038974
0.0378036	0.00673011	0.0397346
0.0290331	0.0142121	0.0385762
0.0275466	0.00939369	0.038259
0.0262272	0.0111492	0.0380646
0.0240311	0.011136	0.0377515
0.0326703	0.0119262	0.0389829
0.0316244	0.00917063	0.0388484
0.0230254	0.0123964	0.0377788
0.0307287	0.0107612	0.0387294
0.0256542	0.0113949	0.0379636
0.036461	0.00944316	0.0395236
0.0251247	0.00873704	0.0378923
0.03642	0.00716167	0.0395314
0.0324625	0.0114399	0.0389715
0.027048	0.00942041	0.0381721
0.0290136	0.00943177	0.0384523
0.0333649	0.0142552	0.0390552
0.0266539	0.00890025	0.0381485
0.0353902	0.0111799	0.0393397
0.0271663	0.00986526	0.0382103
0.0287494	0.00814972	0.0384867
0.0327008	0.0114431	0.0390838
0.0262071	0.0112605	0.038036
0.0276409	0.00984326	0.0382856
0.0267524	0.000455809	0.0383349
0.026215	0.0108733	0.0380563
0.032387	0.0127662	0.0388413
0.0263938	0.0125343	0.0381385
0.0371345	0.00974246	0.0396361
0.0270828	0.0120048	0.0382373
0.0305724	0.0107443	0.0386908
0.0408286	0.0122666	0.0399953
0.0228664	0.00590765	0.0374912
0.0300417	0.00960509	0.0386667
0.0323237	0.00720659	0.0388927
0.0333303	0.0108426	0.0391131
0.0354567	0.0112269	0.0393538
0.0318438	0.00820489	0.0388381
0.0271788	0.00521562	0.0383502
0.028806	0.00840115	0.0385102
0.0275629	0.00875189	0.038295
0.0258657	0.0140542	0.0380535
0.0258882	0.0134679	0.0381568
0.0289538	0.00851224	0.0385151
0.02923	0.00717164	0.0384539
0.0351045	0.00972513	0.0393426
0.0239598	0.00727557	0.0377953
0.0356749	0.00874999	0.0394561
0.0369162	0.00845057	0.0395543
0.0316674	0.0123262	0.0388892
0.0260861	0.00927791	0.0380298
0.033577	0.0103346	0.0391248
0.0263084	0.0128367	0.0381334
0.0312631	0.00951878	0.0387687
0.0352192	0.00926615	0.0393276
0.0448071	0.010893	0.0407459
0.0302144	0.0115982	0.038595
0.0339275	0.00930409	0.0391617
0.0407027	0.0131482	0.040136
0.027325	0.0102081	0.038211
0.0278426	0.00976036	0.0383493
0.0267909	0.00893011	0.0382138
0.0403017	0.0104255	0.0399273
0.0309362	0.0083552	0.0388097
0.0286	0.0104475	0.0383859
0.0355255	0.00984806	0.0393483
0.0338919	0.00736693	0.0392368
0.0248351	0.0086127	0.0378424
0.0362453	0.00728011	0.039531
0.0284681	0.00571682	0.0384081
0.0387813	0.0106754	0.0397774
0.028847	0.0102311	0.0384137
0.034772	0.0122443	0.0393304
0.0342778	0.0113522	0.0392172
0.0317852	0.00994748	0.03886
0.0288049	0.0095495	0.0384023
0.0284347	0.00695382	0.038468
0.0365379	0.01017	0.0395759
0.0343011	0.0145568	0.0391538
0.0198537	0.0115834	0.0371664
0.0317928	0.0129781	0.0389998
0.0294672	0.0114038	0.0386442
0.0347783	0.00906324	0.0393308
0.0222452	0.00657875	0.0376
0.028195	0.0102327	0.0384552
0.0348309	0.0122023	0.039311
0.0364905	0.0086474	0.0395738
0.0256265	0.0109343	0.038014
0.0264318	0.00691755	0.0380387
0.0281951	0.0106386	0.0383458
0.0284985	0.0074642	0.038438
0.0302672	0.0100157	0.0386396
0.0372377	0.0139092	0.0396421
0.0284306	0.00772529	0.0383031
0.0207791	0.00848259	0.0372747
0.0329601	0.00817684	0.0390146
0.024214	0.00860534	0.0378732
0.0310834	0.00944147	0.0387992
0.0223457	0.00965492	0.0376332
0.0273358	0.0106615	0.038191
0.0319452	0.0104984	0.0389393
0.0329449	0.0114117	0.039009
0.0323195	0.00766901	0.038822
0.0321878	0.0102474	0.0389784
0.0297819	0.00917806	0.0386247
0.0280965	0.0103259	0.0383248
0.0381681	0.0118143	0.0397591
0.033219	0.00607612	0.0390376
0.0270508	0.00834404	0.0382624
0.0422293	0.0109242	0.0403304
0.0298874	0.0112033	0.0386927
0.0373599	0.0104773	0.0397072
0.0310593	0.00944142	0.0387474
0.0203145	0.00880486	0.0372484
0.0354759	0.0129381	0.0393358
0.0354896	0.00425373	0.0393843
0.0263737	0.0135461	0.0380768
0.0278779	0.0141546	0.0382618
0.0280337	0.0102842	0.038333
0.0338605	0.0112806	0.0390731
0.0191084	0.00834474	0.0370096
0.0308727	0.0104777	0.0387378
0.0319396	0.00822835	0.0389222
0.0343152	0.00699973	0.0392363
0.0315105	0.010877	0.0387677
0.0340298	0.00707557	0.0391712
0.0372332	0.00827222	0.0395786
0.0293214	0.0125788	0.0385222
0.030902	0.0115579	0.0387501
0.0347782	0.0115885	0.039366
0.0291468	0.00767416	0.0384648
0.0337978	0.0121172	0.0391948
0.0395874	0.0106619	0.0399375
0.0309327	0.00887764	0.0387414
0.0311345	0.00945812	0.0387653
0.038232	0.0070516	0.0397551
0.0253666	0.00806759	0.0379327
0.0357189	0.00807284	0.0394464
0.0370359	0.00951009	0.0395202
0.0246845	0.0120751	0.0378722
0.0344632	0.0149009	0.039292
0.0279774	0.00810213	0.0383289
0.0331824	0.00898638	0.0390362
0.0294175	0.0108567	0.038502
0.0237002	0.00681616	0.0377342
0.0333481	0.0109203	0.0390209
0.0289948	0.0106364	0.0384828
0.0227123	0.00746973	0.0375026
0.0292235	0.0104202	0.038449
0.030539	0.0099938	0.0387074
0.0241022	0.0114346	0.0377471
0.0315723	0.0121968	0.0388187
0.0290055	0.00690923	0.0383982
0.030013	0.0100302	0.0386622
0.0196108	0.0108901	0.0371357
0.0259998	0.0111079	0.0380332
0.0246487	0.00343258	0.0378733
0.0304112	0.0127064	0.03865
0.0368795	0.0114736	0.0395269
0.031379	0.00810785	0.0388558
0.0337208	0.00760983	0.0391702
0.0305596	0.0096013	0.0387025
0.0369582	0.00909068	0.0395005
0.0336701	0.00753086	0.0391524
0.0289187	0.0106782	0.0384923
0.0275112	0.0122583	0.0382577
0.0254086	0.0135111	0.0380644
0.0362101	0.00950484	0.0394073
0.0284888	0.0096687	0.0384066
0.0355432	0.0100549	0.0393721
0.0263492	0.0100464	0.038101
0.0185522	0.0127585	0.0369647
0.0297022	0.00202986	0.0384473
0.0299075	0.0104144	0.0386017
0.0299494	0.00939454	0.0386089
0.0290829	0.00702833	0.0384956
0.0275941	0.00682807	0.0381809
0.0356617	0.00990768	0.0393247
0.0323892	0.0114166	0.0389426
0.0330995	0.0103036	0.0390895
0.0332059	0.00942523	0.0391266
0.0310949	0.0119052	0.0387503
0.0311291	0.0122385	0.0387793
0.0341407	0.0143707	0.0391354
0.0319979	0.0132864	0.0389142
0.0368874	0.00749392	0.039581
0.0250074	0.00659325	0.0379522
0.0323129	0.00772858	0.0389019
0.0304241	0.00832115	0.0386673
0.0361897	0.00871386	0.0395611
0.0309501	0.011559	0.0387643
0.027098	0.0136788	0.0382198
0.0341907	0.00863138	0.0392419
0.0289112	0.00966237	0.0385065
0.0345151	0.0132524	0.0391608
0.0304548	0.00826761	0.0387232
0.0399307	0.010036	0.0400437
0.0258892	0.00878149	0.0380661
0.0253478	0.014776	0.0379036
0.0247703	0.0152135	0.0379858
0.0394998	0.0104446	0.0400021
0.0293419	0.0118251	0.0385481
0.0285529	0.0102771	0.0383951
0.0193674	0.00636434	0.0371787
0.0190421	0.00939707	0.0370942
0.0231864	0.0113648	0.0376778
0.0332802	0.0120728	0.0390536
0.0280708	0.00749071	0.0384283
0.0252967	0.0122563	0.0378486
0.0308593	0.0103887	0.0387458
0.0293106	0.00992744	0.038608
0.0328621	0.0123409	0.0391332
0.0286918	0.0126583	0.0384122
0.0269894	0.0101432	0.0381158
0.0305278	0.0103053	0.0387156
0.0265762	0.00970499	0.0382127
0.035061	0.0100373	0.0392842
0.035158	0.0131966	0.0393899
0.0354375	0.00859932	0.0394293
0.0317617	0.0112736	0.0388479
0.0314263	0.0123861	0.038845
0.0292586	0.0119623	0.0385264
0.0400146	0.0104072	0.0399342
0.0299353	0.00926259	0.0386218
0.0350493	0.0108673	0.0393185
0.0291892	0.00856905	0.0385098
0.02621	0.0139103	0.0380847
0.0298638	0.0100841	0.0386886
0.030254	0.0152001	0.038601
0.0319646	0.0110872	0.0389848
0.0354848	0.00840885	0.0394279
0.0297535	0.0104455	0.0386333
0.0272889	0.010643	0.0382384
0.0165282	0.00540121	0.0369098
0.041639	0.00806944	0.0401398
0.0218187	0.0100291	0.0374065
0.0308893	0.00899192	0.0387215
0.0290091	0.0108378	0.0384656
0.0338341	0.0114763	0.0392572
0.0280405	0.0142507	0.0383298
0.0250454	0.00716585	0.0379534
0.0319589	0.0103141	0.0389045
0.0357181	0.0117956	0.0393151
0.026381	0.00778296	0.0381034
0.0328182	0.00996628	0.03901
0.0359951	0.0111574	0.0394556
0.0184531	0.00971874	0.0370184
0.0233976	0.015956	0.0378073
0.0244895	0.0097857	0.0378963
0.0306486	0.0114299	0.038735
0.0296373	0.00899584	0.03859
0.0344307	0.0115611	0.0392468
0.0276417	0.00914507	0.0383456
0.0306318	0.00961925	0.0386423
0.0409425	0.00989457	0.040091
0.0300357	0.00955315	0.0385606
0.0294541	0.00938656	0.0384717
0.0274751	0.0105439	0.038239
0.0318434	0.0111942	0.0388501
0.0328566	0.0112704	0.0390794
0.0301419	0.0089214	0.0386319
0.0375686	0.0097518	0.039581
0.0355811	0.00946277	0.0394649
0.0243385	0.0078524	0.0378679
0.0396097	0.0120292	0.0397427
0.0314365	0.00940113	0.0388968
0.0307695	0.00967478	0.0387328
0.0366238	0.0124597	0.0395245
0.0316399	0.00931398	0.0388909
0.0333964	0.0105904	0.0391129
0.0354593	0.00678946	0.0394281
0.0317961	0.00792927	0.0388587
0.0339351	0.00807507	0.0391146
0.0322512	0.0114961	0.0389003
0.0304898	0.0102193	0.0387253
0.0361112	0.00843739	0.0393627
0.0299419	0.0123091	0.0386401
0.0369138	0.0099227	0.0395552
0.0378346	0.0116081	0.0397326
0.0388178	0.00944497	0.0398781
0.0387237	0.0136125	0.039974
0.0281418	0.00903497	0.0383854
0.0320497	0.00836914	0.0388255
0.0210083	0.0115503	0.0374582
0.0319706	0.0128249	0.0389155
0.0271671	0.00918003	0.0382786
0.0382713	0.00721618	0.0397493
0.0276444	0.0120081	0.0383342
0.0189878	0.0102531	0.0371073
0.0303313	0.0129209	0.0386412
0.040403	0.0112948	0.0401473
0.0295786	0.00978697	0.0385421
0.0302917	0.0125055	0.0387088
0.0302077	0.0081389	0.038637
0.0263053	0.01194	0.0382099
0.0229306	0.0120034	0.0376421
0.0358039	0.00552726	0.0393797
0.0326317	0.0116091	0.0390802
0.0259585	0.0102554	0.0381096
0.0294822	0.011619	0.0386064
0.023674	0.00874311	0.0379096
0.0229544	0.0102814	0.0375941
0.0329481	0.0119264	0.0390479
0.0279679	0.00847412	0.0383266
0.022881	0.0122638	0.0376304
0.0349569	0.0122032	0.0393012
0.0303093	0.0133296	0.0386936
0.0257868	0.0144983	0.0380643
0.0311318	0.00896602	0.038801
0.0350543	0.00836135	0.0393478
0.0306444	0.00856814	0.0385638
0.038826	0.00771281	0.0398669
0.0294735	0.0082723	0.0386084
0.0278052	0.0142039	0.0382841
0.0280567	0.0124916	0.0383177
0.036809	0.0103657	0.0395603
0.0285711	0.00948073	0.0384344
