0.0226739	0.00873641	0.11803
0.0332898	0.0131618	0.128733
0.0301156	0.0121655	0.0996164
0.0284811	0.00887841	0.151999
0.0289102	0.0105924	0.106596
0.0315917	0.0117379	0.117649
0.0250156	0.0116928	0.0985229
0.0290304	0.0134489	0.102494
0.0403756	0.00817898	0.041865
0.0297348	0.0116186	0.0992853
0.0299018	0.00963885	0.175991
0.0278658	0.0112954	0.086707
0.0287428	0.012248	0.19428
0.0311546	0.00818929	0.0862228
0.0316863	0.012258	0.179456
0.0217077	0.00814196	0.147207
0.0282871	0.0124645	0.104142
0.0347995	0.00864382	0.194369
0.0271388	0.0130316	0.144687
0.0284983	0.0082814	0.173359
0.0318937	0.00822702	0.140654
0.0416074	0.00992083	0.37046
0.0359739	0.00725876	0.0887156
0.0289515	0.00518535	0.192327
0.0305373	0.00799408	0.0652266
0.0381447	0.00920044	0.207318
0.0269556	0.012673	0.115845
0.0348846	0.0118427	0.162268
0.029171	0.00804331	0.0822193
0.027801	0.00992649	0.128708
0.0387567	0.0115161	0.098688
0.0307165	0.0119826	0.0827068
0.0285502	0.013032	0.0482329
0.0209762	0.00649209	0.111589
0.0316143	0.0117204	0.0761985
0.0318732	0.00934728	0.156799
0.0360033	0.0116086	0.112213
0.0347543	0.00968655	0.0678492
0.0375005	0.0115229	0.0582217
0.0333271	0.00777353	0.106857
0.030748	0.0136097	0.115505
0.031056	0.00779269	0.219954
0.036178	0.0108548	0.110499
0.0292298	0.0114475	0.101997
0.0253609	0.00787331	0.160213
0.0379395	0.00962327	0.0470877
0.0325613	0.00801279	0.29181
0.0359712	0.00781779	0.0844166
0.0299089	0.0120453	0.0949064
0.0221829	0.0107845	0.195551
0.0247372	0.00728296	0.0541365
0.0256631	0.0101072	0.0970401
0.029016	0.0114602	0.262149
0.0296846	0.00874171	0.0894395
0.0316889	0.0109295	0.149239
0.0262637	0.0112448	0.0916065
0.0295017	0.00598019	0.160275
0.0347489	0.0119843	0.0600711
0.0350299	0.012894	0.0425854
0.0243401	0.0107612	0.122372
0.0294973	0.0119031	0.148563
0.0341723	0.0118765	0.0715173
0.0214256	0.00722476	0.164649
0.0344149	0.00884228	0.0732588
0.0274846	0.00711579	0.0798054
0.019917	0.01357	0.106279
0.0268707	0.00426069	0.135781
0.028144	0.00650216	0.0792962
0.0350523	0.0139236	0.059767
0.03913	0.00962523	0.160414
0.0382086	0.00538584	0.0894457
0.0273907	0.00949306	0.0863562
0.0242656	0.0115421	0.108505
0.0122691	0.00949499	0.0950301
0.0397496	0.0101254	0.055045
0.0275505	0.0116261	0.090868
0.0301961	0.0104014	0.198335
0.0364987	0.00832558	0.100818
0.0298188	0.00819614	0.049542
0.0317524	0.013447	0.198751
0.0293053	0.00798191	0.174174
0.0348517	0.0106677	0.0493206
0.0318346	0.00908776	0.110648
0.0213892	0.00750489	0.147885
0.0307721	0.00381098	0.0852739
0.0297476	0.0086742	0.0667036
0.0352407	0.0088419	0.0484732
0.0366289	0.00856406	0.094068
0.0315982	0.00761741	0.148175
0.0327104	0.010516	0.0717014
0.0327925	0.0110378	0.0726805
0.0309216	0.0066781	0.303271
0.0318283	0.0107408	0.0455069
0.0264966	0.011635	0.140374
0.0372397	0.0115252	0.0529819
0.0273995	0.00835676	0.0486068
0.0279412	0.00935756	0.0283701
0.0314676	0.0120101	0.179488
0.0266971	0.0137222	0.12167
0.039723	0.0100852	0.0505414
0.0343618	0.0103033	0.175746
0.0330513	0.00780968	0.013265
0.0292887	0.0117393	0.0591451
0.0306168	0.00867606	0.175106
0.0301897	0.0111179	0.0461989
0.0351569	0.0123412	0.104426
0.0274404	0.00530979	0.0893553
0.0310399	0.00933775	0.0975909
0.0298977	0.00797219	0.0822523
0.0354576	0.0122732	0.154799
0.034022	0.0105818	0.0908264
0.0317017	0.00499876	0.0839956
0.0293388	0.00944523	0.0801485
0.0306426	0.00214945	0.149407
0.021933	0.0117269	0.128071
0.0317609	0.00637937	0.0770472
0.0263309	0.0102268	0.19066
0.0270981	0.0102948	0.173955
0.0314688	0.00941462	0.102702
0.0294735	0.00638928	0.294058
0.0242531	0.0103062	0.0186468
0.0239446	0.00872198	0.0676222
0.0300358	0.00930254	0.0581086
0.0374267	0.00826338	0.104953
0.0318703	0.00771626	0.10168
0.0284686	0.0119669	0.043646
0.0278309	0.00861814	0.167047
0.0326149	0.00543903	0.144033
0.0327958	0.00333248	0.097503
0.030178	0.00799136	0.108958
0.036448	0.0106397	0.118607
0.0264482	0.0106823	0.1127
0.0305034	0.0103417	0.130667
0.0288437	0.0034687	0.0672745
0.0355319	0.0105716	0.100672
0.0275342	0.0130457	0.164035
0.0191234	0.0141807	0.113142
0.0354749	0.0128023	0.203035
0.028332	0.0144865	0.0613058
0.0303684	0.0102979	0.156657
0.0328828	0.00789471	0.0893317
0.0334382	0.00808379	0.0825295
0.0300396	0.00458625	0.076962
0.0319096	0.00936679	0.0810911
0.0324138	0.0107879	0.20043
0.0254987	0.0108461	0.173041
0.0212974	0.0129584	0.165305
0.0294252	0.0123977	0.223544
0.0312856	0.0104422	0.0795265
0.0239085	0.0102759	0.101792
0.0355766	0.00914215	0.147115
0.0313751	0.0122789	0.136565
0.031354	0.00736185	0.0988037
0.025643	0.00464536	0.0724699
0.0285943	0.0117884	0.0539201
0.0376576	0.0112131	0.0592616
0.0329613	0.0138814	0.107841
0.0328449	0.0125231	0.138275
0.0290933	0.00787223	0.0990306
0.0321076	0.010964	0.0477212
0.0298716	0.0074355	0.0836244
0.0316725	0.0125082	0.17929
0.0390278	0.0127726	0.0463013
0.0363457	0.00928859	0.220833
0.0414099	0.00676977	0.0452603
0.0346501	0.0113288	0.12286
0.0321682	0.0130366	0.0979693
0.0296811	0.00690019	0.0710196
0.0406246	0.0110211	0.111562
0.0300423	0.0129291	0.063948
0.0254711	0.00963346	0.0993602
0.0304277	0.00987928	0.136559
0.0307992	0.00941635	0.0467386
0.0397602	0.00902825	0.0886264
0.0239365	0.00620636	0.190513
0.0210832	0.0117876	0.190755
0.0337954	0.0150347	0.234004
0.0262851	0.0108151	0.0905695
0.0309559	0.010501	0.0617286
0.0391196	0.0112209	0.328437
0.0349048	0.0116017	0.102116
0.038664	0.00964727	0.110343
0.0292648	0.0114857	0.0970482
0.0280106	0.00973989	0.047995
0.0305117	0.0145184	0.146168
0.0348756	0.00850275	0.075275
0.0310218	0.0104919	0.0822983
0.0411988	0.00891913	0.0978365
0.0364529	0.00636316	0.0648762
0.0222993	0.00747037	0.160666
0.0255453	0.00691793	0.0571229
0.0311999	0.0103167	0.13693
0.0234549	0.0120629	0.109762
0.0277413	0.00888697	0.0914669
0.0244031	0.0107359	0.122484
0.0332695	0.0130224	0.178737
0.0332442	0.00756026	0.164714
0.0269196	0.0123047	0.0983186
0.0219729	0.00839702	0.174535
0.034005	0.00542097	0.0746242
0.0342109	0.0125303	0.0758166
0.022905	0.00814417	0.0915319
0.022196	0.0106531	0.170875
0.03468	0.0121025	0.188568
0.035846	0.00751051	0.087156
0.0340007	0.0103407	0.0701249
0.0234961	0.0103803	0.120194
0.0310827	0.00868638	0.145236
0.0290227	0.00945405	0.181911
0.0268568	0.00639185	0.102832
0.0338033	0.0126221	0.193598
0.0253364	0.0034864	0.121104
0.0245208	0.00853498	0.108099
0.0324485	0.0068939	0.149656
0.0329102	0.00923654	0.0800775
0.0350431	0.0111196	0.0323022
0.0267738	0.0121994	0.0908314
0.0253056	0.0101266	0.0666417
0.0257877	0.00747845	0.0953545
0.0314316	0.00686523	0.0506735
0.0309968	0.0113595	0.0700512
0.0284808	0.0108018	0.135613
0.0279651	0.0035988	0.0846409
0.0347385	0.0113864	0.098917
0.0387894	0.0105984	0.0984058
0.0275761	0.0114931	0.18188
0.0310642	0.0100275	0.196101
0.0264635	0.0128035	0.0485195
0.0338637	0.00878701	0.156104
0.0299061	0.00805361	0.145972
0.0277347	0.0124358	0.109428
0.0371233	0.0111418	0.091858
0.0401169	0.00949552	0.0619437
0.030393	0.0080058	0.196995
0.0328973	0.00998523	0.0792111
0.0346834	0.0088756	0.165376
0.0337805	0.0106288	0.104371
0.0235353	0.00781544	0.0503495
0.0292746	0.0107309	0.0696206
0.0264664	0.00794036	0.163937
0.0335079	0.00701812	0.134645
0.0332259	0.0104779	0.177257
0.0230105	0.00905926	0.153137
0.0241791	0.010157	0.120719
0.0290476	0.0137341	0.165423
0.029294	0.0117688	0.0906866
0.0280787	0.00750424	0.0883887
0.0338691	0.010777	0.111615
0.0264405	0.00952205	0.0903177
0.0366346	0.0133011	0.162032
0.023735	0.00744788	0.0660575
0.0207374	0.0124588	0.0447405
0.0342816	0.0107195	0.199633
0.0346787	0.0130818	0.0530211
0.0310341	0.0108016	0.177151
0.036595	0.00524733	0.0501102
0.0292318	0.0125791	0.0916452
0.0301142	0.00956487	0.173426
0.0331249	0.0120508	0.0439609
0.0278237	0.0108305	0.0456663
0.0302167	0.0122127	0.0433627
0.025351	0.0101877	0.111326
0.0338694	0.00820512	0.17248
0.0338037	0.00975901	0.109708
0.0278861	0.0140122	0.112
0.029971	0.00877387	0.274208
0.0306357	0.00470052	0.165273
0.0204502	0.0101489	0.114284
0.0281022	0.0103294	0.0194698
0.0347544	0.00865858	0.197704
0.0324216	0.0117689	0.206765
0.0294908	0.0113953	0.168202
0.0317037	0.00831876	0.0981658
0.0302169	0.00657431	0.0515654
0.0313491	0.01146	0.105479
0.0208046	0.014575	0.102279
0.0263944	0.0106847	0.134311
0.0331006	0.0114385	0.193077
0.0343271	0.0061504	0.151566
0.0335287	0.00499737	0.0955097
0.0370198	0.00827118	0.0698266
0.0309617	0.0115536	0.152846
0.036124	0.00950286	0.04773
0.0344262	0.00588451	0.0953212
0.0332676	0.0126904	0.147805
0.0297127	0.0128582	0.108831
0.0265319	0.00524626	0.104761
0.0349081	0.0108158	0.0749099
0.0253992	0.0109516	0.112115
0.0292136	0.00707279	0.0836594
0.0273571	0.0101219	0.0934838
0.0217019	0.0113935	0.0477283
0.0367836	0.00722343	0.0301978
0.0286361	0.00842115	0.0914232
0.0320034	0.0134702	0.0573367
0.0397197	0.0107403	0.217256
0.035218	0.012409	0.202141
0.0334144	0.0149097	0.0415354
0.0270482	0.00691412	0.151555
0.0296265	0.0104845	0.103921
0.0299117	0.0111675	0.253873
0.0304377	0.0125678	0.111375
0.0293801	0.0116876	0.04521
0.0256752	0.00766397	0.133549
0.0261504	0.0125254	0.206094
0.027925	0.00718344	0.146885
0.0315524	0.0118666	0.0762121
0.032289	0.0123448	0.103365
0.0281549	0.0111777	0.0926294
0.0257759	0.00794047	0.131488
0.0336523	0.0113808	0.0958812
0.0309059	0.0128697	0.141548
0.0378534	0.00767091	0.0895477
0.036174	0.0130687	0.0683719
0.0337899	0.0107519	0.111059
0.0274784	0.0101131	0.159629
0.0340894	0.00641835	0.144109
0.0271752	0.00963773	0.0479796
0.0257278	0.00812795	0.0810427
0.0162029	0.0110787	0.0943668
0.0313672	0.0131426	0.134447
0.0301967	0.00614064	0.136376
0.0302225	0.00840414	0.08979
0.0298425	0.0131335	0.0524044
0.0282134	0.00868505	0.136738
0.0385514	0.00829421	0.111282
0.0329235	0.0109521	0.110311
0.0236206	0.0106522	0.0476339
0.0266157	0.0107178	0.176627
0.0258093	0.0114642	0.0943754
0.0300687	0.0093211	0.104899
0.0239468	0.0095491	0.187143
0.031661	0.0119865	0.199734
0.0321211	0.0123069	0.108806
0.0294529	0.010788	0.181052
0.0265913	0.0100593	0.156904
0.0313851	0.00944438	0.152954
0.0272037	0.0117526	0.216167
0.0300063	0.00841081	0.0494999
0.0273464	0.0106447	0.0961892
0.0307191	0.0113144	0.174089
0.0324021	0.00964876	0.0695394
0.0218479	0.0116789	0.104
0.0250518	0.00695007	0.0663922
0.0298625	0.012827	0.101471
0.0276908	0.010522	0.0686927
0.0270501	0.00886422	0.161623
0.0344671	0.0101848	0.159231
0.0238729	0.0109283	0.0653688
0.0263989	0.0116685	0.120904
0.0320118	0.00895906	0.0475946
0.0287078	0.00686348	0.19025
0.0311736	0.0123048	0.0977588
0.0351342	0.010982	0.119459
0.0284534	0.00912071	0.0971815
0.0280827	0.0104144	0.1002
0.033226	0.00780127	0.0694344
0.0259192	0.00821326	0.0920747
0.0263984	0.0120256	0.103153
0.0306508	0.00403637	0.0824087
0.0317379	0.0105463	0.0485648
0.0250363	0.00955933	0.0480763
0.0344962	0.0106843	0.0675274
0.0298258	0.00601928	0.0676905
0.0223722	0.00846544	0.0491104
0.0311473	0.0121689	0.203198
0.0313185	0.00913916	0.0868164
0.0290449	0.00908017	0.171359
0.022614	0.00765576	0.112408
0.0277522	0.00981108	0.100763
0.0257735	0.00727955	0.196107
0.0366868	0.00958094	0.106882
0.0366321	0.00974912	0.156553
0.0300016	0.0106453	0.0912928
0.0234172	0.00732826	0.0816696
0.0256742	0.0117259	0.0935239
0.0347337	0.00940226	0.079167
0.0323095	0.00535548	0.0802736
0.0370337	0.00992354	0.109381
0.0299034	0.0092921	0.336069
0.0254035	0.00995001	0.171611
0.0383041	0.0111047	0.0458954
0.0269698	0.0117786	0.13426
0.0261196	0.00872187	0.121377
0.0351548	0.0121876	0.0507904
0.0316751	0.0122204	0.123532
0.0248967	0.00879305	0.0904203
0.0338414	0.00935435	0.295955
0.0217973	0.0105998	0.171127
0.0335641	0.0100079	0.10443
0.032673	0.0102611	0.192407
0.0295709	0.00820955	0.17369
0.0351752	0.0124648	0.200016
0.0286958	0.00998173	0.257457
0.030982	0.00876837	0.110303
0.0289329	0.0124847	0.0453455
0.0322636	0.0100901	0.107517
0.0362809	0.00637331	0.0630814
0.0330625	0.0126917	0.199124
0.0290579	0.0108567	0.223685
0.0271485	0.010626	0.112365
0.0240329	0.0105127	0.201728
0.0258002	0.00895327	0.095719
0.0267961	0.00915114	0.0486761
0.0321119	0.00307354	0.025658
0.0298012	0.00734292	0.140646
0.0266738	0.00954846	0.167906
0.0263993	0.0108709	0.0906905
0.0302799	0.00940165	0.0415728
0.0289738	0.00953668	0.190345
0.0372281	0.0111589	0.164388
0.0343397	0.00761562	0.199197
0.0350671	0.007565	0.0953853
0.033611	0.00919809	0.0729886
0.0228085	0.0105346	0.107087
0.0314214	0.00661176	0.0918224
0.0310705	0.010889	0.104763
0.0428456	0.0146013	0.0400842
0.0371465	0.0142702	0.191886
0.0371777	0.00889201	0.166569
0.0275241	0.0114766	0.0963037
0.0295377	0.00950953	0.163087
0.0243752	0.00941636	0.150741
0.0328086	0.0072041	0.0508363
0.036847	0.00561075	0.148711
0.0253073	0.0118298	0.0652674
0.0254308	0.00979091	0.20976
0.0349036	0.00931347	0.211881
0.0297975	0.00386955	0.0647926
0.0305952	0.0114172	0.0515204
0.0255468	0.00920313	0.108361
0.0335463	0.00610164	0.145802
0.0260919	0.00785427	0.157227
0.0286596	0.0120562	0.0440762
0.0267623	0.0132743	0.0941101
0.0339643	0.0100772	0.177419
0.0296011	0.0142309	0.108039
0.0305005	0.00823131	0.0788546
0.0273506	0.0110814	0.188101
0.0304622	0.0102607	0.0875542
0.0280576	0.0108709	0.0466325
0.0321751	0.0146489	0.0403985
0.027701	0.00862681	0.090105
0.0291723	0.0100807	0.0475457
0.0294104	0.00948179	0.168752
0.0329348	0.0111529	0.0974691
0.0359422	0.0111606	0.199438
0.0264192	0.011317	0.102448
0.0265571	0.0147272	0.216397
0.0359372	0.0111743	0.106538
0.0329967	0.00895531	0.0479368
0.0332216	0.00794275	0.163979
0.0233823	0.00715801	0.0450178
0.0298167	0.0097967	0.100188
0.0323043	0.00850631	0.0989198
0.0303204	0.0102524	0.157576
0.0290354	0.00592547	0.0521879
0.0286734	0.00795943	0.0500842
0.0364491	0.00838975	0.0982957
0.0317773	0.0113058	0.0459805
0.0338172	0.0150278	0.135773
0.0360835	0.00853948	0.110585
0.0245703	0.00769165	0.0998295
0.0244797	0.00983218	0.0479005
0.0266611	0.00834821	0.104487
0.0363171	0.00790096	0.156248
0.0329084	0.00868883	0.136037
0.0350042	0.0111827	0.0956863
0.0333416	0.00765757	0.289003
0.0285765	0.0125013	0.118775
0.0295665	0.00809345	0.150563
0.0282086	0.0117434	0.100642
0.0251073	0.0107954	0.0468228
0.0283297	0.00800226	0.159063
0.0314451	0.00690073	0.051093
0.0264565	0.0110127	0.128535
0.0290413	0.00923732	0.0939419
0.0335005	0.00991837	0.0930662
0.0363577	0.00611127	0.155625
0.0355609	0.00643001	0.156153
0.0297486	0.0102325	0.0926416
0.0348087	0.00936181	0.199545
0.0236654	0.0128058	0.169151
0.0268931	0.0143585	0.221198
0.0312753	0.0135864	0.155442
0.0278433	0.0126714	0.216173
0.027362	0.0126115	0.0978728
0.0284239	0.0150929	0.0951824
0.0275943	0.00991534	0.0365897
0.0274335	0.00754583	0.0806026
0.031555	0.0110895	0.100113
0.0312004	0.00931546	0.0946276
0.0330508	0.0104716	0.199973
0.0327405	0.0111124	0.204988
0.0301037	0.00758513	0.206319
0.0209812	0.0113917	0.18585
0.0268118	0.00866852	0.103301
0.033402	0.0110753	0.0580418
0.0297112	0.0118617	0.200898
0.0271273	0.00719854	0.139495
0.0285977	0.00742669	0.105497
0.030575	0.00673923	0.168092
0.0263941	0.0085528	0.184009
0.0245284	0.0124734	0.0980594
0.0217682	0.0106724	0.113906
0.0365317	0.0063873	0.160227
0.0218576	0.00961804	0.0215513
0.0329623	0.0097392	0.0967543
0.0244752	0.0122127	0.0993291
0.027747	0.0139175	0.0321884
0.0308695	0.0102398	0.069165
0.0310448	0.0120774	0.146502
0.0318483	0.0111498	0.154391
0.0299744	0.00856913	0.149828
0.0280797	0.0114158	0.129369
0.0323472	0.00914935	0.0469315
0.024049	0.00997319	0.163989
0.0316571	0.00824109	0.151961
0.0252446	0.0116803	0.178288
0.0257328	0.00856917	0.196457
0.024182	0.0102867	0.162501
0.0299555	0.0134118	0.138299
0.0279407	0.00954787	0.0872748
0.0237433	0.00949584	0.122083
0.0282492	0.00956727	0.11281
0.0188045	0.00859654	0.0943741
0.0315104	0.0100082	0.0773373
0.0293181	0.0103495	0.0829027
0.029879	0.00790977	0.152296
0.0315508	0.0082108	0.090311
0.0268094	0.0110992	0.10405
0.0247893	0.00833606	0.101997
0.027035	0.0104616	0.143782
0.0321356	0.00760873	0.0587812
0.0362228	0.00791424	0.144612
0.0242043	0.0101495	0.111057
0.0298417	0.00704048	0.0668066
0.0364721	0.00764534	0.0916553
0.0298681	0.0100458	0.110379
0.0336819	0.00930366	0.0678869
0.0231665	0.0127722	0.199945
0.0348572	0.0106329	0.103037
0.033876	0.0105998	0.0464527
0.0150266	0.00899158	0.103347
0.0238219	0.0147042	0.165336
0.0318034	0.0134769	0.173714
0.0268358	0.00838927	0.155808
0.0310537	0.0106582	0.136129
0.0221873	0.010552	0.161647
0.0258714	0.00637632	0.281064
0.0310519	0.012141	0.133159
0.0319573	0.00836487	0.288913
0.0363436	0.0139634	0.0684082
0.0341294	0.00818752	0.0704634
0.0380099	0.0121795	0.0755605
0.0310267	0.00953152	0.0371788
0.0223226	0.011071	0.114445
0.0306755	0.00843864	0.15502
0.0268867	0.00472706	0.0904747
0.0327881	0.0103278	0.140199
0.0230437	0.00870146	0.104411
0.0334338	0.00806414	0.0491849
0.031326	0.0119204	0.108795
0.0307702	0.00806385	0.0482096
0.0318046	0.0116277	0.105572
0.0320168	0.00911542	0.178423
0.0355756	0.0101182	0.10865
0.0347631	0.00684782	0.0511432
0.027583	0.00811375	0.166365
0.0277742	0.011264	0.192979
0.0232856	0.0111532	0.110074
0.0311154	0.00974019	0.0863753
0.0351637	0.00790739	0.0371433
0.0337314	0.0128608	0.0964291
0.0306752	0.011796	0.0398845
0.0278118	0.00765435	0.0936206
0.0300523	0.00618937	0.105482
0.0307845	0.00828549	0.139452
0.0283229	0.00773378	0.144573
0.0297187	0.00973056	0.0847338
0.0287728	0.00253003	0.10071
0.0242274	0.00840355	0.125963
0.0260752	0.00927284	0.13838
0.0317108	0.0135834	0.225147
0.0277152	0.00794341	0.15693
0.0284767	0.0112243	0.145442
0.0272916	0.00597576	0.139248
0.0233021	0.00730034	0.100799
0.0267865	0.0109598	0.168995
0.0347451	0.0132778	0.107204
0.0307099	0.00674075	0.0873288
0.0271372	0.0104363	0.144762
0.0352956	0.00917907	0.0483643
0.0280127	0.00981557	0.0923428
0.0344651	0.0103813	0.183387
0.0343061	0.00883	0.150485
0.032538	0.00859231	0.105596
0.0289354	0.0094537	0.0563671
0.0245401	0.0108817	0.0466193
0.0320803	0.0089171	0.112362
0.0288328	0.00847236	0.160386
0.0279993	0.0109804	0.0979819
0.0350038	0.0132472	0.148059
0.0305053	0.00353981	0.0552262
0.0321013	0.0104345	0.100233
0.0266331	0.00921909	0.100895
0.0304252	0.00640436	0.0517045
0.0293335	0.00624008	0.0717897
0.0373962	0.00943794	0.275403
0.0288407	0.0110697	0.0449002
0.0342377	0.0121052	0.113056
0.0312753	0.00932253	0.0969342
0.0272525	0.0114054	0.206556
0.0409911	0.00957343	0.0975426
0.0311404	0.00466181	0.196465
0.0209945	0.0118362	0.113474
0.0263007	0.00792604	0.201392
0.0300146	0.0091675	0.0478025
0.0358969	0.0134951	0.211956
0.0274109	0.0096842	0.203344
0.0307019	0.0101709	0.0904476
0.0323297	0.0126046	0.0626811
0.0392939	0.0106744	0.098438
0.0207026	0.00863739	0.0491258
0.0327723	0.00963729	0.163755
0.0334803	0.0107351	0.153579
0.0316488	0.0108562	0.104863
0.0216342	0.00784742	0.16376
0.0276218	0.00210096	0.14791
0.0236706	0.0136804	0.129718
0.0309815	0.0112468	0.0591662
0.0292912	0.0117382	0.0454016
0.0288498	0.0121594	0.0824394
0.0336714	0.00736491	0.168447
0.0306832	0.00728604	0.0902558
0.0230471	0.0119489	0.257364
0.0274911	0.00889261	0.0872616
0.0284485	0.0101595	0.0607489
0.0252268	0.010065	0.0580045
0.0267537	0.0145329	0.0622735
0.0271502	0.0126388	0.0444519
0.0279575	0.00822338	0.150539
0.0320756	0.014054	0.0412988
0.0323042	0.0062185	0.0857337
0.0303673	0.0107443	0.105109
0.036552	0.00932043	0.219104
0.0341503	0.0117694	0.119177
0.0256244	0.00627846	0.0744266
0.0313945	0.00933966	0.0911707
0.0329062	0.00913024	0.0472269
0.0287035	0.00816695	0.154155
0.02404	0.00743762	0.045115
0.0326589	0.00381432	0.201087
0.0236546	0.0110386	0.191045
0.0303361	0.0110075	0.135105
0.0296791	0.0105329	0.190729
0.0299948	0.0105527	0.0469254
0.0292157	0.0110169	0.0828359
0.0294535	0.0107905	0.139884
0.0319999	0.0141754	0.0714924
0.0296147	0.0130931	0.0438999
0.0350826	0.0110764	0.18689
0.0303049	0.0072335	0.131868
0.0223394	0.0110804	0.119911
0.0264289	0.013942	0.0954983
0.0342771	0.0117971	0.15243
0.0342415	0.0064835	0.0764188
0.0299096	0.012967	0.164824
0.0295604	0.0103111	0.177431
0.0363894	0.0111201	0.121156
0.0283644	0.0121615	0.0241251
0.028612	0.0123767	0.184358
0.0296957	0.0109377	0.159963
0.0261878	0.0111645	0.0902608
0.0257869	0.0125789	0.0489482
0.0265752	0.0107223	0.102783
0.0340153	0.00959208	0.0562417
0.0272638	0.00897803	0.105822
0.0328773	0.0102238	0.0955433
0.0374293	0.0058699	0.0831412
0.0340055	0.014382	0.0678319
0.026772	0.011142	0.0999989
0.027971	0.0118499	0.0540782
0.0362762	0.00614203	0.0773346
0.0277257	0.0143006	0.098703
0.0377822	0.0083099	0.0491892
0.0239908	0.010346	0.104703
0.0263419	0.00947812	0.138079
0.0323212	0.00830462	0.0298052
0.0293545	0.0108461	0.0955268
0.0283073	0.00623701	0.131128
0.0288041	0.0103339	0.0897016
0.0280035	0.0125729	0.0917035
0.0301835	0.0129125	0.111882
0.0290816	0.00900917	0.18674
0.0323357	0.0103345	0.0579845
0.0319431	0.0117089	0.11866
0.0314945	0.0118283	0.0975572
0.0314568	0.0109095	0.135722
0.0218824	0.0109565	0.157679
0.0297416	0.0126962	0.113739
0.0395071	0.00970896	0.182814
0.0244244	0.00962666	0.0470147
0.036535	0.0134791	0.214379
0.0325267	0.0111461	0.100214
0.0346436	0.00858397	0.0776746
0.0370982	0.00843152	0.0926411
0.0299811	0.0105653	0.0916731
0.0246768	0.00596274	0.0525077
0.0327524	0.00951485	0.210905
0.0306309	0.0104557	0.0463752
0.0271171	0.0105556	0.109451
0.0271766	0.011021	0.196077
0.0351019	0.00730877	0.145563
0.0277668	0.00882184	0.0969984
0.030392	0.0106879	0.0898623
0.0304925	0.0117372	0.062897
0.0315716	0.0114743	0.154513
0.0308883	0.00997538	0.217137
0.0294127	0.0142721	0.0823221
0.0322074	0.0138358	0.0625078
0.0298253	0.0109545	0.0999772
0.0327992	0.0135829	0.17122
0.0273222	0.0123265	0.160472
0.0252885	0.00844571	0.0968852
0.0233299	0.0125013	0.251533
0.0349593	0.0100084	0.0998795
0.0382385	0.00911395	0.101956
0.0309124	0.00702412	0.135623
0.0333903	0.00751674	0.163868
0.0390159	0.0106468	0.203104
0.0210025	0.01089	0.115386
0.0306428	0.0105892	0.196394
0.0276561	0.00807194	0.141294
0.0313215	0.0113079	0.0318047
0.0339138	0.0128094	0.0742171
0.0296796	0.0106792	0.109914
0.0179597	0.0123612	0.22299
0.0344587	0.00775807	0.164413
0.0262106	0.00963439	0.0286051
0.0296657	0.00945371	0.0681788
0.0295694	0.00890023	0.0717081
0.0343539	0.00776338	0.165226
0.0315128	0.0111751	0.145591
0.0279243	0.00898972	0.0617232
0.0318228	0.00796747	0.166282
0.0292444	0.00426316	0.141138
0.0271975	0.00716975	0.0507447
0.0283102	0.0126569	0.133367
0.0345203	0.0100046	0.161168
0.0270431	0.0109703	0.189098
0.028346	0.0130114	0.0912661
0.0286438	0.00754827	0.104838
0.0291287	0.0116727	0.199368
0.0325664	0.00767642	0.0596087
0.0279693	0.00808443	0.053212
0.0311321	0.00803868	0.192648
0.0269595	0.0106664	0.124268
0.0303213	0.0124819	0.149643
0.0201649	0.00755178	0.0647742
0.0289617	0.0128851	0.124796
0.0252821	0.0108611	0.354258
0.0333901	0.00692584	0.201979
0.0265546	0.0114137	0.140925
0.0266109	0.0111367	0.11583
0.0307787	0.0114343	0.0702613
0.0300682	0.00896128	0.128523
0.0353866	0.00910421	0.150117
0.0276884	0.0087971	0.106807
0.0344047	0.00985964	0.0470828
0.0306784	0.0111867	0.205673
0.0312958	0.0120451	0.0672916
0.0296581	0.00868845	0.181326
0.0272887	0.00646766	0.158487
0.0285747	0.0116198	0.045413
0.0341248	0.00905679	0.30958
0.0259117	0.00630739	0.091747
0.0274219	0.00799097	0.094575
0.0307895	0.00298573	0.0418269
0.0270467	0.0129213	0.0912156
0.0348911	0.00884836	0.149548
0.0376781	0.00927441	0.0967003
0.031161	0.00919959	0.205046
0.0267446	0.0100419	0.0929301
0.0299364	0.00908401	0.0866514
0.0245441	0.0112176	0.106715
0.0302594	0.00657734	0.0506338
0.0331887	0.011064	0.057072
0.028872	0.00830385	0.191447
0.0301874	0.0107807	0.0465607
0.0325674	0.0123793	0.0977664
0.0260689	0.00810629	0.0994912
0.0244818	0.00727569	0.195596
0.0289732	0.00929218	0.0901937
0.0260455	0.0107432	0.0658813
0.0329012	0.00949495	0.109514
0.0325923	0.0102776	0.100972
0.0294286	0.00899096	0.143601
0.0265644	0.00932273	0.0484944
0.0261712	0.0109785	0.0459499
0.0252648	0.0147881	0.0995933
0.0262294	0.00835134	0.05439
0.0314803	0.00480595	0.0126819
0.0301125	0.00591949	0.0664592
0.0295917	0.0128941	0.0508108
0.0267985	0.0109114	0.111504
0.0186428	0.00645399	0.105862
0.0261404	0.00839048	0.151772
0.0312402	0.00942568	0.109045
0.0199261	0.00741824	0.104709
0.0375739	0.00984974	0.101702
0.0308689	0.0074125	0.105593
0.0366393	0.0121987	0.182196
0.0293152	0.0101056	0.0797121
0.0305306	0.0115229	0.170115
0.0369082	0.0103063	0.290725
0.0295979	0.00835851	0.0487417
0.0326685	0.0112304	0.0507852
0.0229378	0.00950389	0.100437
0.0247747	0.00954016	0.151141
0.0272503	0.0116929	0.135997
0.0288377	0.00985598	0.0464773
0.0406951	0.00900633	0.105749
0.0325004	0.00868315	0.288382
0.0372742	0.0105946	0.148625
0.0310001	0.011833	0.0922074
0.0236452	0.0102207	0.161797
0.0243646	0.0102351	0.0913858
0.0337833	0.0135129	0.153159
0.0343766	0.0119979	0.215778
0.0239006	0.00929698	0.0599368
0.0222274	0.00561103	0.0944313
0.0232947	0.00811134	0.0488582
0.0275093	0.00730455	0.0693843
0.0373885	0.0102661	0.168286
0.0352524	0.0137693	0.0687196
0.0203275	0.0099993	0.063294
0.0314829	0.00764601	0.0889999
0.0318037	0.00826355	0.0977902
0.0265142	0.00976028	0.197531
0.0231923	0.00918246	0.10765
0.0253483	0.0094257	0.092086
0.0331141	0.00851338	0.201784
0.0277761	0.010452	0.353484
0.0254569	0.00999604	0.202532
0.0300062	0.00624161	0.0639113
0.0213855	0.00872952	0.20258
0.032181	0.0117393	0.163225
0.0330424	0.0127869	0.115103
0.0301075	0.00703452	0.142706
0.0298487	0.00749418	0.0863385
0.0376927	0.0114533	0.21446
0.0241963	0.0097058	0.110154
0.0264453	0.0102291	0.135934
0.0262454	0.0120327	0.0584453
0.023524	0.011073	0.179415
0.0378662	0.00649261	0.16174
0.029663	0.00958452	0.0846616
0.0327303	0.0089803	0.195834
0.0322368	0.00914781	0.0745752
0.0357761	0.0112788	0.100618
0.0232331	0.0118026	0.0967866
0.0333224	0.00882671	0.0299718
0.0279859	0.00998237	0.0951413
0.0297241	0.00853414	0.108753
0.0286454	0.00657039	0.136544
0.0289876	0.0103521	0.0471148
0.0369679	0.01037	0.186586
0.0284856	0.0138733	0.124307
0.0342239	0.0109514	0.196474
0.0308349	0.00953068	0.167122
0.0260822	0.0116705	0.0465554
0.0261033	0.0121839	0.226877
0.0296609	0.00955733	0.0860405
0.0274821	0.011097	0.0368093
0.0231403	0.00998078	0.117435
0.0185916	0.00887309	0.120162
0.0381911	0.0112103	0.0949235
0.0362305	0.0148427	0.145961
0.0274006	0.013201	0.214029
0.0216206	0.0077533	0.102821
0.0360655	0.00930498	0.106861
0.0339391	0.00786387	0.0756149
0.0292923	0.01119	0.105657
0.0245178	0.0116585	0.0453495
0.0261304	0.00800138	0.0419728
0.0311129	0.00959075	0.162966
0.0318423	0.0143617	0.205706
0.0254254	0.0100192	0.104706
0.0305971	0.0119191	0.11213
0.0323628	0.0121091	0.106432
0.0319593	0.00976313	0.0870682
0.0293643	0.00790621	0.0927942
0.0295345	0.0091951	0.0483439
0.0224549	0.0130843	0.168128
0.0293777	0.0120186	0.261459
0.0221259	0.00873949	0.130333
0.0302665	0.00867155	0.175205
0.0280723	0.00930656	0.132607
0.0319383	0.0103723	0.164285
0.031517	0.0103716	0.0943678
0.0331711	0.0098011	0.103598
0.0314376	0.00846285	0.0493433
0.039441	0.00937729	0.0480242
0.0283875	0.0106583	0.0901571
0.0210655	0.0101641	0.119376
0.0261212	0.0118518	0.223939
0.0237927	0.0107827	0.0982297
0.0342041	0.0126981	0.0442195
0.0323227	0.00814517	0.206737
0.0311056	0.00889155	0.0957821
0.0162883	0.00911204	0.112681
0.0301834	0.0121579	0.103115
0.0379783	0.00889633	0.149504
0.0332943	0.00943492	0.0468485
0.0306743	0.0119205	0.14732
0.024676	0.00746757	0.160982
0.0290768	0.0101758	0.16807
0.0277375	0.0077954	0.0947626
0.0333247	0.00890441	0.169682
0.0292584	0.0106703	0.274266
0.0309725	0.00671265	0.0915199
0.0295556	0.00586774	0.127933
0.0307249	0.0106315	0.0898051
0.0257554	0.0105463	0.128569
0.0235597	0.0087051	0.11132
0.0314992	0.00833546	0.150669
0.034806	0.0056817	0.0793961
0.0222313	0.00973621	0.0996712
0.028875	0.0111382	0.053983
0.0325252	0.00991083	0.298444
0.0244919	0.00999914	0.0682518
0.023468	0.0106483	0.110662
0.035243	0.013578	0.0343329
0.0329262	0.0111266	0.0652067
0.0308313	0.01417	0.110574
0.0254348	0.00423509	0.100622
0.0280046	0.0100791	0.18201
0.0359576	0.00935101	0.0965115
0.0317218	0.00511778	0.0885566
0.0272205	0.0106789	0.237201
0.0427839	0.00963315	0.168244
0.0353028	0.0122183	0.179781
0.0313097	0.0149372	0.121145
0.0302045	0.00589626	0.043977
0.0296428	0.0144965	0.146369
0.0315067	0.0131669	0.101381
0.0297946	0.0115032	0.183962
0.026	0.0108551	0.101878
0.0299156	0.0128159	0.150318
0.0256922	0.0109581	0.037182
0.0361875	0.0126791	0.149848
0.0331241	0.0104099	0.0928102
0.0337262	0.00658363	0.141481
0.0306517	0.0101096	0.0468315
0.0296247	0.00896093	0.155684
0.0306615	0.00805955	0.028483
0.0248188	0.0113753	0.102747
0.0262442	0.0101976	0.096473
0.0402841	0.0101727	0.0271424
0.0249183	0.00838049	0.130053
0.0291574	0.0116257	0.175602
0.0305325	0.0104753	0.192124
0.0355197	0.0101281	0.114554
0.0288873	0.00914601	0.16349
0.0300554	0.0110108	0.10327
0.0307573	0.00781094	0.158745
0.0176507	0.00658978	0.100957
0.0300815	0.0104113	0.172738
0.0369322	0.0105592	0.10181
0.0264223	0.00627973	0.13069
0.0313795	0.00889748	0.0994182
0.0316992	0.0105636	0.0439748
0.0355091	0.00935783	0.14228
0.0302056	0.00815464	0.088829
0.0269132	0.00911469	0.0933469
0.0330897	0.00875171	0.29113
0.0323838	0.0109648	0.090177
0.0350863	0.0105684	0.143361
0.0227714	0.0121992	0.102733
0.0256422	0.0107856	0.136702
0.0280309	0.013289	0.110655
0.0341522	0.00805202	0.155664
0.0310035	0.00898041	0.0971289
0.0297921	0.0129449	0.0983847
0.0353559	0.00985038	0.0655519
0.0266779	0.00797748	0.0954905
0.0259972	0.0136414	0.141093
0.0235177	0.00614167	0.11884
0.0312396	0.00865708	0.0475146
0.033024	0.00754599	0.0904354
0.0288628	0.0084631	0.264484
0.024279	0.0124671	0.213991
0.0252301	0.0112141	0.0973668
0.0208575	0.0105028	0.178694
0.030131	0.0118533	0.20732
0.0301812	0.0122561	0.076848
0.0300207	0.00713713	0.0928115
0.0247942	0.0138757	0.137363
0.031265	0.0136666	0.106668
0.0217349	0.0118971	0.110036
0.0301457	0.0131293	0.185582
0.0312212	0.0097031	0.0830535
0.0270702	0.0135644	0.12652
0.0365028	0.0084158	0.0787532
0.0304324	0.00997711	0.136851
0.0372487	0.0138193	0.174189
0.0311412	0.0120193	0.153369
0.0328063	0.0130734	0.137634
0.0267303	0.00855789	0.12586
0.0381825	0.00834852	0.17391
0.0227508	0.0104137	0.165716
0.0289473	0.002541	0.0662369
0.0260979	0.00953173	0.170011
0.0335572	0.0140913	0.0671999
0.0290752	0.0101513	0.0557163
0.0117108	0.00575823	0.142861
0.0332982	0.00851231	0.145928
0.025213	0.0133067	0.121241
0.0179764	0.00796197	0.100341
0.0305075	0.00974528	0.0658078
0.0247207	0.00747677	0.105286
0.0301107	0.0117426	0.258881
0.0238916	0.00960969	0.109769
0.0394432	0.0132852	0.180893
0.035592	0.0095361	0.171672
0.030541	0.0102195	0.10667
0.0289325	0.0127374	0.143203
0.0358786	0.00898766	0.0628042
0.0317753	0.0130779	0.0840437
0.024983	0.00721135	0.103079
0.032071	0.00780697	0.17252
0.0223562	0.0137909	0.12057
0.0310254	0.011107	0.14715
0.035236	0.0101628	0.0911856
0.0297824	0.0113546	0.132606
0.029842	0.00781008	0.0500287
0.0179969	0.0106301	0.111368
0.0193491	0.0102078	0.0427114
0.0325854	0.0135063	0.127774
0.0275244	0.0102426	0.0861069
0.0354956	0.00926086	0.0761338
0.0373489	0.00895652	0.153567
0.0262231	0.0104687	0.0932362
0.0272137	0.00869335	0.10251
0.027893	0.0110553	0.104671
0.0123119	0.0099824	0.0866965
0.0316989	0.00887729	0.0289347
0.0328208	0.0111776	0.150769
0.0239198	0.0119402	0.166673
0.0311671	0.0106584	0.0995044
0.0271967	0.00568415	0.138141
0.027702	0.00964993	0.137525
0.029878	0.0122924	0.143248
0.0345727	0.0113068	0.11132
0.0377012	0.0102731	0.101105
0.0276146	0.00651978	0.0957498
0.0279312	0.0125915	0.145096
0.0355598	0.0106837	0.0971153
0.0282523	0.00997691	0.162626
0.0220842	0.0107382	0.130095
0.0226904	0.0108335	0.182056
0.0328062	0.0117474	0.04468
0.0346286	0.0127617	0.0917965
0.0350885	0.01336	0.0706039
0.0259833	0.00720217	0.0926885
0.0287685	0.0105052	0.194832
0.0309463	0.00817791	0.151312
0.0369541	0.0125377	0.0568224
0.0335073	0.0124478	0.0438899
0.029535	0.00668143	0.147437
0.0288595	0.00880251	0.157811
0.0329727	0.0071444	0.153057
0.0372455	0.00855407	0.0579326
0.0331882	0.00869758	0.1432
0.0297928	0.00815934	0.0695421
0.0264451	0.0111584	0.0461063
0.0354425	0.0118549	0.160708
0.0315466	0.0129107	0.177587
0.0278807	0.0107482	0.0968138
0.0218901	0.00993876	0.232047
0.0340761	0.0139086	0.103588
0.0328502	0.00971833	0.0945771
0.033181	0.00989001	0.0910083
0.0339607	0.0130505	0.116659
0.0261604	0.00925301	0.0972001
0.0336807	0.00732405	0.0880303
0.0326583	0.0102455	0.096867
0.0248867	0.0082714	0.191315
0.0405227	0.0123257	0.179444
0.0272019	0.0105398	0.135836
0.0262698	0.010153	0.100453
0.0318342	0.0113941	0.0710445
0.0251198	0.00996655	0.0653073
0.0199084	0.010929	0.0278208
0.0249098	0.00935317	0.0485701
0.0274716	0.00633267	0.123241
0.0300094	0.0142492	0.183324
0.0317405	0.0107184	0.195701
0.0302557	0.0129753	0.043871
0.0313555	0.0100963	0.0900406
0.030439	0.0102807	0.178188
0.0340978	0.0046788	0.0706355
0.0381648	0.00873364	0.107816
0.0243712	0.0101959	0.0180636
0.0364871	0.0087634	0.101698
0.0331702	0.00903762	0.0721092
0.0325006	0.0106254	0.109223
0.0275668	0.0105638	0.112386
0.0340074	0.0117569	0.0788878
0.0349462	0.010332	0.176101
0.0330255	0.0116145	0.158671
0.0355553	0.0126147	0.0653774
0.0256661	0.0094838	0.124108
0.031265	0.00864061	0.0843136
0.0201609	0.00856814	0.128437
0.0270787	0.0132893	0.0965898
0.0285404	0.00865678	0.067227
0.0291309	0.0115036	0.0929748
0.0273962	0.0127844	0.213806
0.0302886	0.0117219	0.224921
0.030227	0.0072899	0.148541
0.0298043	0.0116293	0.113476
0.0331712	0.0102155	0.0469708
0.0308663	0.0109736	0.112824
0.0236094	0.0102692	0.180843
0.0257587	0.0100783	0.110362
0.029272	0.0116054	0.200022
0.0321713	0.00957698	0.170742
0.0289276	0.00898668	0.0586186
0.0299785	0.00928652	0.0388195
0.0315707	0.012211	0.102836
0.0221651	0.0138262	0.048912
0.0320059	0.00726211	0.209139
0.0270524	0.0117847	0.160409
0.0347631	0.0109188	0.119754
0.038521	0.0118519	0.0601933
0.0323473	0.00813583	0.144418
0.032131	0.00901933	0.0965177
0.0263682	0.010892	0.0509108
0.0302168	0.0107145	0.0481459
0.0297018	0.00774074	0.0873182
0.0326599	0.010846	0.147526
0.0273751	0.0142161	0.14006
0.0291136	0.0121681	0.147316
0.0259958	0.00425346	0.105591
0.020277	0.0086001	0.109548
0.0270933	0.00991944	0.107611
0.033461	0.00736982	0.0505537
0.0280196	0.011261	0.248956
0.0248845	0.00981581	0.0953431
0.0296659	0.0117489	0.1035
0.0342522	0.00997778	0.105572
0.0308991	0.0068029	0.153803
0.0350529	0.0107933	0.0973873
0.0294715	0.00791016	0.281838
0.0247686	0.0124557	0.102695
0.0278011	0.00946798	0.0908322
0.0244509	0.0115953	0.10324
0.0379543	0.0140269	0.130926
0.0261475	0.00690534	0.099496
0.021723	0.0117274	0.114279
0.0299316	0.0105835	0.0981668
0.0322588	0.00778682	0.105
0.0299169	0.0112423	0.0987904
0.0277562	0.0105429	0.0384735
0.0365957	0.0116542	0.0330593
0.0226917	0.0099713	0.17385
0.0328793	0.0114935	0.20952
0.033196	0.0103799	0.177779
0.0250045	0.00795233	0.164591
0.0219449	0.0091363	0.151974
0.0222062	0.00959943	0.0374387
0.030783	0.0110906	0.0681158
0.025263	0.0092659	0.106961
0.027105	0.0121804	0.126925
0.0348876	0.00887326	0.0740708
0.0297847	0.0121839	0.0792386
0.0285338	0.00738264	0.110108
0.0324095	0.00993683	0.0812315
0.0310978	0.0079237	0.0811556
0.0288683	0.0118682	0.0475822
0.0304169	0.0114686	0.148534
0.0277724	0.0119568	0.13984
0.0276451	0.00829523	0.0690202
0.0315417	0.00914743	0.0892268
0.0410387	0.0104179	0.0467054
0.0310944	0.00669594	0.139749
0.0191878	0.0109242	0.115583
0.0200392	0.00951177	0.0455109
0.0308838	0.00968389	0.0856262
0.0279052	0.0106826	0.101433
0.0285962	0.0117925	0.148364
0.0256729	0.0104975	0.103029
0.0267811	0.0124344	0.0921328
0.0276681	0.0108706	0.0465855
0.0342376	0.00829993	0.179942
0.0395968	0.00611216	0.168111
0.0269599	0.00866224	0.0898466
0.0280385	0.00930997	0.0611532
0.0392347	0.00857273	0.087583
0.0367635	0.00825178	0.0906064
0.0405712	0.0149055	0.0492955
0.0265812	0.013268	0.134418
0.0333173	0.00571955	0.0638451
0.0193907	0.00549753	0.0520313
0.0324112	0.0107635	0.10118
0.0328619	0.0111138	0.268612
0.023443	0.00726194	0.157005
0.0202921	0.0102923	0.192809
0.0336422	0.00994679	0.290104
0.0157318	0.011604	0.111963
0.0317937	0.0148878	0.100816
0.0290347	0.0103598	0.0979965
0.0334192	0.0117208	0.0978507
0.0318583	0.00603903	0.0632321
0.0374948	0.0112133	0.202414
0.0297856	0.0102872	0.107452
0.0338734	0.0138754	0.214229
0.0340385	0.00910101	0.089356
0.0247956	0.0074093	0.103312
0.0324629	0.00687377	0.0778645
0.0278179	0.00970177	0.110952
0.0331162	0.00709486	0.0752304
0.028498	0.0125064	0.181835
0.0330109	0.00501776	0.0889669
0.0213634	0.0138454	0.115721
0.0259192	0.00669026	0.0860495
0.0291632	0.0109235	0.130928
0.0231552	0.0105515	0.0983212
0.034936	0.00903856	0.109614
0.0291031	0.00842962	0.0955037
0.0320893	0.0121554	0.110207
0.0267763	0.00961092	0.126044
0.0249165	0.0112797	0.0928162
0.0330646	0.0103356	0.0756511
0.0337499	0.0108736	0.103499
0.0346149	0.0126628	0.169684
0.0311429	0.00654319	0.212904
0.0298289	0.0131374	0.136453
0.0293435	0.00842752	0.163684
0.0213815	0.0109927	0.113449
0.0253669	0.0120417	0.0525257
0.0265587	0.0123154	0.063636
0.0277134	0.0129601	0.175969
0.028301	0.00699808	0.094093
0.0310312	0.00976056	0.097418
0.0333005	0.01	0.0992251
0.0238895	0.0131962	0.114099
0.0272563	0.0131291	0.0386143
0.0227644	0.0111313	0.189103
0.0220293	0.0122897	0.121272
0.0346778	0.00998432	0.0999137
0.0358335	0.00762168	0.0659958
0.0328298	0.0141103	0.111088
0.0277414	0.010802	0.116329
0.0355429	0.00918673	0.153101
0.0199469	0.0116217	0.112849
0.023337	0.0139765	0.119828
0.0326959	0.0066006	0.0763494
0.0272739	0.00823974	0.0920294
0.0286509	0.0124254	0.180181
0.0379839	0.00844275	0.0973579
0.027951	0.00883881	0.0956464
0.0288881	0.010099	0.0942064
0.0230171	0.00784132	0.107396
0.032085	0.0138414	0.0546441
0.0356338	0.00880717	0.0956653
0.026784	0.012283	0.0376119
0.0312646	0.0133426	0.0501602
0.0239427	0.0097907	0.100164
0.0211197	0.00469447	0.0724054
0.0296195	0.0101779	0.149621
0.0293265	0.0120928	0.178618
0.0332154	0.00811652	0.192166
0.0261202	0.0112415	0.185745
0.0364639	0.0107853	0.0564665
0.02416	0.00826253	0.0546741
0.0327541	0.00673554	0.106013
0.0291741	0.011611	0.109205
0.0340095	0.0111595	0.201307
0.0267671	0.00801473	0.153662
0.0249989	0.00754063	0.0898401
0.0311823	0.0123147	0.0447801
0.0252693	0.0102303	0.0950013
0.028255	0.00855442	0.127457
0.0296939	0.00962636	0.145449
0.0340862	0.0105811	0.183859
0.0301932	0.0140497	0.171129
0.0259527	0.00894209	0.136765
0.0258368	0.012331	0.134806
0.0308148	0.00610131	0.0835366
0.0304248	0.00975603	0.176662
0.0362357	0.00750685	0.311298
0.0303205	0.00562793	0.163551
0.0303816	0.0107323	0.139316
0.028036	0.0109151	0.104066
0.0281986	0.00928268	0.0473019
0.0330785	0.00848741	0.14018
0.028749	0.0143422	0.112533
0.0271417	0.0109981	0.0482294
0.0275926	0.0119913	0.0973638
0.0322657	0.0102934	0.14687
0.0311172	0.00835137	0.0938414
0.0304462	0.0145501	0.13833
0.0277197	0.0146265	0.115506
0.0342092	0.00749923	0.0997558
0.0241526	0.00698227	0.146697
0.0262874	0.0126889	0.10141
0.0358496	0.00990191	0.0487434
0.0285171	0.0108332	0.201635
0.0222658	0.0112521	0.116079
0.0270471	0.0113872	0.204762
0.0413175	0.0120508	0.0392976
0.0342193	0.00901946	0.158378
0.0197044	0.00838983	0.154727
0.032752	0.00785924	0.0406859
0.0317482	0.00754893	0.045844
0.0271332	0.0133643	0.099343
0.0304829	0.0131992	0.110305
0.0382629	0.00690517	0.0738924
0.0298952	0.00708784	0.144586
0.0226527	0.0131798	0.117157
0.0311711	0.00749718	0.160411
0.0356755	0.00969528	0.114289
0.0248893	0.00722102	0.147843
0.0315981	0.00770565	0.0872028
0.020965	0.00723746	0.155287
0.0339925	0.011424	0.156439
0.0340711	0.00967846	0.047634
0.0231508	0.00892277	0.108306
0.0263824	0.0132896	0.100933
0.0330344	0.00779525	0.070867
0.0322024	0.00824639	0.143988
0.0278915	0.0146805	0.132057
0.0192483	0.012541	0.161526
0.0333801	0.00980972	0.0456523
0.0248961	0.0109909	0.0613193
0.0294339	0.0102502	0.0532704
0.0275857	0.0117056	0.0588963
0.0232117	0.011278	0.0928038
0.0315458	0.00985946	0.0953817
0.0212669	0.00865873	0.0490864
0.0306563	0.0107782	0.105516
0.0241026	0.0084122	0.151805
0.0307787	0.0117013	0.0756637
0.0264391	0.0122363	0.21307
0.0289389	0.00713797	0.152519
0.0280577	0.00650706	0.0518605
0.0167933	0.00906018	0.0487961
0.0293678	0.011899	0.079807
0.0239769	0.0119454	0.113008
0.0343128	0.0110266	0.296983
0.0316508	0.0112548	0.119667
0.0320575	0.0116199	0.143728
0.0356236	0.0119707	0.0701947
0.0280971	0.00925764	0.188118
0.02514	0.0125496	0.133428
0.0301194	0.00844305	0.104297
0.0211323	0.00560562	0.108724
0.0293352	0.00794117	0.277672
0.0356218	0.013337	0.0489727
0.0217163	0.0116485	0.110694
0.0319682	0.0103412	0.222083
0.0334851	0.00715635	0.153633
0.028441	0.0130376	0.0913745
0.0270821	0.00923476	0.102015
0.028217	0.00644666	0.158236
0.0275919	0.00926605	0.172648
0.0289526	0.0140497	0.137217
0.0292519	0.0107633	0.142967
0.0321996	0.0107459	0.102823
0.0268986	0.00836175	0.182205
0.0319412	0.0133376	0.0624312
0.033236	0.0110413	0.0192684
0.0375131	0.0121846	0.147602
0.0314499	0.00811547	0.04827
0.0198221	0.0117445	0.194016
0.0322184	0.00925852	0.0760929
0.0292408	0.00841026	0.0865906
0.0367805	0.00927316	0.150967
0.0196085	0.00940837	0.0943621
0.0335197	0.00862105	0.0968615
0.031482	0.00927519	0.0877809
0.034607	0.00676208	0.140519
0.0321141	0.0074735	0.0504616
0.0298651	0.00949516	0.133444
0.0369637	0.00427195	0.0889058
0.0242472	0.00858562	0.0492097
0.0261796	0.00721497	0.131218
0.0256318	0.0128458	0.0428607
0.031595	0.0110684	0.0442696
0.031728	0.00841424	0.15557
0.0294576	0.0113401	0.137838
0.026798	0.00625907	0.262827
0.0292527	0.0116729	0.132607
0.0294675	0.0111043	0.094022
0.0401065	0.00968261	0.165493
0.0243941	0.0102254	0.0954046
0.0387847	0.0105753	0.0645073
0.0245514	0.0117877	0.0230464
0.0328389	0.00727093	0.157227
0.0246368	0.0107516	0.0974165
0.0293085	0.00981036	0.110327
0.0272521	0.00830183	0.0564845
0.0265069	0.0107835	0.117288
0.0349609	0.0125173	0.267081
0.0267502	0.0114439	0.100902
0.0227423	0.00794397	0.0933605
0.0357391	0.0140188	0.162438
0.0352839	0.0117507	0.15848
0.0305047	0.00875908	0.133199
0.0313777	0.00754944	0.0965592
0.0229431	0.0107535	0.12948
0.0253857	0.009526	0.269003
0.0313816	0.00752225	0.0822384
0.0341022	0.00721095	0.192676
0.024164	0.0103523	0.11283
0.0354802	0.011378	0.0584081
0.0294641	0.00896912	0.200636
0.0281249	0.0100325	0.180669
0.0288541	0.0106995	0.148782
0.0340244	0.0115899	0.0912407
0.0383686	0.00854473	0.0795651
0.0311816	0.00717897	0.102708
0.0344944	0.00907758	0.0960966
0.031693	0.00895033	0.162769
0.025029	0.00932784	0.117584
0.032464	0.00621045	0.0698461
0.0434559	0.0106835	0.0459006
0.0275355	0.0123772	0.113937
0.0300766	0.0105558	0.144033
0.031524	0.0117236	0.196776
0.0212594	0.00343839	0.111932
0.0381818	0.0108617	0.172834
0.0300368	0.0149823	0.0415883
0.0312063	0.00989729	0.108959
0.0271705	0.0133634	0.10848
0.0309796	0.0136887	0.112414
0.0255042	0.0122423	0.0616758
0.0269919	0.0108664	0.20236
0.0274073	0.0101355	0.115644
0.0322297	0.0103768	0.105637
0.0267558	0.00983729	0.112095
0.0334221	0.00895683	0.196892
0.0298468	0.00742211	0.146956
0.0288302	0.00765867	0.143875
0.0288407	0.0115179	0.0539914
0.035028	0.00949508	0.0464895
0.024712	0.0111614	0.107844
0.0280047	0.0102546	0.10909
0.0292711	0.0109812	0.109556
0.0239259	0.0126948	0.0998099
0.0333554	0.0105001	0.207357
0.0316518	0.00981193	0.0980662
0.0410133	0.0111129	0.100703
0.0291876	0.013718	0.175448
0.0371141	0.00713126	0.198325
0.0298743	0.0124371	0.265856
0.0318067	0.010671	0.0606575
0.0290194	0.0113588	0.0845912
0.0289982	0.0100247	0.131206
0.0354328	0.0070546	0.0638051
0.0237107	0.00914641	0.0870227
0.0336413	0.0111151	0.189514
0.0255409	0.00990421	0.111806
0.0289727	0.0112678	0.0818961
0.0317326	0.0101339	0.0470483
0.0334938	0.0104544	0.214483
0.0252172	0.0107636	0.109845
0.0352955	0.00672358	0.204764
0.0298089	0.013992	0.15097
0.0320149	0.00829527	0.0671647
0.0268791	0.0083508	0.209828
0.0354631	0.00852695	0.177858
0.0269628	0.00791847	0.0918732
0.0219879	0.00750385	0.155541
0.0391103	0.0090835	0.0981834
0.0289952	0.00827555	0.275005
0.0369064	0.00769091	0.0603325
0.0296329	0.0109538	0.103267
0.0330056	0.0088715	0.134961
0.0288572	0.0101169	0.20482
0.0261928	0.00901806	0.0940775
0.033314	0.00513493	0.0794683
0.0335433	0.00643618	0.101099
0.0303052	0.0120166	0.0442571
0.0306425	0.00832782	0.173346
0.0246624	0.00891965	0.191422
0.0285516	0.01165	0.172636
0.0202331	0.00940211	0.0913013
0.0350624	0.0136464	0.0429387
0.0342246	0.00971527	0.159553
0.0365873	0.004127	0.12831
0.0308884	0.0109815	0.208808
0.0351348	0.0121207	0.097092
0.0373119	0.00701461	0.166659
0.0345409	0.00934172	0.0762574
0.0317952	0.0135779	0.0819665
0.0332141	0.00833819	0.0296798
0.0350371	0.0119892	0.146362
0.0328232	0.0129399	0.115272
0.0238884	0.0108983	0.100144
0.0228868	0.00913115	0.118874
0.0338344	0.0105145	0.112122
0.0349848	0.0116347	0.0716567
0.0329835	0.00246512	0.0555511
0.0330684	0.0117212	0.199673
0.0285743	0.0126555	0.167781
0.0408568	0.0118401	0.188075
0.0260874	0.0107543	0.0920356
0.0315714	0.00450434	0.0901956
0.0236409	0.00749112	0.0501667
0.0330106	0.00277265	0.0757419
0.0218959	0.0127205	0.0462634
0.02445	0.0125332	0.106521
0.0378268	0.00726234	0.156162
0.0238749	0.0107172	0.119603
0.0211745	0.00924241	0.0437465
0.0309367	0.00570993	0.106819
0.031529	0.0120556	0.109097
0.0187473	0.0101999	0.115
0.0353775	0.011183	0.180677
0.027227	0.0096446	0.0594624
0.0231118	0.0118567	0.195915
0.0313398	0.0117887	0.053888
0.0356005	0.00691459	0.0760349
0.0275798	0.0108791	0.105659
0.0393972	0.0125998	0.125837
0.027604	0.0113249	0.098147
0.0331509	0.0127978	0.0502988
0.0249572	0.00915266	0.0611799
0.0309487	0.0104298	0.108981
0.0337565	0.0102259	0.0652644
0.0252264	0.0110891	0.0984102
0.0318882	0.00819957	0.0931781
0.0289415	0.0112175	0.101758
0.0294351	0.0106392	0.179307
0.0237648	0.00982495	0.227844
0.0261674	0.00992704	0.122502
0.0386684	0.0143713	0.0559289
0.0244383	0.0106124	0.171603
0.0293446	0.00902351	0.0295946
0.0355799	0.011556	0.0592703
0.0299451	0.00872398	0.131459
0.0326717	0.0107109	0.0257254
0.0375098	0.00475899	0.0380425
0.033028	0.0103946	0.0951569
0.0390825	0.0119481	0.204643
0.0282117	0.0091054	0.0476578
0.0410628	0.0148262	0.0579712
0.0316213	0.0102395	0.197997
0.0342281	0.0105878	0.102725
0.0328094	0.0126418	0.127301
0.0310397	0.0146329	0.0404591
0.0258822	0.00740164	0.158413
0.0267104	0.0102919	0.0578617
0.0224355	0.00946384	0.0907515
0.0352058	0.0116881	0.197547
0.0306871	0.00664578	0.0506248
0.031003	0.0124135	0.0962819
0.0278652	0.00901809	0.111441
0.0343626	0.00929155	0.0651683
0.0284368	0.00931015	0.163852
0.0255563	0.0112282	0.0477142
0.0283473	0.00898393	0.0906577
0.0295564	0.00784083	0.290552
0.0300189	0.0101445	0.139159
0.0268071	0.010977	0.0677434
0.0215505	0.00803276	0.105685
0.0263238	0.0119565	0.101684
0.0402714	0.00910617	0.347983
0.026455	0.0121872	0.0300117
0.0333898	0.0100086	0.107149
0.0372375	0.010616	0.106515
0.029871	0.0115756	0.076677
0.0304497	0.010081	0.0857949
0.025749	0.0153746	0.100993
0.0202205	0.0110315	0.0980565
0.0265138	0.00801526	0.0279448
0.024864	0.0105026	0.0564745
0.0317586	0.00919354	0.133186
0.0324704	0.0115517	0.111467
0.0357825	0.011744	0.160443
0.031821	0.00860231	0.0807002
0.0340926	0.0128104	0.150723
0.0351199	0.0111032	0.056169
0.0284913	0.00768459	0.125474
0.0260675	0.00996283	0.142361
0.0385102	0.00971313	0.185988
0.0372984	0.0104899	0.046747
0.034099	0.0113744	0.157175
0.027417	0.0074087	0.201504
0.0257907	0.0119505	0.102023
0.0318622	0.0125034	0.0525625
0.0344041	0.0125579	0.186562
0.0320674	0.0129236	0.107032
0.0234748	0.0107165	0.114339
0.0250664	0.0108032	0.166708
0.0171409	0.010775	0.098056
0.0307771	0.0102199	0.143619
0.0234806	0.0122118	0.061008
0.0310609	0.00958634	0.10491
0.0305252	0.0119278	0.11015
0.0293988	0.00654655	0.0948467
0.0332612	0.0101475	0.264982
0.0353557	0.00698442	0.0861185
0.0244083	0.0114116	0.0961789
0.034962	0.0101252	0.098507
0.0304498	0.00943252	0.0480936
0.0300406	0.00949138	0.136065
0.0386951	0.00787679	0.14757
0.0314071	0.0106086	0.187649
0.0295396	0.00567028	0.0904406
0.0293476	0.0107947	0.164886
0.0282806	0.0100543	0.176331
0.0277869	0.00946411	0.20639
0.0274813	0.0081131	0.100675
0.0212555	0.0110106	0.115184
0.042399	0.00949066	0.0657753
0.0303171	0.0140191	0.180329
0.0317504	0.0119613	0.0489568
0.0337648	0.00739912	0.0876129
0.0305074	0.0104187	0.197043
0.0310382	0.0131805	0.189052
0.0328197	0.00921811	0.0715728
0.0341736	0.00798565	0.0601917
0.033164	0.00898758	0.0486752
0.0248777	0.00655873	0.0929607
0.0303806	0.0127338	0.180793
0.0234184	0.0122912	0.0554994
0.0340892	0.00865452	0.148556
0.029705	0.00622379	0.0520136
0.0315383	0.0100115	0.100281
0.0380052	0.0111613	0.0901431
0.0288262	0.0116571	0.193314
0.0342558	0.0131374	0.174757
0.0232954	0.00550031	0.107481
0.030938	0.0091904	0.142109
0.0306108	0.00851347	0.129033
0.0329687	0.00866182	0.0925319
0.0311426	0.00517546	0.189478
0.0281521	0.0109708	0.139958
0.0338691	0.0108034	0.068228
0.0404791	0.00701719	0.0989385
0.036227	0.013412	0.0591482
0.0249053	0.00774632	0.0593457
0.0322076	0.0126477	0.0646923
0.0267827	0.00994797	0.046567
0.020365	0.0122726	0.178457
0.0251132	0.00972599	0.108511
0.0355707	0.00943446	0.0905603
0.0267256	0.0111317	0.102061
0.0337475	0.0119007	0.0786868
0.0247296	0.0094064	0.0485015
0.0313479	0.00996006	0.0999083
0.03658	0.00730716	0.0457987
0.0298081	0.0121815	0.0677868
0.0318958	0.0127196	0.0435929
0.0266263	0.00901805	0.131049
0.0318506	0.00712883	0.150891
0.0347649	0.0134792	0.0432596
0.0214141	0.00824504	0.0531942
0.0339788	0.0109292	0.0905398
0.0274985	0.0113595	0.13057
0.0287402	0.00992733	0.0993785
0.0245367	0.0115938	0.194298
0.0320635	0.0135373	0.0332879
0.0313408	0.0113057	0.134679
0.0346689	0.00914446	0.0748234
0.0315435	0.0115761	0.0806677
0.0304699	0.00590326	0.213626
0.0330874	0.00838624	0.0493578
0.0296589	0.0097703	0.108272
0.028273	0.00943073	0.0865628
0.0319537	0.0117192	0.0416021
0.0293078	0.00797376	0.0948091
0.0405489	0.00698216	0.100153
0.0245093	0.00886271	0.171818
0.036599	0.0126662	0.196893
0.0271682	0.00842947	0.100352
0.0353756	0.0102216	0.0968383
0.0265264	0.0099698	0.0881316
0.0295377	0.00743647	0.165375
0.0227239	0.0116871	0.0640511
0.0374595	0.00698348	0.106436
0.027611	0.00819039	0.100755
0.0357429	0.0140272	0.0554943
0.0331746	0.00834768	0.0995071
0.025862	0.00794868	0.0501897
0.0280177	0.00947729	0.131503
0.0204571	0.0101452	0.191388
0.0316377	0.0134965	0.156814
0.0252319	0.0146114	0.122226
0.0234331	0.00966594	0.0225179
0.0366552	0.00805383	0.0677057
0.0363127	0.0147874	0.0943417
0.0267394	0.0125857	0.1377
0.0292079	0.0096298	0.110106
0.0245057	0.00832213	0.095996
0.0246239	0.00855051	0.161233
0.0341801	0.0117084	0.185033
0.0292456	0.0125193	0.165248
0.029664	0.0132121	0.200603
0.0269146	0.0116251	0.131358
0.0353682	0.00604016	0.0521701
0.0291965	0.0159285	0.0404989
0.0332422	0.0157598	0.0627614
0.0252798	0.0076377	0.0419561
0.0297607	0.0112584	0.262795
0.032856	0.00901684	0.0710912
0.0280856	0.0126117	0.194403
0.0315711	0.00895641	0.100656
0.0280152	0.0104934	0.0963841
0.0230609	0.00642376	0.0413755
0.028423	0.0112441	0.0511197
0.0244196	0.00992171	0.0477774
0.02934	0.00709657	0.0494219
0.0335342	0.00667674	0.0942472
0.0243644	0.00881136	0.0862795
0.0249056	0.00954025	0.236985
0.0300761	0.00702935	0.159017
0.0285407	0.00869528	0.206638
0.0355227	0.0122407	0.163844
0.0312201	0.0120245	0.209762
0.0381495	0.0101756	0.118791
0.0254646	0.0108122	0.193426
0.0285206	0.0129026	0.0978243
0.0280257	0.0119413	0.21263
0.0245976	0.013403	0.223791
0.0265501	0.0047035	0.124701
0.0266677	0.00929888	0.131878
0.0285451	0.00630279	0.137968
0.0233768	0.0100495	0.0469721
0.0324648	0.00784232	0.0878783
0.0285696	0.0101768	0.0974194
0.025892	0.00819485	0.153167
0.0272165	0.0108639	0.143831
0.0269584	0.0125037	0.141858
0.0302152	0.0135062	0.10721
0.0332615	0.0102065	0.167258
0.0342314	0.0103553	0.147535
0.0378028	0.00905088	0.0678307
0.0305711	0.00851617	0.16795
0.0217901	0.00740783	0.053393
0.0337296	0.010042	0.138108
0.0293362	0.012148	0.174058
0.0330912	0.00659333	0.0925634
0.0261157	0.00774948	0.196726
0.0279015	0.0130056	0.258715
0.0274833	0.0121614	0.196303
0.0258771	0.0108357	0.107972
0.033291	0.00713216	0.0998262
0.0258878	0.0130791	0.0898528
0.0338244	0.00732046	0.0816943
0.0299147	0.00725678	0.103807
0.0334451	0.00771619	0.0499375
0.029382	0.00989365	0.288362
0.0221168	0.0079507	0.0890768
0.0407774	0.00499998	0.129369
0.0306797	0.00735322	0.171295
0.0359719	0.0095871	0.105832
0.0182426	0.0148365	0.0432115
0.0306751	0.0118909	0.199903
0.0370367	0.00848892	0.163438
0.0296869	0.00791843	0.0893836
0.0412837	0.00929007	0.109383
0.0322669	0.0121902	0.0786015
0.0342693	0.00508443	0.0533618
0.0325463	0.0123619	0.157909
0.0250491	0.0121645	0.136611
0.0241877	0.00943166	0.212588
0.036871	0.0122263	0.110612
0.030234	0.0100734	0.131999
0.029734	0.00928671	0.158911
0.032733	0.0121621	0.108102
0.0251968	0.0119586	0.0960833
0.0277147	0.0079129	0.255374
0.0293955	0.0109858	0.160405
0.0405086	0.00725428	0.0475461
0.0331472	0.0103281	0.196025
0.0383498	0.0128727	0.0526595
0.0284193	0.0116928	0.188424
0.0257787	0.00822053	0.101558
0.0283982	0.00897462	0.108246
0.0278723	0.00895187	0.0229827
0.0342892	0.0152935	0.278874
0.029235	0.00653912	0.0938252
0.0294497	0.00740071	0.0685745
0.0376165	0.00648776	0.051548
0.0339097	0.00896894	0.0470491
0.0347269	0.00958133	0.0639568
0.0307128	0.00845159	0.0589907
0.0349054	0.0126722	0.0962847
0.0231566	0.0041042	0.0729022
0.0405459	0.00897242	0.159418
0.0254206	0.008774	0.0972308
0.0279634	0.00868064	0.183061
0.0271676	0.00921027	0.193613
0.0348852	0.0131517	0.0677651
0.0262423	0.00893165	0.101607
0.0219998	0.0100355	0.0924006
0.0348857	0.0135858	0.157552
0.0271303	0.0101393	0.183731
0.0335153	0.0110105	0.0895412
0.0273968	0.0110148	0.110536
0.030515	0.00482152	0.204588
0.0243904	0.0121907	0.106618
0.0307878	0.0121602	0.111232
0.022731	0.0111239	0.0955513
0.0315864	0.0128537	0.0530103
0.0317169	0.0102366	0.132691
0.0270943	0.00992773	0.155773
0.0339057	0.0103246	0.114911
0.0322833	0.0125127	0.21083
0.0333444	0.0101682	0.0307195
0.0304934	0.0118828	0.210492
0.0297834	0.00649229	0.247163
0.0274267	0.0132435	0.0431563
0.0316565	0.0124557	0.212534
0.0291786	0.00705623	0.0451077
0.0361862	0.00845012	0.104769
0.0278396	0.0117843	0.196924
0.0296648	0.00686837	0.0743173
0.0344124	0.00933047	0.157406
0.0319676	0.00798215	0.167909
0.0332581	0.00989338	0.0749202
0.0343649	0.00815847	0.158238
0.0294374	0.00777138	0.105479
0.0337808	0.0107057	0.188538
0.0289006	0.0103381	0.110484
0.0343331	0.00904776	0.112647
0.0256197	0.00966982	0.106635
0.0250557	0.0115534	0.133183
0.0304807	0.0123455	0.119422
0.0407116	0.00519431	0.156748
0.039597	0.0111073	0.166703
0.0316144	0.0123385	0.141698
0.0264469	0.010302	0.0974028
0.0353254	0.0127699	0.144822
0.0268138	0.0114421	0.137913
0.0321805	0.0129159	0.0688277
0.0323396	0.00865951	0.193033
0.031137	0.00802737	0.107121
0.022121	0.0127749	0.211691
0.0369725	0.0136364	0.179442
0.0213021	0.00954912	0.12064
0.0239478	0.0131756	0.095886
0.034633	0.00963805	0.0478009
0.0313126	0.00614502	0.0869609
0.0345875	0.0100359	0.115411
0.0395593	0.0074433	0.0761724
0.0324593	0.00815427	0.0864633
0.0251413	0.0100331	0.107018
0.0286505	0.00939036	0.0947716
0.0334911	0.0124072	0.0640673
0.0354033	0.0108928	0.103515
0.0255394	0.00953876	0.153198
0.0297411	0.0108536	0.0541268
0.0323885	0.00928972	0.163787
0.0290579	0.00918316	0.105276
0.0180575	0.0125302	0.172289
0.0321352	0.00945898	0.0981115
0.0314775	0.00872436	0.175371
0.0312864	0.0114465	0.0990928
0.0266903	0.00626632	0.0925898
0.0309854	0.011495	0.0836473
0.0322187	0.0116581	0.104274
0.0276796	0.00646963	0.144432
0.0286467	0.00766554	0.0944788
0.0306017	0.0109129	0.0585277
0.029871	0.0126336	0.0860289
0.0318673	0.00906694	0.0856739
0.0288975	0.0105832	0.0989413
0.0313216	0.0112486	0.182701
0.0347672	0.00992048	0.0943012
0.0335534	0.0102214	0.0725468
0.0271383	0.00965939	0.139663
0.0308117	0.00982945	0.0731883
0.0316484	0.00974456	0.0377167
0.0349903	0.0116068	0.0412006
0.0282641	0.00702888	0.150441
0.0313018	0.0124182	0.0435254
0.020468	0.00912754	0.11273
0.0394322	0.0111639	0.194854
0.0261352	0.0132788	0.0934594
0.0306394	0.0124593	0.152597
0.0293908	0.0134248	0.139132
0.0269315	0.00631871	0.287296
0.0318761	0.00621756	0.152141
0.0259519	0.00743458	0.150726
0.0244083	0.0109588	0.183422
0.0315074	0.00938829	0.0865592
0.0270127	0.00881932	0.108281
0.034605	0.0113505	0.158223
0.0272833	0.00601724	0.0734288
0.0243183	0.00972417	0.102093
0.0307345	0.00958129	0.0915558
0.030095	0.00986434	0.0885299
0.0268135	0.00572118	0.135372
0.0305123	0.0114457	0.0878396
0.0308463	0.00988283	0.101049
0.0269198	0.0115361	0.220868
0.0304645	0.00529903	0.131166
0.0266671	0.0136667	0.21679
0.0294034	0.00918502	0.0950767
0.0231109	0.00899551	0.147698
0.023583	0.00551618	0.0879418
0.0319905	0.0103573	0.182122
0.0318638	0.00762156	0.0811811
0.0247972	0.00777755	0.111561
0.0382639	0.0077552	0.0237378
0.0320368	0.0104737	0.180926
0.0343117	0.0100234	0.0710317
0.0315992	0.0113245	0.180809
0.0214639	0.0125776	0.13323
0.0336541	0.0115134	0.176032
0.031329	0.0103638	0.152566
0.0341552	0.0116417	0.188255
0.0260043	0.00924999	0.110329
0.0326474	0.0109824	0.168234
0.0299648	0.00799822	0.0497141
0.0273876	0.0110574	0.196238
0.0249652	0.0136096	0.100625
0.0318333	0.0113066	0.151047
0.0281263	0.0129899	0.128998
0.0279397	0.00646802	0.0552165
0.0282789	0.0108863	0.175782
0.0360154	0.00975321	0.165123
0.0311132	0.00624277	0.168384
0.0306389	0.0114557	0.0591969
0.0247393	0.0143181	0.115639
0.0279554	0.00942026	0.0952384
0.0362482	0.0120788	0.0448625
0.0242549	0.00954682	0.137689
0.0307457	0.0121333	0.0763408
0.0263378	0.0130183	0.0459624
0.0309744	0.00855398	0.174093
0.0350751	0.00986327	0.0761442
0.0382078	0.0100548	0.0508398
0.0343989	0.0152813	0.0935519
0.0220852	0.00904047	0.126994
0.0343171	0.00818965	0.0743903
0.0242904	0.0126465	0.118659
0.0284229	0.0106856	0.0424261
0.0401083	0.00725447	0.0497468
0.0257102	0.0104392	0.09283
0.0247341	0.0124438	0.160321
0.027586	0.00915058	0.106864
0.0324498	0.013713	0.0506076
0.0327123	0.0110636	0.157389
0.0321896	0.0111161	0.142618
0.0359306	0.00779229	0.154487
0.0286703	0.0134497	0.0876592
0.0356814	0.0128268	0.0732771
0.0366382	0.00591879	0.0712943
0.0225694	0.00783069	0.0649145
0.0297671	0.00844845	0.0924226
0.0378685	0.00919606	0.14654
0.0351987	0.0121368	0.0442739
0.0357614	0.00956573	0.173983
0.0383369	0.0110589	0.120018
0.0338099	0.00937476	0.20563
0.0298449	0.00933257	0.110508
0.0256833	0.0132025	0.113061
0.035765	0.0090605	0.102822
0.030551	0.0113963	0.0993683
0.0227606	0.0117734	0.10084
0.0312679	0.00912943	0.152884
0.0310732	0.0123063	0.149128
0.0260756	0.00828823	0.158341
0.0258203	0.0125561	0.10046
0.0258601	0.010509	0.09517
0.0246612	0.00917678	0.102123
0.0305132	0.0108406	0.0463278
0.0231194	0.0108656	0.110327
0.0330747	0.00978169	0.0995578
0.0287854	0.00714141	0.166095
0.0299577	0.0137839	0.148477
0.0370657	0.00822508	0.0945639
0.0276382	0.0131603	0.0593311
0.0183876	0.0123069	0.0429598
0.0255881	0.0084567	0.0899037
0.021497	0.0127808	0.114872
0.0359978	0.00758029	0.0678883
0.0306475	0.0109577	0.101446
0.0322948	0.012649	0.124793
0.0233724	0.0127533	0.180822
0.0296758	0.00893249	0.198808
0.0318298	0.00999515	0.144769
0.0272957	0.0129453	0.0912689
0.025703	0.0086331	0.0391756
0.0358637	0.00964616	0.184107
0.0254763	0.0116825	0.163195
0.0300878	0.0082732	0.20301
0.0299935	0.00684306	0.102967
0.0291575	0.0122835	0.203788
0.0268655	0.00934824	0.0683891
0.0285574	0.00492816	0.140054
0.0372332	0.0128063	0.157309
