0.0216352	0.0144596	0.0383674
0.0110619	0.0122602	0.0393017
0.0248	0.00986005	0.0380183
0.0256344	0.00321509	0.0380363
0.0297965	0.00779705	0.0377117
0.0353318	0.00324347	0.0370903
0.0276722	0.00421447	0.03774
0.0100613	0.0168751	0.0396096
0.0283991	0.0107958	0.0377325
0.0302207	0.016158	0.0377084
0.0418656	0.00768831	0.0363532
0.0279632	0.0127273	0.0379102
0.0247598	0.00924065	0.0381762
0.0357455	0.00506105	0.036981
0.0285641	0.00264043	0.0379519
0.0292795	0.0103799	0.0376863
0.0434006	0.0157728	0.0361631
0.0327719	0.00474629	0.0372959
0.0302775	0.00171941	0.037516
0.0294585	0.00352896	0.0376688
0.0220584	0.0120478	0.0384349
0.0376577	0.000377572	0.0366982
0.0346115	0.00828403	0.0371505
0.0476605	0.0156165	0.0356782
0.0254528	0.00817033	0.0380786
0.0461608	0.00930438	0.0358758
0.0350877	0.00279369	0.0369065
0.00338609	0.0147712	0.0403426
0.038502	0.0131073	0.0368107
0.0172642	0.0137232	0.0389777
0.0374183	0.0134189	0.0369037
0.0013131	0.0126774	0.0402068
0.0292939	0.014851	0.0378142
0.0219852	0.0114273	0.0383408
0.0433141	0.0158092	0.0361835
0.0418146	0.0122104	0.0363377
0.0247871	0.0123623	0.0381629
0.0454812	0.0117938	0.0362617
0.0243456	0.0116399	0.0381338
0.0387432	0.00196636	0.0365502
0.0300943	0.0058883	0.0375217
0.0415733	0.0108218	0.0363621
0.0296342	0.00746027	0.0376102
0.018732	0.0158859	0.0387253
0.0375954	0.00307422	0.0367555
0.0399283	0.010407	0.0366952
0.0373444	0.00029705	0.0369685
0.0340475	0.00294638	0.0370924
0.0347134	0.0142651	0.0371608
0.0284688	0.0115723	0.0377279
0.0214744	0.00358559	0.0386583
0.0165598	0.02219	0.0388189
0.0162225	0.0145442	0.0388762
0.0367457	0.00992463	0.036888
0.0527261	0.00923505	0.0356139
0.0369314	0.0126853	0.0368133
0.0204963	0.0106558	0.0384376
0.0374692	0.0165604	0.0370223
0.00663505	0.0107974	0.040133
0.0374653	0.00745502	0.0369077
0.0159243	0.0111785	0.0388593
0.0276894	0.0038251	0.0377914
0.0457613	0.0157918	0.0359713
0.0130046	0.0086553	0.0391047
0.043819	0.01502	0.0364529
0.0255057	0.0103288	0.0379512
0.0323585	0.00501585	0.0373562
0.0301147	0.00587088	0.0375413
0.0312639	0.0146635	0.0374608
0.026148	0.0157844	0.0381302
0.0162554	0.00981516	0.038842
0.0248867	0.012918	0.0381022
0.0231415	0.0135612	0.0382533
0.0286273	0.00585803	0.0376972
0.0388651	0.0136803	0.0367637
0.0285596	0.0126354	0.0376283
0.0310952	0.0124393	0.0374767
0.0341691	0.00785585	0.0370948
0.0200408	0.0101759	0.0386518
0.0466148	0.00426664	0.0357646
0.038757	0.00294583	0.0368316
0.0456746	0.0036852	0.0361805
0.0526889	0.0156661	0.0351318
0.0396281	0.0066181	0.0365194
0.0207618	0.00786226	0.0384914
0.0261965	0.01234	0.0379555
0.0333558	0.014926	0.037137
0.00707824	0.00469739	0.0397124
0.0200791	0.0131032	0.0384429
0.0190489	0.0129658	0.0386207
0.0391718	0.00166582	0.0366467
0.0272361	0.0116501	0.0378969
0.0348652	0.00784609	0.0370832
0.0249533	0.0157764	0.0381356
0.0348665	0.0112098	0.03719
0.0376788	0.0124363	0.0366919
0.0143827	0.00971184	0.0389872
0.0352771	0.0139387	0.0370995
0.0343896	0.00298151	0.0371018
0.0166683	0.0148293	0.0391365
0.0420136	0.0165752	0.0362967
0.0316901	0.00739101	0.0373647
0.0408256	0.0120245	0.0364481
0.0290178	0.0139698	0.037791
0.0100604	0.0062044	0.039454
0.0264431	0.0135764	0.037972
0.023277	0.0126096	0.0384232
0.042373	0.0138833	0.0365246
0.0353814	0.0142378	0.0369652
0.0287247	0.0134114	0.0378636
0.0408341	0.0125256	0.0364681
0.0438369	0.012399	0.0360347
0.0403391	0.0160101	0.036775
0.033762	0.00256601	0.0371881
0.0254004	0.00814278	0.0380104
0.0272383	0.0138497	0.0379012
0.0165626	0.0113506	0.0390788
0.0282656	0.00155409	0.0376794
0.0389353	0.000553318	0.0367607
0.0283544	0.0166802	0.0376803
0.0230939	0.00918899	0.0382166
0.0229122	0.0112076	0.0383442
0.0321002	0.00607011	0.0373362
0.0316315	0.00394697	0.0373651
0.0270174	0.0102444	0.0379679
0.0155204	0.0117602	0.0388719
0.0177699	0.000119194	0.0386017
0.0250586	0.0125716	0.0381732
0.0429859	0.00574461	0.0363174
0.0299353	0.0146102	0.0374699
0.0419285	0.0108838	0.0363664
0.0347945	0.00788208	0.0370762
0.0214995	0.00884928	0.0384227
0.0525679	0.0136734	0.034962
0.0137215	0.00601219	0.0392644
0.0394915	0.0158438	0.0363922
0.0479435	0.00485406	0.0358093
0.0227555	0.000596553	0.0381098
0.0151088	0.0113079	0.0391141
0.0313696	0.00125933	0.0374493
0.0239202	0.00198013	0.0382399
0.023164	0.00635595	0.0381992
0.0206917	0.0156362	0.0385205
0.0239181	0.0160079	0.0383948
0.0447217	0.000823264	0.0361045
0.0191028	0.010228	0.0387161
0.0369532	0.00350424	0.0369018
0.0501293	0.0134398	0.0354107
0.0260709	0.00689391	0.0379455
0.0182205	0.00127109	0.0390702
0.0185606	0.00623102	0.038932
0.0388906	0.0142757	0.0367972
0.0341388	0.0110342	0.0372516
0.0205824	0.00953899	0.0385258
0.0354156	0.0141153	0.0368776
0.0342716	0.0140153	0.0370668
0.0357532	0.0110001	0.0370514
0.0337917	0.00896882	0.0371753
0.0440278	0.0181182	0.0363104
0.00356694	0.00944926	0.0401223
0.0309644	0.00477783	0.0374818
0.0209264	0.000993172	0.038207
0.0219199	0.0162569	0.0382726
0.0241647	0.0127543	0.0382193
0.0493944	0.0112357	0.0357306
0.0345699	0.0153357	0.0372056
0.0299394	0.0137908	0.0377233
0.0318354	0.0028544	0.0372929
0.037022	0.0149254	0.0369698
0.029514	0.00502759	0.037589
0.0282482	0.0072744	0.0376814
0.0443916	0.0160079	0.0358319
0.00783441	0.00454123	0.0396393
0.0368011	0.0104758	0.0369578
0.0331933	0.0159158	0.0372935
0.0321871	0.00401748	0.0373563
0.018158	0.013839	0.0386995
0.0318025	0.00527863	0.0374163
0.0168247	0.0131774	0.0390598
0.0489266	0.0161131	0.035322
0.0298897	0.0149248	0.0376004
0.0260034	0.00840275	0.0380517
0.0177748	0.00702495	0.038718
0.0238247	0.0149768	0.0381328
0.00977673	0.014777	0.0394102
0.0291747	0.00985186	0.0377013
0.0439721	0.0166107	0.0364539
0.0294179	0.00632471	0.0377266
0.0352731	0.00490118	0.0369852
0.0333216	0.00221047	0.0374621
0.0357008	0.0127605	0.0369645
0.0341404	0.0129035	0.037148
0.0348833	0.014157	0.0369388
0.0263889	0.00475767	0.0379125
0.0260671	0.0116904	0.0380528
0.0434107	0.00643641	0.0363095
0.020467	0.00353552	0.0384674
0.00712914	0.0158785	0.0400035
0.0171096	0.0087783	0.0388989
0.0330282	0.0107317	0.0373388
0.0210566	0.00764165	0.0384226
0.033941	0.0106735	0.037255
0.0392264	0.0152468	0.0366003
0.0339754	0.00148497	0.0370513
0.0302122	0.00919958	0.0375943
0.029023	0.00970488	0.0376751
0.0218331	0.0169657	0.0384051
0.0359393	0.0101146	0.0370971
0.032699	0.0111785	0.0373458
0.0156686	0.0107008	0.0390735
0.0316371	0.00778363	0.0374133
0.0097933	0.00648832	0.0397899
0.0424805	0.0128597	0.036431
0.0389833	0.00452913	0.0367438
0.0382455	0.0133969	0.0367446
0.0288516	0.0100639	0.0377648
0.0381605	0.00389811	0.0366663
0.0487999	0.0141102	0.0357056
0.0361298	0.00937163	0.0369308
0.0233888	0.0108011	0.0382207
0.0267547	0.0107099	0.0379223
0.0296091	0.00813223	0.0376511
0.0271913	0.0124174	0.0378476
0.0186297	0.00992155	0.0386247
0.0185456	0.0169169	0.0388504
0.0358741	0.000592394	0.0371041
0.0356972	0.011033	0.0371061
0.0255706	0.00473198	0.0379456
0.0150477	0.0130456	0.0389782
0.0231191	0.0086134	0.0384089
0.0371606	0.00923681	0.0368307
0.0450786	0.00837358	0.0361641
0.0370724	0.00341134	0.0368718
0.0345298	0.0090949	0.0371875
0.0429668	2.74678e-05	0.0362907
0.0341009	0.0156481	0.0372545
0.0430519	0.0136146	0.036243
0.0232298	0.0117312	0.0381619
0.0281243	0.00698286	0.037756
0.0294367	0.014565	0.0375345
0.0230025	0.0128567	0.0383538
0.027273	0.0131206	0.0379325
0.025139	0.0038298	0.0380303
0.0391013	0.00255222	0.0367118
0.0324623	0.0143429	0.037566
0.0342239	0.0127746	0.0371483
0.0238867	0.008236	0.0381653
0.0275862	0.0106984	0.0377346
0.0258473	0.0162953	0.038066
0.0442167	0.0138074	0.0362177
0.0427045	0.0101857	0.0363584
0.0145786	0.0129981	0.0391568
0.001344	0.00667008	0.0403774
0.0174261	0.0107643	0.0389688
0.0302627	0.000635479	0.0373891
0.0340325	0.000114791	0.0369964
0.0378178	0.0103559	0.0366788
0.0134518	0.00441669	0.0390712
0.0265449	0.0170104	0.0381047
0.0270925	0.00960414	0.037872
0.039519	0.0128809	0.0365668
0.0207949	0.00701858	0.0384014
0.0142153	0.000796943	0.0395314
0.0414155	0.00880802	0.0365081
0.0430486	0.00937588	0.0364337
0.0305504	0.0116385	0.0376089
0.0340752	0.00930887	0.0371298
0.0518636	0.00915319	0.0353599
0.0304575	0.0126644	0.0375453
0.033391	0.00709027	0.0372429
0.0446497	0.00440457	0.0360439
0.0299666	0.00173203	0.0375789
0.0115661	0.013954	0.0393008
0.0246636	0.0124473	0.038124
0.0450546	0.0142285	0.0359014
0.00796737	0.0133729	0.0398179
0.0367946	0.0108824	0.0368706
0.0287446	0.00369179	0.0375966
0.0291465	0.00597688	0.0375311
0.00316138	0.0114764	0.0400265
0.00793358	0.0131913	0.0396991
0.0308135	0.00861972	0.0375282
0.037397	0.0152966	0.0371312
0.046769	0.00974814	0.035786
0.042417	0.00549485	0.0364252
0.0294575	0.0188149	0.0376074
0.0258011	0.0143187	0.0380087
0.0314335	0.0120328	0.0373732
0.0205417	0.0102582	0.0384542
0.0394907	0.0140533	0.0367469
0.0259525	0.00801857	0.0379803
0.0368429	0.00718523	0.0369187
0.0139053	0.0126124	0.0392877
0.0295269	0.0139446	0.0377173
0.0340477	0.00600342	0.0372445
0.0407236	0.0140058	0.0365918
0.0372745	0.0124376	0.0368248
0.0287283	0.0061356	0.0376944
0.0345366	0.0125085	0.0372415
0.0111278	0.0159194	0.0395463
0.0492112	0.0156776	0.0356439
0.0111143	0.014389	0.0395996
0.0348925	0.010905	0.0371312
0.0294843	0.0143918	0.0377062
0.0464359	0.00715319	0.0359199
0.044492	0.00616786	0.036168
0.0205536	0.0095018	0.0384474
0.0194657	0.0133164	0.038687
0.00800109	0.00377101	0.0401725
0.0303389	0.0107321	0.0376066
0.0295868	0.00674605	0.0375886
0.0380673	0.0117986	0.0367269
0.0380045	0.0156806	0.0368796
0.0317674	0.00688099	0.0373362
0.027761	0.0124177	0.0379052
0.0276518	0.00991598	0.0378576
0.0287445	0.0139124	0.0376909
0.032689	0.0108836	0.0372905
0.0182619	0.00828261	0.0388359
0.0272937	0.00443063	0.0378181
0.0272398	0.0123087	0.0380002
0.0409722	0.00242036	0.0366315
0.0315665	0.00426486	0.037432
0.0300906	0.0148611	0.0377314
0.0374038	0.00861239	0.0368115
0.00690931	0.00918773	0.0398287
0.0156974	0.00989202	0.0391577
0.0282783	0.0128367	0.0377479
0.0323521	0.0110483	0.0374293
0.0370472	0.00989101	0.0369302
0.0346055	0.00808817	0.0371417
0.0264377	0.00914842	0.0378939
0.0119948	0.0121955	0.039312
0.0280447	0.00434517	0.0376028
0.0338124	0.00647196	0.0371202
0.0289978	0.0113124	0.0378215
0.0384789	0.00708243	0.0366143
0.0231206	0.0128962	0.0383518
0.0275117	0.0042957	0.0377953
0.0297271	0.00989158	0.0377305
0.039057	0.0120583	0.0368777
0.0172723	0.00695177	0.0387867
0.022513	0.0141833	0.0382844
0.0380004	0.00720326	0.0366651
0.0170204	0.0145078	0.0387387
0.0319533	0.0146878	0.0373795
0.0144603	0.00235276	0.0392638
0.0316333	0.00902299	0.0374191
0.0332371	0.015034	0.0372847
0.0430132	0.0149993	0.0363125
0.0311015	0.0136997	0.0374844
0.0233177	0.00983023	0.0382
0.0335258	0.0139103	0.0373533
0.0308724	0.00538979	0.0375795
0.0239615	0.00762431	0.0381248
0.0264442	0.00732946	0.0379113
0.0421259	0.000954238	0.0361871
0.0169984	0.00742561	0.0387821
0.0300272	0.0162292	0.0375655
0.0277986	0.0118714	0.0376999
0.0232729	0.00738531	0.0383829
0.0385654	0.011515	0.0369105
0.012782	0.0136268	0.0391394
0.0401517	0.0142015	0.0367518
0.0282592	0.0121255	0.0379029
0.0149566	0.00759289	0.0392632
0.0352745	0.010658	0.0369706
0.0118176	0.00944838	0.0395038
0.0274722	0.0031122	0.0377286
0.0116431	0.0137388	0.0392439
0.0233366	0.0085148	0.0383081
0.0369439	0.00962914	0.0369056
0.0135919	0.0154985	0.0394488
0.0302056	0.00531038	0.0376469
0.0346098	0.0116601	0.0371722
0.0398593	0.0137741	0.0365823
0.0343862	0.00471519	0.0373089
0.0367714	0.0141515	0.0367853
0.0441811	0.0115044	0.0361821
0.0253068	0.0150945	0.0379277
0.040784	0.0140624	0.0367764
0.0384511	0.0115958	0.0367559
0.0478125	0.0165583	0.0358931
0.0197327	0.0129894	0.0385454
0.0154096	0.0044604	0.0388946
0.0421202	0.00467809	0.036369
0.0378595	0.00824971	0.0368523
0.0352843	0.006822	0.0371219
0.0359338	0.00816208	0.0370819
0.0317629	0.0143733	0.037285
0.0356429	0.00727599	0.0370646
0.0404902	0.00813806	0.0365941
0.04539	0.0157088	0.03615
0.0366881	0.0169431	0.0370579
0.0110136	0.00367292	0.0393044
0.0359422	0.0156761	0.0369546
0.0307329	0.0162676	0.0376115
0.0340114	0.000800983	0.0371013
0.0228258	0.00831902	0.0382505
0.0225715	0.0105362	0.0382673
0.0244351	0.00222868	0.0379705
0.0410287	0.0204467	0.0365438
0.0318152	0.00716889	0.0374407
0.0186649	0.0149565	0.0386423
0.0438883	0.00620942	0.0361058
0.0278312	0.0170743	0.0377751
0.0192541	0.014994	0.03873
0.0152286	0.00630246	0.0390009
0.0284914	0.0193391	0.0376621
0.0276752	0.0144462	0.0378456
0.0423227	0.012112	0.0363447
0.0301508	0.0146321	0.0375201
0.0340794	0.0114898	0.0371267
0.0314893	0.0112368	0.0375013
0.0460033	0.0103591	0.0359561
0.0306372	0.0153105	0.0374718
0.0351747	0.0130934	0.0371865
0.0337754	0.00457301	0.0371628
0.00105111	0.00876478	0.040654
0.0415466	0.0104492	0.0365184
0.0402576	0.0100984	0.0365254
0.0428575	0.0042506	0.0363842
0.0341324	0.0147015	0.0370618
0.0347118	0.0151305	0.0371139
0.0192083	0.00685138	0.0385669
0.030473	0.0121229	0.0376317
0.0255244	0.00213216	0.0380062
0.0267268	0.00872857	0.0379146
0.0416469	0.0112939	0.036337
0.0329265	0.00729486	0.0372473
0.00266801	0.0127681	0.040586
0.0275584	0.019168	0.0380767
0.036028	0.00677947	0.0368977
0.0448679	0.0145919	0.0362925
0.0261471	0.00221556	0.0380463
0.0501462	0.0121787	0.0357152
0.0172118	0.00532102	0.0387594
0.0358587	0.0105598	0.0368891
0.0277887	0.00639585	0.0377543
0.0248005	0.0123089	0.0380025
0.0231569	0.00635773	0.0381
0.0355836	0.00870982	0.0371218
0.0111095	0.00862758	0.0395568
0.0288602	0.0070264	0.0377588
0.033622	0.0101067	0.0373255
0.0281877	0.0113044	0.0377075
0.0317499	0.0106557	0.0373796
0.0257247	0.00586284	0.0381814
0.0253322	0.0119422	0.038042
0.0422159	0.0139678	0.0363344
0.0359614	0.00555453	0.036927
0.0330492	0.0144834	0.0372249
0.0290949	0.00632161	0.0377097
0.0337556	0.0157579	0.0373848
0.0190207	0.0145851	0.0385463
0.0181688	0.00997721	0.0388808
0.0267107	0.00992412	0.0378665
0.0304863	0.00874661	0.0374642
0.0342833	0.00651578	0.037183
0.0246898	0.0164585	0.0383106
0.0352125	0.010344	0.0371296
0.0184489	0.00465405	0.0386536
0.0326058	0.0121178	0.0374095
0.0279404	0.0160015	0.0377557
0.042865	0.0101732	0.0362206
0.0229748	0.00603289	0.0382121
0.0268921	0.0119523	0.0379059
0.0259744	0.010678	0.0378882
0.0348239	0.0122176	0.0371425
0.0298875	0.00900551	0.0375685
0.0418945	0.00387625	0.0362536
0.0387522	0.00776075	0.0365841
0.0298344	0.0126405	0.037539
0.0340132	0.00927064	0.0371328
0.02492	0.0107104	0.0381812
0.0192478	0.00480255	0.0385485
0.0221282	0.00652977	0.038352
0.0263372	0.00942959	0.037851
0.048741	0.00293991	0.0357126
0.0341183	0.0140139	0.0371793
0.0265976	0.00687194	0.0378677
0.0302258	0.0132794	0.0377118
0.0294497	0.016275	0.0375043
0.0338574	0.00704109	0.0371464
0.0389594	0.00915863	0.0368092
0.0161721	0.00409612	0.0389102
0.0405298	0.0117188	0.0366328
0.0273419	0.00540652	0.0378966
0.0291917	0.0114397	0.0377581
0.0203228	0.00292753	0.0384181
0.0299924	0.0128946	0.0375515
0.0319668	0.00818972	0.0373267
0.0429443	0.0052656	0.0363207
0.037945	0.00928114	0.0367796
0.0293811	0.00601012	0.0375879
0.00948509	0.010273	0.0397653
0.0151876	0.00530701	0.039097
0.0364063	0.0120484	0.0368269
0.0310828	0.00892122	0.0374831
0.0247495	0.0106109	0.0380871
0.0376237	0.0143228	0.0370751
0.042355	0.0149586	0.0364684
0.0174451	0.000614782	0.0391405
0.0260972	0.0110493	0.0379742
0.036177	0.0116921	0.0369387
0.0243421	0.0147931	0.0381335
0.0335705	0.00783995	0.0372513
0.0423233	0.0121903	0.0364391
0.0327403	0.0169302	0.0374404
0.0380694	0.00681554	0.0367063
0.0235432	0.00527377	0.0383393
0.0277068	0.00986552	0.037836
0.0311673	0.0126599	0.0375757
0.0363253	0.0130186	0.0371652
0.0333909	0.0164441	0.0373826
0.0190619	0.0135507	0.0388602
0.0202811	0.00343287	0.0387951
0.0399027	0.00657317	0.0365672
0.0338504	0.00566747	0.0371999
0.0262468	0.0137735	0.038048
0.0375975	0.00465521	0.0368153
0.0303847	0.012591	0.0375538
0.0294118	0.0132202	0.0377542
0.039696	0.00969382	0.0365544
0.0326023	0.012382	0.0372936
0.0304688	0.00688602	0.0374219
0.0312936	0.01595	0.0377225
0.0263781	0.0136044	0.0379255
0.0339717	0.0161008	0.037351
0.0363905	0.0126281	0.0368935
0.0310564	0.0117426	0.0375659
0.0354096	0.00808312	0.0369839
0.0257961	0.00779917	0.0380164
0.0395797	0.0161546	0.0365669
0.029003	0.0126128	0.0376277
0.0320244	0.00101167	0.0372195
0.0126414	0.00831723	0.0391949
0.0285314	0.0119435	0.0378752
0.0453932	0.0155283	0.0360965
0.0427052	0.00621369	0.0362555
0.0387444	0.0128835	0.0367762
0.0261719	0.0145842	0.037956
0.0399142	0.0124808	0.0364084
0.024814	0.0100992	0.0380938
0.0417441	0.00662855	0.0363474
0.0192847	0.00535554	0.0385544
0.0254685	0.0140383	0.0380876
0.045353	0.0101374	0.036042
0.0352196	0.00134994	0.0369707
0.0404585	0.00200036	0.0365121
0.0271098	0.0070984	0.0379576
0.0261853	0.014216	0.0378732
0.0280858	0.0115058	0.037831
0.0417574	0.00948231	0.0363863
0.0312996	0.00552327	0.0374131
0.0436694	0.0084664	0.036183
0.0314966	0.00909041	0.0374384
0.0220207	0.00643595	0.0383398
0.03631	0.0108455	0.0369733
0.0527576	0.0104336	0.0353303
0.045783	0.0138081	0.03572
0.0369514	0.00814644	0.0369655
0.0216798	0.00805042	0.038323
0.0306634	0.00431669	0.0375432
0.0371145	0.0155327	0.0368208
0.0145409	0.00177875	0.0390295
0.0143196	0.011253	0.0390082
0.035867	0.013545	0.0371345
0.0396359	0.0148261	0.0366948
0.0491278	0.0134961	0.0356297
0.0199608	0.012807	0.0384932
0.0284236	0.00798875	0.0377196
0.0331347	0.00613806	0.0372165
0.0125114	0.0138599	0.0393758
0.0363994	0.0028559	0.036824
0.0193539	0.0119481	0.0386861
0.0452383	0.010382	0.0360553
0.039089	0.0128165	0.0368187
0.0317986	0.00888552	0.0374121
0.0292017	0.00997917	0.0377585
0.0342912	0.0071783	0.0371332
0.0320611	0.016265	0.0373188
0.0148542	0.0152547	0.0389133
0.0416376	0.0165049	0.036329
0.0270064	0.0155609	0.0379374
0.0289438	0.01148	0.0376257
0.0374675	0.00942815	0.0368462
0.041712	0.015398	0.0365126
0.0315286	0.00471184	0.0374057
0.013234	0.0136032	0.0391472
0.0305894	0.0108727	0.0375039
0.033734	0.0151099	0.0371083
0.0195982	0.00159278	0.0387484
0.0284408	0.0153719	0.0379135
0.0269064	0.00798139	0.0378477
0.0322144	0.00777329	0.0373522
0.0411383	0.0132695	0.0365379
0.0386201	0.0147619	0.0369137
0.0374439	0.00884971	0.0367956
0.0258101	0.0117013	0.038071
0.0313047	0.00301544	0.0374352
0.0277168	0.0146601	0.0379852
0.0405822	0.015471	0.0365151
0.0292074	0.015832	0.0378149
0.0314865	0.00823773	0.0375429
0.00806645	0.00987044	0.0396967
0.0400582	0.00805665	0.0365636
0.0420656	0.0072067	0.0362303
0.0404929	0.00294464	0.0364859
0.0222876	0.00508183	0.038295
0.0315666	0.00979728	0.0375055
0.0225705	0.0113526	0.0383547
0.050598	0.0106688	0.0353145
0.0513505	0.0116369	0.0353543
0.0309511	0.0100669	0.0375423
0.0214067	0.00901423	0.0384601
0.0455353	0.0118401	0.036269
0.03454	0.00577583	0.0372004
0.0168312	0.014249	0.039111
0.0199607	0.011983	0.0386597
0.0340659	0.0120813	0.0370782
0.0319868	0.0107253	0.037402
0.0361351	0.00999266	0.0368823
0.0226797	0.0139878	0.0384158
0.0294231	0.0130066	0.0376436
0.0271652	0.0147156	0.0377949
0.0226769	0.0102087	0.0382657
0.0335648	0.0139429	0.037367
0.0240843	0.0126116	0.0383124
0.0426201	0.00965142	0.0362392
0.01711	0.013351	0.0389952
0.0152696	0.012963	0.039216
0.0220905	0.00880379	0.0383016
0.0346368	0.0133099	0.0370822
0.033889	0.0100481	0.0371825
0.0237695	0.0127414	0.0381015
0.0278927	0.00634073	0.0377426
0.0317738	0.00783906	0.0375027
0.0385352	0.00713052	0.0367897
0.0391963	0.00855995	0.0366452
0.0326282	0.0102718	0.0372563
0.039112	0.000740422	0.0364997
0.0314527	0.0112453	0.0375149
0.0368217	0.00934064	0.0369803
0.021235	0.00774459	0.0383972
0.038277	0.0129635	0.0367354
0.0213093	0.0151318	0.0384434
0.0225147	0.0091352	0.0384176
0.0315006	0.0086328	0.0374046
0.0303357	0.00872095	0.0376165
0.0422564	0.00267711	0.0362892
0.0289138	0.0106193	0.0376869
0.0249535	0.0113438	0.0381944
0.0206268	0.0106546	0.0385798
0.0391159	0.0103667	0.0367698
0.0328352	0.0113843	0.037455
0.0425844	0.00901119	0.036383
0.00113628	0.0129058	0.0404883
0.0430655	0.0156763	0.036007
0.0286266	0.00368492	0.0376165
0.0206809	0.00693537	0.0383423
0.0446516	0.0071183	0.0362799
0.0288393	0.00202882	0.0379318
0.0257029	0.0168214	0.0381683
0.0336806	8.07654e-06	0.037168
0.0142458	0.0109257	0.0390228
0.00896689	0.0168257	0.0399601
0.0348037	0.00962139	0.037051
0.0300441	0.00858325	0.037595
0.0477503	0.0112161	0.0356771
0.0362708	0.00988966	0.0370171
0.0205914	0.0124404	0.0384361
0.0238274	0.00558031	0.0381993
0.0401483	0.016236	0.0367869
0.0336586	0.0119069	0.0372579
0.02676	0.0134493	0.0380732
0.0194232	0.00652214	0.0385612
0.0265602	0.0132153	0.0378841
0.0343802	0.0107703	0.0372791
0.0378378	0.00457704	0.0368789
0.0328872	0.0117156	0.0372452
0.051753	0.014558	0.0353121
0.0249964	0.0156368	0.0382974
0.0416936	0.0150708	0.0363806
0.0343715	0.00188669	0.0370183
0.0388481	0.00590418	0.0367573
0.0322807	0.0116755	0.0374402
0.0271809	0.0104453	0.0379532
0.0137279	0.00999188	0.0390357
0.0415142	0.00923892	0.0362858
0.0261602	0.00435511	0.0378799
0.0304016	0.00521365	0.0375719
0.0254866	0.0075482	0.0379912
0.0391176	0.00345124	0.0365609
0.0325733	0.00385553	0.0373103
0.0382541	0.0107343	0.0367733
0.0180461	0.0113124	0.0386838
0.0443206	0.0123377	0.036169
0.00355704	0.011525	0.0399902
0.0163362	0.0066355	0.0389362
0.0329751	0.00806571	0.0372656
0.0380533	0.0127539	0.0368549
0.0318362	0.0132847	0.0373381
0.0380651	0.00416049	0.0367098
0.0293316	0.0103731	0.0376758
0.0444301	0.00881682	0.0361297
0.0389084	0.0066779	0.036675
0.0219149	0.00795655	0.0383125
0.00215039	0.000346552	0.0406407
0.025488	0.0120835	0.0379972
0.035191	0.0146203	0.0372348
0.0405616	0.000582992	0.0367373
0.0340366	0.0100481	0.0371605
0.0286568	0.00953713	0.03769
0.0228666	0.008502	0.0383761
0.0436383	0.0173628	0.0358896
0.0338186	0.00288	0.0371252
0.014609	0.0106304	0.039123
0.0416099	0.00866632	0.0365468
0.0307376	0.000182427	0.0373247
0.0500843	0.0132522	0.0356105
0.0318419	0.0109589	0.037424
0.040074	0.00674849	0.036507
0.0275353	0.00339811	0.0377745
0.0155727	0.00939047	0.0390433
0.0165638	0.00172781	0.0386345
0.0376446	0.00996701	0.0368385
0.0230576	0.00534599	0.0382296
0.0141321	0.0126904	0.0390031
0.0256753	0.00748736	0.0380224
0.0409011	0.0114958	0.0365296
0.0239346	0.0148107	0.0381544
0.0146137	0.0134855	0.0390057
0.0320758	0.00250307	0.037367
0.0410669	0.00804738	0.0364171
0.0418106	0.00551913	0.0363946
0.0346038	0.0158047	0.0373004
0.0200153	0.00455031	0.0386951
0.0294527	0.00651926	0.037565
0.0170602	0.00848318	0.038774
0.0402546	0.0184574	0.0364074
0.043183	0.0112263	0.0360684
0.0418629	0.0114276	0.0364174
0.0295744	0.00493269	0.03766
0.0424968	0.00970436	0.0362025
0.018577	0.00551613	0.0387541
0.0349663	0.0106219	0.0370652
0.0288339	5.80458e-05	0.037551
0.0330942	0.00232476	0.0371564
0.0480485	0.00509337	0.0358222
0.0251348	0.0133092	0.0382268
0.0334347	0.0117044	0.0371766
0.0201812	0.0135837	0.0384893
0.02867	0.0120805	0.0376411
0.0248652	0.00371407	0.0379745
0.0400007	0.00778554	0.0364495
0.0324496	0.00290957	0.0372312
0.0311596	0.00868579	0.0374947
0.0254886	0.00674646	0.038009
0.0267734	0.0104578	0.037924
0.0242334	0.0136954	0.038197
0.0281178	0.0099925	0.0378414
0.0227777	0.00355369	0.0381766
0.0350816	0.0142874	0.0370442
0.0319766	0.0156908	0.0373732
0.0287722	0.00704674	0.0376806
0.0316499	0.0147729	0.037573
0.0281051	0.0113088	0.0377555
0.0301717	0.0101957	0.0375373
0.018865	0.00343861	0.0386243
0.0227412	0.0117315	0.0384379
0.0351264	0.00190586	0.0371005
0.0281452	0.0119137	0.0377807
0.0253705	0.0131	0.038
0.0305091	0.00563404	0.0374626
0.0277645	0.00725466	0.0379225
0.0267837	0.00839806	0.0379694
0.0380813	0.00798974	0.0368542
0.0395255	0.000205169	0.03669
0.0172386	0.0119508	0.0388919
0.0295564	0.00874821	0.037641
0.0383269	0.0124063	0.0368752
0.0426029	0.00414756	0.0364566
0.0362762	0.00380085	0.0369977
0.0422212	0.00896182	0.0363562
0.0133168	0.00988444	0.039386
0.0482635	0.0106975	0.0357712
0.00496381	0.00659535	0.0402944
0.0309841	0.0110754	0.0375215
0.0504445	0.00519946	0.0357761
0.0366039	0.0118441	0.0368777
0.0371346	0.0121536	0.0369363
0.0351903	0.0139408	0.0370334
0.0285551	0.0152864	0.0379635
0.0331416	0.00249744	0.0371548
0.0181307	0.0131508	0.0386212
0.0193092	0.0117232	0.0385737
0.0420566	0.00676128	0.0363674
0.00521941	0.0116753	0.0403012
0.00762909	0.0109828	0.0400053
0.0280939	0.012434	0.0376956
0.0161611	0.00832111	0.0389659
0.0234704	0.00833938	0.0381797
0.0193982	0.00693838	0.0384713
0.0434165	0.0145936	0.0364459
0.043741	0.00116732	0.0359661
0.0329283	0.015042	0.0372443
0.0289909	0.00772462	0.0377195
0.0426744	0.00934771	0.0362345
0.00592766	0.0113654	0.0398146
0.022954	0.00163609	0.0383714
0.0360627	0.0151844	0.0368606
0.0316464	0.0128165	0.0373527
0.0272505	0.0169069	0.0378466
0.030152	0.0150352	0.0375675
0.0274016	0.00242359	0.0377233
0.0367893	0.0119771	0.0368816
0.0172671	0.00643821	0.0389104
0.0341173	0.0118287	0.0372731
0.0380473	0.0165832	0.0367994
0.0202551	0.00949186	0.03843
0.0468362	0.00267802	0.0359373
0.0316549	0.0135571	0.0374439
0.0368537	0.00526157	0.0368833
0.0361406	0.0086642	0.0369288
0.0399875	0.0146009	0.0365125
0.00695592	0.00642347	0.0396105
0.029443	0.0060291	0.0376314
0.0315315	0.00799721	0.0375346
0.0358375	0.00645129	0.0371148
0.0192002	0.0189939	0.0385977
0.0214386	0.0100954	0.0384475
0.0369203	0.0123938	0.0370907
0.027944	0.0139361	0.0378196
0.0192573	0.00789432	0.0386184
0.0217449	0.0136048	0.0386025
0.0379334	0.0165909	0.0367365
0.0347421	0.00792155	0.0370902
0.0379267	0.00889118	0.0368968
0.0242718	0.0133768	0.0382432
0.0316857	0.0112031	0.037336
0.0368428	0.012128	0.0369192
0.0448733	0.0041834	0.0362703
0.0364166	0.00762792	0.0368633
0.0321611	0.00746277	0.0373725
0.0440341	0.0133033	0.0363622
0.0318164	0.0106612	0.0374277
0.0230918	0.0140865	0.0382584
0.0193493	0.0064074	0.0386188
0.0371925	0.00695664	0.0368825
0.0393003	0.00658143	0.0366717
0.0199608	0.00856391	0.0386002
0.0295814	0.00344435	0.0375508
0.0442265	0.00628804	0.0361275
0.00471167	0.0104091	0.0403448
0.0162312	0.0101043	0.0389805
0.0298007	0.00927886	0.0375938
0.0245862	0.00831882	0.0381365
0.0251576	0.0148648	0.0381203
0.016475	0.00632969	0.0391701
0.0169491	0.000649415	0.038739
0.0253305	0.0104904	0.0380356
0.0192184	0.0086653	0.0388017
0.0184387	0.00762334	0.0389057
0.0165696	0.000543083	0.0387029
0.0376725	0.0107892	0.0368128
0.00367528	0.012025	0.04049
0.0326829	0.0128052	0.0372574
0.0243763	0.00408914	0.0380638
0.0255842	0.00610884	0.037993
0.0292449	0.00682186	0.0376159
0.0388293	0.00851558	0.0365751
0.0402648	0.0124974	0.0365041
0.0371321	0.00889217	0.0369658
0.0191789	0.0146855	0.0388715
0.0178727	0.0165663	0.0388996
0.0348964	0.00807538	0.0370385
0.0159551	0.010114	0.0390154
0.0430434	0.00309933	0.036277
0.039254	0.0089398	0.0366047
0.0419563	0.0134576	0.036442
0.0169586	0.011635	0.0388125
0.0289609	0.00194273	0.0375559
0.0291976	0.00828903	0.0376734
0.0382858	0.00010939	0.036572
0.0266251	0.00399066	0.0378341
0.018824	0.0106425	0.0388166
0.010311	0.00681862	0.0394099
0.039638	0.0141731	0.0367945
0.0181094	0.00283301	0.0387041
0.0428677	0.0169983	0.0364468
0.0427441	0.00456978	0.0363345
0.0207682	0.0135727	0.0386838
0.0290521	0.0150937	0.0376784
0.0279507	0.00863411	0.0377571
0.0223119	0.00705987	0.038341
0.0432275	0.008751	0.0362324
0.0260003	0.0125137	0.0381104
0.0346028	0.00791617	0.0370927
0.0278574	0.0163288	0.0379742
0.0446924	0.0129846	0.0362011
0.0241962	0.00976319	0.0381099
0.0428436	0.00678294	0.0361798
0.0254312	0.00329256	0.0381109
0.0361795	0.00992819	0.0369259
0.0442174	0.0158252	0.0359873
0.0321259	0.0166242	0.0375537
0.0419967	0.00965764	0.0365334
0.0261577	0.0153566	0.0381541
0.0322208	0.00984854	0.0373309
0.0266756	0.0204713	0.0380096
0.0359815	0.0138802	0.0371311
0.021545	0.0133688	0.0384125
0.0150133	0.0122791	0.0392298
0.0492	0.0114128	0.0357162
0.0359884	0.0138343	0.0370565
0.0316795	0.0166192	0.0376066
0.0260842	0.0122483	0.03794
0.0367675	0.013406	0.036969
0.0357864	0.0169026	0.0367784
0.0158197	0.0011066	0.0386897
0.0249915	0.015252	0.0380656
0.0370517	0.0108038	0.0368543
0.00695912	0.00849057	0.0400789
0.0176266	0.0112261	0.0388741
0.042083	0.013886	0.0361345
0.0377497	0.0182234	0.0365334
0.0235809	0.00752342	0.0381876
0.0163291	0.00834769	0.0388526
0.0382898	0.00467376	0.0366427
0.0313881	0.016709	0.0374109
0.0164358	0.00898107	0.0390073
0.0175532	0.0055876	0.0387417
0.0401332	0.00559524	0.0366937
0.0255031	0.00882954	0.0379856
0.0333926	0.0155224	0.0373134
0.0412237	0.0169155	0.0364423
0.0222281	0.00593391	0.0383331
0.0195101	0.0127459	0.0386948
0.0321871	0.00597047	0.0372812
0.0365623	0.00571132	0.0370015
0.0493952	0.0106989	0.0354433
0.0262847	0.00469121	0.0381128
0.0129463	0.0166713	0.0394394
0.030606	0.00241913	0.0374137
0.0333722	0.0154062	0.0373165
0.0113199	0.0119275	0.0395687
0.0361854	0.0116313	0.0370267
0.0390346	0.0113139	0.0367463
0.0305221	0.00408618	0.0376245
0.0499747	0.0165376	0.035638
0.0241875	0.0147929	0.0381492
0.0349437	0.00599079	0.0370455
0.0147368	0.00227347	0.0390777
0.0272406	0.0138496	0.0378289
0.0294328	0.0146749	0.0375797
0.0360624	0.012476	0.0370554
0.0362653	0.0106062	0.0369204
0.0124358	0.00728433	0.0391621
0.0447823	0.0144298	0.0361975
0.0370564	0.00900947	0.0368426
0.0217703	0.00653094	0.0383531
0.0316972	0.0116192	0.0374289
0.0101706	0.014173	0.0393765
0.044284	0.0150637	0.0360813
0.0251365	0.0015059	0.0380427
0.0291356	0.0121963	0.0377365
0.0313397	0.0106079	0.0374145
0.0170403	0.0108429	0.0389373
0.0265183	0.0111035	0.0378367
0.0450526	0.0109134	0.0362805
0.0408213	0.00699811	0.0366248
0.0286245	0.00291112	0.0377976
0.0292022	0.0091866	0.0377657
0.0201759	0.00336676	0.0386791
0.033696	0.0111032	0.0371191
0.0333222	0.0163602	0.0373714
0.0362034	0.0128806	0.0368755
0.0388776	0.00917082	0.0366429
0.0416211	0.0078041	0.0364733
0.0415906	0.006592	0.0363544
0.0301564	0.000292852	0.0378221
0.0172491	0.0112312	0.0387436
0.0414077	0.0082385	0.0365098
0.0168915	0.0136862	0.0388095
0.0201871	0.0130621	0.0387592
0.0391595	0.00949212	0.0367669
0.0354567	0.0118627	0.0369198
0.0386238	0.0131413	0.0365405
0.0281323	0.0113035	0.037732
0.0182415	0.00630441	0.0386842
0.0384556	0.0120248	0.0368203
0.0235796	0.00726816	0.0381198
0.017979	9.06674e-05	0.0385806
0.0318991	0.0136239	0.0373358
0.0198405	0.0034142	0.0384529
0.0279043	0.0157009	0.0378166
0.0403569	0.0159941	0.0364683
0.0135596	0.0147352	0.0393102
0.0270573	0.0147181	0.0380477
0.0257858	0.00636011	0.0380257
0.0445444	0.00344663	0.0361327
0.0308064	0.00444518	0.037685
0.0262515	0.0106189	0.0378644
0.0239762	0.0104474	0.0381449
0.0255973	0.013011	0.0381726
0.0234548	0.00978836	0.0382646
0.0191518	0.0116937	0.0387769
0.035952	0.00950155	0.037056
0.0231991	0.00214021	0.0382533
0.0259226	0.0105818	0.0380795
0.0215564	0.00995654	0.038523
0.0366013	0.0168323	0.0369242
0.0291901	0.00796358	0.0376158
0.0101522	0.00585596	0.0395199
0.0305352	0.000382059	0.0375337
0.0235487	0.001804	0.0381
0.0283309	0.0125938	0.037907
0.0143663	0.0152941	0.0393614
0.0208545	0.0074453	0.0384323
0.0325326	0.00962613	0.0373696
0.025096	0.0162556	0.0382264
0.0399688	0.00418915	0.0364267
0.0261426	0.0140597	0.0378724
0.0296698	0.0130103	0.037611
0.0452816	0.0124531	0.0360823
0.0309818	0.00538908	0.0374858
0.0301793	0.00591269	0.0375196
0.0342861	0.0169983	0.0371245
0.0152103	0.00714866	0.0389672
0.0215269	0.0119018	0.038417
0.0300628	0.0128574	0.0376913
0.0414101	0.00834171	0.036568
0.0462098	0.00252501	0.0357879
0.0244104	0.00276696	0.0380397
0.0331259	0.0132459	0.0372548
0.0378826	0.0158838	0.0370064
0.0376176	0.00993089	0.0368903
0.03053	0.010605	0.0375578
0.0420695	0.00488561	0.0365218
0.0533034	0.00444782	0.0353233
0.0324725	0.014192	0.0374208
0.0381477	0.0127229	0.0367991
0.0396138	0.00973861	0.0366947
0.0216127	0.013801	0.0383405
0.0446681	0.0127858	0.0359449
0.0276223	0.00459896	0.0377737
0.0368706	0.00233555	0.0369378
0.0381481	0.0102905	0.0367119
0.0172401	0.0124477	0.0389528
0.0259237	0.0133253	0.0380838
0.0188619	0.00972049	0.0387315
0.0290834	0.014187	0.0376035
0.00735138	0.00576244	0.0395806
0.0184923	0.0159002	0.0389519
0.0417748	0.00731478	0.0363024
0.0391004	0.0123452	0.0367799
0.0294065	0.00146636	0.0374151
0.0368683	0.00984898	0.0369473
0.0431227	0.0105532	0.0363663
0.00759564	0.0117369	0.039898
0.0328442	0.00994053	0.0373002
0.0165752	0.00952245	0.0390893
0.0364342	0.00985214	0.0370193
0.040411	0.0121298	0.0366702
0.02023	0.0119375	0.0385976
0.0367091	0.010807	0.037039
0.0332538	0.0118575	0.0372421
0.0458484	0.00731371	0.0360648
0.0186068	0.00442677	0.0386673
0.0151124	0.00256521	0.0388579
0.0220516	0.013451	0.0385688
0.0263321	0.000629676	0.0378358
0.036983	0.0140415	0.0368545
0.0462875	0.00788544	0.0361276
0.0153639	0.00798143	0.0392266
0.0442894	0.0169642	0.0361019
0.0325987	0.0159241	0.0373087
0.0368606	0.0082684	0.0368459
0.0278971	0.00620988	0.0377404
0.0246224	0.0129657	0.0380715
0.0385093	0.0137896	0.0369042
0.0254328	0.0202602	0.0380745
0.0532891	0.00505253	0.035162
0.0475441	0.00928783	0.0357857
0.0334348	0.00982135	0.0373122
0.0345891	0.00734118	0.0371263
0.0349578	0.0153486	0.0370514
0.0336032	0.00599034	0.0373742
0.035664	0.013448	0.0370622
0.0257402	0.00191969	0.0380889
0.0422304	0.0141083	0.0364698
0.0267991	0.00453096	0.0378046
0.0395527	0.0129745	0.0368606
0.0159714	0.0156034	0.0388253
0.0205497	0.00920112	0.0385079
0.0154793	0.0169507	0.0392391
0.0300346	0.018367	0.0376836
0.0457715	0.0138023	0.0361929
0.0250126	0.00827037	0.0380418
0.0271568	0.0114422	0.0379366
0.0342128	0.00140388	0.0371633
0.0249745	0.0149585	0.037963
0.0314815	0.00799669	0.0374439
0.0388152	0.0182926	0.0368446
0.0308816	0.0119737	0.0374287
0.0297327	0.0109898	0.0376766
0.0360986	0.00428499	0.0370291
0.025073	0.0155232	0.0381979
0.0106877	0.00807699	0.0393224
0.0163313	0.00730603	0.038758
0.0303156	0.00666816	0.0375603
0.0443816	0.0147812	0.0358611
0.0316717	0.00836649	0.0374264
0.0360338	0.00916338	0.0370138
0.0425885	0.0064054	0.0364124
0.0405934	0.00944026	0.0365125
0.0366456	0.00954389	0.0369866
0.0291039	0.00691634	0.0375509
0.0409151	0.00279306	0.0365623
0.0330134	0.015455	0.0372591
0.0482181	0.0167483	0.0361393
0.0320223	0.0119416	0.0373781
0.0230587	0.014266	0.0382501
0.0284921	0.0107162	0.0377643
0.0384427	0.0171405	0.0366715
0.0436144	0.0136416	0.0361899
0.0119625	0.00371208	0.0397282
0.0229522	0.00770059	0.0381702
0.0384961	0.00571507	0.036868
0.0345367	0.0147636	0.0372724
0.0235211	0.000759553	0.0384991
0.0246668	0.00405618	0.0380381
0.0527262	0.0113382	0.0352199
0.0352292	0.0127401	0.0370174
0.0206605	0.0158998	0.0386533
0.0196106	0.0104758	0.0386194
0.0362413	0.00562546	0.0368567
0.013515	0.0118868	0.0390872
0.0317014	0.00918788	0.0374056
0.0414745	0.0118776	0.0366396
0.0376935	0.000234284	0.036635
0.0297212	0.0104603	0.0376673
0.0252774	0.0134109	0.0381467
0.00376193	0.0145219	0.0399549
0.0310277	0.0117764	0.0374875
0.0367559	0.0168381	0.0367845
0.0326423	0.0097092	0.0372798
0.0280204	0.00478129	0.0376968
0.0375108	0.00376584	0.0367923
0.0285589	0.0082833	0.0376451
0.0208206	0.00664117	0.0386739
0.0390941	0.0124017	0.03674
0.0400335	0.0148835	0.0366887
0.0287241	0.0124369	0.0377068
0.0355337	0.0118665	0.0369458
0.0356878	0.0154866	0.0371976
0.031112	0.0158699	0.0376425
0.0353264	0.0163714	0.0371478
0.0379076	0.0144779	0.0369749
0.0165628	0.00759097	0.0387393
0.0485273	0.0131969	0.036019
0.0305638	0.00370406	0.0375688
0.0338676	0.0107594	0.0371811
0.047687	0.0104357	0.0358714
0.0296248	0.0116204	0.0377124
0.0243787	0.0133474	0.038302
0.0345695	0.00805196	0.0371026
0.000677776	0.0106761	0.0406843
0.0421078	0.00952069	0.0362201
0.00663872	0.00623503	0.039983
0.0374841	0.0123158	0.0367123
0.0375564	0.0138614	0.0368839
0.0442124	0.0108002	0.0359954
0.0255563	0.00878606	0.0380337
0.0415538	0.00700732	0.0365593
0.0464692	0.0219359	0.0354808
0.0339944	0.0126034	0.0372001
0.0278268	0.00648674	0.0377332
0.0288077	0.00416918	0.0376042
0.0156789	0.0124781	0.0389307
0.0509025	0.0156527	0.0355472
0.0270026	0.0153522	0.0379333
0.0110302	0.0125568	0.039394
0.00708143	0.0101221	0.0399384
0.0490656	0.0134422	0.0358543
0.0198805	0.00223057	0.038714
0.0322358	0.0123742	0.0373068
0.0217986	0.0162384	0.0382776
0.0330648	0.0159878	0.0372934
0.0227041	0.00988268	0.0384073
0.0405659	0.0140983	0.0366073
0.0331946	0.0149552	0.037286
0.0301127	0.0149145	0.0377372
0.0316595	0.0125262	0.0374786
0.0446101	0.0105401	0.0362241
0.0284733	0.0130743	0.0376792
0.0117254	0.0113449	0.0394649
0.0331701	0.0139373	0.0371542
0.0387668	0.0117724	0.0368034
0.0208312	0.0105335	0.0384926
0.0336138	0.00809218	0.0372047
0.0146899	0.00476153	0.0390013
0.0277168	0.0145729	0.037783
0.0441837	0.010706	0.0361572
0.0391134	0.0114244	0.0366683
0.0334258	0.00579305	0.037232
0.0106104	0.0181645	0.0396173
0.0290929	0.00471371	0.0376477
0.0251784	0.00922262	0.0379637
0.0320129	0.000744336	0.0374215
0.0372551	0.00540428	0.0368356
0.0346177	0.0111783	0.0371512
0.0322742	0.00837269	0.0374058
0.0224282	0.008515	0.0383257
0.0336742	0.0109356	0.0372004
0.0413425	0.00554291	0.0363636
0.0296362	0.0113452	0.0375845
0.0270478	0.00920392	0.0378876
0.045433	0.0102942	0.0361469
0.0294974	0.0171664	0.0379264
0.0362005	0.0145086	0.0369116
0.0202695	0.0137585	0.0385131
0.0422436	0.00584337	0.0364045
0.02031	0.00824117	0.0385514
0.00546406	0.00676922	0.0399795
0.0431975	0.00801658	0.036197
0.00141022	0.0107642	0.0402421
0.0198136	0.00611337	0.03865
0.0218252	0.0106535	0.0385132
0.0439959	0.00555093	0.0362803
0.0255289	0.0109351	0.0381132
0.0434555	0.00908187	0.0362228
0.0225811	0.00105283	0.038321
0.0325475	0.00910877	0.0373687
0.0523022	0.0102642	0.0352571
0.0244935	0.0116459	0.0380328
0.018723	0.000824982	0.0386237
0.0231863	0.0119719	0.0383449
0.0401486	0.0116844	0.036539
0.0301968	0.0136237	0.0375808
0.0323179	0.0161449	0.03747
0.0239119	0.00936054	0.0383396
0.0348218	0.0167022	0.0370518
0.0307993	0.00951033	0.0375441
0.0342209	0.00594109	0.0370702
0.0228219	0.0155264	0.0382226
0.0483191	0.0126708	0.0357804
0.0383099	0.0113289	0.0367817
0.0384671	0.0155934	0.0365078
0.0274754	0.00185446	0.0378913
0.046215	0.0104123	0.0358833
0.0264202	0.00136976	0.0377846
0.0385097	0.00935345	0.0368039
0.0437934	0.00183213	0.0360266
0.0379792	0.0114035	0.036749
0.0365999	0.0086295	0.0368891
0.0274877	0.0087173	0.0379579
0.0200168	0.00826098	0.0385893
0.0405271	0.012845	0.036718
0.0383769	0.00886289	0.0366221
0.0329496	0.0115509	0.0373266
0.0309322	0.0130432	0.0375678
0.0308418	0.00789593	0.0375251
0.0366971	0.00685408	0.0368263
0.0259558	0.00148232	0.0380307
0.0368368	0.0129481	0.0367416
0.0214134	0.00741944	0.0384359
0.043259	0.011493	0.0364653
0.0332918	0.0119473	0.0372962
0.026486	0.0146132	0.0379528
0.0129015	0.00122614	0.0392125
0.0199	0.0112069	0.0384587
0.0224129	0.0090401	0.0383256
0.0333203	0.00447665	0.0372752
0.0349578	0.00892331	0.0371109
0.0349534	0.0107979	0.0372302
0.027884	0.014325	0.037785
0.0414162	0.00934472	0.0364959
0.0354149	0.0128071	0.0370054
0.0327668	0.0153945	0.0373333
0.0208885	0.0149622	0.0385204
0.0322373	0.012899	0.037427
0.0387038	0.00550579	0.0366704
0.0344558	0.00742921	0.0371434
0.0345732	0.0114973	0.0371243
0.0278348	0.00795003	0.0377545
0.035308	0.0136069	0.037019
0.01769	0.0129906	0.0389916
0.013712	0.0151034	0.0392835
0.0253724	0.00565021	0.0382243
0.0514837	0.014331	0.0353951
0.0369864	0.00321839	0.0367718
0.035082	0.0144062	0.0372384
0.0287821	0.0091204	0.0376248
0.0442981	0.0139414	0.0359832
0.0305014	0.0103817	0.0376623
0.0460726	0.0130173	0.0360152
0.0274541	0.00742297	0.037817
0.0282559	0.0118776	0.0378307
0.0263489	0.00712596	0.0379506
0.0438387	0.0043253	0.0361647
0.0209298	0.00671705	0.0383178
0.0387393	0.00988653	0.036583
0.024438	0.0169161	0.0382903
0.0291708	0.0142488	0.0376489
0.039896	0.00312536	0.0367613
0.0103735	0.0113589	0.039725
0.0199677	0.0133834	0.0386632
0.0287349	0.0125771	0.0376149
0.0340395	0.00662772	0.0371058
0.0182401	0.0108005	0.0387824
0.0204397	0.0155958	0.0384734
0.0161007	0.0173217	0.0389887
0.0435591	0.0156291	0.0363362
0.0431337	0.00368456	0.0361557
0.0387497	0.00262838	0.0365485
0.0268667	0.00953024	0.037905
0.0323463	0.0151624	0.0373733
0.0177661	0.0100515	0.0387973
0.0265201	0.0079002	0.0378166
0.0199158	0.00374047	0.0385223
0.0263014	0.0127259	0.0380248
0.0267899	0.0038918	0.0378663
0.0202359	0.0111045	0.0385026
0.0145682	0.00527734	0.0391631
0.0307178	0.0178043	0.0376327
0.0505635	0.00788682	0.0353945
0.0244091	0.0148611	0.0383267
0.0246346	0.00835595	0.038092
0.028479	0.0105435	0.0377792
0.0230159	0.0120254	0.0381698
0.0290017	0.011596	0.0378104
0.042943	0.00601362	0.0363777
0.0328516	0.00602273	0.0373821
0.014376	0.00152847	0.038924
0.042421	0.0110137	0.0363503
0.0345422	0.012134	0.0371755
0.0199216	0.0135053	0.0385251
0.0172491	0.00997794	0.0388772
0.0320438	0.0160775	0.0374485
0.0297702	0.0151486	0.0377351
0.0368435	0.00707571	0.0368627
0.030968	0.0122142	0.0374858
0.0358211	0.00277718	0.0368853
0.0297309	0.0181394	0.0376812
0.0281602	0.00365342	0.0377483
0.0268562	1.42499e-05	0.0378074
0.0266932	0.00483588	0.0378362
0.0438132	0.0144419	0.0362822
0.0397789	0.00691064	0.0366584
0.0412762	0.0148159	0.0366626
0.0169717	0.0165815	0.0390045
0.0252058	0.0107511	0.0381219
0.0445029	0.00603386	0.0361402
0.00878635	0.00681609	0.0395847
0.0303187	0.0141737	0.0374898
0.0348884	0.0146449	0.037158
0.0326525	0.0135697	0.0372658
0.0292353	0.00610322	0.0378148
0.0316247	0.0145958	0.0375662
0.0015784	0.0112229	0.0405489
0.0290041	0.00692592	0.0376212
0.0249693	0.0127723	0.0381244
0.0388491	0.00808143	0.0366885
0.035247	0.0104801	0.0371191
0.0356922	0.0114249	0.0369803
0.0326358	0.0129514	0.0372638
0.0412341	0.0128624	0.0363754
0.0324595	0.00996952	0.0373855
0.019909	0.0169679	0.0385626
0.0203491	0.0134794	0.0384997
0.0263265	0.00268878	0.0378786
0.0246633	0.00461501	0.0381952
0.0432364	0.013422	0.0362004
0.0241634	0.0150993	0.0380591
0.0422347	0.0165418	0.0361994
0.013254	0.013305	0.0393456
0.0361718	0.00666997	0.0368805
0.0265096	0.0106858	0.0379689
0.0150354	0.0145214	0.0391333
0.0359126	0.015891	0.0370409
0.0203335	0.0158794	0.0386367
0.0340626	0.0153132	0.037352
0.0234544	0.0155821	0.0381085
0.0410725	0.0182186	0.036374
0.0195278	0.0144381	0.0386335
0.0383508	0.00446664	0.0368023
0.0227103	0.00677687	0.0383391
0.0328667	0.0109027	0.0372466
0.030738	0.00774775	0.0374878
0.0311123	0.01586	0.0373246
0.0395655	0.013405	0.036713
0.0301802	0.0127562	0.0376716
0.00494845	0.00588232	0.040181
0.0378421	0.00982563	0.0367652
0.0329906	0.00746301	0.0372891
0.0319392	0.00694142	0.0374009
0.0432087	0.0112445	0.0363911
0.0397929	0.0108007	0.0367182
0.00591985	0.00656244	0.0397776
0.0221088	0.0144666	0.0382211
0.0312686	0.0169426	0.0373694
0.0225965	0.0103983	0.0383421
0.0361559	0.0162067	0.0370854
0.0405075	0.00798889	0.0365296
0.029637	0.00562553	0.0377052
0.0345807	0.0101744	0.0371641
0.0354086	0.0118452	0.0371587
0.0338015	0.0107177	0.0371469
0.03897	0.0107657	0.0367326
0.0137417	0.00337228	0.0395304
0.0347334	0.00570337	0.0370954
0.0312881	0.00870552	0.0374846
0.0231756	0.0122194	0.0383424
0.0262833	0.00547599	0.0380595
0.0253884	0.0091848	0.038104
0.0304603	0.0107942	0.0375128
0.0221068	0.00791358	0.0382524
0.0264853	0.0112839	0.0379846
0.0237442	0.0168749	0.0381738
0.0112693	0.0170885	0.0393326
0.0246499	0.0114037	0.0382809
0.0240884	0.00943017	0.0382455
0.0177378	0.01302	0.0388542
0.041876	0.00656828	0.0365342
0.0319952	0.00637457	0.0375261
0.00938224	0.00328985	0.0394598
0.0397576	0.0133141	0.0367622
0.0303481	0.0071072	0.0375481
0.029084	0.0142206	0.0378239
0.0423776	0.0111851	0.0361637
0.0365237	0.013646	0.0369048
0.0252728	0.0117894	0.0380698
0.0367018	0.0159646	0.0368932
0.0406829	0.0053671	0.0365147
0.0411596	0.0052303	0.0363256
0.0345097	0.0110677	0.0371129
0.018912	0.0162529	0.0386557
0.0340336	0.00485915	0.0371636
0.0328823	0.00703417	0.0373112
0.026922	0.0129606	0.0380255
0.0439876	0.00746617	0.0360906
0.0166284	0.0127824	0.038973
0.0239728	0.0102768	0.0382844
0.0243119	0.012383	0.0382214
0.0391178	0.0103417	0.0368215
0.0471898	0.00899511	0.0359804
0.038304	0.00854229	0.0366696
0.026043	0.0136164	0.0380141
0.00318854	0.00864123	0.0400279
0.0175436	0.0165478	0.0388356
0.0210976	0.00949861	0.0384718
0.016045	0.0131614	0.0391934
0.0205359	0.0098301	0.0384648
0.0278226	0.00617726	0.0379592
0.0166745	0.010229	0.0389475
0.0375683	0.0152609	0.0367677
0.0371401	0.00564689	0.0367534
0.0230229	0.00972597	0.0383657
0.0329669	0.00642047	0.0372382
0.0382535	0.00863192	0.0367995
0.0453475	0.0127656	0.0362998
0.00893708	0.00632775	0.040016
0.0455887	0.00370091	0.0358592
0.0291783	0.0112995	0.0376613
0.025642	0.0137019	0.0381354
0.0128267	0.00704069	0.0395576
0.0495837	0.0118285	0.0357741
0.0256701	0.00561141	0.0379135
0.0271403	0.0144174	0.0378139
0.0286143	0.00902889	0.0377202
0.0419401	0.00379315	0.0363945
0.0332183	0.00785429	0.0372824
0.023028	0.0133964	0.0384372
0.01583	0.0126758	0.0390564
0.0419188	0.00503441	0.0365213
0.0366499	0.010517	0.0369088
0.00520019	0.0127209	0.0399144
0.0265501	0.010896	0.0379371
0.0526215	0.0118317	0.0355363
0.0137868	0.0137289	0.0390962
0.0242282	0.00871234	0.0381689
0.0250935	0.0120743	0.0381281
0.0300363	0.0104188	0.0376882
0.0290995	0.00899061	0.0376873
0.0292305	0.00767272	0.0376528
0.0364319	0.00577872	0.0368809
0.0259494	0.0154901	0.0380311
0.0373115	0.00929292	0.0368612
0.0273102	0.010071	0.0378871
0.0239293	0.0115271	0.0382456
0.0309717	0.00825752	0.037599
0.0349811	0.0176683	0.0368657
0.0357548	0.0129145	0.0371404
0.0392432	0.0148506	0.0365208
0.0212359	0.0151398	0.038568
0.0298392	0.0100062	0.0375298
0.0246833	0.00860866	0.0381702
0.0339091	0.00359823	0.0371946
0.0336484	0.00541796	0.0371655
0.0271084	0.010699	0.0378527
0.0211013	0.011303	0.0384627
0.0371429	0.00912532	0.036982
0.0204994	0.00386316	0.0385105
0.0130845	0.0103983	0.0394793
0.0140776	0.00501877	0.0390711
0.00282301	0.00993833	0.0405486
0.0354754	0.0153254	0.037303
0.0177762	0.0130465	0.038952
0.020392	0.0134821	0.0387228
0.0324894	0.010966	0.0373535
0.0288443	0.00216628	0.0375538
0.0405931	0.0133349	0.036558
0.0320737	0.0114844	0.0373942
0.041887	0.012564	0.0363932
0.0474551	0.0171659	0.0361216
0.0352025	0.0179299	0.0373007
0.0419494	0.0122433	0.0363423
0.0471952	0.00669331	0.0358554
0.0392533	0.0134535	0.0367287
0.0313279	0.00851482	0.0374086
0.0199743	0.0101993	0.0386269
0.0116341	0.00488413	0.0396662
0.0362433	0.00732462	0.0369198
0.0145739	0.00845907	0.0391646
0.00244153	0.000470885	0.0403012
0.0324944	0.00807779	0.0373139
0.0237293	0.00174157	0.0380888
0.0430664	0.0143559	0.0364699
0.0322192	0.0133412	0.0374326
0.0380318	0.0072671	0.0366882
0.0266548	0.0098815	0.037993
0.0297331	0.0106002	0.0376592
0.0338272	0.0052053	0.0371966
0.0264238	0.0169064	0.0380835
0.00838996	0.0177454	0.0398778
0.0317318	0.0139895	0.037505
0.0285863	0.00944249	0.037726
0.0359494	0.0100875	0.0370213
0.0297153	0.0151679	0.0376467
0.0316023	0.0031365	0.0374105
0.0310558	0.00411671	0.0374738
0.0161091	0.01288	0.0388121
0.0309755	0.012888	0.0375993
0.0328888	0.00924594	0.0372917
0.0349285	0.0105253	0.0372281
0.0383647	0.00633747	0.0368501
0.0423526	0.0100496	0.0363653
0.028979	0.0156801	0.0378287
0.0342761	0.0112905	0.0372706
0.0337474	0.0129057	0.037269
0.0468517	0.00958196	0.035868
0.0247653	0.0139802	0.0379968
0.0237701	0.00781971	0.0383365
0.0353839	0.00983109	0.0370183
0.0203033	0.00315919	0.0388
0.038022	0.0142494	0.0368875
0.0510212	0.00639489	0.035469
0.0387129	0.0124902	0.0366661
0.0294752	0.00682994	0.0376131
0.0322994	0.0126651	0.0374627
0.0328237	0.00294537	0.0373666
0.0137218	0.00781925	0.0392694
0.0336299	0.0113302	0.0373328
0.0115767	0.0127277	0.039263
0.0360553	0.0115348	0.0371538
0.0231932	0.00852492	0.0384052
0.0188094	0.00433853	0.0386706
0.0257069	0.00789669	0.0379736
0.0361181	0.00867423	0.037058
0.0131029	0.0136358	0.0393849
0.0311464	0.0108152	0.0373916
0.0324486	0.0107468	0.0373586
0.0342297	0.0155994	0.0371148
0.0146187	0.00926047	0.0389672
0.0192505	0.00819043	0.0385483
0.0376435	0.00761469	0.0368954
0.0408926	0.0104893	0.0364429
0.0183611	0.00354635	0.0386812
0.0389353	0.00680792	0.0367953
0.0301484	0.0126266	0.0374947
0.0412575	0.0121564	0.0364198
0.0431266	0.0126465	0.0364273
0.0405255	0.00729444	0.0365283
0.0156547	0.0159362	0.0388702
0.0279099	0.00437938	0.037841
0.0149312	0.013667	0.039199
0.0396599	0.0166362	0.0365405
0.0200533	0.00824162	0.0386869
0.0253243	0.0109421	0.0380926
0.0357228	0.00937717	0.0371088
0.0489794	0.00610096	0.0355267
0.031548	0.0101737	0.0375066
0.0330778	0.000821298	0.0370815
0.0310355	0.0144697	0.0374832
0.0252262	0.00775318	0.0380963
0.0364918	0.0113186	0.0369129
0.0186319	0.0124592	0.0386401
0.0368488	0.00844957	0.0369396
0.0286266	0.0110965	0.037714
0.0381787	0.00769694	0.0367236
0.0151041	0.0159155	0.0388952
0.0186602	0.0126273	0.0387921
0.0285192	0.00289488	0.0376502
0.0532242	0.0130457	0.0352566
0.0263266	0.0111242	0.037905
0.0336981	0.00692958	0.0372
0.0273122	0.0127204	0.0377323
0.018547	0.00640884	0.0386593
0.0318036	0.0131502	0.037307
0.0346328	0.00254283	0.037115
0.0531251	0.00960228	0.0350466
0.0336134	0.0155972	0.0371919
0.0519332	0.0140629	0.0354233
0.0301206	0.00330414	0.0376123
0.0282782	0.0161808	0.0379211
0.021001	0.0119628	0.0386589
0.023328	0.00947977	0.0382559
0.0253006	0.0156725	0.038101
0.0258571	0.00474232	0.0379091
0.012551	0.0167682	0.0393903
0.0251299	0.0128721	0.0381784
0.0176519	0.0143	0.0389933
0.0259927	0.00982684	0.0379311
0.040678	0.0143067	0.0365101
0.0398	0.000361612	0.036423
0.0409164	0.00609605	0.0364753
0.0481775	0.014105	0.0357725
0.0334818	0.00270088	0.0370579
0.0451559	0.00562442	0.0359827
0.0417656	0.0126212	0.036367
0.0278167	0.0101476	0.0378172
0.0368399	0.00487892	0.0368682
0.0250481	0.0110537	0.0380174
0.0398077	0.0108887	0.03654
0.037694	0.0129122	0.0366898
0.0310236	0.0162129	0.0374552
0.0327037	0.0144142	0.0372242
0.0393728	0.0152488	0.0368383
0.0342348	0.00583561	0.0373474
0.044898	0.0033983	0.036086
0.0391299	0.0116914	0.0368541
0.0177069	0.01593	0.0389064
0.0370535	0.011451	0.037014
0.0334195	0.00730623	0.037263
0.0332825	0.0109746	0.0372421
0.0347519	0.00843908	0.0371123
0.0170019	5.24007e-05	0.0387572
0.0303497	0.0167748	0.0375594
0.0169163	0.00641529	0.0390046
0.0166356	0.014471	0.0387633
0.0451147	0.00944534	0.036099
0.00875481	0.00641765	0.0395549
0.0361591	0.0140505	0.0369287
0.0350119	0.00892409	0.0371459
0.038717	0.00834616	0.0368112
0.0281202	0.0105975	0.0378133
0.0406896	0.00692164	0.0364491
0.0240251	0.00894933	0.0381651
0.0443068	0.0107596	0.0359858
0.0300534	0.011386	0.0375064
0.0372312	0.0132379	0.0368305
0.05302	0.00825037	0.0354444
0.0302724	0.0139097	0.0375534
0.0216849	0.000596239	0.0384176
0.0186187	0.0128494	0.0388023
0.0264283	0.00216419	0.0378532
0.0210948	0.00380409	0.0384084
0.0417818	0.0164945	0.036496
0.0375693	0.0154988	0.036772
0.0143164	0.0097893	0.03925
0.0267867	0.000135224	0.0377212
0.0461056	0.0165579	0.0360042
0.04199	0.00545527	0.0363126
0.0469246	0.0027204	0.0360051
0.0363295	0.00764903	0.0368433
0.00107949	0.0113285	0.0402735
0.032722	0.0112106	0.0374507
0.0393052	0.0146814	0.0367319
0.0232661	0.0097169	0.0383653
0.0318787	0.0132965	0.0372973
0.0321343	0.00790614	0.0373182
0.0274199	0.0145678	0.0379718
0.00906506	0.0168687	0.0399756
0.0311562	0.0171263	0.0376058
0.00324008	0.00908216	0.0405034
0.0316701	0.0133272	0.0376175
0.0227541	0.0163231	0.0383849
0.03372	0.0167842	0.0373916
0.0248287	0.0147345	0.0381512
0.0394664	0.0101124	0.0365048
0.0186098	0.0121787	0.0386712
0.0291187	0.00756179	0.0376396
0.0285521	0.00887124	0.0377185
0.0159395	0.00961467	0.0390042
0.0149339	0.00728616	0.039003
0.0262349	0.0116142	0.0379589
0.0351632	0.00627936	0.0370538
0.0345573	0.000793787	0.0371436
0.0254735	0.011518	0.0379823
0.0383122	0.0118196	0.0366238
0.0380995	0.0114258	0.0367462
0.0342654	0.00744332	0.0370974
0.00960186	0.0106839	0.0398798
0.0142762	0.0117467	0.03915
0.00622677	0.0126781	0.0401894
0.0237369	0.00253072	0.0381872
0.0199948	0.00650833	0.038497
0.0207577	0.0167855	0.0386588
0.0169509	0.00923888	0.0390535
0.0201008	0.0146611	0.0385105
0.0342473	0.0139359	0.0370563
0.0452232	0.0149243	0.0359406
0.0184479	0.0063735	0.0386464
0.0293724	0.0141514	0.0375273
0.028766	0.0144642	0.0376888
0.0318946	0.00542321	0.0375532
0.0280229	0.0110973	0.0377011
0.0300129	0.00796476	0.0375585
0.0146379	0.000642342	0.0387906
0.0203206	0.000451208	0.0388692
0.0328135	0.0127994	0.0373316
0.0247982	0.0166551	0.0380743
0.0448861	0.0154872	0.0360513
0.0404618	0.0135411	0.0365303
0.0288497	0.0089805	0.0376546
0.034342	0.00040497	0.0369386
0.0231871	0.0106452	0.038328
0.0364041	0.00944635	0.0369152
0.0146364	0.0136862	0.0390543
0.0359101	0.00651323	0.0370579
0.0285892	0.00905044	0.0376408
0.0403997	0.0089645	0.0366557
0.00731684	0.0112838	0.0398424
0.0280602	0.011639	0.0378772
0.0339521	0.0160022	0.037382
0.0231651	0.00898909	0.0382655
0.0323439	0.0035175	0.0372172
0.0171992	0.0140043	0.0389475
0.0332786	0.0118996	0.0373503
0.036173	0.0115071	0.0368482
0.0292201	0.00310849	0.0375559
0.0326166	0.00550893	0.0372767
0.0380731	0.0167797	0.0368019
0.0355576	0.01613	0.0371319
0.0173346	0.0145874	0.038778
0.0241398	0.0107248	0.0381679
0.0346848	0.0166774	0.036911
0.0282484	0.00884378	0.0378833
0.0422323	0.00305906	0.0362298
0.0197507	0.00874645	0.0384762
0.0252083	0.00352466	0.0380227
0.0340638	0.0104473	0.0372364
0.0404732	0.0153457	0.0363883
0.0359996	0.00306119	0.036879
0.0191658	0.0130361	0.0388674
0.0331999	0.0106234	0.0373278
0.0152588	0.00866602	0.0392579
0.0379322	0.0159235	0.0368533
0.0412223	0.013588	0.0364294
0.0267097	0.00731803	0.0379613
0.0373865	0.00921749	0.0368985
0.0369178	0.0125433	0.0368631
0.0189945	0.0142421	0.0386272
0.0450484	0.0100899	0.0361166
0.00341	0.012158	0.0402353
0.0433662	0.0115987	0.0364576
0.0196109	0.00934045	0.0387499
0.0283526	0.0117777	0.0378153
0.0335262	0.0189309	0.0371768
0.0454181	0.0119048	0.0360153
0.0536247	0.00529999	0.0350472
0.0171999	0.00985583	0.038903
0.0314218	0.0106256	0.037501
0.0406433	0.0106465	0.0363672
0.033252	0.0108053	0.0373222
0.0233546	0.00996566	0.0381522
0.0307565	0.0090377	0.0375066
0.0315091	0.0106465	0.0374951
0.0126965	0.0084466	0.0394781
0.0275204	0.00316053	0.0378474
0.0377686	0.0167366	0.036931
0.0224825	0.00786609	0.0382853
0.0188639	0.0126466	0.0387954
0.0347808	0.00638953	0.0371845
0.0345937	0.00795464	0.0371106
0.0358575	0.0138842	0.0370481
0.0188451	0.01157	0.0387172
0.0401765	0.0109854	0.0366532
0.0190286	0.00161207	0.0384899
0.0239643	0.00760284	0.0381528
0.0217277	0.00564264	0.0382921
0.0324471	0.0166959	0.0376263
0.0309012	0.0130404	0.0375677
0.0181901	0.0160124	0.0387158
0.0319646	0.00595361	0.0373242
0.0140586	0.00450948	0.0394102
0.0353098	0.00670942	0.0369533
0.0123467	0.016466	0.0391678
0.0263792	0.00351808	0.0378444
0.0227979	0.00276395	0.0382747
0.0339883	0.015974	0.0372213
0.0432277	0.00744126	0.0363207
0.0299287	0.0171337	0.037767
0.0452359	0.0101254	0.0361664
0.025232	0.00632141	0.0380016
0.01052	0.00722366	0.0393402
0.0309172	0.0149608	0.0374949
0.023803	0.00384186	0.0381728
0.0206421	0.00674	0.0384556
0.0250672	0.0145554	0.0379576
0.0274815	0.0171968	0.0380424
0.0130428	0.0157139	0.0391646
0.0305051	0.0107561	0.0375627
0.00146729	0.000384113	0.0401336
0.028532	0.0139579	0.0378889
0.034555	0.0114706	0.0372291
0.033202	0.0123884	0.0372674
0.0309386	0.00144498	0.0374888
0.0325042	0.0121214	0.0373201
0.0194587	0.00912625	0.0385059
0.0476825	0.0150864	0.0358532
0.0258406	0.0149765	0.0381479
0.0159522	0.0120975	0.0390125
0.0470179	0.00958503	0.0359186
0.0327879	0.00900873	0.0374027
0.0314312	0.00939021	0.0374018
0.0293789	0.0103378	0.0376361
0.0183381	0.00385921	0.0386119
0.0453959	0.0127146	0.0360663
0.0309847	0.0103123	0.0374101
0.0301837	0.0119101	0.0376496
0.0215511	0.0108209	0.0385038
0.0214745	0.0141472	0.0386202
0.0375278	0.0136493	0.0368893
0.0300201	0.00824194	0.0376052
0.0292716	0.00964469	0.0377849
0.0377898	0.00908322	0.0367743
0.0244105	0.0148197	0.0380708
0.0245304	0.0144209	0.0381848
0.0452244	0.0137651	0.0362423
0.0305323	0.0124685	0.0375387
0.0181261	0.00967571	0.0388059
0.0370558	0.0145537	0.0368607
0.0329602	0.00923041	0.0372341
0.0233835	0.00804427	0.0382252
0.0315437	0.00488907	0.0373302
0.0362171	0.0107363	0.0371069
0.0266862	0.0166188	0.0379466
0.0248363	0.0130687	0.0380619
0.00932926	0.0153759	0.0396895
0.00819697	0.0157287	0.0398856
0.040065	0.0144964	0.0363491
0.0428864	0.0153206	0.036507
0.0382009	0.013055	0.0368132
0.0180446	0.00158333	0.0390837
0.0176235	0.016767	0.0390526
0.0290492	0.000762127	0.0376634
0.0161645	0.00560221	0.0388157
0.032481	0.0104783	0.0372652
0.0302491	0.013129	0.0375029
0.0468022	0.00998291	0.0360876
0.0253198	0.00777178	0.0380189
0.0192738	0.00874343	0.0385723
0.0344922	0.00967519	0.0371864
0.00219756	0.00629845	0.0403709
0.0237912	0.00589716	0.0380974
0.0428794	0.0143994	0.0363968
0.0265793	0.0143015	0.0380237
0.0403161	0.0162578	0.036494
0.0253623	0.00727108	0.0380055
0.0274748	0.00460108	0.0378136
0.0310113	0.0057309	0.0375214
0.0397854	0.00855494	0.0367127
0.0333277	0.00619135	0.0372254
0.0345922	0.00889654	0.0372178
0.0404256	0.00911148	0.0366112
0.0247062	0.0114017	0.0381683
0.0409783	0.0144227	0.03641
0.0366471	0.0101075	0.0369911
0.0332768	0.0108237	0.0373127
0.0486441	0.00243363	0.035674
0.0175404	0.0135486	0.0389545
0.0293808	0.00976328	0.0376702
0.0349696	0.00929956	0.0371413
0.0336543	0.0106973	0.0372454
0.0356796	0.00906343	0.0370559
0.029564	0.0141788	0.0375562
0.0378062	0.0106193	0.0367549
0.031138	0.00786505	0.0375885
0.0337425	0.00494634	0.0372558
0.0142085	0.00153098	0.0389291
0.0434884	0.0145123	0.0363363
0.0295012	0.0176556	0.0376077
0.0200376	0.00731112	0.0385088
0.0130921	0.00283842	0.0391014
0.0435124	0.0115306	0.0362546
0.0314703	0.00568515	0.0374551
0.0359754	0.0137126	0.0369824
0.0335136	0.00499639	0.0371678
0.0428414	0.00917923	0.0363038
0.0400008	0.0159734	0.0365058
0.0321848	0.00328825	0.037338
0.0261435	0.00655042	0.0379781
0.0245517	0.00694671	0.0380661
0.02313	0.0134816	0.0384337
0.0223294	0.00784905	0.0383462
0.0284991	0.0127289	0.03771
0.0122518	0.00974416	0.0394052
0.0341168	0.0127417	0.0372864
0.0350286	0.0133772	0.0372249
0.0232635	0.0089537	0.038406
0.0208394	0.0107777	0.0384099
0.0385027	0.00691438	0.0366825
0.0155858	0.0138967	0.0388605
0.0434317	0.00413515	0.0364015
0.0215954	0.00434737	0.0384217
0.0231851	0.00496728	0.0382504
0.0210702	0.00742312	0.0384194
0.0325711	0.0077329	0.037283
0.0322196	0.00406948	0.0372407
0.031758	0.00774056	0.0373977
0.0119037	0.00321192	0.039311
0.0363584	0.00721473	0.0370306
0.0111549	0.00942722	0.0395052
0.0162549	0.016972	0.0387682
0.0288679	0.0109599	0.0377389
0.0319548	0.0137802	0.0375354
0.0212102	0.0130185	0.0385945
0.0314391	0.00964646	0.0374464
0.0134566	0.0137932	0.0394205
0.0362638	0.011373	0.0370581
0.025048	0.0159998	0.0382417
0.0244365	0.0068589	0.0380973
0.0363072	0.0076709	0.036884
0.0259947	0.00889573	0.0379638
0.0347516	0.0129777	0.0370669
0.0162674	0.014683	0.0390473
0.0306661	0.00174765	0.0375052
0.0229473	0.0148515	0.0382453
0.0385217	0.0146698	0.0365447
0.0391469	0.0129772	0.0366696
0.0244649	0.00922937	0.0382562
0.0323108	0.0155354	0.0373373
0.0424362	0.0072894	0.03635
0.048576	0.0116179	0.0357009
0.0392606	0.0130765	0.0365972
0.0363239	0.00869112	0.0369808
0.0310319	0.00525955	0.0375504
0.0261752	0.0130153	0.0379188
0.0173983	0.0145105	0.0386784
0.0424469	0.00107271	0.0365405
0.027137	0.0123358	0.0378533
0.0419061	0.0157004	0.0363566
0.0291011	0.0112312	0.0377439
0.014081	0.00375038	0.0390022
0.0203606	0.0162412	0.0384877
0.0237657	0.0141314	0.0381859
0.0328372	0.013935	0.0373425
0.0437143	0.0127147	0.0364369
0.0295953	0.00737208	0.0375461
0.0311558	0.00976	0.0374147
0.0360902	0.0156617	0.0370774
0.036083	0.00201649	0.036978
0.0394601	0.00846135	0.0366182
0.0377693	0.0152324	0.0367592
0.0367663	0.0163352	0.0367835
0.00901587	0.00644769	0.0396789
0.0219909	0.01174	0.0383896
0.0187076	0.00776165	0.038551
0.0218355	0.00109996	0.0381243
0.0166259	0.00823878	0.0389341
0.0134109	0.00599144	0.03932
0.0282978	0.00522592	0.0377257
0.0297554	0.00706394	0.037617
0.0225313	0.0070454	0.0384585
0.0381908	0.0121795	0.0368897
0.0265592	0.0146568	0.0378042
0.0389127	0.00129911	0.036721
0.0357668	0.0158001	0.0369198
0.043031	0.0102616	0.0362507
0.0369016	0.0143413	0.0370618
0.026873	0.00131595	0.0377199
0.0330884	0.0068701	0.0372956
0.0397875	0.0152399	0.0368091
0.0311883	0.0108417	0.037484
0.0442101	0.00899968	0.0360655
0.0335809	0.00845756	0.0372871
0.0267994	0.00944336	0.0378634
0.0280202	0.0118144	0.0378102
0.0285246	0.0102331	0.0377376
0.021126	0.00680106	0.038572
0.0301809	5.5243e-05	0.0375049
0.0337315	0.0103065	0.0371452
0.0374008	0.0147092	0.0369186
0.02809	0.00331944	0.037674
0.032847	0.0124796	0.0373924
0.0481943	0.0118547	0.0359066
0.0349707	0.0151754	0.0371666
