0.0274569	0.0112106	0.111287
0.0311933	0.011254	0.101571
0.0271133	0.0105884	0.0622587
0.0340287	0.0113525	0.084237
0.0280741	0.00973627	0.100188
0.0296503	0.0123415	0.0995228
0.0239729	0.00539851	0.0713293
0.033167	0.0120683	0.0830278
0.0332965	0.008083	0.0411097
0.0290533	0.0115413	0.100088
0.0350216	0.00563332	0.157668
0.0332494	0.0106256	0.0639488
0.028478	0.0135433	0.202704
0.0314721	0.00783422	0.0623327
0.0345217	0.0106855	0.160075
0.0349596	0.00626396	0.160658
0.0283463	0.0122935	0.0920396
0.0376807	0.0131664	0.139731
0.0311666	0.0126898	0.130655
0.0300852	0.00702467	0.207552
0.0281778	0.00664214	0.113583
0.0388477	0.00971724	0.228627
0.0338472	0.0128174	0.113381
0.0294517	0.0054323	0.225872
0.0359765	0.00714397	0.074458
0.0309523	0.00828556	0.192731
0.032207	0.0130753	0.0674753
0.0283272	0.00598242	0.142892
0.0321802	0.00795721	0.024367
0.0197037	0.0124011	0.101301
0.0342271	0.0061641	0.0459864
0.0248435	0.0119799	0.087161
0.0291758	0.0119018	0.0509579
0.0258151	0.00559643	0.0423448
0.0293043	0.0119071	0.0799824
0.0286537	0.0104922	0.149808
0.0245533	0.0103739	0.0948953
0.0322262	0.0104045	0.044141
0.0355129	0.0123813	0.0861229
0.0276865	0.00660606	0.0529443
0.0280169	0.0129291	0.0911674
0.0355636	0.00919399	0.238343
0.0364405	0.0121823	0.0890185
0.032522	0.00990552	0.0735058
0.0290285	0.00988119	0.181218
0.0329108	0.0106705	0.0172203
0.0299154	0.0100651	0.235055
0.0322224	0.00809072	0.103958
0.0259996	0.00817163	0.075108
0.0264411	0.0100482	0.195393
0.0228528	0.0097703	0.0323786
0.0190407	0.0105231	0.0886101
0.0326251	0.00734899	0.33724
0.0272882	0.00933484	0.111266
0.0264309	0.0118615	0.108114
0.0277223	0.0070076	0.0546515
0.0285122	0.0027987	0.241748
0.0314346	0.0101388	0.027678
0.0310504	0.0136855	0.0176317
0.0267016	0.00790466	0.174705
0.0315902	0.0120503	0.107614
0.0308653	0.0108909	0.0535395
0.0234863	0.0103971	0.120854
0.0376558	0.0116384	0.078877
0.0342049	0.00593428	0.0563184
0.0233139	0.0100999	0.0434752
0.0211216	0.00883767	0.0858079
0.0250535	0.0107435	0.102483
0.0352996	0.0115656	0.0965572
0.0365584	0.0124093	0.121556
0.0315968	0.0081861	0.0409972
0.0229464	0.010849	0.0401823
0.0207706	0.0122611	0.113952
0.0140922	0.0102719	0.063898
0.0351332	0.0130949	0.0649315
0.0305115	0.0101417	0.0873079
0.0323103	0.0118005	0.247128
0.033099	0.00915121	0.112154
0.034373	0.0127357	0.00981318
0.0285664	0.0125597	0.140788
0.0287259	0.00854212	0.209741
0.0313541	0.00819728	0.0251126
0.0283356	0.00903894	0.105115
0.0191608	0.01146	0.119512
0.027107	0.0100556	0.0609589
0.0309202	0.00658519	0.0530054
0.0375583	0.00928551	0.0403354
0.0244985	0.00726484	0.0670912
0.0277468	0.00956438	0.147183
0.0367501	0.0116663	0.0679414
0.0362799	0.0106011	0.119244
0.0292055	0.00734967	0.353105
0.0373067	0.0120175	0.0557327
0.0291127	0.0103568	0.171704
0.0414959	0.0139968	0.0258356
0.034796	0.00794684	0.0625808
0.0300586	0.0127028	0.00832677
0.0286984	0.0136444	0.145963
0.0279247	0.00979859	0.102609
0.0331185	0.00933584	0.0439748
0.0326839	0.0118103	0.149265
0.0258184	0.00895979	0.008082
0.0279366	0.0127565	0.0382469
0.0300157	0.0108186	0.107541
0.0321246	0.0126559	0.0527863
0.0347674	0.012827	0.0645808
0.0223039	0.00364651	0.0641275
0.0297563	0.00873811	0.185977
0.0358587	0.00821964	0.0970665
0.0333702	0.0111115	0.15566
0.0368845	0.0111757	0.0562499
0.0334581	0.00942513	0.106498
0.0331285	0.0082901	0.0482749
0.0345118	0.00410207	0.16242
0.0261721	0.0139132	0.134789
0.0321658	0.00964784	0.0438422
0.0318454	0.0122512	0.218968
0.0294884	0.0121716	0.141886
0.0305575	0.00967189	0.0437806
0.0308403	0.0105465	0.187032
0.0239277	0.00889582	0.00954019
0.0275853	0.00783781	0.10013
0.0308066	0.0120148	0.0419993
0.0281903	0.0102518	0.0668598
0.0311801	0.0126184	0.0631738
0.0310465	0.0131195	0.0284557
0.0232836	0.00847269	0.126992
0.0292489	0.00805836	0.10524
0.0330728	0.00739174	0.0464826
0.0302059	0.0108135	0.0500267
0.0347765	0.00899258	0.108327
0.0310741	0.00761456	0.0732993
0.0340723	0.00934166	0.0743589
0.0300776	0.00327177	0.0518092
0.0290463	0.0120397	0.178887
0.0302432	0.00837647	0.107485
0.0213201	0.0111329	0.0817199
0.0373027	0.0142301	0.139653
0.0256048	0.0105419	0.0300942
0.0380111	0.00804138	0.163018
0.0340688	0.00710661	0.0452073
0.0368911	0.0061357	0.0510938
0.0357365	0.0107072	0.115562
0.0363548	0.00997602	0.0444137
0.0342038	0.0123209	0.16707
0.0329551	0.0099014	0.140986
0.0257294	0.0134506	0.165651
0.0284117	0.00951653	0.248007
0.0239497	0.0125911	0.04078
0.0291234	0.00899196	0.0448648
0.0334315	0.0101617	0.153419
0.0363082	0.0130129	0.0769802
0.031186	0.00922829	0.111411
0.0295191	0.00449414	0.0495162
0.0343263	0.0101808	0.0459143
0.0322066	0.0103936	0.0282075
0.028384	0.0132689	0.102577
0.0223795	0.0110634	0.101288
0.0359252	0.00609941	0.0464745
0.0296616	0.0103137	0.0275442
0.0263014	0.0069688	0.0682023
0.0240295	0.0132827	0.0948152
0.0385047	0.0120291	0.0797145
0.0361816	0.00916971	0.149256
0.0396856	0.00635289	0.0386921
0.0351054	0.0148276	0.152443
0.0291263	0.0114499	0.0443201
0.0274396	0.0103888	0.0280497
0.0403219	0.0112705	0.0783078
0.0232095	0.00917753	0.0576085
0.0261183	0.00993506	0.0969642
0.0319117	0.0100013	0.153091
0.0256712	0.0129439	0.0709759
0.0401401	0.00930093	0.0618991
0.025873	0.00696514	0.179881
0.0251385	0.0113035	0.210872
0.0362987	0.0100495	0.150837
0.0264254	0.0102313	0.0459994
0.0298281	0.00836911	0.0414541
0.0391858	0.0103848	0.287226
0.0334717	0.00792227	0.0546908
0.0321035	0.00965774	0.13599
0.0269476	0.00782056	0.0360396
0.0317707	0.0102978	0.048042
0.0319452	0.01163	0.0941616
0.0409863	0.00830902	0.0456972
0.0294823	0.0101548	0.0455174
0.0397235	0.00847829	0.0491993
0.0342334	0.00794631	0.0243271
0.0272291	0.00962389	0.17792
0.0257661	0.00706559	0.0419964
0.0291887	0.0104548	0.106777
0.0252336	0.0112801	0.111261
0.0264614	0.011932	0.130786
0.025649	0.0111925	0.107584
0.0252884	0.0110106	0.168648
0.0271676	0.00862413	0.181086
0.0291975	0.0144554	0.0459714
0.0250519	0.00820494	0.121918
0.0317791	0.00557583	0.05969
0.0298066	0.0111131	0.066921
0.0247239	0.0103127	0.161628
0.0243804	0.00853953	0.186282
0.0352283	0.0127613	0.131092
0.032318	0.0115286	0.0300476
0.0329524	0.0091575	0.0530111
0.0234108	0.00829954	0.189283
0.0295509	0.00925789	0.0668974
0.0271763	0.00862582	0.256069
0.0251496	0.00807177	0.0433101
0.0302882	0.0102167	0.107916
0.0256369	0.00445397	0.155417
0.0324636	0.00934081	0.137342
0.0224676	0.00363438	0.201361
0.0307587	0.0105058	0.110462
0.034058	0.0142784	0.0170773
0.0258746	0.0113441	0.107891
0.0280921	0.0128541	0.0765979
0.026352	0.00854779	0.076112
0.0214284	0.0092337	0.043845
0.0311841	0.0116416	0.0526256
0.0264185	0.00905161	0.149862
0.0214473	0.00390959	0.141741
0.0345978	0.0122751	0.146805
0.0410762	0.00705248	0.100337
0.0330266	0.0111462	0.208443
0.0278007	0.00700069	0.328933
0.031721	0.0118593	0.0437406
0.0314994	0.00469541	0.123029
0.0300756	0.00734959	0.11886
0.0294092	0.0104264	0.0639955
0.0404026	0.0105603	0.118591
0.036713	0.00735661	0.064272
0.0328717	0.0102407	0.244257
0.0292304	0.00995628	0.0554049
0.0324603	0.0068086	0.157995
0.0328828	0.0112259	0.106517
0.0243815	0.0106773	0.0469065
0.0348935	0.00712939	0.05818
0.026557	0.010978	0.157587
0.0314191	0.00906763	0.0738818
0.0255585	0.00801945	0.148219
0.0322577	0.0061115	0.121111
0.0316872	0.013229	0.0856157
0.0331367	0.014137	0.133663
0.0237797	0.0144045	0.114052
0.0336982	0.00730072	0.0867345
0.0392346	0.0109966	0.0783416
0.0274384	0.00805998	0.136874
0.0345897	0.0112777	0.093902
0.0256771	0.0108143	0.0550161
0.0266805	0.00993409	0.0535134
0.0318012	0.0125302	0.199862
0.0336202	0.0122798	0.0398969
0.036019	0.0122418	0.130794
0.0289069	0.0111876	0.0313809
0.0304657	0.013919	0.0748864
0.0316635	0.0130403	0.16359
0.0289003	0.00765869	0.0363165
0.0305846	0.0103224	0.0443352
0.030316	0.013879	0.043442
0.0285218	0.0127999	0.0817811
0.032789	0.00862201	0.109641
0.0367124	0.00904563	0.113102
0.0289578	0.0142614	0.0701887
0.0314655	0.0118713	0.181738
0.0277186	0.0110845	0.102091
0.0238211	0.0111678	0.0420175
0.0279102	0.00966714	0.0176769
0.0274954	0.0100754	0.189393
0.029641	0.0130822	0.139291
0.029148	0.010013	0.218962
0.0266471	0.00953678	0.137366
0.0305394	0.0103089	0.0260276
0.033429	0.0141689	0.0762852
0.0231793	0.0115807	0.0762021
0.0223983	0.00837306	0.139117
0.0289927	0.0118999	0.105602
0.0312812	0.00868266	0.143592
0.0259817	0.00996665	0.106461
0.0394932	0.00902675	0.0348452
0.0330242	0.0132639	0.149341
0.0290948	0.00741646	0.0254693
0.024796	0.00661337	0.0701695
0.03004	0.0118613	0.0752829
0.0335527	0.0125686	0.0795584
0.0304587	0.00581464	0.044606
0.0365569	0.012159	0.0738629
0.0286465	0.0114286	0.0987511
0.0314514	0.00859256	0.0710611
0.0272691	0.0117814	0.0521972
0.0253882	0.0101688	0.0592822
0.0281408	0.00763978	0.0105312
0.0279496	0.0094362	0.0708668
0.0325888	0.0098011	0.0282979
0.0380936	0.00850138	0.249846
0.0355616	0.0122116	0.172969
0.034497	0.011742	0.0138984
0.0286346	0.00894656	0.137189
0.0311703	0.0105161	0.0947109
0.0309805	0.0080286	0.254968
0.0305645	0.00840551	0.0367157
0.0260333	0.0106603	0.0433756
0.0285392	0.00853983	0.0968405
0.0312644	0.0130967	0.143796
0.0357239	0.00618543	0.0610959
0.0376333	0.0117242	0.0517533
0.0240835	0.0133923	0.1428
0.0328135	0.00828907	0.106223
0.0294246	0.00909003	0.169281
0.0312002	0.0119841	0.0820956
0.0269358	0.0126067	0.0621496
0.0391298	0.0078835	0.0648784
0.0321274	0.00871676	0.0463591
0.0322615	0.0105142	0.0725961
0.0267328	0.00978957	0.176108
0.029043	0.00860031	0.168282
0.0297885	0.00836641	0.0483009
0.02733	0.00789312	0.0615003
0.0213019	0.0120856	0.0711257
0.0267985	0.0109877	0.0984453
0.0282675	0.0115652	0.0956394
0.0238717	0.012238	0.106706
0.024937	0.014369	0.0715406
0.0226745	0.00714506	0.127342
0.027478	0.00855856	0.103137
0.0331915	0.0101679	0.0991013
0.0229124	0.0122231	0.0456184
0.0308962	0.0116573	0.100125
0.0264953	0.00783434	0.110765
0.0251033	0.0122938	0.100573
0.0273955	0.00495419	0.0692912
0.033292	0.00907663	0.160251
0.0307758	0.0125339	0.142871
0.0367587	0.0101586	0.0878868
0.0320699	0.00685112	0.10908
0.0326261	0.0107526	0.14684
0.0223357	0.00846205	0.214317
0.0313818	0.0083951	0.0349898
0.0244254	0.0124645	0.0408419
0.0363698	0.0130539	0.152333
0.0336945	0.00862707	0.0158123
0.02737	0.0131002	0.0837539
0.022001	0.00783319	0.0473772
0.0348375	0.0137741	0.139981
0.0271034	0.00874322	0.102853
0.0291126	0.00938468	0.17711
0.0288976	0.00916665	0.082432
0.020342	0.0127505	0.0537659
0.0259295	0.0109273	0.0532086
0.0230382	0.0109544	0.0960829
0.0322336	0.00773254	0.182544
0.0288514	0.0127318	0.0481767
0.0389874	0.0106288	0.0762576
0.0322911	0.007799	0.050408
0.0342222	0.00878572	0.0759287
0.0371483	0.00923207	0.0523017
0.0303226	0.00865004	0.0514985
0.0203194	0.0083787	0.065839
0.0338418	0.00642091	0.0525611
0.028936	0.00993416	0.0284242
0.0321874	0.0110624	0.0447252
0.0318319	0.0118789	0.0432054
0.0324049	0.00629437	0.0521673
0.0264328	0.0109422	0.049627
0.0298463	0.0132322	0.1761
0.0305635	0.0114582	0.117439
0.0294249	0.00914711	0.106092
0.029872	0.0101631	0.0964793
0.0305492	0.0089932	0.0358776
0.027351	0.00508251	0.219983
0.0351383	0.00755989	0.0624166
0.0305273	0.0134202	0.127468
0.0368562	0.0126287	0.101812
0.0213501	0.00852465	0.0513433
0.0269071	0.00919501	0.0885303
0.0350235	0.0114606	0.112616
0.0309342	0.00677759	0.0661738
0.0400474	0.00803185	0.0687766
0.0317701	0.0125291	0.375272
0.0254991	0.00554478	0.222438
0.0367871	0.0115612	0.0444093
0.0305987	0.00951123	0.150127
0.0337256	0.00827751	0.100032
0.0411916	0.0110934	0.00355406
0.0247219	0.00518372	0.0900631
0.0308073	0.00927905	0.0753997
0.0332207	0.00836824	0.268999
0.0202135	0.0101406	0.100872
0.0281457	0.00984614	0.104707
0.031216	0.0113357	0.246624
0.031472	0.010042	0.216327
0.0226203	0.0136561	0.126776
0.0263159	0.00940824	0.233792
0.0284741	0.010358	0.0727587
0.0276997	0.0134398	0.0680387
0.0324424	0.00233193	0.125835
0.0348095	0.00781665	0.0246305
0.0320481	0.0124671	0.21557
0.0363395	0.00870369	0.262825
0.0282218	0.00864768	0.0471716
0.0243314	0.0104873	0.219502
0.0184009	0.00945016	0.198153
0.0287501	0.00960789	0.025689
0.0307436	0.00285896	0.0362661
0.0359366	0.00852421	0.0474569
0.0303652	0.0119789	0.144511
0.0280486	0.0109246	0.0361407
0.022772	0.0110424	0.0215909
0.0278656	0.00946915	0.161367
0.0332327	0.00895173	0.16182
0.0367398	0.00899064	0.183663
0.0346317	0.00862284	0.106646
0.0304902	0.0121312	0.0652596
0.0276089	0.0153526	0.0451014
0.0305223	0.00949648	0.0539301
0.0305606	0.0089156	0.0719177
0.0393229	0.0130538	0.113247
0.0371455	0.0119648	0.153382
0.0404298	0.00746018	0.189011
0.0263065	0.0122729	0.0614039
0.0278528	0.0134348	0.138778
0.0242958	0.0108301	0.138634
0.0269624	0.0108561	0.0538263
0.0364612	0.00602923	0.188379
0.0224009	0.0137897	0.0535961
0.0262982	0.0104657	0.214936
0.0398653	0.00883851	0.161079
0.020224	0.00701005	0.0314327
0.0360507	0.0113272	0.0697492
0.0272274	0.00871667	0.149572
0.0337575	0.00802825	0.162713
0.0208863	0.00913665	0.17614
0.0337458	0.0108618	0.0374713
0.0316291	0.0149809	0.082987
0.03766	0.0102084	0.154583
0.0349762	0.0133838	0.118482
0.0289196	0.00741439	0.0253422
0.0193654	0.0102578	0.204152
0.0324447	0.0085037	0.0685221
0.0278971	0.0103087	0.0366161
0.0383959	0.0105126	0.0412142
0.021934	0.0131399	0.0420304
0.0306262	0.0112563	0.0449215
0.0336512	0.00981601	0.0507626
0.0367654	0.011136	0.140519
0.036556	0.0102623	0.0917072
0.0303968	0.00931402	0.0540307
0.032976	0.0128914	0.140257
0.0343305	0.0121555	0.0816536
0.0306121	0.00996141	0.0283966
0.0318399	0.0059502	0.115383
0.0301003	0.00855483	0.0284161
0.025975	0.0081302	0.14783
0.0285544	0.00528983	0.130416
0.0285827	0.00939968	0.19354
0.0323575	0.00668652	0.0250043
0.0297154	0.0120105	0.0395829
0.0357005	0.00975122	0.109485
0.0274348	0.0126139	0.0415452
0.0355448	0.0129661	0.142233
0.0342888	0.00737548	0.099622
0.027604	0.00654313	0.0415501
0.0307401	0.00873992	0.0473693
0.0332178	0.00926961	0.114655
0.0356202	0.00821045	0.0983637
0.0295321	0.0102599	0.145347
0.0328479	0.0111782	0.0435988
0.0320727	0.00852679	0.216788
0.0184807	0.010261	0.130131
0.0346354	0.00940533	0.089949
0.0265813	0.0122268	0.0428362
0.0264273	0.00996628	0.0447498
0.0205733	0.00818698	0.13573
0.0291569	0.00657908	0.0150157
0.0259971	0.0134658	0.141835
0.0323004	0.0107985	0.0975649
0.0317022	0.00822246	0.094221
0.0411758	0.00782328	0.117992
0.0314451	0.00901305	0.138798
0.0373804	0.00752757	0.0873754
0.0334644	0.00564267	0.283995
0.03098	0.0108153	0.143483
0.0242078	0.0136726	0.186951
0.0327477	0.0110781	0.150266
0.0292579	0.013151	0.220768
0.0228281	0.0112219	0.145486
0.0255756	0.0114723	0.108541
0.0321866	0.00954085	0.0162486
0.0253369	0.00922873	0.0954586
0.030711	0.0104974	0.0412806
0.0319334	0.0116198	0.0734894
0.0304332	0.0104071	0.190092
0.0316368	0.0137968	0.142061
0.0322391	0.00571431	0.227543
0.0237105	0.0107516	0.119435
0.0307929	0.00767053	0.107988
0.0301196	0.010602	0.0241594
0.0285415	0.0119184	0.177036
0.0247896	0.00611429	0.0532963
0.0281733	0.0115727	0.10636
0.0251989	0.00976921	0.191784
0.028327	0.00898033	0.0888392
0.0277073	0.012167	0.109575
0.0282717	0.00761797	0.058308
0.0361566	0.00385972	0.0644766
0.0289883	0.00891901	0.0256579
0.0307723	0.00803617	0.1135
0.0173573	0.0120532	0.0527117
0.0282521	0.0113244	0.0153577
0.0363498	0.00842173	0.0603905
0.0339643	0.0135676	0.107279
0.0342183	0.00919248	0.101419
0.0408932	0.0104855	0.0662059
0.0311331	0.0107546	0.115344
0.0376742	0.0106327	0.0271789
0.029164	0.0102524	0.215295
0.0339793	0.00464381	0.208003
0.0247836	0.00975697	0.0986585
0.0260239	0.00934524	0.162428
0.0266747	0.00945009	0.106763
0.027568	0.0133723	0.110014
0.0326876	0.0108955	0.100219
0.031019	0.00523483	0.0774523
0.0251343	0.0116933	0.0994446
0.0267584	0.00842948	0.106803
0.0343049	0.00900265	0.0434499
0.02993	0.0108895	0.0453338
0.0283953	0.00872745	0.153907
0.0278918	0.00938934	0.0413489
0.0246949	0.0104249	0.0551301
0.0308107	0.00677979	0.0385269
0.0271046	0.0108366	0.196598
0.0311243	0.00858676	0.0249685
0.0398499	0.00883569	0.0937631
0.0268696	0.00700718	0.0726542
0.0270659	0.00988438	0.0461037
0.0333033	0.00717744	0.103587
0.0231993	0.0105587	0.113659
0.0315164	0.0110459	0.112063
0.0250468	0.0135911	0.159728
0.0283943	0.00996603	0.107159
0.0388723	0.0119871	0.026904
0.0158532	0.0105178	0.0701969
0.0281236	0.0121899	0.110234
0.0337537	0.00958717	0.0960032
0.0312873	0.00767808	0.0956079
0.0277633	0.0105733	0.184795
0.0252511	0.00561647	0.142585
0.0254048	0.00706344	0.209846
0.0316567	0.0106232	0.135015
0.0285673	0.00733389	0.207513
0.0299814	0.0112464	0.0410044
0.0321112	0.00872319	0.0725415
0.036007	0.0107354	0.0622739
0.0311738	0.00871305	0.010089
0.0274752	0.0117527	0.0419603
0.0294839	0.0106613	0.0778405
0.0352998	0.00808435	0.0483038
0.0296712	0.0122943	0.124781
0.0262891	0.010546	0.044981
0.0332628	0.0113821	0.045711
0.0254139	0.0113375	0.0886362
0.0306532	0.00209859	0.0221222
0.0298801	0.0113872	0.0532935
0.0321652	0.00655361	0.228198
0.0384456	0.0116617	0.11719
0.03562	0.00636095	0.0473464
0.0266029	0.00950185	0.113957
0.0315333	0.00951968	0.184394
0.0226661	0.0107832	0.116204
0.0349931	0.0104156	0.0386901
0.0328714	0.0109522	0.0164072
0.025488	0.011272	0.0518722
0.0286346	0.0125488	0.0165677
0.0328879	0.00715682	0.0550252
0.023956	0.00376064	0.0661443
0.0292782	0.00710293	0.11479
0.0300951	0.00661175	0.120378
0.034837	0.00921849	0.047705
0.0225861	0.00758656	0.0515566
0.0234145	0.00793156	0.139216
0.0305567	0.00791647	0.0669446
0.031418	0.0120467	0.148243
0.0224648	0.00965454	0.117814
0.025108	0.00764756	0.150924
0.0227772	0.00638865	0.158079
0.0363717	0.00975212	0.0467082
0.0231216	0.0116317	0.192193
0.0323475	0.0126703	0.0112563
0.028453	0.00656988	0.0822613
0.0209324	0.012312	0.1018
0.0383316	0.0124141	0.017129
0.0311411	0.0100825	0.0413864
0.0357292	0.00993951	0.146499
0.0327562	0.00746278	0.146384
0.0368373	0.00979751	0.13894
0.0332015	0.00985645	0.0486117
0.0357512	0.0114306	0.0556459
0.0272526	0.00551327	0.0546401
0.0282998	0.0125904	0.134412
0.0297154	0.0136064	0.108498
0.0362006	0.011036	0.150404
0.0298643	0.0081384	0.025828
0.033927	0.00961032	0.0939399
0.0223997	0.00767619	0.063709
0.0329986	0.0132677	0.0383662
0.029063	0.00615207	0.0575441
0.0316802	0.0119035	0.230697
0.026557	0.00915823	0.0267238
0.0360338	0.0121799	0.0790129
0.0310664	0.0104196	0.107668
0.0288633	0.0106537	0.315859
0.0272766	0.00829388	0.0800774
0.0279591	0.00651858	0.160949
0.0259202	0.010107	0.0382853
0.0264436	0.00691225	0.208963
0.0254137	0.00680874	0.0294204
0.0350702	0.0132081	0.134229
0.0234381	0.00907242	0.184065
0.0402387	0.00999053	0.081638
0.0362361	0.00960012	0.00912691
0.0350901	0.00956673	0.112838
0.0231385	0.00881685	0.0320012
0.0259379	0.0089015	0.114788
0.033065	0.0135636	0.115577
0.0285689	0.0126141	0.0770983
0.0235463	0.00748735	0.187541
0.0304187	0.00391986	0.0516432
0.0284838	0.0130942	0.105385
0.0284825	0.0117715	0.0420144
0.0256754	0.0103593	0.0392117
0.0389764	0.0103273	0.0746128
0.0298887	0.0121893	0.149914
0.0287303	0.0100812	0.0505219
0.0250547	0.0134912	0.370885
0.0356422	0.0122508	0.148189
0.0223459	0.0121665	0.045937
0.0238277	0.010028	0.044581
0.0179943	0.0117649	0.0244797
0.0229559	0.0140094	0.0405534
0.0268916	0.0101509	0.154587
0.0313451	0.0113279	0.0172501
0.0348693	0.00810359	0.0416809
0.0311888	0.0142816	0.0800003
0.0385316	0.00914571	0.099156
0.0343188	0.0059708	0.0824786
0.022183	0.0102365	0.0597298
0.0302522	0.0112224	0.092672
0.0320044	0.00615412	0.040226
0.0294495	0.00689281	0.124131
0.025365	0.00902555	0.0448995
0.0257229	0.00658562	0.229083
0.0303152	0.00995283	0.10693
0.0363776	0.0120875	0.0642994
0.0337782	0.00831772	0.104211
0.0272525	0.00871392	0.0285168
0.0339821	0.00836573	0.0574241
0.031065	0.0130068	0.0639376
0.0305351	0.013145	0.0627859
0.0297776	0.0107479	0.03537
0.0372003	0.010437	0.121284
0.0332074	0.00761382	0.153799
0.0239619	0.0105122	0.105707
0.03568	0.0120626	0.0395935
0.0289109	0.0155075	0.115369
0.0361088	0.00853158	0.0959229
0.0305871	0.0107294	0.11451
0.0288954	0.0130279	0.163891
0.0326763	0.00714898	0.104375
0.0295245	0.0113407	0.0392307
0.0240123	0.005224	0.0930537
0.0291779	0.010568	0.15241
0.0311789	0.00894389	0.0786979
0.0296703	0.0138675	0.0521381
0.0306125	0.0125108	0.0475194
0.0262832	0.0102764	0.0776711
0.0300298	0.010574	0.106478
0.0315085	0.00949891	0.143541
0.0336884	0.00732736	0.0464168
0.0267979	0.0149116	0.0502376
0.0324901	0.0105237	0.0908956
0.0226553	0.0133743	0.100142
0.0347603	0.0107747	0.10284
0.0308424	0.0108951	0.0940761
0.0348262	0.0079995	0.0123567
0.0245732	0.010898	0.0269031
0.0263635	0.011393	0.0959162
0.0261182	0.00731121	0.00984342
0.0264226	0.014243	0.0916785
0.0260843	0.00705513	0.0611667
0.0251317	0.00683548	0.0533655
0.0275242	0.0134664	0.102683
0.0304351	0.00983304	0.0915785
0.0346761	0.0069996	0.156171
0.0233858	0.00881712	0.0483912
0.0358196	0.00914202	0.0915969
0.0314955	0.01215	0.0481669
0.0286486	0.0133533	0.143469
0.0237732	0.00994601	0.151504
0.0265745	0.0096945	0.0982758
0.0401678	0.00900473	0.146867
0.0281903	0.00659231	0.0257166
0.0356647	0.0131139	0.134091
0.0266776	0.0116169	0.0669674
0.0291846	0.0119787	0.0680863
0.0364265	0.0115713	0.10685
0.0325048	0.00925928	0.10219
0.0242385	0.00918632	0.0279005
0.0363507	0.00516024	0.196283
0.0333561	0.0142082	0.0342618
0.0229135	0.0118352	0.1075
0.0250918	0.0103123	0.161304
0.0335656	0.00657021	0.101141
0.0276889	0.00977934	0.0840975
0.027664	0.00856168	0.118176
0.0263982	0.0113976	0.0167641
0.0339956	0.00949389	0.114308
0.0281298	0.00960421	0.229514
0.0302391	0.0121039	0.0518008
0.0382214	0.00997182	0.0432687
0.0308969	0.0102758	0.0939486
0.0322816	0.0135379	0.0929059
0.0310393	0.00787766	0.1033
0.0304557	0.0111482	0.076419
0.0306791	0.0131586	0.303392
0.0358795	0.00879949	0.0966266
0.0334504	0.00957727	0.114598
0.0393879	0.0116483	0.0830259
0.0312517	0.0126157	0.109619
0.0375116	0.00887272	0.149175
0.0208377	0.0119319	0.0235923
0.0350452	0.0117231	0.143023
0.0255488	0.00994888	0.129663
0.0318709	0.00631724	0.0234819
0.0313691	0.00988082	0.0452109
0.0299356	0.0101947	0.0957133
0.0205186	0.0126919	0.196171
0.030051	0.00839244	0.142083
0.0260691	0.00735966	0.0278497
0.0288055	0.0119542	0.064621
0.031657	0.0124687	0.0668865
0.0333514	0.00895198	0.179108
0.0249442	0.00839115	0.194492
0.0299674	0.00690037	0.042676
0.0248434	0.00903451	0.154438
0.0242781	0.006351	0.197492
0.0286137	0.00833667	0.0486097
0.0324803	0.0118672	0.118819
0.0312881	0.00942265	0.103082
0.0290667	0.00866985	0.235287
0.0282929	0.00907422	0.0429701
0.0317716	0.0123424	0.118572
0.0316124	0.00369434	0.241901
0.0333723	0.00881743	0.0460307
0.0253947	0.00725534	0.0498598
0.0295408	0.0084704	0.195703
0.0283154	0.00518315	0.1191
0.0285183	0.0114918	0.182578
0.0168884	0.00716204	0.0542814
0.0328161	0.00919	0.135882
0.0292136	0.010134	0.392667
0.0300311	0.0091517	0.174114
0.0250546	0.0130919	0.132012
0.0254665	0.013919	0.103247
0.0325643	0.0136697	0.0453872
0.0303794	0.0125694	0.12846
0.034815	0.0104206	0.0922933
0.0252876	0.0106029	0.078685
0.0345693	0.0141796	0.0503
0.029995	0.00566749	0.160421
0.0274719	0.0148951	0.0511897
0.0255563	0.0104559	0.219074
0.025524	0.00863634	0.150978
0.0258126	0.00773454	0.0249072
0.0330698	0.00837499	0.150428
0.0223298	0.0105486	0.0929667
0.0314767	0.0103354	0.045203
0.0299567	0.00459028	0.0342096
0.0332009	0.0123994	0.0685436
0.0343911	0.0111465	0.105034
0.0383395	0.0105568	0.0777431
0.036124	0.0108991	0.226764
0.02522	0.0106637	0.0663467
0.0333626	0.00831467	0.0980265
0.0296157	0.00831883	0.148279
0.0274963	0.00905339	0.0419607
0.0248911	0.0102964	0.0256706
0.027769	0.00799448	0.118289
0.0237179	0.0123566	0.0461137
0.0322402	0.00799491	0.0518198
0.0268728	0.00622114	0.0804182
0.0246767	0.00754251	0.2267
0.0311116	0.00829406	0.106909
0.0255324	0.0112206	0.0432503
0.030565	0.00521916	0.122966
0.0260458	0.0122328	0.0427525
0.0318648	0.0106944	0.146675
0.0298425	0.0121536	0.0203205
0.0313735	0.00961786	0.0446693
0.0349713	0.0120396	0.0819397
0.0312231	0.0105067	0.0457714
0.0379299	0.00538138	0.0102219
0.0307684	0.00994622	0.046128
0.0227395	0.00955603	0.047938
0.026783	0.00754924	0.086918
0.0203696	0.00653411	0.132711
0.0315601	0.0102354	0.136768
0.0265344	0.00769376	0.138525
0.0182564	0.00571558	0.0735147
0.0335534	0.0072682	0.0652424
0.027268	0.00809984	0.173847
0.0369131	0.0106541	0.148988
0.0297044	0.00758383	0.0352762
0.0277748	0.0113978	0.129267
0.0358596	0.0108126	0.294679
0.0223859	0.00932432	0.0457871
0.0310736	0.00926087	0.0291505
0.0229571	0.0112739	0.0504927
0.0195254	0.0117005	0.123341
0.0286092	0.0105348	0.132075
0.0272345	0.00898494	0.0234142
0.0326908	0.0141416	0.0757715
0.0289645	0.0109048	0.212023
0.036823	0.0104935	0.0627803
0.0349763	0.0107125	0.0606584
0.0201972	0.00647857	0.15639
0.0280897	0.00921007	0.0992451
0.032848	0.0120473	0.0940581
0.0375837	0.0134341	0.14268
0.0294135	0.00880802	0.0963044
0.0246466	0.00925498	0.0718997
0.0266309	0.00936338	0.0499438
0.0289203	0.00772877	0.0491958
0.0369017	0.010573	0.107018
0.0351272	0.013865	0.0452917
0.0257309	0.00563305	0.066317
0.0314269	0.0102962	0.0645047
0.0308235	0.0111595	0.052974
0.028445	0.0116776	0.150698
0.0231729	0.00762628	0.0504672
0.0298027	0.00998014	0.0415616
0.0311279	0.00678775	0.161064
0.0290281	0.0103681	0.249193
0.029137	0.0106687	0.158496
0.0267678	0.00798148	0.049703
0.0251239	0.00995087	0.157971
0.036213	0.00989281	0.0853911
0.030676	0.0126768	0.11499
0.0309867	0.010293	0.0909715
0.0300619	0.00948391	0.10225
0.0353835	0.0112783	0.171893
0.0260159	0.0102244	0.0640746
0.0220845	0.00859859	0.201033
0.0308025	0.0102322	0.0436858
0.0289563	0.0139192	0.086916
0.0333188	0.0111209	0.153434
0.0234523	0.00835343	0.072658
0.0316459	0.00682154	0.114429
0.0417754	0.00759138	0.0193799
0.0333942	0.0110342	0.106772
0.0215559	0.0136142	0.11018
0.0254052	0.0104899	0.0305751
0.0273888	0.00656035	0.0285925
0.028192	0.0109689	0.108969
0.0243919	0.00797886	0.116265
0.0285125	0.00971365	0.0301363
0.031658	0.0105785	0.19334
0.029735	0.0126766	0.0911825
0.0307921	0.0124467	0.161846
0.032169	0.00801384	0.179456
0.0295028	0.0129715	0.0556458
0.032537	0.00698525	0.173851
0.0271464	0.00901326	0.100067
0.0271345	0.00859754	0.0111379
0.0241011	0.00883941	0.117028
0.0313159	0.00524728	0.0458588
0.0355595	0.0124861	0.0487039
0.0331355	0.0111305	0.100738
0.0261982	0.0136295	0.146328
0.0305784	0.00723439	0.0614542
0.030487	0.0110583	0.152692
0.0265057	0.01307	0.0968389
0.0340617	0.0128034	0.0479905
0.0231202	0.0119207	0.0284632
0.0321321	0.00642025	0.0393307
0.0222798	0.0077586	0.0894697
0.0358818	0.0114643	0.233533
0.0315233	0.011415	0.136112
0.0310097	0.01417	0.124932
0.0306289	0.0128111	0.087188
0.0343513	0.0118263	0.0478581
0.0375149	0.00861293	0.116398
0.0239639	0.0114739	0.0319916
0.028574	0.00884861	0.196088
0.0315402	0.0120008	0.156375
0.0269426	0.00931925	0.164066
0.0312359	0.00873096	0.179329
0.0298341	0.00567831	0.113524
0.034195	0.0120805	0.186471
0.0321546	0.0086811	0.0664726
0.0248417	0.00835674	0.0773262
0.025036	0.0077338	0.0628944
0.0371983	0.00965223	0.0976004
0.0307839	0.00988381	0.101815
0.0235117	0.0102036	0.112269
0.030106	0.013063	0.21221
0.0235529	0.00782751	0.0292128
0.0363589	0.0103005	0.0419568
0.03338	0.00831224	0.239081
0.0311826	0.00797081	0.104347
0.025469	0.00869216	0.119624
0.0315714	0.013418	0.069233
0.0339098	0.00596456	0.10646
0.0284397	0.00977067	0.0418472
0.0251848	0.013414	0.121201
0.0291315	0.00970382	0.156215
0.0321022	0.00865434	0.16397
0.0308415	0.0106201	0.0797459
0.0322408	0.00982406	0.153439
0.0311983	0.0112873	0.16968
0.0306862	0.00899227	0.107004
0.0370646	0.00640038	0.100191
0.0293833	0.0121513	0.0502136
0.0292565	0.0100479	0.107061
0.0222061	0.0113242	0.0494081
0.0279719	0.00947128	0.146537
0.0268743	0.00593885	0.0496769
0.0260448	0.00778006	0.0546121
0.0314076	0.00633015	0.0238053
0.0327524	0.00757335	0.238942
0.0201385	0.0137811	0.0434722
0.0287437	0.0122679	0.0434657
0.0311921	0.00867297	0.0141632
0.0308709	0.0125465	0.0479552
0.0298026	0.0144521	0.0304049
0.0291745	0.00468206	0.0720848
0.0305647	0.0085239	0.211389
0.0347647	0.0097402	0.0747714
0.0259104	0.00588276	0.057378
0.0295195	0.013416	0.222404
0.0337336	0.0117817	0.234255
0.0350529	0.0116993	0.0843888
0.0325184	0.014787	0.0991768
0.0278337	0.00568022	0.0269561
0.0324471	0.0138863	0.141398
0.0325109	0.0137828	0.091776
0.0308395	0.0117706	0.169388
0.0263477	0.012707	0.0707472
0.021425	0.00868071	0.120771
0.0269001	0.00978843	0.0230962
0.0354253	0.0114806	0.0915019
0.0341061	0.00923964	0.0925404
0.0309692	0.00856389	0.10991
0.0353853	0.011983	0.0161928
0.0311055	0.00976642	0.140611
0.0348873	0.00937225	0.0144122
0.0319555	0.010699	0.0458777
0.0282029	0.00812357	0.0494118
0.0384746	0.0105174	0.00936641
0.026993	0.00948535	0.162557
0.0288708	0.0115155	0.223322
0.0254542	0.0130927	0.159447
0.0360367	0.00915119	0.116061
0.0248324	0.0105339	0.193591
0.0310494	0.0098397	0.0416158
0.029276	0.00923211	0.155906
0.0256464	0.00910993	0.0762232
0.0209265	0.0088134	0.210475
0.0369338	0.0109573	0.0808195
0.024571	0.00986504	0.101685
0.0223557	0.0107992	0.158424
0.0333624	0.0131297	0.0089922
0.0321584	0.00912889	0.149875
0.0331355	0.00955827	0.0881398
0.0278635	0.00660894	0.0457148
0.0321557	0.0108019	0.227539
0.0345874	0.0106376	0.138376
0.0336034	0.00896191	0.0957683
0.0251303	0.0102046	0.0452927
0.0269551	0.00750146	0.116143
0.0236215	0.0111988	0.0487905
0.0313533	0.00954598	0.10568
0.0283844	0.0113057	0.0796729
0.0233919	0.0118896	0.0763495
0.032884	0.0108984	0.0419059
0.0227995	0.0112791	0.0878167
0.0188677	0.0134833	0.130706
0.0291145	0.00972161	0.0802839
0.0280627	0.0100209	0.0436782
0.0261971	0.00934715	0.0601142
0.0314197	0.010553	0.303149
0.0255917	0.0098132	0.184261
0.0295321	0.0139736	0.0453476
0.0276103	0.0118294	0.165177
0.0263019	0.00852837	0.0591212
0.028725	0.0147855	0.0700171
0.0361732	0.0107644	0.0663049
0.0280991	0.0146446	0.137824
0.0257709	0.0138786	0.0916085
0.0254124	0.00856693	0.102818
0.0238608	0.0116035	0.165009
0.0238319	0.0114479	0.0337955
0.0293135	0.00981872	0.0857458
0.0360511	0.013021	0.0423301
0.0284309	0.0110263	0.108121
0.0374434	0.0134177	0.151222
0.0310674	0.00974415	0.158872
0.0300118	0.0110926	0.0604589
0.0287218	0.00564378	0.0807943
0.0303977	0.00760632	0.154967
0.0275239	0.0093752	0.191287
0.0334318	0.00819605	0.0741539
0.0311926	0.00671124	0.11287
0.0260388	0.0158679	0.0430743
0.0315752	0.00872905	0.0895745
0.0230699	0.00502807	0.0449565
0.0324435	0.00926276	0.0872519
0.0185674	0.0129314	0.121737
0.0245549	0.00947682	0.0983872
0.0285653	0.0111262	0.0760276
0.027105	0.0100043	0.109768
0.0303375	0.0114935	0.265451
0.0272947	0.00671824	0.0535016
0.0377573	0.0149578	0.0515889
0.036524	0.00910839	0.160424
0.0363159	0.0104809	0.0895593
0.0306374	0.00987817	0.091564
0.0287382	0.011902	0.0648273
0.0291318	0.0104235	0.0542695
0.0248223	0.0078542	0.0607714
0.0327596	0.00616012	0.149797
0.0308799	0.0111048	0.129842
0.0277242	0.0100681	0.10762
0.0377385	0.0119889	0.0809692
0.0306834	0.00706687	0.0613293
0.0286357	0.00916208	0.0379838
0.0210527	0.0100796	0.0755699
0.0206895	0.0085782	0.0399022
0.0348712	0.012452	0.126713
0.0313732	0.0130256	0.0742415
0.0394488	0.0100473	0.0709879
0.0357248	0.0123095	0.131358
0.0261036	0.00892171	0.123162
0.0305351	0.012664	0.0444219
0.0235086	0.0100573	0.108789
0.0186325	0.00829461	0.0453106
0.0330909	0.00808085	0.013018
0.0353584	0.0120469	0.14133
0.0275178	0.012387	0.206167
0.0320499	0.0102192	0.0808465
0.0263583	0.0119936	0.166295
0.0293151	0.00547542	0.0905396
0.032476	0.00986088	0.0915793
0.0266071	0.00752121	0.15377
0.0353792	0.00946797	0.0947857
0.0281346	0.00782075	0.0788296
0.0298361	0.0118993	0.140217
0.0343459	0.0107368	0.0540655
0.0273164	0.0100459	0.173014
0.0268223	0.00648885	0.125868
0.0213291	0.00913194	0.118706
0.0316683	0.0121169	0.03045
0.0305176	0.012126	0.0537925
0.0290713	0.0114524	0.0374195
0.0336203	0.0107789	0.0686206
0.0241035	0.0120448	0.144601
0.0293184	0.0080099	0.174723
0.0341922	0.00516795	0.0415577
0.0331578	0.00768076	0.0218064
0.0363999	0.00658141	0.189061
0.0295603	0.00819981	0.146918
0.0264981	0.0105345	0.0992839
0.0329908	0.0109668	0.0449018
0.0372143	0.0066284	0.109378
0.0283518	0.0124096	0.0407425
0.0291278	0.0134657	0.0371186
0.0332323	0.0101406	0.101694
0.0282593	0.00248724	0.239358
0.0294656	0.0104615	0.0671372
0.0194099	0.0100013	0.23597
0.0301868	0.0156733	0.0431572
0.0320787	0.00799531	0.0996341
0.0274449	0.0114658	0.0719289
0.0258465	0.0134468	0.0640092
0.0306701	0.0074301	0.157114
0.030388	0.0119172	0.0993842
0.0272909	0.00989423	0.0277336
0.0254778	0.00807556	0.117154
0.031122	0.00892091	0.174316
0.0315921	0.00191567	0.213192
0.0259135	0.00876326	0.0940948
0.0394453	0.0147544	0.00579398
0.0289392	0.00852964	0.0267705
0.024588	0.00929687	0.0109509
0.0380877	0.00684063	0.04055
0.0289671	0.0104772	0.107465
0.0375403	0.0126	0.165849
0.025841	0.00959035	0.178987
0.0320629	0.0124931	0.0304263
0.0308988	0.0094647	0.0980105
0.0282903	0.00977122	0.0994341
0.0337975	0.0113482	0.0420786
0.0346104	0.0116396	0.100873
0.0279668	0.0121866	0.0108403
0.0377045	0.0119936	0.105687
0.0330394	0.0113808	0.0920105
0.0373149	0.00974626	0.0657691
0.0323748	0.0105669	0.13336
0.0333953	0.00697077	0.0719507
0.0287903	0.00996131	0.149755
0.0296276	0.0101629	0.196429
0.0346339	0.0133532	0.125245
0.0202834	0.0124352	0.124575
0.0337753	0.0117266	0.0807193
0.0278033	0.00894994	0.084195
0.0298793	0.0123735	0.040382
0.031855	0.00993544	0.0633493
0.0318926	0.00966947	0.0436672
0.0281768	0.0118679	0.148746
0.0312874	0.00963064	0.160304
0.0277455	0.00863781	0.191216
0.0284235	0.0113472	0.0515748
0.035269	0.0107977	0.0174075
0.0312335	0.0116431	0.104737
0.0198709	0.00855818	0.157284
0.0232829	0.0111202	0.0606596
0.0310352	0.0105647	0.170533
0.0243485	0.0101622	0.198262
0.0355966	0.0091493	0.0252408
0.0296267	0.00861821	0.0196136
0.0430378	0.0128505	0.106389
0.0211356	0.0123849	0.0333604
0.0268748	0.00533754	0.225057
0.0321078	0.0116529	0.14814
0.0312809	0.0120905	0.10135
0.0273334	0.01225	0.0715003
0.0302209	0.00607772	0.21344
0.0222952	0.0114252	0.150073
0.0224576	0.00966031	0.0484752
0.0273719	0.0126917	0.0179504
0.0333844	0.0091841	0.0959464
0.0278002	0.0152319	0.0683607
0.0316355	0.0139452	0.129406
0.027206	0.0101943	0.1382
0.0253414	0.00826122	0.0457874
0.0254084	0.00888338	0.0418993
0.0288378	0.0112994	0.0476623
0.0337251	0.0090338	0.023662
0.0287798	0.012765	0.313297
0.0249647	0.00984724	0.113809
0.0310709	0.0104149	0.0980579
0.032659	0.0131135	0.135184
0.0293935	0.00317714	0.22056
0.0310077	0.0102217	0.105001
0.0273624	0.0110172	0.222767
0.0268569	0.011732	0.0857529
0.0258749	0.0118572	0.0927085
0.0273426	0.0107646	0.052127
0.0437027	0.0135842	0.065301
0.0347771	0.00667292	0.113845
0.0235473	0.0106906	0.0793
0.0304487	0.00848781	0.0528499
0.0295816	0.00773327	0.104378
0.0275808	0.0098491	0.0632488
0.0270522	0.0111526	0.0281131
0.0372699	0.0133061	0.0172985
0.0274877	0.0140227	0.127782
0.0304934	0.00965081	0.0986323
0.0351888	0.0108751	0.0972995
0.0205147	0.0107335	0.181898
0.0260583	0.0106837	0.138999
0.0266806	0.00949071	0.0174765
0.0340004	0.0101808	0.0535836
0.0311625	0.00862155	0.14711
0.0296201	0.0124456	0.130849
0.0349541	0.00710739	0.111925
0.0316948	0.0110958	0.114571
0.0210177	0.00979973	0.0675314
0.0301495	0.00460206	0.0496072
0.032782	0.0105465	0.0457863
0.0222358	0.0100697	0.0615125
0.0314408	0.0112827	0.107613
0.0282353	0.00772967	0.146755
0.0285402	0.0101349	0.107242
0.0272179	0.0123762	0.0765732
0.0359333	0.00971891	0.0258177
0.0284145	0.00987557	0.146338
0.028026	0.0113646	0.0364223
0.0301602	0.00975689	0.0283324
0.0371169	0.0121105	0.0622941
0.027207	0.0111209	0.0615488
0.0330685	0.0100398	0.154106
0.0228386	0.00921976	0.0492682
0.027969	0.0134029	0.0503671
0.0335444	0.0118087	0.0255903
0.0366422	0.00786586	0.21004
0.0393573	0.0082048	0.155889
0.0292368	0.0110544	0.0437441
0.0330827	0.0119883	0.0686067
0.0318344	0.00929971	0.0861306
0.0348623	0.00686783	0.0453216
0.0340806	0.0123645	0.109139
0.0235571	0.0124659	0.0962587
0.0362134	0.00631954	0.0170588
0.0215759	0.00856009	0.0399403
0.0381039	0.00973364	0.0725523
0.0338847	0.00983958	0.235077
0.0262593	0.00994064	0.138569
0.0199212	0.00972637	0.196172
0.0317601	0.00885285	0.285341
0.0177641	0.0101769	0.149429
0.0284953	0.00800055	0.105725
0.0278993	0.00862296	0.141882
0.0371511	0.011104	0.0720026
0.0348768	0.00825832	0.0468578
0.0352669	0.0122063	0.0916244
0.0275418	0.0128604	0.107276
0.036188	0.0101199	0.148548
0.0319102	0.00753624	0.100308
0.0202649	0.00991563	0.0997114
0.0303471	0.00769455	0.139954
0.029456	0.010074	0.0781549
0.0234825	0.00937098	0.0457957
0.0211015	0.0136626	0.14797
0.0271617	0.00529968	0.0453016
0.0256061	0.0106253	0.101494
0.0271674	0.00700727	0.0395958
0.0255647	0.0100323	0.131363
0.0310977	0.00945817	0.0742353
0.0326978	0.00933412	0.108181
0.0274271	0.00897199	0.0490547
0.0307836	0.0111062	0.104055
0.0280355	0.00944272	0.105997
0.0303174	0.0120507	0.0724167
0.0301267	0.0115954	0.0484249
0.0299845	0.00915489	0.0709184
0.0388145	0.0131521	0.0776045
0.0266481	0.0064336	0.292586
0.025827	0.0131888	0.107983
0.0289477	0.0117745	0.147514
0.023511	0.0104761	0.0827234
0.0220999	0.00768816	0.0497494
0.0259955	0.0109292	0.0713389
0.0271552	0.0138352	0.130576
0.0301979	0.00845884	0.050127
0.0336317	0.00852183	0.0237047
0.0340162	0.0120089	0.0622203
0.0316526	0.0064636	0.0749326
0.0303487	0.0128053	0.0175262
0.0316568	0.00976317	0.197265
0.0212328	0.0108023	0.140084
0.0351181	0.0116917	0.061803
0.0342337	0.0105214	0.0435668
0.0262379	0.0140404	0.0807506
0.0319214	0.0112536	0.099536
0.0372255	0.00672326	0.089036
0.0260944	0.0114369	0.036157
0.0255641	0.0101601	0.129967
0.0355008	0.00777033	0.0991974
0.0287236	0.00932637	0.104142
0.0289252	0.011753	0.102446
0.0344109	0.00768989	0.109958
0.0285891	0.010948	0.112988
0.0302552	0.00763087	0.171323
0.0305998	0.00629437	0.0735741
0.034786	0.0141245	0.0409811
0.0347851	0.00794402	0.0480952
0.0317653	0.00899639	0.0200971
0.0319503	0.0128726	0.0629162
0.0275889	0.0112651	0.0775054
0.0233171	0.0060872	0.0393662
0.0303235	0.0097418	0.0976067
0.0317461	0.0134742	0.0933721
0.0338193	0.0116298	0.13902
0.0288556	0.0104003	0.172427
0.039161	0.0113315	0.0764227
0.0324831	0.00637473	0.0276554
0.0341712	0.0067196	0.0260334
0.0293282	0.013211	0.0411845
0.0359317	0.00800161	0.243638
0.030506	0.0107099	0.180433
0.0277989	0.0113447	0.113381
0.0275058	0.009923	0.0448576
0.0262914	0.0126746	0.0978275
0.0210784	0.00955357	0.130408
0.0258881	0.011761	0.0531594
0.0330497	0.0119997	0.145905
0.0300341	0.00855963	0.14801
0.0264071	0.0124765	0.04803
0.0259419	0.0121891	0.143426
0.0335229	0.00668504	0.0911923
0.0245834	0.0106728	0.212653
0.0357903	0.0102467	0.182332
0.0328156	0.00769622	0.226916
0.0287097	0.00962316	0.0990169
0.0374859	0.0100573	0.0669869
0.0319656	0.00906175	0.0356022
0.0365995	0.0109345	0.0730705
0.0256654	0.0127408	0.0823639
0.0299689	0.0097848	0.0201516
0.0275062	0.011343	0.0993516
0.0206713	0.010071	0.129389
0.0297039	0.00905071	0.057857
0.0281277	0.01453	0.118814
0.0253764	0.0107461	0.0509121
0.0376385	0.00915657	0.0249327
0.0173121	0.010081	0.146616
0.0241737	0.0116491	0.0872253
0.0314082	0.00951568	0.0365923
0.0297038	0.0136099	0.175112
0.0245838	0.0109681	0.118127
0.0317507	0.0103391	0.225719
0.0311185	0.00975598	0.0256004
0.0305474	0.00790855	0.117268
0.0229351	0.0090206	0.0988779
0.0284141	0.0100943	0.0162107
0.0312721	0.0101408	0.0377138
0.028705	0.0131909	0.0534522
0.0232053	0.0152109	0.111236
0.0344322	0.00441132	0.0984397
0.0324074	0.00776939	0.141761
0.0291832	0.0115919	0.0361805
0.0324102	0.0105189	0.186339
0.0289075	0.0109743	0.113331
0.0276866	0.00840899	0.077715
0.029973	0.00881699	0.159816
0.019679	0.00649815	0.184213
0.033875	0.012706	0.0934786
0.033894	0.0124401	0.0269068
0.0217234	0.0124673	0.0493302
0.0251155	0.00949643	0.0448094
0.03479	0.00655481	0.0249421
0.0308392	0.0075458	0.142134
0.0246011	0.0153885	0.0978281
0.0177049	0.0131999	0.122917
0.0291852	0.00941293	0.0456615
0.0267081	0.0119521	0.0490413
0.0339175	0.0105424	0.0476611
0.0325559	0.0118817	0.0407574
0.0183562	0.00739396	0.0724323
0.0355727	0.0114746	0.0762477
0.0192428	0.0105783	0.0455138
0.0337225	0.00807281	0.0995244
0.0322711	0.00642979	0.165603
0.0287393	0.0133495	0.0306777
0.0304985	0.0109585	0.136567
0.0231881	0.00731407	0.158556
0.0299178	0.00429487	0.0458152
0.0192143	0.0102047	0.0644169
0.0349381	0.0115333	0.05331
0.0202393	0.0113937	0.1193
0.0379856	0.012401	0.203948
0.030132	0.00973149	0.137776
0.0310418	0.00718142	0.117428
0.0335282	0.0138629	0.107204
0.0297682	0.00920804	0.244582
0.0294918	0.0153714	0.125259
0.0236732	0.00599449	0.0530739
0.0260476	0.00833633	0.0688361
0.0265946	0.0102417	0.21237
0.0328576	0.0108636	0.0157781
0.0288996	0.008854	0.0755545
0.0330594	0.00670286	0.282425
0.0312731	0.00983848	0.103444
0.0355567	0.0117786	0.0753834
0.0288735	0.00579948	0.0753304
0.0258734	0.00421012	0.172244
0.0368894	0.0111589	0.0914048
0.027056	0.0102756	0.158961
0.0309799	0.0123051	0.0544026
0.0398902	0.0133095	0.123575
0.0242789	0.0125872	0.209684
0.0260319	0.0110822	0.039735
0.0352127	0.01149	0.00891841
0.0379107	0.012871	0.0757795
0.0331271	0.0102557	0.0447008
0.0260614	0.0112126	0.211744
0.0356113	0.0101955	0.0342145
0.0320111	0.00693063	0.0409681
0.0409927	0.00785352	0.158309
0.0244404	0.0117403	0.0491328
0.0394947	0.0106221	0.0563779
0.031013	0.00768394	0.0862867
0.0332776	0.0121894	0.231512
0.0328059	0.0115256	0.0480204
0.0352028	0.00972372	0.100131
0.035788	0.00733528	0.0468403
0.023509	0.0119539	0.034246
0.029376	0.0103532	0.0950263
0.0254006	0.0101513	0.111542
0.0252436	0.0120767	0.0234038
0.0348608	0.0106986	0.143653
0.0328774	0.0102091	0.176436
0.0350777	0.00504032	0.250216
0.0251718	0.0119464	0.110592
0.0313461	0.0122717	0.0433962
0.0375471	0.0113264	0.111595
0.0294789	0.0141017	0.111014
0.0335816	0.00923348	0.0484258
0.0220276	0.0102792	0.0240971
0.027949	0.00823116	0.210089
0.0260324	0.00933921	0.0829567
0.0310703	0.00676878	0.104085
0.0345437	0.00928281	0.0428704
0.0293274	0.00903812	0.157307
0.032385	0.0154993	0.178772
0.0284199	0.00928564	0.109371
0.0286592	0.0103335	0.147549
0.0315799	0.00907491	0.0539261
0.0265933	0.00996477	0.104331
0.0303683	0.00808287	0.109129
0.0352659	0.00770645	0.0882005
0.0233498	0.00897822	0.185649
0.0296199	0.0115961	0.254914
0.0335535	0.00872791	0.108431
0.0343045	0.00888927	0.104859
0.0243852	0.0115755	0.104637
0.0358947	0.0110087	0.108424
0.0350309	0.0098307	0.158096
0.0280674	0.00865732	0.22147
0.0304135	0.0109481	0.153826
0.0313479	0.0142051	0.068517
0.0375855	0.0104901	0.0513737
0.0234037	0.0104601	0.0642739
0.0365465	0.00351525	0.0350972
0.0370714	0.0120783	0.0481107
0.0302674	0.0112727	0.0655518
0.0356587	0.0123912	0.0464034
0.0428744	0.0113516	0.0355928
0.0283933	0.0119807	0.063286
0.0224438	0.0069077	0.071649
0.0266528	0.0107022	0.135014
0.0245494	0.00852631	0.0771146
0.0381093	0.0107309	0.0916677
0.0279647	0.0127362	0.0299073
0.0358827	0.0103557	0.0369307
0.0301424	0.0118663	0.0348739
0.0308717	0.0121657	0.0630897
0.0261736	0.0108188	0.0701289
0.0283651	0.0126045	0.1822
0.0270197	0.00720349	0.124514
0.0277852	0.0130191	0.0886554
0.0261394	0.0119892	0.106166
0.035921	0.0120689	0.232479
0.025973	0.00451193	0.139062
0.0259422	0.0089668	0.20086
0.0299673	0.00994325	0.0407528
0.037226	0.00792946	0.0475496
0.024174	0.00755621	0.194267
0.0284618	0.0105548	0.105222
0.0342236	0.0118394	0.0745314
0.0210477	0.0109751	0.0623717
0.0325666	0.0109186	0.152777
0.0303478	0.0107961	0.0776165
0.0378158	0.00886411	0.0509167
0.0346333	0.0100463	0.157259
0.0331548	0.00750124	0.239723
0.0293006	0.0126811	0.188698
0.0267621	0.0128386	0.0475296
0.0296472	0.0126739	0.0168958
0.0291766	0.012872	0.09184
0.0421919	0.00990676	0.0420534
0.0299733	0.0106941	0.138481
0.0344685	0.0126809	0.103601
0.0314216	0.014073	0.0813488
0.0311724	0.00853876	0.0448534
0.0277757	0.0130916	0.0460638
0.0387444	0.0110565	0.0849579
0.0318628	0.0120551	0.0868676
0.0311405	0.0108153	0.105962
0.0319284	0.013757	0.0850608
0.0307397	0.0126956	0.029967
0.0283386	0.00817764	0.285668
0.0355706	0.0112479	0.141814
0.0228296	0.00808764	0.123832
0.0243882	0.00632009	0.0513198
0.0414906	0.00874969	0.104946
0.0369851	0.00791952	0.198702
0.0334334	0.0115028	0.0438308
0.0346152	0.011839	0.101251
0.036427	0.00849681	0.105711
0.033716	0.0138957	0.174902
0.0314378	0.0129564	0.0875307
0.0341678	0.00520803	0.047304
0.0280878	0.00927732	0.117526
0.0326479	0.0109712	0.0289037
0.0268853	0.0111169	0.152324
0.0209227	0.0106305	0.177758
0.0292746	0.0103484	0.107454
0.0210114	0.0114854	0.0946562
0.0321421	0.0100368	0.0127637
0.0361765	0.0103246	0.165676
0.0310978	0.00559281	0.108904
0.0261091	0.00797069	0.26325
0.036767	0.0118545	0.0359885
0.0271266	0.00806135	0.210036
0.0288243	0.00870785	0.0404292
0.0297916	0.0151583	0.042722
0.033036	0.00832066	0.0215785
0.0303951	0.0110293	0.0637742
0.0324566	0.0128605	0.0782543
0.021491	0.0103939	0.0477923
0.0270014	0.00704459	0.159255
0.0327575	0.0109962	0.0642731
0.0356927	0.00996973	0.0440167
0.032493	0.0086533	0.027971
0.0382979	0.0119856	0.150144
0.0271793	0.0105757	0.19665
0.0357212	0.0124315	0.239201
0.0242911	0.0108477	0.107346
0.028681	0.00775205	0.108665
0.0277173	0.0121232	0.0418387
0.0288174	0.00543636	0.05347
0.0257781	0.0153628	0.0652859
0.0253434	0.0114531	0.10606
0.0315594	0.00944757	0.110208
0.0289193	0.008053	0.113103
0.0272478	0.00787049	0.0274523
0.0321208	0.00939721	0.107223
0.0368128	0.0131404	0.0724415
0.0204778	0.0115489	0.051936
0.0319658	0.0115855	0.0891662
0.018491	0.0109709	0.0454548
0.0234198	0.0130246	0.155134
0.0286137	0.0120576	0.0366986
0.034492	0.00952598	0.0236896
0.0260252	0.00782786	0.0748379
0.0398036	0.0116018	0.064068
0.0314918	0.0120416	0.0377192
0.033019	0.00643462	0.0244115
0.0218125	0.00787075	0.0362123
0.0300083	0.0100257	0.106501
0.0331974	0.0115651	0.0536183
0.020171	0.0110384	0.0605514
0.0300814	0.00770755	0.0560078
0.0316476	0.00989859	0.104718
0.0378154	0.0122982	0.148597
0.0256286	0.013833	0.158128
0.0286231	0.00970759	0.0647324
0.0298563	0.0135664	0.0454096
0.0275958	0.00950903	0.215273
0.0251402	0.0087389	0.043236
0.031974	0.011474	0.0425112
0.0296347	0.0106127	0.0936262
0.0318281	0.0108938	0.00860451
0.0330711	0.00415836	0.00210809
0.0295775	0.00995298	0.0556031
0.0350975	0.0118489	0.13469
0.0249059	0.00765972	0.0484465
0.0346341	0.0131393	0.0304032
0.0252015	0.00595778	0.189731
0.0317797	0.0103934	0.0739547
0.0249237	0.010137	0.0989336
0.034888	0.0130549	0.0414969
0.0224928	0.00641834	0.139368
0.0289343	0.0110716	0.063202
0.024213	0.012455	0.0428792
0.0395929	0.00858363	0.249638
0.0315988	0.00712037	0.0546578
0.0229888	0.0129804	0.0796849
0.0343525	0.00848532	0.199226
0.030799	0.00547635	0.0449209
0.0287299	0.00884122	0.0670166
0.0229554	0.0102731	0.0264702
0.0315394	0.0077638	0.0678297
0.0244027	0.00968012	0.330718
0.0289991	0.00905481	0.102959
0.0352016	0.0118694	0.0430869
0.0229232	0.00691755	0.0451976
0.0339433	0.0108439	0.0610027
0.0335686	0.0103872	0.229771
0.0332585	0.0103704	0.0159143
0.034446	0.0122192	0.0494724
0.0340084	0.00988387	0.115998
0.0276571	0.0127257	0.0317431
0.0262604	0.00865184	0.110036
0.0280592	0.014143	0.108274
0.026361	0.0115461	0.0436072
0.0260706	0.0110456	0.0391496
0.0323705	0.0124343	0.047947
0.0307817	0.00976239	0.0532358
0.0332517	0.00928093	0.0924926
0.0359096	0.0139826	0.141182
0.0358281	0.0103766	0.0681748
0.029382	0.0148656	0.123863
0.0334033	0.00763473	0.039325
0.038239	0.0103989	0.0793471
0.0246164	0.00948881	0.0955478
0.0363092	0.0114969	0.132703
0.0362938	0.0109639	0.0378707
0.0335537	0.00986971	0.151778
0.0302819	0.00693499	0.151417
0.0314557	0.00968551	0.0959225
0.0347108	0.00782994	0.0343301
0.0320245	0.00746434	0.210796
0.0323742	0.0115882	0.0742067
0.0240993	0.011589	0.0810668
0.0322946	0.010943	0.154452
0.027168	0.0109334	0.107604
0.0378691	0.0109904	0.150616
0.0237573	0.0134106	0.0540013
0.0276842	0.00998972	0.062881
0.0288164	0.00797924	0.108358
0.03217	0.00844653	0.0554202
0.034015	0.0114859	0.304881
0.0349296	0.0106411	0.109565
0.0223737	0.0101379	0.0523074
0.0247117	0.010889	0.105825
0.0322212	0.00866908	0.0272707
0.0339604	0.00743209	0.110299
0.035535	0.00979318	0.144566
0.0303219	0.0100896	0.15983
0.0340068	0.00321122	0.119307
0.0335616	0.0086234	0.150715
0.031564	0.00640173	0.159352
0.0273065	0.0116782	0.199709
0.0297495	0.00958931	0.10321
0.0202721	0.00874321	0.0498564
0.0364009	0.00980689	0.0271764
0.037459	0.0117412	0.161286
0.0286273	0.0134217	0.0194031
0.0299259	0.00656062	0.155599
0.0295215	0.0129257	0.177647
0.0244464	0.0111266	0.15444
0.0292845	0.00799787	0.0581433
0.0347824	0.00648633	0.0244007
0.0312283	0.00887847	0.0495335
0.0302374	0.00575673	0.0548429
0.0316306	0.0119984	0.107368
0.0238401	0.0134943	0.0490776
0.03542	0.0108651	0.0907746
0.0364312	0.00627566	0.0172554
0.0341109	0.00922805	0.0639372
0.0419711	0.00925047	0.0857128
0.0381339	0.0113778	0.143906
0.0315139	0.0114747	0.0773319
0.029283	0.00763993	0.105602
0.0300337	0.0111128	0.115963
0.0320822	0.0101473	0.0930803
0.0307531	0.00983776	0.0865588
0.0297039	0.0114981	0.200891
0.0233972	0.0104695	0.108582
0.0307693	0.0127273	0.053148
0.0366275	0.0058735	0.0555954
0.0358517	0.0128364	0.0357097
0.0198267	0.0081667	0.0331021
0.0328588	0.0095684	0.0611845
0.0269581	0.00705252	0.0487379
0.0230695	0.0134524	0.158375
0.0239126	0.00989287	0.112974
0.0341484	0.00927379	0.0433833
0.025134	0.0090659	0.0459255
0.0317832	0.0108569	0.112818
0.0279509	0.0089204	0.0412214
0.0250211	0.0108665	0.082429
0.0383605	0.00940877	0.0337562
0.0289622	0.0102582	0.0352508
0.0305846	0.0134937	0.0676181
0.0256936	0.006345	0.0713863
0.0259411	0.00828716	0.0772657
0.0404119	0.013659	0.0356514
0.0203705	0.00666735	0.0411997
0.0346486	0.00938646	0.0157789
0.032564	0.0127453	0.14284
0.0336311	0.00993861	0.0622631
0.0219293	0.00552072	0.193391
0.0304596	0.0117444	0.020529
0.0288284	0.0143194	0.129268
0.0323045	0.00735992	0.0854518
0.0282937	0.0127156	0.0741408
0.0314367	0.00827677	0.14726
0.0351777	0.00949359	0.0266765
0.0288511	0.0107549	0.0784002
0.0304193	0.0115858	0.0478646
0.0355455	0.0106766	0.0063221
0.0354226	0.00916888	0.0990902
0.0421818	0.0102804	0.0655664
0.0222819	0.00949455	0.125446
0.0376399	0.00873047	0.233943
0.0274658	0.00713441	0.0672809
0.0324526	0.00898648	0.109801
0.0248978	0.0105381	0.0438325
0.0230737	0.0130049	0.149609
0.0222497	0.00804833	0.0762921
0.0403647	0.0117933	0.122751
0.0277963	0.00828182	0.0785724
0.037701	0.0130025	0.0399038
0.030381	0.0104084	0.073488
0.0256709	0.0120767	0.0172471
0.0284822	0.011721	0.207018
0.024515	0.0118517	0.213522
0.0251362	0.0137151	0.100426
0.025109	0.0126542	0.108918
0.0202159	0.00703766	0.00909491
0.0310465	0.0098661	0.0372213
0.0353329	0.014156	0.128024
0.0236124	0.0120481	0.130717
0.0242934	0.0119496	0.110533
0.0315354	0.0083141	0.0724938
0.0201312	0.00959539	0.148008
0.0310898	0.00972877	0.155633
0.0365634	0.0121893	0.136077
0.0272177	0.0111827	0.0683059
0.0341957	0.0122415	0.0850442
0.0333773	0.00735421	0.036131
0.0327674	0.0146	0.0425556
0.0248214	0.00309954	0.0438919
0.0249619	0.00874523	0.0698281
0.0280675	0.0106325	0.221186
0.0300952	0.00999727	0.0442457
0.0315785	0.00941818	0.156155
0.03142	0.00778796	0.0822237
0.020224	0.0095012	0.068278
0.0233042	0.0108776	0.0329722
0.0282835	0.0121505	0.0694453
0.0218519	0.0118187	0.0471817
0.0303239	0.009004	0.0530382
0.0285392	0.00764762	0.116439
0.0291924	0.00860535	0.0541901
0.0235375	0.0112887	0.358964
0.0290471	0.0110905	0.153635
0.0227602	0.00891101	0.156589
0.0367092	0.0111411	0.0710804
0.0390254	0.0097381	0.241467
0.034217	0.0105666	0.081344
0.0242284	0.00896522	0.208512
0.032105	0.0140167	0.0807177
0.0309091	0.00611521	0.178799
0.0256857	0.00911628	0.156149
0.0324015	0.00945369	0.141776
0.0292972	0.0113913	0.130483
0.0274215	0.00660444	0.165081
0.0225104	0.0104815	0.0506681
0.0275861	0.00885501	0.0993182
0.0294574	0.0112268	0.0918144
0.0259751	0.00952264	0.104672
0.0285064	0.0124319	0.1435
0.0262468	0.0105946	0.194013
0.0246914	0.0138087	0.16317
0.0344144	0.00834006	0.102288
0.0303377	0.00819775	0.106217
0.0383693	0.00697663	0.0433347
0.0317354	0.0124033	0.147251
0.0254891	0.0104696	0.0391491
0.0355482	0.0090335	0.100237
0.0224698	0.0113188	0.164736
0.0238614	0.00876201	0.0661382
0.0232163	0.00803329	0.188567
0.0238076	0.00904718	0.280152
0.0313207	0.012404	0.0974911
0.0272786	0.0102561	0.0796723
0.0356912	0.00767938	0.0627808
0.0340198	0.0119718	0.0294081
0.0351673	0.0106326	0.10965
0.0298463	0.0069355	0.0888405
0.0291841	0.00876246	0.0143723
0.0296934	0.00871467	0.252653
0.0309524	0.00830213	0.149203
0.0352118	0.00662491	0.110763
0.031612	0.00759681	0.220213
0.033553	0.00956886	0.11572
0.0222389	0.00883141	0.0399024
0.0348002	0.0126629	0.152844
0.0352014	0.00477092	0.162941
0.0363553	0.0106703	0.113745
0.0384438	0.0085949	0.0393926
0.0289947	0.0119962	0.111539
0.0335829	0.00691319	0.0221413
0.0396926	0.0101762	0.0934147
0.0268995	0.00876876	0.12097
0.0309701	0.0103456	0.147148
0.0348047	0.011906	0.0676497
0.0314015	0.00934411	0.0579349
0.0246486	0.0100986	0.19256
0.0293511	0.0115688	0.087485
0.0280023	0.0114335	0.0466915
0.0280392	0.00970758	0.166761
0.0266661	0.00943028	0.0959578
0.036487	0.0113214	0.0123354
0.0319524	0.00793759	0.243215
0.0370049	0.0116705	0.027002
0.0243548	0.0127186	0.143194
0.0278194	0.008165	0.0777798
0.023814	0.0100525	0.0621202
0.0259988	0.0133903	0.0104379
0.0371218	0.0123283	0.251518
0.0319732	0.00331032	0.0606184
0.0255718	0.0106929	0.0607054
0.0387395	0.00509937	0.0424198
0.0348889	0.00499186	0.02658
0.0359841	0.00831371	0.0508248
0.0214271	0.0112	0.0326642
0.0328068	0.0105939	0.0738427
0.0280738	0.00747564	0.0598428
0.0339988	0.011024	0.139425
0.0219492	0.0115674	0.0491493
0.0348582	0.00678346	0.31843
0.0262298	0.00624177	0.180492
0.0220337	0.0109508	0.0543832
0.0263923	0.00716891	0.0753761
0.020604	0.0112191	0.103669
0.0404124	0.0103493	0.0795373
0.0297793	0.00962425	0.185932
0.0365904	0.00986511	0.113417
0.0299048	0.0116327	0.0447644
0.028193	0.00776605	0.144175
0.0271262	0.00725529	0.0924207
0.0273898	0.00973484	0.0974693
0.0318828	0.0135685	0.123082
0.0275067	0.0124262	0.0404009
0.0340335	0.00977569	0.0969041
0.0259477	0.0117343	0.132116
0.0349057	0.0111762	0.12089
0.0293405	0.00847041	0.110409
0.0359411	0.00983148	0.0146769
0.0302897	0.00508785	0.124233
0.029488	0.00830643	0.190757
0.0295026	0.0115227	0.0195357
0.0346702	0.0111993	0.159189
0.0266622	0.00341049	0.0263627
0.0321301	0.00705132	0.0733811
0.0295451	0.0100191	0.176426
0.031504	0.00930875	0.0537608
0.0408303	0.0108467	0.162785
0.029523	0.00705778	0.117729
0.0348179	0.011908	0.0869063
0.0334499	0.0115459	0.211929
0.0283389	0.00964875	0.100995
0.0258668	0.0099594	0.158678
0.0233638	0.0112053	0.099219
0.0328914	0.0113358	0.145548
0.0219534	0.0070849	0.122217
0.0232845	0.0118251	0.0821906
0.0324684	0.0131029	0.0790372
0.0329994	0.00903887	0.104013
0.0290453	0.00994731	0.112811
0.0313503	0.00709194	0.104553
0.0261205	0.0101007	0.0589682
0.0344825	0.0131347	0.0824163
0.0330447	0.0156253	0.134501
0.0291497	0.0128713	0.0418637
0.0264805	0.0097318	0.205339
0.0276411	0.0106038	0.0478659
0.0222631	0.0123068	0.361552
0.0319468	0.00851144	0.193523
0.0240589	0.00960175	0.124451
0.0274425	0.00733761	0.0432481
0.033486	0.0102966	0.0455984
0.0299181	0.00697121	0.0544097
0.0340991	0.0132938	0.0791524
0.0401	0.0101306	0.0435376
0.0316407	0.00977714	0.188926
0.0278229	0.00924444	0.178952
0.0319351	0.0080329	0.0635268
0.034592	0.0103336	0.0549224
0.0264532	0.0102734	0.147957
0.0290219	0.0107662	0.181507
0.0297619	0.0113164	0.0805348
0.03089	0.0105368	0.0938807
0.0289316	0.00972682	0.105834
0.0205148	0.0133635	0.109454
0.033379	0.00983636	0.0521378
0.0276024	0.00770525	0.163741
0.0355736	0.0122932	0.0560786
0.0265735	0.00949061	0.0411401
0.0304834	0.011452	0.0432935
0.0298088	0.00849969	0.0476138
0.0264091	0.00956072	0.112864
0.0336264	0.00728052	0.0892529
0.0303789	0.0135462	0.0735625
0.0266694	0.0135429	0.0819062
0.0246689	0.0110452	0.0438916
0.0306178	0.0109895	0.104185
0.0332248	0.0123562	0.121327
0.0353528	0.00948764	0.117467
0.0330657	0.0122494	0.0809447
0.0268159	0.00998199	0.157629
0.0266912	0.0137022	0.0551157
0.0323121	0.00712573	0.0238632
0.0294913	0.00971574	0.0161645
0.0335278	0.00944466	0.0947137
0.0300847	0.0120021	0.0203171
0.0265006	0.0113574	0.0519948
0.032124	0.0105837	0.142814
0.0249857	0.0066981	0.0852872
0.0300921	0.0126816	0.0878334
0.0310493	0.0103529	0.158767
0.0283932	0.00608042	0.28284
0.0309831	0.00980462	0.0954316
0.0259987	0.00660257	0.158763
0.0246936	0.0112613	0.109609
0.0264908	0.0132103	0.097506
0.0261829	0.0103351	0.143154
0.0324571	0.0123686	0.117538
0.0239277	0.00944121	0.0519205
0.0263835	0.00869299	0.0462506
0.031293	0.00793245	0.102061
0.0328904	0.0126267	0.0864253
0.0262985	0.00758081	0.114555
0.0261513	0.010885	0.0462687
0.0284755	0.012134	0.10953
0.0228996	0.0103923	0.219624
0.0307337	0.00694233	0.197869
0.0209619	0.01262	0.175489
0.0272223	0.00704881	0.0438987
0.0271317	0.00984233	0.114287
0.0232743	0.0073095	0.118291
0.0313621	0.00928103	0.210791
0.029422	0.00706565	0.0652035
0.0296013	0.00763985	0.0660875
0.0400113	0.0120099	0.0155359
0.034177	0.00841958	0.195767
0.0326256	0.00785398	0.0446198
0.0365452	0.00907512	0.174604
0.0187077	0.0121661	0.12019
0.0330508	0.0141289	0.220285
0.0257448	0.0108859	0.0885499
0.0272366	0.00988539	0.164944
0.030243	0.00580985	0.0359033
0.0357443	0.0106738	0.155697
0.031974	0.00733915	0.0415357
0.0244929	0.0108318	0.201249
0.0245553	0.0143826	0.116146
0.0257901	0.00968361	0.0828152
0.0286926	0.0110992	0.136674
0.0273134	0.00838261	0.0470271
0.0304527	0.00935075	0.157525
0.036701	0.0130285	0.132251
0.0272006	0.00814687	0.12151
0.0282618	0.00955669	0.0277097
0.022196	0.0116929	0.0401489
0.0306917	0.0140092	0.115147
0.037036	0.011669	0.0241123
0.0260033	0.0103387	0.101498
0.0242758	0.00874867	0.0283636
0.0311775	0.0113454	0.0189459
0.0290867	0.0102217	0.132938
0.0388778	0.0127768	0.0464302
0.0364136	0.0110547	0.0356446
0.0317297	0.00807714	0.0675812
0.0243083	0.0101382	0.139736
0.0327416	0.00834593	0.0675751
0.0330321	0.0124246	0.105858
0.031096	0.00849731	0.0120628
0.0355652	0.00989089	0.0422258
0.0305092	0.0113548	0.0950376
0.0265485	0.00934168	0.106355
0.031244	0.00896109	0.0911633
0.0300375	0.0111041	0.0292887
0.029215	0.0130851	0.088365
0.0308249	0.0114396	0.115004
0.0332412	0.0062218	0.143572
0.029607	0.0101969	0.0273406
0.033508	0.0126616	0.0432193
0.0400604	0.00636689	0.0359291
0.0263126	0.00682496	0.0537255
0.0328859	0.00748748	0.0809942
0.03974	0.0110758	0.0761777
0.0269813	0.00815752	0.0154871
0.0367362	0.0109467	0.221244
0.0381486	0.00843314	0.0538421
0.0351837	0.00783421	0.191737
0.0300529	0.0097474	0.0857867
0.0296086	0.0132495	0.116728
0.0290663	0.0109335	0.100034
0.0375516	0.00802093	0.0527515
0.0210254	0.011035	0.0519913
0.0312926	0.0112858	0.0889566
0.0290252	0.0138301	0.165738
0.0254913	0.00977535	0.170392
0.0261117	0.0117087	0.0665122
0.0347063	0.00895429	0.101912
0.0265378	0.0111368	0.112085
0.0315707	0.00825494	0.0759593
0.0286567	0.0116224	0.140205
0.0303382	0.0108067	0.0734982
0.0243965	0.00712046	0.279942
0.0269168	0.0126923	0.13016
0.0301864	0.0101066	0.150862
0.0332044	0.013483	0.0349647
0.0273591	0.00961055	0.0602716
0.0285812	0.0107638	0.111449
0.026213	0.00752491	0.113418
0.0360606	0.00748573	0.0919342
0.031325	0.0121101	0.0929999
0.0296503	0.0111196	0.100388
0.0277312	0.0132198	0.165946
0.0335078	0.0087746	0.231927
0.0337937	0.00822675	0.0926983
0.0261374	0.0124913	0.0499661
0.0273182	0.00916088	0.0169975
0.0355718	0.00937297	0.168145
0.0194048	0.0116132	0.125688
0.0270604	0.00758452	0.185486
0.0242026	0.0108031	0.139129
0.0232558	0.0101786	0.151638
0.0245093	0.0105332	0.081843
0.0306768	0.00402195	0.151513
0.038758	0.00803796	0.0455467
