0.0225515	0.00999596	0.038756
0.0355062	0.0124546	0.0374031
0.0478234	0.0165407	0.0362173
0.0359732	0.00769843	0.0373399
0.0315222	0.00234088	0.0377588
0.0277733	0.012526	0.0381275
0.0389076	0.0110853	0.0370599
0.0378121	0.0152325	0.0373804
0.0381888	0.0147496	0.0371457
0.013663	0.0105165	0.0395399
0.0287667	0.0122002	0.0381817
0.03504	0.0159967	0.0375806
0.0293528	0.0115083	0.038087
0.0298003	0.00737717	0.0379796
0.0203085	0.00237344	0.0389037
0.0339661	0.00527444	0.0375112
0.0220438	0.014561	0.0388693
0.0171957	0.0136154	0.0393029
0.0224228	0.0096804	0.0387091
0.0285931	0.00749565	0.0380336
0.00196359	0.0110582	0.0407206
0.0211014	0.0102464	0.0387188
0.0272404	0.00380954	0.0381882
0.0326809	0.00401013	0.0376901
0.0373821	0.0127353	0.0372445
0.033329	0.0124726	0.0376237
0.0227074	0.016331	0.0385407
0.0230513	0.00656415	0.0386202
0.0250986	0.0059922	0.0384479
0.0339775	0.0071916	0.0376347
0.0427588	0.00929605	0.036629
0.0270212	0.0145897	0.0383687
0.0246396	0.00878667	0.0385318
0.0339362	0.0123664	0.0375118
0.0400241	0.0150022	0.0368074
0.0444273	0.00856641	0.0365267
0.0233675	0.0169341	0.0387529
0.0252756	0.0100237	0.0382494
0.0394439	0.00984522	0.0369775
0.0378506	0.0153218	0.0370146
0.0447674	0.0126269	0.0366408
0.0134655	0.0146558	0.0395242
0.0182724	0.0132047	0.0389719
0.0334022	0.00197369	0.0374754
0.0113943	0.0104094	0.0396773
0.0267576	0.00950878	0.0383265
0.0249126	0.0134476	0.038383
0.0221951	0.0197881	0.0385645
0.0313591	0.00750468	0.0378057
0.0141525	0.00806273	0.0393833
0.0300652	0.00834981	0.0379291
0.0379195	0.00806044	0.0369894
0.0274257	0.00877045	0.0381765
0.0387758	0.00561972	0.0371046
0.0368772	0.0101628	0.0373007
0.0433222	0.0100953	0.0365427
0.0363225	0.0167247	0.0374959
0.0290561	0.0154497	0.0379982
0.0449192	0.00939141	0.036415
0.0297828	0.0130301	0.0380336
0.0359909	0.0106356	0.0373434
0.0237805	0.0115864	0.0385888
0.0415685	0.0110605	0.036925
0.0434033	0.00679834	0.0366938
0.0291197	0.00947385	0.0379792
0.0271199	0.00631194	0.0382491
0.0234532	0.0138502	0.0387004
0.0373622	0.0136319	0.0372273
0.0369743	0.00325272	0.0372986
0.0336933	0.0115553	0.0374771
0.0278462	0.0146927	0.0381297
0.0311995	0.0167352	0.0378454
0.0148647	0.00527394	0.0394869
0.0234646	0.0146768	0.0387154
0.03483	0.00611625	0.0375819
0.0354603	0.00818761	0.0374777
0.030672	0.0141577	0.0378173
0.00720777	0.00990935	0.040364
0.0516245	0.00697454	0.0357081
0.039616	0.00564912	0.0371422
0.0328464	0.00805344	0.037542
0.0395892	0.0128504	0.0369495
0.0148185	0.0108284	0.0395047
0.0418991	0.00898759	0.0367205
0.044847	0.00443615	0.0365091
0.0239472	0.0039622	0.0385988
0.0339258	0.0135647	0.0375702
0.0416603	0.00164029	0.0367826
0.0349183	0.0103654	0.0373762
0.035048	0.0129517	0.0373292
0.0424309	0.0167209	0.0367744
0.0214316	0.00811361	0.0387414
0.0277475	0.00970938	0.0381155
0.032291	0.0130027	0.0377383
0.0385022	0.0128178	0.0371773
0.0370971	0.00197	0.0371615
0.0284589	0.00998083	0.0381028
0.0185449	0.0121074	0.0390384
0.0192228	0.00844008	0.0390751
0.0304019	0.00704631	0.0377655
0.0174611	0.00945078	0.0391086
0.0314632	0.00964662	0.0377853
0.0296537	0.00282513	0.0379389
0.023877	0.00721435	0.0386166
0.0284205	0.0134649	0.0380526
0.0103924	0.0163045	0.0400278
0.0300015	0.00612849	0.0379211
0.0220877	0.0157975	0.0388715
0.0250129	0.0135943	0.0384035
0.0423517	0.00912698	0.0366654
0.0372862	0.0115013	0.0373483
0.0224531	0.00301917	0.0386665
0.0192268	0.0149239	0.0388557
0.00866099	0.0090112	0.0402964
0.0107255	0.0110381	0.0397511
0.0217702	0.013451	0.0387045
0.0240718	0.0158602	0.0383841
0.0245295	0.0130641	0.038582
0.0243302	0.0155474	0.0384731
0.035031	0.0100566	0.0373963
0.026624	0.0121738	0.0383688
0.0294275	0.00521888	0.0379538
0.0299876	0.00991298	0.0379634
0.0316778	0.00531602	0.0379018
0.032739	0.0118793	0.0377168
0.0234627	0.012413	0.038427
0.0248249	0.010975	0.0385339
0.0180379	0.00721963	0.0391374
0.0271115	0.00160061	0.0382934
0.0269042	0.00996173	0.0383257
0.0275554	0.0136989	0.0383013
0.0302478	0.0146113	0.0379061
0.0403802	0.0124756	0.0368129
0.0223908	0.0144001	0.0388352
0.0404559	0.0082496	0.0369875
0.0303595	0.0105719	0.037884
0.0313836	0.00310378	0.0378162
0.0198424	0.0163007	0.0388338
0.0426749	0.00455675	0.0367369
0.00592274	0.00529266	0.0400714
0.0307457	0.00702582	0.0378379
0.0183462	0.0152713	0.0392001
0.0286682	0.013021	0.0380023
0.0347659	0.00802993	0.0373368
0.0424547	0.00732366	0.0367163
0.0395824	0.0116502	0.036983
0.0330107	0.0166607	0.0375365
0.0369386	0.0122127	0.0373804
0.0513242	0.0114642	0.0358669
0.0299599	0.00247896	0.0379892
0.0205501	0.00955943	0.0388871
0.0488647	0.00857927	0.0360608
0.0311262	0.00982191	0.0379154
0.0366819	0.0069409	0.0372585
0.0292881	0.007818	0.0379837
0.037058	0.0132248	0.0372249
0.037951	0.00974792	0.0372094
0.0236819	0.0144395	0.0385509
0.0445602	0.012398	0.0364338
0.0318976	0.0147049	0.0378424
0.0234984	0.00434112	0.038633
0.0422024	0.0162717	0.0366726
0.0136744	0.0150116	0.0393462
0.030531	0.0109986	0.0378078
0.029856	0.00226263	0.0381261
0.025478	0.00877906	0.0383431
0.0328544	0.0115884	0.0377628
0.00817049	0.0162124	0.0400331
0.0184294	0.0124998	0.0392433
0.0270921	0.0114653	0.038296
0.0251092	0.00891067	0.0384771
0.0291007	0.0104245	0.0380087
0.0384166	0.00434052	0.0371488
0.0272234	0.011524	0.0382677
0.0220855	0.0144029	0.0388643
0.0255622	0.00773524	0.0383243
0.0125017	0.0134429	0.0396644
0.0328209	0.0102309	0.0377341
0.0326688	0.0134972	0.0377821
0.0146663	0.0100545	0.0395255
0.0350825	0.0107946	0.0374156
0.0271148	0.00949188	0.0382664
0.0430974	0.0086759	0.0366079
0.0110727	0.00671241	0.0398427
0.042622	0.0132058	0.0366553
0.0251315	0.0110134	0.0385058
0.0305132	0.000109385	0.0378034
0.0295402	0.00313387	0.0380231
0.010048	0.0089767	0.0400291
0.0327183	0.0161061	0.0376106
0.0231988	0.00680803	0.0387569
0.0283087	0.0110533	0.0382119
0.0115158	0.0033534	0.0396848
0.0390216	0.0131864	0.0370886
0.0391279	0.014788	0.0370061
0.0164234	0.0130165	0.0392392
0.0378289	0.015161	0.0370235
0.0159708	0.00897299	0.0395192
0.0248969	0.0127745	0.0385562
0.0371437	0.00274801	0.0371482
0.040755	0.0143263	0.0369783
0.0250729	0.0113566	0.038493
0.0297295	0.0079139	0.0378292
0.0404428	0.0168514	0.0369452
0.0132152	0.00948796	0.0395961
0.0282005	0.0152667	0.0379947
0.0251003	0.0073216	0.0384439
0.0206284	0.0114555	0.0388383
0.0104444	0.0129176	0.0397076
0.0275867	0.00619901	0.0381485
0.0443608	0.00301324	0.0364081
0.0198289	0.0205408	0.0388276
0.0244252	0.00906524	0.038507
0.0155786	0.0140454	0.0393167
0.039747	0.0068063	0.0369717
0.0134841	0.016533	0.0393778
0.0339572	0.0146836	0.0377215
0.0327279	0.0120616	0.0376833
0.0377126	0.013724	0.0371104
0.0462379	0.00464326	0.0363657
0.0214599	0.00813389	0.0387342
0.0266298	0.000584542	0.0381042
0.0296402	0.0107501	0.0379535
0.0373815	0.00457224	0.0372444
0.0342311	0.0151174	0.0376053
0.0285229	0.00757937	0.0380039
0.0472918	0.00492852	0.0362568
0.0439212	0.0150436	0.0366693
0.0377988	0.0111854	0.0370731
0.0222196	0.00882708	0.0386988
0.032249	0.00491914	0.03782
0.0202638	0.0145933	0.0390228
0.0410583	0.0120887	0.0368366
0.0358654	0.00854888	0.0374439
0.0334622	0.00740767	0.0374808
0.0120664	0.0107099	0.0397811
0.00914364	0.00873988	0.0401346
0.0292488	0.0150647	0.0381829
0.0265361	0.0146224	0.038265
0.030756	0.00808544	0.0379219
0.0510174	0.0148714	0.0358686
0.029668	0.00735817	0.0379429
0.0378318	0.0101519	0.037118
0.0293808	0.00654091	0.0379673
0.0154428	0.0116602	0.0394937
0.0167861	0.00719492	0.0392706
0.0331926	0.0132409	0.0377612
0.0342624	0.0153313	0.0373786
0.0321455	0.00710537	0.0377502
0.0124915	0.00180996	0.0395912
0.0352919	0.00576823	0.0374025
0.0349645	0.00356677	0.0374933
0.0456263	0.0105434	0.0365226
0.0314277	0.00973692	0.0378845
0.0362968	0.0165267	0.0372253
0.0326184	0.016249	0.0375817
0.0377655	0.0143167	0.0372801
0.0183738	0.0135705	0.0391519
0.0254615	0.0114665	0.0383055
0.0472509	0.0143799	0.0364181
0.00753299	0.0130498	0.0403418
0.0512034	0.0131308	0.036126
0.00329083	0.0146004	0.0404941
0.0436035	0.0130174	0.036759
0.011139	0.00796757	0.03956
0.0343302	0.0088821	0.0375709
0.0287054	0.00173376	0.0379395
0.00991562	0.00396053	0.0400307
0.0234701	0.000471653	0.0387544
0.026139	0.00574644	0.0381566
0.0361554	0.00759353	0.0373928
0.0162652	0.00358854	0.0393033
0.0260446	0.0154331	0.0382428
0.0361035	0.00677466	0.03726
0.0287189	0.00886551	0.0380966
0.0450149	0.00472665	0.0364116
0.0395619	0.012039	0.0370037
0.0332455	0.0155538	0.0375243
0.0450941	0.0010585	0.0362042
0.0234412	0.00632988	0.0386063
0.0526268	0.014495	0.0357377
0.0133935	0.008128	0.0396475
0.0451193	0.0125038	0.0363948
0.0277763	0.0104363	0.0382098
0.0381979	0.0144737	0.0371204
0.030339	0.00716421	0.0379397
0.0346277	0.00158573	0.0373081
0.0144731	0.016995	0.0396098
0.0264174	0.0141819	0.0382392
0.0276232	0.0100676	0.0381251
0.0262371	0.0161416	0.0381752
0.0284361	0.00803628	0.038064
0.0426313	0.0095966	0.0366603
0.0511156	0.0155883	0.0355829
0.0299856	0.0115047	0.0378703
0.0115669	0.000763867	0.0397594
0.0414826	0.0043489	0.0367708
0.0272066	0.00364273	0.0381855
0.0350699	0.0113481	0.0374738
0.0116702	0.0017183	0.0396633
0.0299924	0.0143322	0.0378568
0.0467288	0.00607751	0.0362985
0.0215673	0.00992801	0.0388595
0.0244379	0.00498378	0.038533
0.02755	0.0143042	0.0381611
0.045104	0.00483113	0.0363767
0.0161178	0.00336789	0.0393842
0.0410707	0.0151372	0.0368641
0.0411287	0.0116427	0.0368497
0.0161973	0.0134576	0.0394489
0.0158498	0.011537	0.0392815
0.0345746	0.00517075	0.0373368
0.0379051	0.00420453	0.0371547
0.0337383	0.0158722	0.0375885
0.0363873	0.0151408	0.0371647
0.0400799	0.0150099	0.0370564
0.0290703	0.00356689	0.0379964
0.0371358	0.000794996	0.0374795
0.0411276	0.0104597	0.0368348
0.0161595	0.0171386	0.0391958
0.0325744	0.0096783	0.0376435
0.0262889	0.00600374	0.0383243
0.0354207	0.00175134	0.0373274
0.0416499	0.011306	0.0367575
0.0324796	0.00603097	0.0377458
0.0219224	0.00136321	0.0388772
0.0356504	0.010912	0.0374852
0.0275144	0.0102321	0.0382736
0.0463512	0.00425707	0.0362732
0.042352	0.00594125	0.0367878
0.0410374	0.0144218	0.0368732
0.0240544	0.00735582	0.0385582
0.0170021	0.0135954	0.0391798
0.0247884	0.0156367	0.0386207
0.0356244	0.0114414	0.0373257
0.0294197	0.00993237	0.0379846
0.0292241	0.0153896	0.0381605
0.0276306	0.0106587	0.0381285
0.0108834	0.00383484	0.0397776
0.0385946	0.013103	0.0370935
0.0235995	0.00340302	0.0384362
0.0360596	0.00460597	0.0371747
0.0336689	0.0060736	0.0375611
0.0253144	0.0119443	0.0385106
0.0165264	0.00479301	0.039282
0.0229707	0.0144867	0.0385697
0.0423059	0.0162898	0.0365461
0.0482251	0.0145174	0.0361244
0.0310497	0.0146119	0.037774
0.0341399	0.0146105	0.0376322
0.02651	0.00930919	0.0382766
0.0377083	0.000201004	0.0369878
0.0166527	0.00873163	0.0391536
0.0235281	9.67818e-05	0.0385099
0.0228769	0.00148347	0.0386138
0.0310045	0.0107213	0.0377578
0.0368685	0.0103881	0.0372143
0.0308505	0.0118342	0.0379758
0.0319992	0.00722019	0.0378245
0.0222472	0.0145808	0.038865
0.0238229	0.0146029	0.0384317
0.0330322	0.0140813	0.0376616
0.0157517	0.0111206	0.0392303
0.0348591	0.0027162	0.0374698
0.0415431	0.00350343	0.0367356
0.0238746	0.0153479	0.0384118
0.0355609	0.0122816	0.0375253
0.0332156	0.00711227	0.0376041
0.0302925	0.0119629	0.0379996
0.0295775	0.0144822	0.037921
0.0216698	0.0104097	0.0387485
0.0428412	0.0149172	0.0366355
0.0153388	0.0147304	0.0395148
0.0419548	0.00305231	0.0366858
0.0370464	0.013434	0.0373771
0.0139859	0.0111771	0.0393939
0.00377989	0.00920579	0.0407227
0.0288975	0.0125358	0.038157
0.0267542	0.0127756	0.0382312
0.0364444	0.0154617	0.0374905
0.0304425	0.0164376	0.0378722
0.040003	0.00327496	0.0369401
0.0112445	0.0119224	0.0397697
0.0356996	0.0127886	0.0373318
0.0299684	0.0105251	0.0378121
0.0194146	0.0112421	0.0389158
0.0266603	0.0027478	0.0383171
0.0269872	0.00648328	0.0382361
0.0250516	0.0153434	0.0382622
0.0374626	0.0115657	0.0372021
0.0254419	0.00537547	0.038222
0.0282154	0.00700484	0.0381673
0.0213153	0.00723759	0.0388183
0.0150574	0.0121744	0.0393851
0.0376417	0.010067	0.0371907
0.0178979	0.00549532	0.0391776
0.0358262	0.0143744	0.0372319
0.032581	0.0120443	0.0378064
0.0310458	0.004563	0.0378713
0.0451484	0.0117351	0.0364954
0.0219101	0.00840041	0.0387894
0.0350018	0.0153858	0.0373437
0.0299453	0.0147063	0.0379847
0.0420908	0.0127428	0.0366573
0.0237495	0.0165718	0.0387292
0.016073	0.0051823	0.0392476
0.0015146	0.00832257	0.0406463
0.0199839	0.00704539	0.038995
0.0242833	0.0110838	0.0385925
0.0341284	0.00578202	0.0375825
0.017098	0.0127232	0.0391787
0.0472111	0.00963688	0.0362068
0.0448519	0.00920634	0.0366263
0.00990082	0.0139316	0.0398825
0.0294333	0.0116187	0.0379362
0.0442203	0.00575876	0.0366093
0.0342487	0.00943698	0.0375313
0.0230471	0.0127121	0.0386149
0.0248973	0.0146385	0.0385839
0.0231774	0.0137155	0.0385959
0.0330442	0.0106059	0.0376427
0.0135899	0.0123806	0.039522
0.0281505	0.0125189	0.0380748
0.00881223	0.00712686	0.0399298
0.0253728	0.0128287	0.0382606
0.029684	0.0101013	0.03789
0.0134954	0.0152339	0.0393818
0.0427136	0.00966658	0.0366836
0.0298948	0.013288	0.0379029
0.0326921	0.0128984	0.037632
0.0528984	0.00970647	0.0358071
0.0365344	0.0133784	0.0372689
0.0274177	0.0100944	0.038245
0.0357137	0.0105708	0.0374785
0.0191711	0.00785738	0.0390946
0.0076334	0.0138347	0.040367
0.0403737	0.0156874	0.037159
0.0174338	0.0115179	0.0393028
0.0326835	0.0111758	0.0375628
0.0280059	0.0076539	0.038065
0.0113461	0.00734084	0.039803
0.022897	0.0153538	0.038734
0.0512428	0.00488335	0.0357885
0.0350644	0.00686326	0.0373703
0.044619	0.0153407	0.0364135
0.0417826	0.00761646	0.0368709
0.0492058	0.0149459	0.0359196
0.0332435	0.0136167	0.037504
0.00688702	0.0153797	0.0401832
0.0360874	0.0158714	0.0372267
0.0125987	0.0140576	0.0398292
0.0149653	0.00879248	0.0394945
0.0202211	0.0139494	0.0390177
0.0355571	0.00635268	0.0373829
0.0182693	0.0112364	0.0390606
0.0246372	0.00636591	0.038486
0.0194757	0.00295071	0.0390382
0.0296229	0.0135652	0.038091
0.0432001	0.0154705	0.0366404
0.0212909	0.0117085	0.0387701
0.0325322	0.00439992	0.0378344
0.0142545	0.0119756	0.0394498
0.0296373	0.00398935	0.0379396
0.0164191	0.0135578	0.0392363
0.0414013	0.012089	0.0368014
0.0129211	0.0086191	0.0397172
0.0269419	0.0129307	0.0383204
0.0350568	0.0114573	0.037389
0.0170785	0.0109155	0.0392155
0.0355313	0.0129246	0.0373312
0.0198547	0.000315092	0.0387304
0.0286441	0.0154662	0.0379487
0.0346861	0.00606155	0.0374588
0.0181863	0.0141835	0.0392976
0.0233964	0.0146021	0.0385757
0.0395172	0.00534336	0.0370241
0.0295377	0.0138384	0.0381033
0.0292841	0.013386	0.0381226
0.0195837	0.0103996	0.0390581
0.0257027	7.49526e-05	0.0384516
0.0306797	0.00482795	0.0378675
0.0419729	0.00751999	0.0368318
0.0402803	0.00743581	0.0369221
0.0372971	0.0164406	0.0371508
0.0467586	0.011622	0.0362691
0.0206326	0.0166251	0.0390394
0.0347069	0.0110886	0.0374272
0.015706	0.0143856	0.0392982
0.0386675	0.00883388	0.0371061
0.0282433	0.0059717	0.0380667
0.043659	0.0166332	0.0365583
0.0291331	0.00815048	0.0380215
0.0236935	0.00987589	0.0383963
0.0326992	0.0096507	0.0377081
0.0388163	0.00370894	0.0370905
0.0250355	0.0122599	0.0384137
0.0218062	0.0122918	0.0388817
0.0475701	0.0135848	0.0362076
0.0023349	0.0151648	0.0408771
0.0414756	0.00840325	0.0368992
0.0153581	0.0132648	0.0393817
0.0528151	0.0102811	0.0358246
0.0355015	0.00648943	0.0375105
0.0330227	0.00254151	0.0376558
0.0341566	0.0105229	0.0374734
0.0529232	0.00491443	0.0356081
0.0285831	0.00218581	0.0381198
0.0349378	0.0133499	0.0374072
0.0128879	0.00201429	0.0396326
0.0257739	0.01492	0.0383555
0.0413876	0.0105257	0.0366286
0.0409052	0.0126046	0.0368541
0.0420398	0.0111344	0.0366925
0.034592	0.00829958	0.0374382
0.0384298	0.0130834	0.0371092
0.0259826	0.0122404	0.0384358
0.0420996	0.00715856	0.036811
0.0425263	0.0163667	0.0365252
0.0222509	0.00218525	0.0386766
0.0293541	0.00896882	0.0380057
0.043888	0.0124255	0.03647
0.0218358	0.000963161	0.0387081
0.0324502	0.00911165	0.0377384
0.0302737	0.0151838	0.0380115
0.0270759	0.00599559	0.0382306
0.0415737	0.0138932	0.0370134
0.0247278	0.0069747	0.038621
0.0297232	0.0138814	0.0380513
0.0183458	0.00317143	0.0393067
0.027171	0.0108388	0.0382242
0.0351837	0.0120939	0.037331
0.0344834	0.0147757	0.0374365
0.0341228	0.0106771	0.0376
0.00320403	0.0163149	0.040527
0.0221591	0.00670061	0.0386665
0.0496329	0.0144367	0.0359917
0.0264349	0.0104533	0.0382742
0.027202	0.0161238	0.0383568
0.026053	0.00860763	0.0382601
0.020382	0.00947191	0.0388607
0.0291333	0.00976663	0.0380321
0.0287628	0.013981	0.0381419
0.0421886	0.0109639	0.0367497
0.0302589	0.00958305	0.0378913
0.0258062	0.0115025	0.0384347
0.0395198	0.00628037	0.0369818
0.0148531	0.0104615	0.0393542
0.0408146	0.00718836	0.0368702
0.0299925	0.00148985	0.037891
0.0330515	0.0114362	0.0376213
0.0290204	0.00992241	0.0380149
0.0308636	0.0112251	0.0377316
0.0219189	0.0149588	0.0388258
0.0329028	0.0117289	0.0376628
0.0390368	0.00889	0.0370697
0.0279955	0.0127586	0.0382677
0.0421024	0.0125226	0.0369389
0.031565	0.000938204	0.0376432
0.0335276	0.00431735	0.0375652
0.0381811	0.00559807	0.037151
0.0239586	0.0161014	0.0385097
0.023427	0.0111502	0.0385625
0.03325	0.0166993	0.0376608
0.00520052	0.0116699	0.0403946
0.0346962	0.0153717	0.037606
0.0266886	0.00505707	0.0382496
0.021838	0.00987627	0.0387265
0.0505775	0.00234675	0.0359211
0.0314619	0.00594555	0.0377904
0.0337113	0.0144662	0.0375155
0.00696486	0.0119068	0.0400709
0.025698	0.0153771	0.0382944
0.0206213	0.014722	0.0389262
0.0298222	0.010031	0.0379969
0.0174293	0.00643566	0.0392912
0.037798	0.00616512	0.0372316
0.0226305	0.00883263	0.0387212
0.0207968	0.00230074	0.0389357
0.0336776	0.00663189	0.0375899
0.0281988	0.000849647	0.0380198
0.0302455	0.00917646	0.0380126
0.00509993	0.0124988	0.0403723
0.0316157	0.00498822	0.0377902
0.0308685	0.0142712	0.0379902
0.043813	0.00882465	0.0365332
0.0421502	0.0115288	0.036795
0.0445891	0.0107449	0.0364609
0.020703	0.013073	0.0389119
0.0284088	0.00922117	0.0381689
0.0419526	0.0104152	0.036699
0.0290486	0.0109872	0.0380156
0.0183612	0.000308518	0.0390817
0.0174282	0.00851631	0.039148
0.030492	0.0109412	0.0379637
0.0321169	0.0115264	0.037841
0.0212162	0.0120479	0.0387937
0.0255398	0.01511	0.0384328
0.0311084	0.0166788	0.0378759
0.0211307	0.00519565	0.0387959
0.0309712	0.00078416	0.0377862
0.0179112	0.00563403	0.0391629
0.032884	0.0191977	0.0376804
0.0246833	0.016966	0.038532
0.0262619	0.00953925	0.0384231
0.0438549	0.00311122	0.036371
0.0130504	0.010061	0.0396886
0.0360116	0.0123466	0.0374274
0.0167745	0.0106034	0.0391938
0.0337246	0.00146585	0.0376704
0.0324265	0.0141244	0.0376185
0.0240915	0.0100896	0.0386024
0.0402186	0.0124824	0.0369231
0.0277007	0.0094066	0.038217
0.0249858	0.0103281	0.0383578
0.0311506	0.0139843	0.0378689
0.0428769	0.00615321	0.0366861
0.0309146	0.0110096	0.0377697
0.0297159	0.0133356	0.0379452
0.0201885	0.0176363	0.0390875
0.0386078	0.0138152	0.0370937
0.0352311	0.00578822	0.0374069
0.0360533	0.00608892	0.0373617
0.0357334	0.00770332	0.0373632
0.0268393	0.00424168	0.0382853
0.0372868	0.0136268	0.0373975
0.0403963	0.0130724	0.036922
0.0264974	0.0143997	0.0382628
0.012135	0.0121577	0.0395613
0.0234742	0.0102175	0.0386614
0.0352831	0.0114638	0.0373557
0.0135386	0.0105253	0.0396175
0.00399955	0.0164922	0.0405097
0.0287165	0.00069427	0.0382634
0.0340492	0.00990314	0.037568
0.0391651	0.0116683	0.0371589
0.0351469	0.0092078	0.0373257
0.0116799	0.00140215	0.0397194
0.0197066	0.0137747	0.0390572
0.0336464	0.0135559	0.0375972
0.0136261	0.00168186	0.0395141
0.0157136	0.00159696	0.0394311
0.0297403	0.00627488	0.0380881
0.0331888	0.0040467	0.037608
0.0435625	0.0114842	0.0365327
0.0305215	0.0113561	0.0379228
0.0334794	0.0128162	0.037473
0.0170169	0.0100961	0.0391702
0.0186	0.00906861	0.0390551
0.0359926	0.00858422	0.0373002
0.0475091	0.004826	0.0362027
0.0483066	0.0116658	0.0363593
0.0224042	0.0112485	0.0386995
0.0355426	0.00424832	0.037371
0.0176276	0.010708	0.0389693
0.0326462	0.0130424	0.0377359
0.0212037	0.00556585	0.0388947
0.00772627	0.00868335	0.040335
0.0249377	0.00124017	0.0385141
0.0262492	0.0136293	0.0382852
0.0316801	0.0124965	0.0376777
0.0404239	0.00845402	0.0369934
0.0244597	0.00953699	0.0385513
0.0191389	0.0124283	0.0390404
0.0176321	0.00813561	0.0390496
0.0198393	0.0123979	0.0390416
0.0382381	0.0129186	0.0371213
0.0511581	0.00974883	0.0359762
0.0434868	0.0123489	0.0364
0.034295	0.0131783	0.0373986
0.0231535	0.0131094	0.0386668
0.0385452	0.00451001	0.0370861
0.0238983	0.0138444	0.0385394
0.0172741	0.0141329	0.0392669
0.029777	0.0118116	0.0378813
0.0153664	0.00844607	0.0393515
0.0399802	0.0108404	0.0368819
0.0346566	0.0168693	0.037632
0.0332512	0.00954065	0.0376079
0.0335952	0.0161472	0.0374872
0.0390961	0.0120163	0.0371652
0.0436302	0.0104114	0.0365762
0.0193197	0.0145121	0.0388439
0.04344	0.00846037	0.0367385
0.0405037	0.000467393	0.0369044
0.0309973	0.0128168	0.0377236
0.0338156	0.0103498	0.0375812
0.0280289	0.0152997	0.0382664
0.0348232	0.0159661	0.0373799
0.0396908	0.0163702	0.0371596
0.0401501	0.0150188	0.0368936
0.0338247	0.00822259	0.0374377
0.0249587	0.00939894	0.0384125
0.0300871	0.0126573	0.0379143
0.0427392	0.00928126	0.0366424
0.0217209	0.0151632	0.0386562
0.0155523	0.00892766	0.0392812
0.0304018	0.00188009	0.0379414
0.0420559	0.00123353	0.0368342
0.0394938	0.0138344	0.0370983
0.0100535	0.00473333	0.0399837
0.0231104	0.00196167	0.0385811
0.0311108	0.0159142	0.0378745
0.0366519	0.00362781	0.037263
0.0208176	0.0130825	0.0389668
0.0345146	0.0102724	0.0375931
0.0286931	0.0163175	0.0382566
0.0487117	0.00998073	0.0360257
0.0284153	0.00844464	0.0380961
0.0291684	0.00933645	0.0380478
0.0320397	0.0147042	0.0377701
0.0286808	0.00996373	0.0379322
0.0393766	0.00700697	0.0369947
0.0266874	0.0149595	0.0383362
0.0106532	0.0130645	0.0399473
0.0346409	0.00318734	0.0374321
0.0385477	0.00454239	0.0371142
0.0289795	0.00916995	0.0379033
0.0371243	0.00573622	0.0372155
0.0439589	0.0119234	0.0365153
0.0342232	0.0148493	0.0374279
0.0295439	0.0113045	0.0379648
0.0344862	0.0138863	0.0374519
0.0183833	0.00852665	0.0390311
0.0245585	0.0135664	0.0385833
0.0280865	0.000481206	0.0379712
0.0400955	0.00442475	0.0369826
0.0246569	0.00240444	0.0385319
0.0459889	0.00577421	0.0363084
0.0375292	0.0116296	0.0373113
0.024198	0.0150276	0.0386023
0.0271204	0.0156815	0.0383086
0.0227634	0.0124534	0.0386978
0.0522359	0.00719605	0.035936
0.0281358	0.00862818	0.0380914
0.0377763	0.0110499	0.0372134
0.0348754	0.0136435	0.0374679
0.00212469	0.0107043	0.0407042
0.0343348	0.0160744	0.0376526
0.0145493	0.000972924	0.0392064
0.0226419	0.00790044	0.0387023
0.0305274	0.00832538	0.0379387
0.0318295	0.0147348	0.0377489
0.0257935	0.00884398	0.0383655
0.030409	0.00399052	0.0379061
0.026365	0.0072909	0.0382637
0.0455699	0.0042774	0.0363472
0.0231302	0.0109376	0.038602
0.00470765	0.000907933	0.0403299
0.0358916	0.0107324	0.0374695
0.038837	0.00818139	0.0371571
0.0475974	0.0138337	0.0362797
0.0324552	0.0100024	0.0376999
0.0335093	0.0145112	0.0375283
0.0326104	0.00936009	0.0377608
0.0337139	0.0160842	0.0377157
0.0488726	0.0103264	0.0360286
0.0421911	0.0147444	0.0369254
0.0376166	0.0104951	0.0371602
0.0292656	0.00661214	0.0380226
0.0366083	0.00765553	0.0372188
0.0437803	0.0110782	0.0364909
0.0194494	0.00828214	0.039018
0.0259305	0.0168047	0.0383175
0.0369116	0.0171251	0.0372236
0.0113926	0.0114992	0.039779
0.0188974	0.0112565	0.0391388
0.0331598	2.07835e-05	0.0376939
0.0395563	0.00614438	0.0370416
0.0173898	0.00144837	0.0392911
0.0321676	0.00701254	0.0377008
0.0321909	0.0108296	0.0377474
0.0291983	0.00113585	0.0380829
0.0244856	0.00821381	0.0384428
0.0427076	0.00921066	0.0367957
0.0437566	0.00890876	0.0364969
0.00279678	0.00673777	0.0406698
0.0224415	0.00284236	0.0386336
0.0515538	0.000359836	0.0358259
0.0251404	0.00755708	0.0384499
0.0238711	0.0124704	0.0384741
0.0320553	0.015094	0.0376599
0.0344106	0.012306	0.0374682
0.0328809	0.0033859	0.0376604
0.032385	0.0168696	0.0377026
0.0254984	0.0163774	0.0384459
0.0264123	0.00470043	0.0382858
0.0374225	0.0131209	0.0372122
0.0280929	0.00565473	0.0380423
0.02087	0.000355024	0.0386234
0.0344522	0.0126453	0.0374749
0.0252179	0.0132862	0.0383191
0.0297793	0.0161189	0.0378357
0.0474969	0.0109665	0.0361703
0.0261948	0.00304418	0.0384847
0.0353518	0.00785498	0.0373912
0.0393138	0.000436879	0.0369362
0.0412466	0.0131315	0.0368381
0.0346518	0.0160758	0.037388
0.0395362	0.0110712	0.036984
0.0386222	0.0166906	0.037022
0.030146	0.00807408	0.0379556
0.0405257	0.0112622	0.0368172
0.0277506	0.0129183	0.0380959
0.0160415	0.00227717	0.0394342
0.0417273	0.0135035	0.0369912
0.0325198	0.0117149	0.0377964
0.0507321	0.0166317	0.0358701
0.0120181	0.00268053	0.0396696
0.0275196	0.0127618	0.0381471
0.0388567	0.0118508	0.0372028
0.0235941	0.0125178	0.0386877
0.0419145	0.0130263	0.0367267
0.0370698	0.00817452	0.0373102
0.0331596	0.0124262	0.0376794
0.0371321	0.00724458	0.0372035
0.0421761	0.0109287	0.0367673
0.0469597	0.0146181	0.0360388
0.0379302	0.0132156	0.0371409
0.0276544	0.0106068	0.0381692
0.0341217	0.0116439	0.037437
0.0251173	0.00767238	0.0384273
0.0406809	0.011876	0.0368566
0.0322685	0.00582832	0.037736
0.0316161	0.0151994	0.0377195
0.0312295	0.00867357	0.0378002
0.0255767	0.0107537	0.0383618
0.0207535	0.00946901	0.0388319
0.0408167	0.010517	0.0369272
0.000439801	0.00329221	0.0405291
0.0314271	0.00861009	0.0377799
0.0339059	0.00946015	0.0375409
0.0460937	0.0125227	0.0363344
0.0436575	0.0113937	0.0365389
0.0320234	0.00498229	0.0377616
0.0307576	0.0113942	0.0379433
0.0233554	0.00684072	0.0385718
0.0401017	0.00125405	0.0368619
0.0158507	0.00457809	0.0393734
0.00974166	0.0153414	0.0397131
0.0420218	0.0118079	0.0366976
0.0381752	0.012199	0.0370614
0.0353193	0.0109999	0.0374119
0.0328571	0.0106262	0.0375535
0.0384154	0.0101944	0.03716
0.0370895	0.0165878	0.037074
0.0343739	0.00598802	0.0375104
0.0424486	0.0119442	0.0366555
0.0381401	0.0121958	0.0370794
0.0249803	0.0120196	0.038369
0.0280063	0.0172212	0.0383089
0.0105481	0.0145776	0.0396678
0.0243782	0.00299931	0.0384479
0.0333606	0.00487124	0.0375892
0.0376454	0.0134321	0.0371902
0.0358323	0.0105274	0.0372891
0.0345804	0.0161904	0.0375799
0.00378355	0.0111008	0.0405687
0.0320645	0.00887475	0.0377137
0.0274692	0.0121473	0.0381719
0.0425886	0.0076043	0.0367005
0.0224973	0.0104169	0.0386545
0.0391327	0.0102072	0.0370824
0.0384786	0.00982536	0.0369324
0.038114	0.0157721	0.0370618
0.02311	0.00487082	0.0386134
0.0205118	0.00826841	0.0386889
0.0334705	0.0100435	0.0375909
0.0425224	0.0161926	0.0369145
0.0305683	0.00901418	0.0379534
0.0202311	0.0150664	0.0388906
0.0155188	0.0087956	0.0395026
0.0238074	0.00803208	0.0385076
0.0271017	0.0136792	0.0383316
0.027726	0.0117002	0.038148
0.0119314	0.0120526	0.0396574
0.0248966	0.0150024	0.0385145
0.0341455	0.00940225	0.0374021
0.0363317	0.00708592	0.0373122
0.0226648	0.0140826	0.0387853
0.0279319	0.00668009	0.0379934
0.0279065	0.00873192	0.0380773
0.0379744	0.00272944	0.0371818
0.0412625	0.0118954	0.0368745
0.0423844	0.00586802	0.0366596
0.0122804	0.0133262	0.0395276
0.0401175	0.00388941	0.0367181
0.0305482	0.015201	0.0378739
0.045505	0.0144962	0.0364269
0.0266184	0.0154711	0.038138
0.029423	0.00654447	0.0379019
0.0286743	0.00274664	0.0381089
0.018785	0.0168348	0.0392211
0.0236371	0.00453041	0.0385666
0.0232567	0.00952054	0.0385747
0.0230671	0.00630946	0.0386535
0.0184183	0.0142367	0.039195
0.013766	0.00219575	0.0395909
0.0271937	0.00189161	0.0380789
0.0306639	0.00587654	0.037903
0.0394111	0.00261919	0.0369952
0.0332071	0.00993891	0.0376535
0.0500036	0.0170636	0.0358146
0.0285592	0.0135312	0.0381617
0.0217527	0.0117058	0.0386865
0.0297222	0.0103252	0.0379837
0.0359193	0.0152457	0.03738
0.0332099	0.00920379	0.0375938
0.0248149	0.0122206	0.0384422
0.0329925	0.0123802	0.0376573
0.0223145	0.00550694	0.0386395
0.0241544	0.0133483	0.0384337
0.0424793	0.0125603	0.0366702
0.0382291	0.00907711	0.0371051
0.039395	0.000837101	0.0369874
0.0219935	0.00560657	0.0388126
0.0292252	0.00886655	0.0380084
0.0250204	0.0106784	0.0382761
0.0252616	0.00753485	0.0384349
0.0390013	0.0100597	0.0370258
0.0264928	0.0104214	0.0382552
0.0325453	0.00630718	0.0376624
0.0292747	0.0129205	0.0379927
0.0303677	0.00709964	0.0377684
0.0417035	0.00789402	0.0368631
0.0335688	0.00656449	0.037587
0.0276705	0.0118446	0.0381458
0.00752323	0.00404349	0.0401059
0.0228531	0.00816194	0.0386765
0.0237965	0.00863661	0.038481
0.0225166	0.00437114	0.0386612
0.0223278	0.0148646	0.0388472
0.0228809	0.00954726	0.0386315
0.0436983	0.0135938	0.0364943
0.0107718	0.00166224	0.0398435
0.0244993	0.0103409	0.0384714
0.0135394	0.00798101	0.0394973
0.0455159	0.00909273	0.0363658
0.0223848	0.00432327	0.0386952
0.0273065	0.0041643	0.0381632
0.0316845	0.0148741	0.0376868
0.013775	0.0146331	0.0394898
0.0295082	0.0169796	0.0378855
0.0168161	0.000669308	0.0391666
0.0249642	0.00599811	0.0382673
0.028332	0.017275	0.0381556
0.0423073	0.0105605	0.0365161
0.0336201	0.01679	0.0376237
0.0261761	0.014421	0.0384185
0.0368318	0.0148083	0.0373816
0.0262769	0.0058986	0.0382851
0.0202836	0.0122339	0.0389088
0.0250972	0.00792808	0.0384622
0.0264829	0.00248357	0.038341
0.0263819	0.000647253	0.0384832
0.0393075	0.00646412	0.0369851
0.0343563	0.00710049	0.0375041
0.0353048	0.0126466	0.0374676
0.0381732	0.00838404	0.0371946
0.034053	0.00845856	0.0375871
0.0190515	0.0017739	0.0390044
0.0353131	0.00759379	0.0373774
0.0162804	0.015712	0.039225
0.0199173	0.0108656	0.038933
0.0381919	0.0108805	0.0372625
0.014556	0.00913155	0.0396726
0.0373301	0.0149563	0.037135
0.0262757	0.0106219	0.0382793
0.0203798	0.0129509	0.039043
0.0245798	0.003256	0.0384961
0.04523	0.0057519	0.0361718
0.0133385	0.00856867	0.0394959
0.039289	0.00816988	0.036999
0.0298153	0.0124673	0.0379254
0.0410146	0.00331941	0.0368817
0.0247094	0.00452585	0.0385268
0.0261608	0.00470784	0.0383592
0.0397857	0.00901642	0.0368969
0.0274777	0.00259367	0.0380993
0.00383977	0.011206	0.0403468
0.0371033	0.00945314	0.0371787
0.0434225	0.0151788	0.0368729
0.0387048	0.00480754	0.0370943
0.0380252	0.0125889	0.0372931
0.0376063	0.00954517	0.0372241
0.0249945	0.00865598	0.0384631
0.0228175	0.0157905	0.0388144
0.037039	0.00468788	0.0372374
0.0275235	0.000390412	0.0380841
0.0326313	0.00377545	0.0375852
0.0231663	0.0122787	0.0385426
0.0486643	0.0148638	0.0363908
0.0237542	0.0153285	0.0386918
0.0184683	0.00649628	0.0391249
0.0273666	0.0116758	0.0383108
0.0385076	0.00604736	0.0370731
0.0335939	0.00359509	0.037524
0.0262237	0.0124347	0.038374
0.0398402	0.0167391	0.036805
0.0399564	0.0138248	0.0368948
0.0226039	0.00584303	0.0386958
0.0414587	0.00857067	0.036827
0.0296396	0.0122986	0.0379281
0.0171137	0.00685367	0.0392366
0.0348705	0.0126395	0.0374405
0.0328685	0.0164896	0.0375811
0.024324	0.0146034	0.0383994
0.0295269	0.00950682	0.0379906
0.0352434	0.00976935	0.037507
0.0200514	0.00304068	0.0390219
0.0430237	0.00762597	0.0366691
0.0102665	0.0112906	0.0399356
0.0512336	0.00760286	0.0358692
0.0225107	0.0128397	0.0387865
0.016803	0.0149057	0.0393818
0.0331983	0.010924	0.0375946
0.0485704	0.0138034	0.0359991
0.0342699	0.00901303	0.037495
0.0252972	0.0171844	0.0384205
0.0138057	0.0123096	0.0396172
0.0226216	0.0148346	0.0387983
0.0144546	0.0126262	0.0394451
0.053748	0.00400677	0.0357185
0.0267656	0.00639306	0.0382551
0.0315671	0.014382	0.0379169
0.0319468	0.00789827	0.0377288
0.0459682	0.00604466	0.0362817
0.0327789	0.0133423	0.0377146
0.040805	0.0149308	0.0368948
0.0445693	0.0141543	0.036474
0.0349617	0.00549739	0.0373596
0.0405826	0.0157337	0.0368367
0.0287646	0.00806994	0.0381886
0.0332931	0.0147594	0.0375505
0.0188513	0.0131831	0.0389358
0.0400469	0.00737571	0.0369084
0.028888	0.0135933	0.03803
0.0362468	0.00224699	0.037208
0.0379784	0.0121579	0.0371558
0.0239338	0.00854521	0.0385908
0.031392	0.0131475	0.0377743
0.0322323	0.00240291	0.0376578
0.0486781	0.0110505	0.0361245
0.037289	0.0118383	0.0371397
0.0380934	0.0019521	0.0371281
0.027304	0.0106964	0.0382632
0.0270044	0.00633701	0.038082
0.0291347	0.0124248	0.0380499
0.0320918	0.0144288	0.0376524
0.0227017	0.0111031	0.0387632
0.0212648	0.0122116	0.0389095
0.0415584	0.00847682	0.0368093
0.0291641	0.0150154	0.0381877
0.0229114	0.0163257	0.0387379
0.0264881	0.00938901	0.038299
0.0320203	0.0118698	0.0376513
0.0208529	0.0099299	0.0389103
0.0381022	0.0161241	0.0371866
0.0308766	0.00984613	0.0378656
0.0338363	0.00623417	0.0374462
0.0235427	0.00638449	0.0386031
0.030227	0.0104885	0.037927
0.0313345	0.0114755	0.0377263
0.0159122	0.0123468	0.0395116
0.0289562	0.00915291	0.0381537
0.0227178	0.0116345	0.0386014
0.0382855	0.0108446	0.0370955
0.0233029	0.016218	0.0384428
0.0264772	0.0112264	0.0384067
0.0444242	0.0163884	0.0364624
0.0249046	0.00850459	0.038464
0.030014	0.00685641	0.0379235
0.0231268	0.0134967	0.0386219
0.00776931	0.0147631	0.0403081
0.0352465	0.0149323	0.0374806
0.0300849	0.0119891	0.0380407
0.0228101	0.00956485	0.0385614
0.021002	0.0151353	0.0386757
0.0288655	0.00933825	0.0380003
0.0170439	0.00747522	0.0393179
0.0273368	0.00990873	0.0382241
0.0282034	0.00909158	0.0381348
0.00961086	0.0105749	0.0401846
0.0289505	0.0147214	0.0380888
0.0237428	0.00576783	0.0387326
0.039641	0.0114556	0.0371407
0.0305149	0.00954579	0.0378657
0.0239928	0.00138238	0.0385075
0.0239159	0.0143597	0.0384692
0.040834	0.0113629	0.0369098
0.022375	0.0156087	0.0388546
0.0257831	0.0161088	0.0385092
0.0299866	0.00786954	0.037941
0.0289173	0.012072	0.0380117
0.0353343	0.0101106	0.0373927
0.0457537	0.00210366	0.0366384
0.0222802	0.00599648	0.0386981
0.0304852	0.00997711	0.0379496
0.044977	0.0124209	0.0363905
0.0307545	0.0114748	0.0378393
0.0357018	0.00133918	0.0373099
0.0339312	0.0128235	0.0376035
0.037408	0.00543276	0.0372054
0.0391193	0.0093646	0.037116
0.0317476	0.0101082	0.0378032
0.0124375	0.00132744	0.0397646
0.0282636	0.0123333	0.0380967
0.00438645	0.00396029	0.0405295
0.0221348	0.0148818	0.0388026
0.036745	0.00883232	0.0372681
0.0428339	0.00214567	0.0366274
0.0291221	0.00835298	0.0380249
0.0376693	0.0079372	0.0371524
0.0256506	0.00760713	0.0383303
0.0363044	0.00633038	0.0372807
0.0348342	0.0115313	0.0374018
0.0358357	0.0119038	0.037366
0.0228882	0.0154695	0.0387048
0.0265966	0.0105423	0.0382775
0.0305611	0.0108	0.0379862
0.0218873	0.00509914	0.0387746
0.0411248	0.0164706	0.0367588
0.0380276	0.0155557	0.0373687
0.0353457	0.0121488	0.0373095
0.0193693	0.0169746	0.0390831
0.010685	0.00806546	0.0398704
0.0284544	0.000166649	0.038133
0.00763592	0.0145142	0.0404359
0.00970928	0.00991738	0.039838
0.0339519	0.0104174	0.0376517
0.0268721	0.000274633	0.0383215
0.0115022	0.0107122	0.0398222
0.0347112	0.0110991	0.0374858
0.00605713	0.0106611	0.0403338
0.0312926	0.0114195	0.0378244
0.0437416	0.0125693	0.0365884
0.0205604	0.0117006	0.0389028
0.0275369	0.00441011	0.0380988
0.0357156	0.012496	0.0373647
0.0309508	0.0126691	0.0378784
0.0318401	0.0066797	0.0377136
0.0308055	0.0133945	0.0379786
0.0262244	0.00434439	0.038303
0.0267424	0.00940819	0.0381112
0.026064	0.0142969	0.0384265
0.0538815	0.0140864	0.035435
0.0372652	0.00841585	0.0371265
0.0342387	0.00780092	0.0374749
0.0275051	0.00186142	0.0382577
0.00360382	0.00538901	0.0405175
0.0471663	0.014606	0.0362051
0.0189851	0.000915828	0.0390359
0.0360342	0.0084865	0.0373201
0.0439693	0.0154261	0.0367468
0.0233122	0.0151133	0.0385476
0.0176124	0.0111243	0.0392025
0.0288099	0.0145732	0.0381607
0.0351271	0.0128918	0.0374816
0.0331745	0.0030991	0.0375621
0.0293785	0.0113757	0.0381109
0.029974	0.0108675	0.0380149
0.028782	0.00910409	0.0381305
0.0325732	0.00773369	0.0377052
0.0336222	0.00956378	0.0375531
0.0376793	0.0104558	0.0372914
0.023271	0.00549427	0.0386057
0.0249477	0.013937	0.0383881
0.0461932	0.00842965	0.036299
0.0310129	0.0106491	0.0377703
0.0323424	0.0096139	0.037731
0.0127771	0.0101158	0.0397112
0.0360321	0.0173792	0.0374441
0.0260205	0.00651979	0.0383274
0.0351074	0.0070784	0.0374084
0.0423355	0.0138779	0.0366714
0.0299853	0.00907134	0.0379864
0.0176652	0.00684471	0.0391786
0.026971	0.015312	0.0382237
0.023262	0.00792457	0.0385857
0.0141435	0.0107599	0.0395618
0.0439498	0.0150822	0.0367412
0.0151107	0.012772	0.0393808
0.0126376	0.00582434	0.0396888
0.0366006	0.0157908	0.0373136
0.0248305	0.0148254	0.0384291
0.0489324	0.0111246	0.0358064
0.034435	0.0122957	0.0375105
0.0290182	0.00459744	0.0380643
0.046646	0.0151819	0.0362531
0.0304958	0.0103341	0.0377674
0.0402315	0.00647189	0.0369215
0.0236465	0.0155608	0.0385376
0.0128698	0.0177732	0.0397756
0.0421805	0.0154412	0.03691
0.0199835	0.0118493	0.0390192
0.0214824	0.0131034	0.0388164
0.0312535	0.00723707	0.0377774
0.028789	0.00477942	0.03797
0.0330292	0.00788352	0.0376997
0.0296955	0.00693998	0.0379489
0.0506236	0.00803833	0.0360689
0.0196112	0.013634	0.0389983
0.0241324	0.00557273	0.0385252
0.0366465	0.0166779	0.037173
0.0339852	0.0113257	0.037432
0.0292663	0.0110814	0.0379951
0.0238266	0.00760652	0.0385572
0.0204654	0.0123857	0.0389975
0.0387274	0.00234927	0.0371891
0.0357358	0.00916405	0.0373625
0.0233167	0.012085	0.0385972
0.014938	0.0156714	0.039368
0.0471857	0.0153051	0.0361242
0.0355166	0.00850059	0.0373483
0.0343356	0.00439024	0.0374105
0.0339929	0.0170535	0.0375742
0.0355718	0.00885584	0.037359
0.0303436	0.0122873	0.0378245
0.0150584	0.00716179	0.0394976
0.0364799	0.0124352	0.0373031
0.0301758	0.00584487	0.0379007
0.0258278	0.0103082	0.0384251
0.0366226	0.0168181	0.0372051
0.0289201	0.016449	0.0380167
0.0374917	0.00945079	0.0372386
0.0258653	0.0143494	0.0382109
0.0329144	0.0149361	0.0376244
0.0215008	0.00442707	0.0387376
0.0267678	0.00659539	0.0382578
0.0330422	0.00526828	0.037622
0.0291305	0.0137241	0.0380869
0.0337524	0.00462435	0.0376097
0.0289876	0.00452999	0.0380309
0.0414872	0.00678926	0.0367288
0.018393	0.00691348	0.0391429
0.0272161	0.0123476	0.0382837
0.0339985	0.0101585	0.0375573
0.0226166	0.00997251	0.0386344
0.0203065	0.0057587	0.0389889
0.0142441	0.0180745	0.039681
0.0412631	0.0159435	0.0367521
0.0297085	0.00939866	0.0378957
0.0436451	0.0145727	0.0366168
0.0306508	0.0108797	0.0378596
0.0204716	0.00674371	0.0388996
0.0435041	0.00409062	0.0365782
0.0260721	0.00797091	0.0382446
0.0267395	0.0133946	0.0383763
0.026227	0.00861182	0.0383697
0.0376254	0.0102604	0.0371139
0.00552859	0.0160257	0.0404337
0.0173896	0.0145924	0.0392169
0.0227563	0.00880373	0.0387234
0.0255844	0.0148151	0.0384417
0.0310297	0.00915226	0.0378358
0.0443402	0.0132539	0.0365076
0.0320894	0.00592424	0.0377606
0.0246749	0.00753937	0.0385028
0.0215632	0.0147055	0.0388043
0.0296935	0.0027038	0.0378843
0.0435189	0.000117273	0.0364588
0.0268299	0.0150384	0.0383947
0.0274881	0.0170127	0.0381649
0.0298326	0.0131883	0.0378257
0.0456876	0.0101997	0.0362798
0.0433178	0.00932032	0.0366422
0.0164892	0.0116823	0.0391829
0.0200064	0.0158376	0.0388891
0.0356413	0.0040077	0.0373211
0.0102545	0.00795675	0.0400434
0.0225909	0.0176892	0.0388632
0.0306481	0.00602295	0.0378799
0.0330118	0.0045168	0.0376496
0.0180439	0.0138188	0.0392616
0.0279934	0.0110375	0.0382297
0.0355119	0.00469083	0.0374287
0.0171196	0.00797358	0.0391867
0.0339442	0.00933898	0.037641
0.0300717	0.00867891	0.037974
0.0375082	0.0122002	0.0371969
0.0313874	0.00754533	0.0377835
0.0392583	0.00324073	0.0370759
0.0225566	0.00622736	0.0387208
0.0505724	0.01232	0.0359566
0.0326755	0.0112964	0.0377683
0.0169203	0.00826432	0.0392666
0.0282969	0.0178727	0.0380535
0.0403101	0.0125246	0.0368692
0.0125078	0.0223723	0.0394983
0.0313736	0.00509973	0.0377864
0.0314733	0.0143147	0.0378407
0.0374808	0.0123799	0.0371966
0.0379269	0.00577092	0.0372172
0.0270073	0.0144447	0.0381001
0.0419083	0.0120023	0.0367534
0.0277875	0.0102003	0.0382443
0.0208309	0.00926869	0.0390129
0.0344341	0.00646569	0.0373586
0.0340838	0.000754469	0.0373855
0.0249097	0.00952296	0.0385115
0.0297967	0.0115576	0.0378531
0.0248118	0.00355491	0.0384555
0.0395491	0.0137011	0.0369786
0.0352535	0.0177628	0.0372938
0.016775	0.00902611	0.0390413
0.0425043	0.013364	0.0367258
0.0308797	0.0136403	0.037907
0.0109372	0.0157696	0.0397679
0.027628	0.0100295	0.0381861
0.0396837	0.00735926	0.0370563
0.0306539	0.00295792	0.0377462
0.0206844	0.0131042	0.0387116
0.00773956	0.0163195	0.0399205
0.0469467	0.0114878	0.0362338
0.0417415	0.008527	0.0367436
0.0137326	0.0133619	0.0395924
0.0216613	0.00700607	0.0387892
4.0606e-05	0.0136461	0.0410012
0.0166734	0.0077238	0.0392751
0.0256124	0.010703	0.0383438
0.00905094	0.00722987	0.0398261
0.0275934	0.0120099	0.0382919
0.0349302	0.0149944	0.0375086
0.0195342	0.0140265	0.0391495
0.0310503	0.000428959	0.0378278
0.023754	0.0149617	0.0385662
0.0339996	0.00819463	0.0375681
0.0235399	0.0124646	0.0385675
0.0453383	0.0137777	0.0364429
0.0290373	0.00131703	0.0379031
0.0364004	0.0222529	0.0371646
0.0261725	0.00647323	0.0383323
0.0262391	0.0111745	0.0383856
0.020831	0.00553526	0.0386519
0.0386583	0.0155401	0.0370181
0.0183725	0.013421	0.0391225
0.0323013	0.0124578	0.0378358
0.0328428	0.00936581	0.0377162
0.0351865	0.00956729	0.0375183
0.0228224	0.0138153	0.0387099
0.0367308	0.00567965	0.0372548
0.0210403	0.00219161	0.0388873
0.0323936	0.013114	0.0377735
0.0357111	0.00355152	0.0372608
0.0188657	0.0162021	0.0389337
0.031	0.0116514	0.0378208
0.0262602	0.00838767	0.0382855
0.0437851	0.0137082	0.0364793
0.00959534	0.0128661	0.0397178
0.0160554	0.0132754	0.0391674
0.0302269	0.0106078	0.0379758
0.0339633	0.0162834	0.0373959
0.0343322	0.0105138	0.0374502
0.0295612	0.0150121	0.0379597
0.0254367	0.0114559	0.0384256
0.0266229	0.0106192	0.0382937
0.0372512	0.0115755	0.0372423
0.032394	0.00655757	0.0377431
0.0162384	0.0115405	0.039465
0.0355142	0.0141068	0.0373362
0.0187064	0.0160944	0.039134
0.0318277	0.0096052	0.0378087
0.0325881	0.0114848	0.0376582
0.0301272	0.0146436	0.0378434
0.0331596	0.00498845	0.0376711
0.0443507	0.000857393	0.0368009
0.0304302	0.01459	0.0378627
0.0317535	0.00873529	0.0377498
0.0405444	0.00950437	0.0369271
0.0293931	0.000210749	0.0380738
0.0184993	0.00894409	0.039253
0.0421308	0.0160784	0.036753
0.0294585	0.0141712	0.0379732
0.0184616	0.017804	0.039269
0.0221778	0.00699983	0.0387437
0.0375758	0.00964408	0.0372917
0.0191712	0.00819607	0.0388161
0.0308189	0.00614268	0.0377446
0.0298319	0.0110118	0.0379329
0.0347979	0.00490675	0.0374222
0.0384756	0.00987566	0.0372063
0.0385268	0.0165236	0.0371729
0.030707	0.0142691	0.0380053
0.0283861	0.00896534	0.0380773
0.0153443	0.00914733	0.0393887
0.0419433	0.00256146	0.0365141
0.0267428	0.0133362	0.0381234
0.0183558	0.0102117	0.0392592
0.0328945	0.0112042	0.0376596
0.0347599	0.00778488	0.0374476
0.0321893	0.0111527	0.0376932
0.0380531	0.0137104	0.0373087
0.0358238	0.0127685	0.0373654
0.0214634	0.00622078	0.0388683
0.0478094	0.0109163	0.0361114
0.0166173	0.0144618	0.0393805
0.0447712	0.00833937	0.0364373
0.0276578	0.0102103	0.0381453
0.0199518	0.0155662	0.0390326
0.0288979	0.0145084	0.0379519
0.0295957	0.0116239	0.03785
0.0306479	0.000854749	0.0377962
0.019897	0.0113432	0.039026
0.0381974	0.00728276	0.0371304
0.0455599	0.00810206	0.0363395
0.0241178	0.0135804	0.0386405
0.0238073	0.00888376	0.0386238
0.0100033	0.0133793	0.0398464
0.0395124	0.00645407	0.0370715
0.0211117	0.00692074	0.0388425
0.0280946	0.00713829	0.0381659
0.0273335	0.0119409	0.0382297
0.0128143	0.0110631	0.0397074
0.046104	0.0111128	0.0363266
0.034933	0.0092114	0.0374402
0.0312724	0.0129809	0.0377721
0.0376865	0.00271723	0.0371454
0.0407182	0.00833859	0.036682
0.0267781	0.0125189	0.0383621
0.00801173	0.00647644	0.0401683
0.0192465	0.00744526	0.0389019
0.0232011	0.0136369	0.0386719
0.0419602	0.0138488	0.0367256
0.0341112	0.0113941	0.0375387
0.0427644	0.0114335	0.0366461
0.0383036	0.0144852	0.0370416
0.0253486	0.0102662	0.0384172
0.0400154	0.00483469	0.0368936
0.0234366	0.00961069	0.0387263
0.0277683	0.00644347	0.0381729
0.0376854	0.0149743	0.037181
0.0207327	0.00974164	0.0389307
0.0227135	0.00778912	0.0386151
0.0369751	0.00596064	0.0371495
0.0218863	0.0138005	0.0386212
0.00647562	0.00330418	0.0399891
0.0225272	0.0122707	0.0387606
0.0112477	0.0124179	0.0399478
0.0231876	0.00334651	0.0386113
0.024536	0.0122707	0.0384485
0.0239096	0.0171739	0.0385159
0.0220314	0.00887548	0.0387813
0.0487043	0.0141595	0.0360723
0.0322902	0.0114701	0.0376884
0.018715	0.0103179	0.0390053
0.0321951	0.00237422	0.0376362
0.036343	0.00192139	0.0371272
0.0415993	0.0128668	0.0367411
0.0262459	0.00451355	0.0381481
0.0191465	0.00828347	0.0389572
0.0450353	0.00913468	0.036385
0.0192802	0.0156809	0.0388982
0.0378551	0.0164042	0.0369984
0.042155	0.0169344	0.0367626
0.0264212	0.0150342	0.0383428
0.022532	0.0117643	0.0386188
0.0192852	0.0144636	0.0391104
0.0166174	0.00747882	0.0390516
0.0295893	0.016076	0.037894
0.0247754	0.0163738	0.0384334
0.036254	0.00783424	0.0373875
0.0350281	0.0106955	0.0374404
0.0257131	0.00848923	0.0384038
0.0255227	0.00946549	0.0384529
0.0422246	0.0123487	0.0368828
0.0440371	0.00909546	0.0365679
0.0338397	0.00994272	0.037541
0.00885865	0.0128493	0.0400089
0.00860305	0.00574966	0.0399708
0.0341859	0.0137557	0.0375402
0.0415933	0.00331717	0.0366932
0.0401792	0.0112629	0.0368631
0.0235903	0.00726412	0.0386017
0.0300573	0.00604586	0.0379142
0.0365389	0.0107948	0.0372561
0.0343172	0.00360099	0.0373883
0.00472783	0.0135987	0.0404047
0.0361071	0.00846293	0.0372841
0.0280166	0.00269147	0.0381068
0.0334496	0.0130368	0.0374786
0.0469652	0.00466943	0.0363306
0.029382	0.0134268	0.0379446
0.0477156	0.00944888	0.036053
0.0288065	0.0171683	0.0382274
0.0269917	0.0131954	0.038339
0.0113339	0.0083852	0.0400083
0.0132425	0.0109895	0.0396494
0.0396056	0.0153993	0.0370541
0.0215133	0.00579865	0.0389647
0.0320995	0.0161208	0.0376192
0.0325991	0.011114	0.0375714
0.0321253	0.0134623	0.0378614
0.0456517	0.0155456	0.0366017
0.0199237	0.0163457	0.0390055
0.0356346	0.00197045	0.037363
0.0471669	0.00780918	0.036304
0.0522662	0.0115803	0.0357745
0.0370867	0.0132818	0.0372586
0.0385297	0.0142203	0.0372554
0.0269888	0.0161506	0.0383957
0.0195755	0.0115113	0.0390518
0.0362564	0.0101768	0.0373698
0.0357707	0.000140472	0.0373593
0.0333435	0.0100657	0.0376311
0.0119175	0.0126978	0.0396982
0.0351443	0.00487937	0.0375287
0.0425349	0.0119584	0.0365093
0.0452447	0.0121362	0.0365876
0.0294765	0.00556515	0.0379456
0.0180202	0.00493613	0.0391281
0.0203348	0.00297022	0.0388704
0.0389517	0.00778255	0.0370603
0.0313704	0.00609156	0.0377809
0.0292344	0.0132322	0.038046
0.042749	0.014408	0.0365824
0.0303295	0.00923088	0.0379117
0.0388388	0.0132334	0.037069
0.0353675	0.0139876	0.0373196
0.0246687	0.00795255	0.0385052
0.0281177	0.00751031	0.0380797
0.0479003	0.0108701	0.0359189
0.0226179	0.0132359	0.0386261
0.0422433	0.0153796	0.0367475
0.0368839	0.0066368	0.0372517
0.0340538	0.015895	0.0375729
0.0294267	0.00726597	0.0379356
0.0342531	0.00852497	0.0375304
0.010438	0.0159883	0.0396661
0.0269044	0.0142591	0.0383479
0.0286323	0.0195867	0.0382965
0.0264014	0.00897015	0.0383559
0.0230492	0.0167913	0.0386973
0.0394033	0.00535097	0.0371635
0.035147	0.012593	0.0373237
0.0328426	0.0128984	0.0377556
0.0200581	0.00354418	0.0389117
0.0397316	0.0112828	0.0371086
0.021641	0.0126452	0.0387947
0.0276117	0.00588083	0.0381959
0.0377572	0.00903707	0.0372703
0.0135885	0.0140853	0.0395552
0.0348982	0.00585198	0.0374766
0.0367273	0.00784827	0.0372393
0.0178596	0.00819809	0.0390832
0.0418111	0.0136353	0.0367652
0.038902	0.0110876	0.0371166
0.0251984	0.0137062	0.0385347
0.0293544	0.00479399	0.0380209
0.0180343	0.00919045	0.0390808
0.0241266	0.0126314	0.0385936
0.0467056	0.013625	0.0361772
0.0291661	0.0150833	0.0379141
0.0245289	0.0169891	0.0386689
0.0441332	0.0129845	0.0365027
0.0335536	0.0101664	0.0375712
0.0471253	0.012046	0.036141
0.0226102	0.000524547	0.0386285
0.0362999	0.00517722	0.0373049
0.0494067	0.00906852	0.0359811
0.0356784	0.0150031	0.0372734
0.0386375	0.0052351	0.0370364
0.0088796	0.00774643	0.0400318
0.0388997	0.00705776	0.0371273
0.0359134	0.0152975	0.0372073
0.0378557	0.0115319	0.0371331
0.0395204	0.0114661	0.0370226
0.032637	0.0154182	0.0375837
0.0284681	0.00969081	0.0381306
0.0480418	0.0125836	0.036129
0.0387693	0.00875943	0.0370451
0.0212209	0.0166815	0.0387354
0.0365676	0.0145594	0.0373094
0.0260834	0.0142955	0.0383125
0.0305759	0.00540235	0.0378859
0.0177892	0.00886839	0.0390675
0.0321011	0.00883981	0.0377711
0.0265924	0.0119684	0.0382498
0.0208538	0.0082951	0.0388549
0.0150598	0.00787508	0.0394411
0.0225565	0.0154522	0.0388337
0.0437063	0.00435964	0.0365156
0.00216847	0.00176932	0.040887
0.0235931	0.0104973	0.0386508
0.0499758	0.0131471	0.0358317
0.0194086	0.0052844	0.0390285
0.0382498	0.00654723	0.0371142
0.0150408	0.0142764	0.0394951
0.0372938	0.0139089	0.0372143
0.0376984	0.0169542	0.0373954
0.0291211	0.00799689	0.0380407
0.0364752	0.00242762	0.0372312
0.0373226	0.0141227	0.037158
0.0325402	0.00823375	0.0376925
0.0266976	0.0107195	0.0383301
0.0409832	0.0145502	0.0366951
0.0152117	0.0137023	0.0395047
0.0333447	0.00626665	0.0374702
0.0189535	0.016331	0.0391567
0.0320834	0.0165867	0.0376481
0.0250593	0.00711278	0.0384679
0.0513347	0.0137497	0.0357624
0.0287002	0.0140364	0.0381047
0.0367216	0.004204	0.0372554
0.0193857	0.0109126	0.0389775
0.0444435	0.00839375	0.0364339
0.0361111	0.00655335	0.0373301
0.0260823	0.0124814	0.0384458
0.0375077	0.0112667	0.0371562
0.0212668	0.0160744	0.0387182
0.0108964	0.00999144	0.0397253
0.0250498	0.00953221	0.0384915
0.0324488	0.0150883	0.0376435
0.0407453	0.0117667	0.0370112
0.0340805	0.00560735	0.0375307
0.0264018	0.0133068	0.0382716
0.0396575	0.0154655	0.0369224
0.0528986	0.0160341	0.0356274
0.0328816	0.0136214	0.0377148
0.0349032	0.00564135	0.0374616
0.0384182	0.000734001	0.0369988
0.024033	0.00950667	0.0386002
0.0217557	0.0132416	0.0387948
0.0186264	0.0106342	0.0390104
0.0199531	0.0147004	0.0387588
0.0315315	0.0129597	0.0378182
0.0116555	0.00975062	0.0398088
0.0307056	0.00582293	0.0378397
0.0413113	0.0116019	0.0366409
0.032614	0.00642956	0.0376564
0.0272912	0.0138481	0.03833
0.0276429	0.0147822	0.0381344
0.0533358	0.00549162	0.0356979
0.0317344	1.98592e-06	0.0378476
0.0387438	0.0087747	0.0371614
0.0230774	0.0164963	0.0386068
0.0223033	0.0095701	0.0386874
0.0250385	0.0101603	0.0383739
0.0299245	0.000115553	0.0378621
0.0258928	0.0131084	0.0383349
0.0407873	0.00428491	0.0368694
0.0252272	0.0112798	0.0382573
0.0462636	0.0128947	0.0363609
0.0328643	0.0169222	0.0376526
0.0272887	0.0144191	0.0380747
0.0309545	0.00871265	0.0378839
0.0383535	0.0100438	0.0370611
0.0434376	0.0113103	0.0365754
0.0165847	0.0114578	0.0393753
0.0331815	0.0136582	0.0375243
0.0300309	0.00506627	0.0379221
0.0235067	0.00130559	0.0387336
0.0361191	0.0147886	0.0373422
0.0278312	0.00308378	0.0379924
0.0170568	0.00796069	0.0392516
0.0188832	0.0144942	0.039186
0.0201565	0.00262317	0.0387314
0.0362167	0.0167802	0.03722
0.0268501	0.0114676	0.0382365
0.0381374	0.000707136	0.0370296
0.0340302	0.0155255	0.0375577
0.0271093	0.0108992	0.0381647
0.0376042	0.0142117	0.0371621
0.028937	0.0141693	0.0380906
0.0261442	0.0133804	0.0383994
0.0400882	0.0117423	0.0369052
0.0450611	0.00694797	0.036197
0.035236	0.0154732	0.0376174
0.0357348	0.0124631	0.0373462
0.0457146	0.00818449	0.0363299
0.0062283	0.0121551	0.040467
0.0233644	0.0164795	0.0387122
0.027839	0.0119263	0.0380368
0.013789	0.00983831	0.0396512
0.0375428	0.0152545	0.0371225
0.0300315	0.012557	0.0380341
0.0161419	0.00611684	0.0393577
0.0146474	0.01193	0.0394205
0.011586	0.0104206	0.0396414
0.0196474	0.00313455	0.0390202
0.0122668	0.00631297	0.0398311
0.0197213	0.00953397	0.039007
0.025788	0.0086785	0.0384048
0.0312874	0.00782209	0.0377078
0.0313259	0.00610553	0.0377833
0.0410245	0.0091058	0.0368725
0.0355406	0.0139005	0.0373094
0.0236756	0.00841254	0.0385214
0.0132537	0.000356844	0.0393125
0.0246356	0.0127099	0.0385709
0.04085	0.00990482	0.0369395
0.0365729	0.0120095	0.0373394
0.0282837	0.0109149	0.0381642
0.020972	0.00646298	0.0389201
0.0148928	0.00881132	0.0393367
0.0450886	0.00374636	0.036393
0.0174927	0.00300057	0.0391854
0.0297303	0.0116884	0.0378383
0.0372093	0.0138803	0.0371849
0.0340344	0.0157638	0.0375437
0.0393038	0.0150103	0.036954
0.0377942	0.00656387	0.0372977
0.0156437	0.00791076	0.0394792
0.034234	0.0106075	0.0375194
0.0249285	0.00388306	0.0384359
0.0243044	0.0130269	0.0385749
0.0326183	0.00599961	0.0376588
0.0359246	0.00716821	0.0373582
0.0331811	0.00994055	0.0377214
0.0367827	0.00932578	0.0373244
0.029573	0.0131707	0.03809
0.0282771	0.0118607	0.0382229
0.0146277	0.0127552	0.0395605
0.0327717	0.000561072	0.0377354
0.0246258	0.0149336	0.0386157
0.0352242	0.00777267	0.0372761
0.0484817	0.0099528	0.0360664
0.00909753	0.00888873	0.040142
0.0281972	0.0103015	0.0380991
0.0449749	0.00445391	0.036405
0.0313657	0.0152758	0.0379404
0.030175	0.0130237	0.037988
0.0402004	0.0115227	0.0368895
0.0230287	0.0158748	0.0387982
0.014124	0.0105754	0.0396259
0.0328027	0.00696727	0.0376469
0.0351388	0.00782715	0.037409
0.0417697	0.00535343	0.0367407
0.0211315	0.00991351	0.0388308
0.0226378	0.0105789	0.0387996
0.0506661	0.0166421	0.0358901
0.0343726	0.0155088	0.037522
0.0331471	0.00284425	0.037803
0.0324423	0.0135179	0.0376151
0.0420501	0.00061727	0.0367932
0.0273511	0.00953706	0.0382124
0.0229893	0.0128191	0.0386768
0.0157652	0.015355	0.0392095
0.024546	0.0113267	0.0386033
0.0290686	0.0131196	0.0379643
0.0344634	0.0125495	0.0376188
0.0368754	0.00982133	0.0372299
0.0365782	0.0151161	0.0372227
0.0390984	0.0108832	0.0370271
0.0107282	0.00586815	0.0395941
0.0399497	0.0128697	0.0371407
0.0245361	0.0153159	0.038575
0.0380057	0.0115507	0.0369972
0.0377295	0.00497844	0.0370581
0.0320672	0.0102983	0.0376395
0.0268699	0.0142789	0.0383626
0.0329623	0.00748312	0.0375266
0.0314479	0.0127837	0.0378179
0.0407978	0.0164414	0.036713
0.0353628	0.0148243	0.0375301
0.0205149	0.00629091	0.0389136
0.0420115	0.0148379	0.0369146
0.0250863	0.0115718	0.0383623
0.0179283	0.0103652	0.0391843
0.0263816	0.0124643	0.0383796
0.0195763	0.0159977	0.0391342
0.0445503	0.0197323	0.0364587
0.0363399	0.00752243	0.0371561
0.0376695	0.0133145	0.037057
0.0332589	0.00285903	0.0376676
0.030912	0.0115163	0.0379297
0.014067	0.00751177	0.0395498
0.0437545	0.0029301	0.0365534
0.0270677	0.00406871	0.0382665
0.0245258	0.0118373	0.0385701
0.0362983	0.0110065	0.0373109
0.0333917	0.00838209	0.0374873
0.0289474	0.00676783	0.0380627
0.0218451	0.00441128	0.0387555
0.0371737	0.0156351	0.0372539
0.0203928	0.0148122	0.0388536
0.0271046	0.00486094	0.0382143
0.0297685	0.00594943	0.0379316
0.0173525	0.0119934	0.039144
0.0148693	0.00506411	0.0394808
0.020822	0.00102971	0.0388054
0.0214531	0.00591155	0.0387883
0.0171948	0.000490663	0.0391471
0.0331821	0.00713546	0.037501
0.0292207	0.00909956	0.0379893
0.0268949	0.0133717	0.0381817
0.028677	0.00958088	0.0380514
0.0259587	0.0155115	0.0384818
0.0291237	0.0145768	0.0381548
0.0318756	0.00784374	0.0377784
0.0224174	0.013265	0.0387964
0.0382786	0.012007	0.0370911
0.0226989	0.00576901	0.0386858
0.0267609	0.00257188	0.0383117
0.0479097	0.0044932	0.0360976
0.0480176	0.0147815	0.0363446
0.025297	0.0133639	0.0384716
0.0261986	0.00742834	0.0383191
0.0117658	0.00702252	0.0394991
0.0476606	0.00829007	0.0362909
0.0272978	0.012261	0.0381896
0.0165233	0.0129543	0.0393567
0.0181839	0.0138838	0.0389946
0.0254701	0.00151797	0.0383134
0.0317585	0.0167779	0.0375893
0.0308841	0.00623976	0.0377156
0.035567	0.00575015	0.0373523
0.0369064	0.00672086	0.0372751
0.0324664	0.0130098	0.0377147
0.0401145	0.0158325	0.0367755
0.0389277	0.0161342	0.0370247
0.0305971	0.00167857	0.0378372
0.0234581	0.0132321	0.0386631
0.0200271	0.00380948	0.0389212
0.0278119	0.0166846	0.0381059
0.0166891	0.0141696	0.0392711
0.0454266	0.0120491	0.0363625
0.0407809	0.0123581	0.0368954
0.0246011	0.0133532	0.0383846
0.0368368	0.00506978	0.0372892
0.0429258	0.0134252	0.0368316
0.0313127	0.000980712	0.0376601
0.0381893	0.0173338	0.0370318
0.0336294	0.00955077	0.0376465
0.00953779	0.0149141	0.040123
0.0224431	0.00978699	0.0387553
0.0305457	0.011634	0.0379686
0.0406192	0.0173956	0.037086
0.0270693	0.0145343	0.0381543
0.0330599	0.00845205	0.037614
0.0480384	0.00985653	0.0362798
0.0225851	0.010356	0.0386643
0.0319225	0.00865555	0.0377666
0.0319961	0.0141515	0.0376884
0.0254301	0.0108018	0.0384151
0.000288982	0.0168091	0.0408083
0.022749	0.0125541	0.0387697
0.0366971	0.0158879	0.0371731
0.0314689	0.00242827	0.0376519
0.00230852	0.0125678	0.0404763
0.031461	0.015083	0.0377394
0.036876	0.00375166	0.0372063
0.0173966	0.0117846	0.0390515
0.0295214	0.00840155	0.037998
0.0453212	0.00878808	0.0363916
0.0245814	0.00791429	0.0385186
0.0353637	0.00786075	0.0374938
0.0322784	0.0139915	0.0377413
0.0325485	0.015457	0.0375844
0.0186839	0.0146613	0.0391273
0.0313669	0.00775394	0.0377742
0.031357	0.0114639	0.0377266
0.0306447	0.00741936	0.0378216
0.0250246	0.0118003	0.0384987
0.031166	0.0143559	0.0377482
0.0230453	0.0168718	0.0388099
0.039697	0.00277998	0.0370268
0.0337514	0.0163566	0.0374956
0.0247451	0.0121777	0.0384284
0.0215483	0.00736213	0.0388128
0.0248287	0.00826931	0.0384314
0.0345193	0.0166793	0.0375212
0.040431	0.009647	0.0368361
0.0365803	0.00921755	0.037349
0.0320836	0.010265	0.0378029
0.0309871	0.00191744	0.0378681
0.0269142	0.00390569	0.038228
0.0277306	0.00604658	0.0381675
0.0308171	0.0150322	0.0378512
0.0306941	0.0118375	0.0377487
0.0419768	0.00999668	0.036764
0.0201628	0.00133591	0.0390176
0.0464981	0.00874708	0.0361728
0.0345762	0.0088309	0.0374965
0.0433588	0.0146921	0.0365763
0.0382374	0.0072844	0.0370951
0.027537	0.00641322	0.038202
0.0324215	0.019226	0.0378475
0.0166399	0.00185198	0.0393432
0.0343419	0.0125453	0.0374641
0.039573	0.0114074	0.0371458
0.0286727	0.00927314	0.038082
0.0216679	0.0129642	0.03886
0.0236415	0.0132093	0.0384409
0.0391286	0.00976803	0.0370244
0.0418078	0.0035409	0.0368133
0.0320702	0.000224131	0.0378221
0.0297618	0.0146896	0.0378507
0.0260794	0.0067091	0.0382765
0.0341647	0.0091008	0.0375042
0.0317719	0.0130744	0.0377376
0.0220391	0.00932589	0.0387505
0.0211355	0.0123706	0.0388067
0.0330206	0.00853253	0.0376227
0.0448503	0.0131305	0.0363743
0.00483824	0.0179868	0.040786
0.0210258	0.00581112	0.0388526
0.0359497	0.00191661	0.0374039
0.0248441	0.0145686	0.0385424
0.03887	0.0149854	0.0370713
0.030393	0.0154717	0.0378386
0.0209435	0.0138522	0.0386843
0.0345693	0.01363	0.0374626
0.0349769	0.0077786	0.0374355
0.0393475	0.008245	0.0370289
0.045093	0.0115608	0.0362263
0.0406297	0.00597599	0.0368115
0.0332419	0.00794551	0.0375827
0.0469003	0.0184183	0.0364195
0.0409362	0.0166765	0.0367553
0.00629631	0.00931633	0.0403057
0.0286294	0.015916	0.0382538
0.0163684	0.0105349	0.0392305
0.0354994	0.0122251	0.0374013
0.0494713	0.00505478	0.0357967
0.0375726	0.00927881	0.0371404
0.0309116	0.0155241	0.0378414
0.0242674	0.00804903	0.0383409
0.0254935	0.010776	0.0383688
0.0324349	0.0143388	0.0376731
0.000713157	0.0102727	0.0405375
0.0370812	0.0103658	0.0371964
0.0356529	0.0155949	0.0373489
0.0117525	0.0101785	0.0397387
0.0245772	0.0149722	0.0385991
0.0374966	0.00937321	0.0370386
0.0429503	0.0110657	0.0365968
0.0392752	0.00526436	0.0370258
0.00687005	0.00541106	0.0401326
0.0404604	0.00388911	0.0368807
0.0260035	0.0169514	0.0381763
0.0261271	0.0113914	0.0384109
0.0286761	0.0172425	0.0382474
0.0362523	0.00670852	0.0372891
0.0156	0.00567849	0.0393963
0.0250112	0.00554384	0.0384967
0.0288155	0.00120466	0.038008
0.018635	0.0136058	0.0389383
0.0297459	0.00799455	0.0379514
0.0342954	0.0167408	0.0374377
0.0182431	0.00648416	0.0391257
0.0394046	0.0122032	0.0369378
0.0442959	0.00923168	0.0364877
0.0393888	0.00881155	0.0370132
0.030454	0.0153691	0.0378706
0.0301925	0.0106332	0.0379068
0.0259077	0.0121008	0.0383152
0.0538913	0.00561714	0.0355874
0.00482384	0.00891351	0.0406011
0.0472725	0.0140799	0.0362649
0.0297722	0.0141641	0.0380879
0.0257374	0.00111525	0.0382872
0.0385765	0.00513254	0.0370942
0.0203172	0.00948675	0.0389396
0.0326151	0.00331416	0.0376674
0.0403049	0.0169071	0.0371405
0.0353629	0.00266076	0.0373915
0.0250706	0.0104234	0.0384497
0.0246033	0.00298794	0.038336
0.0219941	0.00546544	0.0387516
0.0355845	0.0157023	0.0373918
0.0360506	0.0166077	0.0372626
0.0266726	0.00299047	0.0382836
0.0267473	0.00492558	0.038251
0.0503645	0.00411393	0.0358928
0.0539987	0.00291305	0.0352784
0.0389621	0.00545247	0.0370056
0.022238	0.0135935	0.0387597
0.0135656	0.0133172	0.0395114
0.0269723	0.00283673	0.038233
0.0408569	0.0123716	0.0368776
0.0379865	0.0148157	0.0371822
0.0270262	0.0122614	0.0382089
0.0204963	0.0110909	0.038964
0.0257554	0.0104734	0.0383324
0.0356628	0.0116037	0.03734
0.0324965	0.0132886	0.0376176
0.0082036	0.0125856	0.0401644
0.0303656	0.0159115	0.037793
0.0335107	0.00935659	0.0375436
0.0299352	0.00554046	0.0378488
0.0286072	0.0158342	0.0381256
0.0418606	0.0164764	0.0366525
0.0218223	0.0162384	0.0388362
0.0473592	0.00997108	0.0361888
0.0337552	0.00890302	0.0376238
0.0311605	0.00665656	0.037914
0.0240426	0.01432	0.0386096
0.0246613	0.00797913	0.0384718
0.0501714	0.00437463	0.0358776
0.0322627	0.003836	0.0377505
0.036096	0.000147106	0.0373084
0.0271935	0.0145638	0.038351
0.0385856	0.00255127	0.0370245
0.0499964	0.00596394	0.0359342
0.0224652	0.00694774	0.0387637
0.0314308	0.0196884	0.037796
0.0358957	0.0151697	0.0374301
0.0354011	0.0161476	0.0373762
0.0242672	0.0149802	0.0384918
0.0468573	0.000862691	0.0362889
0.0276007	0.0124946	0.0381635
