0.0263037	0.00892532	0.0382075
0.0210497	0.000445989	0.0390566
0.0355537	0.0109589	0.0370479
0.0179362	0.00727873	0.0392743
0.0241772	0.00872769	0.0385643
0.0373248	0.0078802	0.0369718
0.0166542	0.0169686	0.039478
0.0220513	0.0147607	0.038787
0.0437326	0.0102857	0.0360607
0.031014	0.00971734	0.0376897
0.0187533	0.0150716	0.0391324
0.0344053	0.0119597	0.0372728
0.0319347	0.00899513	0.0376693
0.0294659	0.0103965	0.0379837
0.0294279	0.0155926	0.0379121
0.0211528	0.0146944	0.0388853
0.0333883	0.00303348	0.0372166
0.0232722	0.0137837	0.0389004
0.0253227	0.00293993	0.0382477
0.0255504	0.00953837	0.0383037
0.0215835	0.00949892	0.0388439
0.0412838	0.0124832	0.0363564
0.0245996	0.0110212	0.0384578
0.0284906	0.0136261	0.0380153
0.0457793	0.0112049	0.0358344
0.0287678	0.0161555	0.0379968
0.0331406	0.0166015	0.0375641
0.0399331	0.0157279	0.0367319
0.0342262	0.0105398	0.0372222
0.0133628	0.00479934	0.0398511
0.0152542	0.0127855	0.0396956
0.0311532	0.0125893	0.0376811
0.0337841	0.0166355	0.0374877
0.0309563	0.00811705	0.0376925
0.0324076	0.0145336	0.0375526
0.0384908	0.00513567	0.0366167
0.0224873	0.0114467	0.0387736
0.0291233	0.00336008	0.037827
0.0454936	0.00395197	0.0360125
0.0234386	0.00758374	0.0385412
0.018762	0.00360042	0.0390174
0.036699	0.00949395	0.0368989
0.0421967	0.0103512	0.0363538
0.023307	0.00941964	0.0385635
0.0341357	0.00508585	0.0373618
0.0360668	0.015345	0.0370086
0.0229443	0.00624646	0.0387666
0.0177113	0.0105682	0.0393508
0.0286486	0.00810342	0.0380475
0.0281697	0.0149309	0.0379947
0.0309865	0.0155789	0.037646
0.00261147	0.0166344	0.0413769
0.0289284	0.00762717	0.037936
0.0293004	0.0114609	0.0378415
0.0209357	0.00870056	0.0388779
0.0237157	0.0046818	0.0386754
0.0380876	0.0140973	0.0369215
0.0315657	0.0166331	0.0377384
0.031953	0.0123512	0.0376207
0.030888	0.0048435	0.0377141
0.0328915	0.0100124	0.0374535
0.0445798	0.0113458	0.0361039
0.0266473	0.0147626	0.0382034
0.0372721	0.00671144	0.0369174
0.0316454	0.0035368	0.0375212
0.0351767	0.0122811	0.0372188
0.0260877	0.00889169	0.0383682
0.0115891	0.00859036	0.0399005
0.0382246	0.00826781	0.0368699
0.0387735	0.0139866	0.036703
0.026793	0.0105231	0.0382688
0.0392616	0.0100492	0.0366064
0.0367953	0.0159477	0.0371092
0.026952	0.0109277	0.0381462
0.038353	0.0164317	0.0369604
0.0226088	0.0148772	0.0388016
0.0377112	0.0114602	0.0369217
0.0339013	0.016406	0.037505
0.0331688	0.00393516	0.0373098
0.0217144	0.00847093	0.0388193
0.00638209	0.00582823	0.040946
0.0276578	0.00724193	0.0381464
0.0419112	0.0169264	0.036208
0.0279558	0.00635569	0.0381238
0.0178015	0.0130905	0.0392975
0.0245172	0.0027337	0.0385281
0.0473106	0.00755992	0.0355346
0.0362501	0.0155303	0.0372103
0.015469	0.00777575	0.0395584
0.0285782	0.00644633	0.0379197
0.0404119	0.0102507	0.0364724
0.0349428	0.0139101	0.0372898
0.0277154	0.00629438	0.0380788
0.0381826	0.0137533	0.0369322
0.0358272	0.0131887	0.0372217
0.027286	0.0134199	0.038278
0.0481307	0.0100276	0.0356265
0.0277632	0.00618502	0.0380193
0.0248767	0.0104649	0.038527
0.0350115	0.0157652	0.0373311
0.0294101	0.00778314	0.0379593
0.0219082	0.00702926	0.0388088
0.0118597	0.00801775	0.040054
0.0368657	0.00689894	0.0370937
0.031157	0.0113336	0.0376086
0.0380193	0.0105997	0.0368753
0.0223926	0.0107525	0.0388311
0.0401398	0.00360849	0.0366408
0.0276055	0.00737736	0.0380443
0.0264611	0.00515362	0.0381352
0.0222152	0.0122033	0.0388347
0.0497425	0.0158163	0.0356217
0.0323682	0.00732526	0.0374713
0.0402425	0.0146748	0.0366236
0.0410318	0.00902606	0.0365392
0.0378984	0.00850852	0.036798
0.0409884	0.00739422	0.0366076
0.0417891	0.0167089	0.0364181
0.030073	0.00711397	0.0377252
0.0308771	0.00924476	0.0377792
0.0276012	0.00931652	0.0381135
0.0338003	0.00759027	0.0373757
0.0217539	0.00532893	0.0386856
0.0438791	0.0117599	0.036244
0.034201	0.0112492	0.0372309
0.020011	0.0110959	0.0391753
0.0426875	0.0144297	0.0363675
0.0387159	0.00545164	0.0367487
0.0465149	0.00317626	0.0356602
0.0459481	0.0119377	0.0357241
0.0385816	0.0121899	0.0366734
0.015919	0.0106598	0.0396179
0.017091	0.00923853	0.0393607
0.0317096	0.00847404	0.0375488
0.0288184	0.00914353	0.0380459
0.0397694	0.00783787	0.0365216
0.0193212	0.000916101	0.0389762
0.0314715	0.00258197	0.0376889
0.0184564	0.0117587	0.0392245
0.0392419	0.0169519	0.0366234
0.0318683	0.00988479	0.0376015
0.0341732	0.0114201	0.0373183
0.0230737	0.0102571	0.0387447
0.0343218	0.00942401	0.0372674
0.018028	0.00836767	0.0392785
0.0220926	0.0109693	0.0388848
0.0167509	0.00774827	0.0395097
0.0242943	0.0157051	0.0385403
0.0363422	0.0146783	0.0369676
0.0314811	0.0106259	0.0376083
0.0395041	0.017589	0.0367875
0.0274827	0.0107862	0.038094
0.00930675	0.00893861	0.0406225
0.0182856	0.0109674	0.0392762
0.0248005	0.00908882	0.0384526
0.027155	0.00821433	0.038088
0.0286589	0.00887757	0.0379828
0.0238552	0.0141085	0.0386002
0.0158552	0.00364687	0.0395382
0.0155112	0.00558329	0.0395935
0.0324404	0.00262066	0.0374184
0.0284903	0.000369828	0.0378533
0.0352051	0.0166027	0.0373319
0.0312798	0.0104083	0.0375902
0.0315025	0.00300741	0.037527
0.028387	0.0119747	0.0380683
0.0321523	0.0130471	0.037509
0.0457646	0.00964374	0.0359491
0.043394	0.00588014	0.0361808
0.0305779	0.0056142	0.0376881
0.0313664	0.00316886	0.0377
0.0367863	0.0128812	0.0370317
0.0150034	0.00475619	0.0395469
0.0428648	0.00903246	0.0362724
0.0343092	0.00767265	0.0373099
0.031786	0.00411403	0.0376729
0.0332404	0.0143201	0.0375631
0.0241704	0.0164985	0.0385756
0.0248784	0.0169106	0.0385771
0.02925	0.00739313	0.0378352
0.0344	0.0113301	0.0372031
0.0329553	0.0127381	0.0374591
0.0277324	0.00987539	0.0380415
0.0284577	0.00878478	0.0379818
0.0205879	0.0146673	0.038959
0.0380538	0.0160249	0.0370202
0.0409917	0.0162968	0.0365207
0.0468212	0.011252	0.035711
0.0361003	0.00383058	0.0371831
0.00211691	0.0092786	0.0413184
0.0369127	0.0130215	0.0369104
0.0255103	0.0150082	0.0385043
0.043325	0.0125903	0.0362014
0.0280053	0.0132195	0.0381308
0.032563	0.00214924	0.0373746
0.0240724	0.00672889	0.0384849
0.034584	0.0062607	0.0371628
0.0330061	0.0111363	0.0375691
0.0345639	0.0142685	0.0372065
0.0317071	0.00362997	0.0376988
0.0152149	0.00595078	0.0394443
0.0282782	0.0118641	0.0380763
0.043076	0.0132634	0.0362444
0.0335521	0.0108554	0.0373738
0.0436967	0.0074873	0.0359947
0.0276382	0.0023183	0.0381167
0.0242915	0.006381	0.0384659
0.0417789	0.00810922	0.0362368
0.0482744	0.00281845	0.0355584
0.0338023	0.0135948	0.0374415
0.0338556	0.0111389	0.0373351
0.0239784	0.00477615	0.0384853
0.0169217	0.00751266	0.03937
0.04306	0.00600114	0.0362276
0.0253238	0.0142741	0.0385088
0.0368594	0.0073944	0.0370546
0.0366355	0.0040091	0.0368317
0.0370006	0.00397155	0.0367863
0.0182236	0.00846587	0.0391896
0.0209311	0.00189552	0.0387989
0.0321954	0.0150317	0.0376542
0.0348509	0.0168209	0.0373628
0.0386679	0.0121653	0.0366723
0.0276622	0.0107523	0.0381222
0.0329032	0.00515397	0.0375183
0.0398061	0.0117469	0.0365134
0.0205156	0.013856	0.0389957
0.010905	0.0135091	0.040223
0.0314391	0.0067597	0.0376849
0.0235072	0.0084345	0.0385974
0.0496518	0.0158329	0.035357
0.0464477	0.0093981	0.0359536
0.034178	0.0169846	0.0373937
0.0308571	0.0162115	0.0377459
0.0180061	0.0142921	0.0393893
0.0317069	0.00500881	0.0375412
0.0328618	0.013313	0.0375224
0.0371244	0.00839979	0.0368409
0.0421837	0.0122121	0.0362093
0.0039027	0.0164013	0.0413316
0.0212305	0.00214821	0.0391522
0.0303796	0.013766	0.0378595
0.0163389	0.00944488	0.0394749
0.0386378	0.0127085	0.0367805
0.0278116	0.00256783	0.0380971
0.0374321	0.0139077	0.0369367
0.0297928	0.0124981	0.0379033
0.030912	0.019634	0.0376368
0.0296993	0.0126795	0.0378567
0.0442119	0.00922814	0.0359976
0.0251038	0.00891483	0.0384541
0.0298816	0.00973525	0.0378437
0.0118559	0.00563031	0.0399773
0.0139267	0.0124896	0.0398961
0.0362437	0.0162455	0.0369984
0.0320284	0.00791885	0.0375493
0.0262442	0.0147671	0.0384129
0.0195752	0.012637	0.0390616
0.0329432	0.0149954	0.0374457
0.0367897	0.00980552	0.0370296
0.0391655	0.000317131	0.036738
0.033012	0.0158912	0.0374184
0.0163902	0.00482313	0.0394129
0.0233638	0.0117611	0.0386874
0.0452943	0.0160906	0.0361573
0.0210965	0.014691	0.0390233
0.0362217	0.00751912	0.0371432
0.0292143	0.00952318	0.0379508
0.0216788	0.0102463	0.0389134
0.0291166	0.0049599	0.0378761
0.0271228	0.0156151	0.0381674
0.034657	0.0132209	0.0373927
0.0019138	0.0162218	0.0413585
0.0202796	0.0144005	0.0390202
0.0209757	0.00104294	0.0387769
0.0342371	0.0160314	0.0372396
0.00447514	0.0157211	0.0411201
0.028191	0.00248664	0.0379493
0.0216918	0.00998091	0.0388114
0.0205988	0.00325123	0.0391802
0.0292282	0.00524466	0.0378153
0.0442089	0.0105478	0.0362118
0.00929745	0.00785956	0.0404149
0.0226266	0.0144925	0.0387462
0.020382	0.00907661	0.0392822
0.037308	0.0153597	0.0368221
0.0358056	0.0161836	0.0371602
0.0424622	0.00666796	0.0364457
0.0514575	0.00249494	0.0350482
0.0405617	0.0113615	0.0365984
0.0285483	0.0100675	0.0380391
0.017676	0.00952028	0.0393204
0.0239453	0.0149248	0.0386372
0.0182114	0.00192708	0.0392178
0.044902	0.00383368	0.0359033
0.0347327	0.0143348	0.0371701
0.0157683	0.00434248	0.0394623
0.0305817	0.00544788	0.0376151
0.0402654	0.0133846	0.0364612
0.0402981	0.00869188	0.0364762
0.047634	0.00855105	0.0355254
0.0233384	0.00663986	0.0385806
0.0317664	0.0092011	0.0375114
0.0332022	0.0100311	0.0374972
0.0229269	0.00834031	0.0386431
0.0142482	0.00846181	0.0397167
0.0246182	0.0158842	0.038511
0.0266057	0.0135796	0.0383341
0.0282025	0.0149294	0.0381559
0.0412702	0.00917071	0.0363248
0.0171824	0.00406295	0.0393015
0.0377	0.0143422	0.036966
0.0142954	0.00337264	0.0396384
0.0159739	0.00736892	0.0396815
0.0297537	0.00805051	0.0377804
0.0355496	0.0156487	0.0370733
0.0359921	0.0090048	0.0369961
0.0288223	0.0149806	0.0379634
0.0493066	0.00929192	0.0356368
0.027259	0.00800379	0.0381894
0.0396785	2.45377e-05	0.036203
0.0160905	0.0169529	0.0396204
0.0291065	0.0101131	0.0380207
0.0207191	0.0152784	0.0390525
0.0274484	0.010974	0.038188
0.03009	0.000334669	0.0377795
0.0361105	0.0132249	0.0369959
0.022005	0.0114903	0.0387792
0.0283744	0.0122913	0.0379874
0.0267346	0.00585924	0.03817
0.0208212	0.00355599	0.0389873
0.0415228	0.0117528	0.0363138
0.0400585	0.0134509	0.0366491
0.0255203	0.00411224	0.0382362
0.0191671	0.0101989	0.0392541
0.0430043	0.00990447	0.0361119
0.0391224	0.010619	0.0365919
0.0358978	0.00675802	0.0370549
0.023972	0.0147721	0.038546
0.0389295	0.00842633	0.0366569
0.0388004	0.0107992	0.0368172
0.029619	0.0142428	0.0379357
0.0333439	0.00140205	0.0373012
0.0421655	0.00622718	0.0362843
0.0388642	0.0145096	0.0367987
0.0266148	0.0120679	0.038247
0.000303696	0.0122866	0.0417562
0.0250498	0.014266	0.0384995
0.0238239	0.0094805	0.0386154
0.0419968	0.00455322	0.0364966
0.0330519	0.010355	0.0375173
0.0359896	0.00845117	0.0371104
0.035068	0.0165173	0.0371382
0.0442419	0.00570674	0.0358778
0.0511118	0.0165025	0.0353762
0.00285022	0.0111553	0.0411481
0.0379167	0.0134571	0.0368955
0.0252948	0.0151656	0.0383829
0.0309149	0.00935873	0.0377749
0.0430519	0.00878168	0.0362786
0.0317258	0.0120936	0.0376893
0.0350282	0.0137543	0.0372399
0.0170501	0.0129284	0.0394992
0.0265074	0.0107408	0.0382095
0.0224347	0.0160859	0.0387829
0.0324664	0.00334861	0.0374177
0.0176772	0.00777722	0.0393598
0.0163885	0.0084112	0.0395051
0.0127207	0.000647609	0.0398415
0.0111009	0.0134957	0.0401899
0.0432852	0.0130758	0.0360633
0.0285698	0.00790985	0.038065
0.019537	0.0111136	0.0390889
0.0237853	0.0107117	0.0385029
0.0420099	0.0126165	0.0363951
0.0438954	0.0103318	0.0360408
0.0346276	0.0132621	0.0373101
0.0298074	0.012294	0.0378176
0.0370676	0.00880029	0.0368582
0.0352058	0.00340786	0.0372163
0.0341629	0.0123476	0.037289
0.0272362	0.0104252	0.0381087
0.042634	0.00510408	0.0360962
0.024216	0.0069933	0.038444
0.0376709	0.0142378	0.0369115
0.0535439	0.00955282	0.0348734
0.040797	0.0135732	0.0365538
0.0436977	0.00521293	0.0360195
0.0322071	0.0142587	0.0375628
0.0366979	0.00530162	0.0368688
0.0402842	0.00865647	0.0365127
0.0413395	0.0126487	0.0364996
0.0410909	0.0114335	0.0363746
0.0392057	0.0158846	0.0366749
0.0209033	0.0104029	0.0388957
0.042978	0.00878761	0.0360817
0.0256183	0.0125058	0.038412
0.022427	0.0142553	0.038827
0.0166345	0.00622653	0.0394073
0.0237741	0.00241231	0.038765
0.028042	0.0139995	0.0380492
0.0279036	0.00878051	0.0381427
0.0484055	0.0127818	0.0354567
0.0339617	0.000962003	0.0370619
0.02726	0.0142947	0.0382834
0.0213184	0.00833332	0.0388689
0.0303	0.0165143	0.0378147
0.0345503	0.0155482	0.0373395
0.0326267	0.0127535	0.0374926
0.0133758	0.0133747	0.0402218
0.0486756	0.0102124	0.0353621
0.0354853	0.00804375	0.0370562
0.0112677	0.0101485	0.0400797
0.0349264	0.00318812	0.0372741
0.0257168	0.00736857	0.0384044
0.029431	0.0148479	0.0380861
0.0176262	0.00850959	0.0394182
0.0271622	0.0150065	0.0382657
0.00534572	0.0100015	0.0408551
0.0403105	0.00572994	0.0363758
0.0259734	0.00491305	0.0381916
0.0396344	0.00952247	0.0365425
0.0217891	0.00551662	0.0386902
0.040705	0.01049	0.0365295
0.0344018	0.0135955	0.0373119
0.0222225	0.0127962	0.0386633
0.0440541	0.00480554	0.0361281
0.0368275	0.0206479	0.0369549
0.0300396	0.0110928	0.0377673
0.0318338	0.00786265	0.037485
0.0182948	0.0139585	0.0391787
0.037107	0.00705448	0.0368256
0.0309843	0.00857486	0.037583
0.032352	0.0167573	0.0375609
0.0252299	0.0125432	0.0384869
0.038458	0.0147634	0.0369589
0.0412478	0.00994921	0.0365071
0.049897	0.000340034	0.0353134
0.0253661	0.0115079	0.03848
0.027925	0.00732787	0.0380932
0.0395261	0.00854434	0.0365766
0.0337016	0.0119509	0.0375181
0.0419324	0.00928317	0.0363707
0.0427091	0.00814671	0.036135
0.0184941	0.012454	0.0393179
0.013548	0.0153419	0.0399955
0.0340746	0.00308267	0.0372157
0.0185547	0.00638406	0.0391418
0.0317712	0.00464658	0.0373479
0.0388118	0.0114833	0.036711
0.0390296	0.00983495	0.0366277
0.0367959	0.0169742	0.0370907
0.0244874	0.00942544	0.0385967
0.0271017	0.00905622	0.0381453
0.0394324	0.0162291	0.0367652
0.0327388	0.00884321	0.0375166
0.0358141	0.0109839	0.037021
0.0213207	0.0133925	0.0389467
0.0322218	0.00160598	0.0375948
0.0302493	0.00208409	0.0376104
0.020303	0.0068093	0.0390675
0.0336089	0.0173551	0.0373523
0.0127841	0.0107427	0.0397419
0.0467054	0.0118898	0.0356949
0.0286679	0.00553611	0.0380252
0.0353991	0.00552792	0.0372032
0.0406753	0.0127317	0.0365627
0.0166316	0.0134896	0.0395307
0.0257597	0.0111207	0.0385658
0.0472451	0.0127715	0.0356384
0.049938	0.0169065	0.0355107
0.0363812	0.00409061	0.0371508
0.026135	0.0121424	0.0383601
0.0387371	0.0164907	0.0368284
0.0252143	0.00714837	0.0383581
0.0282419	0.0128104	0.0379783
0.0310023	0.0169673	0.0378697
0.0384577	0.00149729	0.0366104
0.041177	0.00649846	0.0365465
0.036568	0.00384767	0.037125
0.0323592	0.0095305	0.0374399
0.0199147	0.0114951	0.0389644
0.0336206	0.0121842	0.037395
0.0395463	0.00180806	0.0366735
0.0328843	0.0133564	0.0375091
0.0361131	0.0150645	0.0371526
0.0324017	0.011068	0.0375689
0.0318422	0.0131131	0.037619
0.0430895	0.00522342	0.0359605
0.0233441	0.0107304	0.0386261
0.0343482	0.00543867	0.0372144
0.0261957	0.0151373	0.0383009
0.0344335	0.0115167	0.0372942
0.037643	0.0131521	0.0367955
0.0336165	0.0123557	0.0373906
0.0242104	0.0161505	0.03854
0.0418039	0.00621213	0.0364691
0.0453655	0.00764967	0.0357656
0.0349677	0.00726283	0.0371872
0.0140933	0.0150765	0.0397271
0.0464363	0.0103265	0.0358238
0.0244134	0.0132955	0.0384585
0.0249362	0.0149078	0.0385647
0.0361445	0.0135252	0.037106
0.0260045	0.00977484	0.0382766
0.0454943	0.0120716	0.0360367
0.030277	0.00961699	0.0377245
0.0338507	0.0105236	0.0373082
0.0359358	0.0169377	0.0371963
0.02253	0.0074764	0.0386193
0.0417207	0.00681788	0.0363756
0.020301	0.00955633	0.0389831
0.00326157	0.0132365	0.0407919
0.0368168	0.00282768	0.0367431
0.0351634	0.00591868	0.0370421
0.0226215	0.00752291	0.0386723
0.0219304	0.0120676	0.0387842
0.0305671	0.0155235	0.037763
0.0240401	0.011034	0.0385758
0.0231319	0.00613067	0.038716
0.012482	0.00902386	0.0399456
0.0325468	0.0152552	0.0374738
0.0326683	0.00108828	0.0371054
0.0235059	0.00881526	0.0385162
0.0432921	0.0167856	0.0364024
0.0221159	0.0119353	0.0387414
0.0337008	0.0110751	0.037294
0.0213711	0.000614094	0.0388527
0.0385269	0.00978227	0.036698
0.0437806	0.0122427	0.0360833
0.0374016	0.00508707	0.037012
0.0267085	0.0132221	0.0382312
0.0289487	0.0084642	0.0378917
0.0449403	0.00944394	0.035863
0.0409899	0.00973738	0.0364318
0.0371861	0.0105703	0.0370646
0.0213038	0.0096678	0.0388412
0.0437926	0.00867824	0.036255
0.0448959	0.0118464	0.0360378
0.0458976	0.00963293	0.0358984
0.0456486	0.0108106	0.0359694
0.0193354	0.0119965	0.0390092
0.0427826	0.0144852	0.0363019
0.033136	0.00556073	0.0373696
0.028583	0.00881144	0.0379319
0.0247269	0.0116824	0.0384614
0.0433538	0.00277443	0.0359887
0.0314656	0.00752126	0.0375675
0.0325242	0.0121353	0.0374536
0.0320063	0.0108896	0.0375443
0.00394587	0.00516439	0.040999
0.0322467	0.0101072	0.0375632
0.044097	0.0121804	0.0361449
0.0128897	0.0144303	0.0400195
0.0452293	0.0068544	0.0360654
0.0396562	0.0121589	0.0366534
0.0262194	0.0172415	0.0383038
0.0320264	0.016975	0.0377444
0.0381833	0.00766659	0.0367141
0.0314537	0.0137903	0.0376081
0.0355681	0.00746328	0.0370584
0.0437544	0.013274	0.0362036
0.0225695	0.0118	0.0387862
0.0259601	0.00723715	0.0382761
0.038298	0.0144374	0.0369751
0.0290767	0.0132242	0.0380116
0.0353648	0.00201669	0.0372295
0.0194152	0.0127852	0.039113
0.024751	0.0121247	0.0385356
0.0286293	0.0134539	0.0379782
0.03226	0.0104865	0.0375374
0.0225924	0.00864039	0.0387592
0.0290135	0.010673	0.0380398
0.0248533	0.00642483	0.0383989
0.0454704	0.0113328	0.0359971
0.0310764	0.0152675	0.0376634
0.0354313	0.0134688	0.0370872
0.0204898	0.00335029	0.0390087
0.0169842	0.0106531	0.0394282
0.0261641	0.0097994	0.0383321
0.0364031	0.00438561	0.0371342
0.0392602	0.00162062	0.0365616
0.0340869	0.0153868	0.0374174
0.0295979	0.00565755	0.0377843
0.0254546	0.014751	0.0385846
0.0435696	0.0132367	0.0360304
0.0317558	0.00873932	0.0376884
0.0488376	0.00462551	0.0355302
0.0331962	0.0135545	0.0374337
0.0368815	0.0169238	0.0370385
0.0448157	0.00923897	0.035874
0.0435969	0.015003	0.0361081
0.032645	0.00437743	0.0373988
0.0132851	0.0131224	0.0400497
0.0105301	0.00411632	0.040104
0.0206153	0.0148705	0.0389391
0.0340062	0.0143143	0.0374201
0.0212972	0.010689	0.0388558
0.0299952	0.00077494	0.0378438
0.0212857	0.0151016	0.03897
0.0396257	0.0133869	0.036724
0.0268824	0.00930699	0.0382307
0.0301399	0.0111153	0.0378372
0.0236971	0.00752362	0.0386379
0.0406241	0.00883808	0.0365777
0.0291795	0.00976545	0.0379566
0.0269211	0.00223238	0.0378616
0.0447294	0.0102666	0.0359021
0.0442514	0.00508894	0.0360148
0.0293953	0.014825	0.0379904
0.0275736	0.0108866	0.038166
0.0065391	0.0168265	0.0407521
0.0356334	0.0029329	0.0372396
0.0367667	0.0132649	0.0369346
0.0308538	0.000635839	0.0377933
0.0223705	0.0179663	0.0389501
0.0453802	0.0140667	0.03582
0.018798	0.0123901	0.0393293
0.0330742	0.0124287	0.0374571
0.00102159	0.0107652	0.0414608
0.0219698	0.00645128	0.0387195
0.0287702	0.016719	0.0380993
0.0370418	0.00501852	0.0368124
0.0122051	0.0162317	0.040113
0.0341952	0.0123437	0.037365
0.0360346	0.0152531	0.0370042
0.0210891	0.000790785	0.0389397
0.0289259	0.0130849	0.0378939
0.0281287	0.0135119	0.038059
0.0232067	0.0155055	0.0386536
0.0233071	0.00622593	0.0385991
0.0332102	0.0121833	0.0373549
0.0281299	0.0162239	0.0380718
0.0225828	0.00536647	0.0386595
0.0294023	0.00128142	0.0377557
0.0432193	0.0154617	0.0361162
0.0490874	0.0049487	0.035695
0.026666	0.0120797	0.0384522
0.0277676	0.00844568	0.0380227
0.040267	0.0150578	0.0366192
0.0527821	0.0129099	0.0350745
0.0279159	0.0141523	0.0381548
0.0332085	0.00420758	0.0374906
0.00563727	0.0106527	0.0408296
0.0391165	0.00766462	0.0367913
0.0386387	0.0107578	0.0367511
0.0340955	0.00855865	0.0372753
0.0379142	0.0117265	0.036768
0.00213669	0.015936	0.0414369
0.0248516	0.0088158	0.0384405
0.0199504	0.016117	0.0391758
0.0374461	0.00483142	0.0368
0.022473	0.0150036	0.0388576
0.0290521	0.000347681	0.0379211
0.0210644	0.00618086	0.0387318
0.0391488	0.0131703	0.0367228
0.052241	0.00714295	0.0351574
0.0395766	0.0137185	0.0365564
0.0479033	0.00207126	0.0353553
0.0220094	0.0104677	0.0388968
0.0243107	0.0188956	0.0385217
0.0439475	0.0122723	0.0359859
0.0388756	0.0121368	0.0366306
0.0253617	0.0148813	0.0384941
0.0226535	0.00222752	0.0383907
0.0281252	0.013999	0.0381178
0.0237325	0.00383617	0.0385249
0.0128234	0.0122917	0.0400163
0.0313327	0.00199853	0.0376973
0.0424664	0.0110274	0.0363339
0.0206714	0.0129352	0.0390541
0.0353119	0.0169375	0.0373687
0.0289758	4.89039e-05	0.0378598
0.0446405	0.00590473	0.0359575
0.0431176	0.0108806	0.0362498
0.0050829	0.0153964	0.0408016
0.0314873	0.00797949	0.0376593
0.0382606	0.0174171	0.0367292
0.0321582	0.00103842	0.0376597
0.0389534	0.0162411	0.0366506
0.0199786	0.00865895	0.0390446
0.0450778	0.0125554	0.0358932
0.025975	0.0140803	0.0383601
0.0100609	0.0153315	0.040352
0.0341759	0.0132656	0.0374493
0.0437495	0.0129527	0.0362142
0.040824	0.0127278	0.0365006
0.0375782	0.0119121	0.037034
0.0240337	0.00783978	0.0385056
0.0404248	0.0130466	0.0365878
0.0277763	0.00926146	0.0381607
0.0197979	0.0107948	0.0391749
0.0301971	0.00559262	0.0378791
0.0306233	0.0128597	0.037829
0.0369871	0.0107181	0.0370349
0.0404038	0.0112417	0.0365882
0.0249282	0.0110873	0.0384905
0.0208929	0.0146517	0.038796
0.0266558	0.00436527	0.0381432
0.051699	0.0124058	0.0350461
0.031046	0.0138785	0.037759
0.0257504	0.00736814	0.0382942
0.013668	0.00152984	0.0401551
0.0338619	0.0131344	0.0373702
0.0333036	0.00583964	0.0375633
0.030146	0.00185777	0.0375919
0.0121776	0.0125188	0.039981
0.0398439	0.014797	0.0365342
0.0242763	0.0082841	0.0384512
0.0138923	0.0129332	0.0398156
0.0138855	0.011796	0.039853
0.0202382	0.0165245	0.0390577
0.0376171	0.015874	0.0368206
0.0294392	0.0148694	0.0378925
0.0208725	0.00755211	0.0389027
0.0428413	0.0151434	0.0363191
0.0332061	0.015527	0.0373832
0.0366742	0.00497566	0.0370254
0.0375425	0.0141851	0.0368219
0.0245834	0.0127424	0.0385873
0.0285753	0.0149916	0.038092
0.00412039	0.00974104	0.0410741
0.0404813	0.00997352	0.0364805
0.0219452	0.0143434	0.0388908
0.0354078	0.0118891	0.0371826
0.0204238	0.0024942	0.0388145
0.0406355	0.0152416	0.0366056
0.00981392	0.0029885	0.0402944
0.0257444	0.0125807	0.0384038
0.0313718	0.0147708	0.037627
0.0174456	0.011716	0.0392062
0.0357462	0.0152624	0.0372111
0.0390628	0.01577	0.0365913
0.0257643	0.00762709	0.0383496
0.0127903	0.00976278	0.0397469
0.0411999	0.0134436	0.0365019
0.0389409	0.0139655	0.0367595
0.0341782	0.0146442	0.0374682
0.0306237	0.00164192	0.0376207
0.0507792	0.0164271	0.0353806
0.0154783	0.0142793	0.0395795
0.0311472	0.00243047	0.0374831
0.0330939	0.00777493	0.0373953
0.0278433	0.0161389	0.0380864
0.0329623	0.00879129	0.037424
0.0275467	0.0164373	0.0381267
0.0434754	0.0115715	0.0362193
0.0372915	0.00566516	0.0368163
0.0430845	0.0121759	0.0362699
0.0393976	0.0100025	0.0367564
0.0157649	0.016523	0.0396901
0.0258864	0.0123292	0.0382969
0.0103239	0.0131422	0.0400933
0.0326785	0.0144956	0.0375834
0.030433	0.00910948	0.0376639
0.0382007	0.010953	0.0367131
0.0354991	0.0057718	0.0370927
0.0256215	0.0158376	0.038587
0.0401854	0.0160925	0.036448
0.0374104	0.013347	0.0368326
0.0264385	0.0129189	0.0383443
0.0317818	0.0049175	0.037652
0.0332348	0.00912884	0.0374649
0.0361142	0.00590945	0.0370568
0.0503825	0.0102542	0.0351515
0.0325383	0.0159722	0.0376721
0.0217221	0.00907475	0.038781
0.0165913	0.0153185	0.0396403
0.0395488	0.00581894	0.0365299
0.0174778	0.00504647	0.0394063
0.0298873	0.00248332	0.0379493
0.0327726	0.00239201	0.0374269
0.0165466	0.0142252	0.0396244
0.0200709	0.00443652	0.0389632
0.0134137	0.0104574	0.0400131
0.0494675	0.00962351	0.0352923
0.0294426	0.00441589	0.0377641
0.030051	0.0168236	0.0378314
0.0159716	0.0152982	0.0395214
0.0275959	0.00910562	0.0381
0.0281098	0.0139518	0.0380315
0.0263823	0.0077359	0.0383244
0.0282035	0.0089705	0.0380517
0.0393122	0.0127927	0.036694
0.0265703	0.00234213	0.0382243
0.0510508	0.00261372	0.0353365
0.0430217	0.00965973	0.0362867
0.0181955	0.00189853	0.0392539
0.0442051	0.00950742	0.0361464
0.0181386	0.0155091	0.0392623
0.0299426	0.0167711	0.0377828
0.0300501	0.0107787	0.0377636
0.0237284	0.014155	0.0388482
0.0473433	0.0168551	0.0358048
0.0286724	0.0161126	0.0381967
0.0253439	0.0137811	0.0383919
0.0216641	0.0127991	0.0389602
0.0271746	0.00398211	0.0382277
0.0322664	0.00903118	0.0375239
0.0203714	0.0102273	0.0391354
0.0206784	0.0100399	0.0392408
0.0216195	0.014522	0.0388273
0.0310788	0.00792057	0.0376711
0.0327432	0.0116214	0.0374514
0.0277594	0.0147364	0.0381898
0.0285441	0.0030972	0.0379072
0.0236117	0.0126494	0.0385256
0.0380234	0.00722095	0.0368361
0.0182598	0.0125284	0.0392257
0.0197829	0.00535874	0.039045
0.0418175	0.010907	0.0362584
0.0327661	0.00855198	0.0375179
0.0372944	0.00750435	0.0370318
0.0322504	0.00497885	0.037475
0.0288803	0.0121545	0.0380217
0.0194129	0.013112	0.0390958
0.0319647	0.0122501	0.0376609
0.0112417	0.0134133	0.0401437
0.0361891	0.0134607	0.0370949
0.0317153	0.0106832	0.0376476
0.0253528	0.00219387	0.038226
0.0279554	0.0126805	0.038105
0.0355139	0.00674004	0.0370048
0.0329937	0.00192933	0.0374761
0.0307007	0.00936604	0.0377425
0.0266477	0.013298	0.0382328
0.0337124	0.00380182	0.0372634
0.0265125	0.00808481	0.0382629
0.0474783	0.0103923	0.0357567
0.0356204	0.00515387	0.036941
0.0278353	0.00901316	0.0380547
0.0198743	0.00617533	0.0388775
0.034666	0.00869922	0.0373415
0.0288978	0.00504527	0.037993
0.0219045	0.0169385	0.0387978
0.0271979	0.0101289	0.0380983
0.0268563	0.0075984	0.0382654
0.0470629	0.0144763	0.0358174
0.0351757	0.0160713	0.0373664
0.0257766	0.00831317	0.0382877
0.026121	0.0119556	0.0383784
0.0240096	0.00258633	0.0384108
0.0441887	0.0162256	0.0359671
0.0323904	0.0158295	0.0374699
0.0207068	0.00795423	0.0392361
0.035106	0.00713558	0.0372722
0.0429572	0.00956862	0.0361573
0.0312559	0.00336736	0.0377021
0.0168433	0.0149419	0.039515
0.0328782	0.0126237	0.0374653
0.0387462	0.0136332	0.0366788
0.026783	0.00956101	0.0382177
0.0516965	0.00254736	0.0354252
0.0307003	0.00971215	0.0376829
0.0257631	0.0179156	0.0383059
0.0199613	0.002849	0.0387517
0.0390426	0.00280353	0.0367582
0.031185	0.0140248	0.0377573
0.0416242	0.0117132	0.0364698
0.0305006	0.0161166	0.0378946
0.0339602	0.00853802	0.037304
0.0448035	0.0155426	0.0358963
0.0321372	0.00100642	0.0374549
0.0226503	0.013882	0.0388154
0.0366434	0.0143034	0.0370477
0.0270147	0.017634	0.0383288
0.038134	0.011001	0.0367271
0.0176943	0.00823491	0.039323
0.0309345	0.00848439	0.0376806
0.037259	0.00799272	0.0370392
0.0400055	0.0139233	0.0366525
0.0132355	0.00235359	0.0402076
0.0443822	0.0116524	0.0361297
0.0243221	0.00985666	0.0385236
0.0345804	0.0156016	0.0373011
0.02535	0.00577236	0.0384247
0.0333014	0.00709164	0.0374311
0.0274147	0.00301589	0.0383304
0.000251315	0.00658835	0.0415945
0.0336983	0.0121191	0.0373036
0.0336383	0.0102856	0.0372986
0.0170081	0.0165752	0.0394861
0.0120931	0.00820774	0.0400621
0.00090467	0.00602787	0.0413738
0.0388321	0.0187328	0.0368205
0.0361555	0.00011642	0.0368968
0.0218719	0.0128438	0.0389056
0.0193906	0.0117038	0.0391082
0.0312565	0.00175789	0.0373048
0.0299769	0.0129858	0.0378061
0.0333766	0.00302499	0.0374393
0.0457329	0.014129	0.0359801
0.0317551	0.0138754	0.0376877
0.0224547	0.0106502	0.0386947
0.0468943	0.0145776	0.0356795
0.0251828	0.0118171	0.0383418
0.0507155	0.00642369	0.0352811
0.0450722	0.0112004	0.0361277
0.034728	0.0059759	0.0371438
0.0377462	0.015525	0.0369664
0.031224	0.0122533	0.0377248
0.0191037	0.00383162	0.0389852
0.0387071	0.0141005	0.036662
0.0168176	0.0156967	0.0394068
0.0343313	0.01281	0.0372642
0.0378525	0.0123674	0.0368574
0.0303783	0.011178	0.0377428
0.0421963	0.00385214	0.0361458
0.0241154	0.0151871	0.0386419
0.0323961	0.011708	0.0375335
0.0259427	0.0130124	0.0383213
0.032615	0.00741185	0.0374283
0.0174291	0.010146	0.039526
0.0151221	0.00379866	0.0396342
0.0277717	0.0105029	0.0381443
0.0235	0.00984232	0.0386569
0.0137736	0.00865339	0.0398332
0.0461745	0.0154706	0.0359289
0.0243832	0.0169409	0.0385007
0.0418705	0.0165138	0.0364708
0.0199862	0.00715839	0.0390998
0.0453323	0.00810368	0.0358451
0.0277267	0.00390121	0.0378164
0.000142018	0.00777174	0.0415597
0.027811	0.0122592	0.0381003
0.0245889	0.0109868	0.0385245
0.0406522	0.013279	0.0365349
0.0456694	0.0109963	0.0357551
0.0363301	0.00251834	0.0368918
0.0293255	0.00561899	0.0378073
0.0413803	0.000972097	0.0362772
0.0388567	0.00364053	0.036814
0.0421027	0.00972425	0.0364
0.0428527	0.011482	0.0361853
0.0298945	0.0124032	0.0378892
0.0266244	0.0114952	0.0382625
0.0320557	0.00329844	0.0372638
0.0422608	0.0124521	0.036395
0.0431752	0.015283	0.0362669
0.0220195	0.0166136	0.0390729
0.0486122	0.00204422	0.0355108
0.0376144	0.00963976	0.0368556
0.0262279	0.0145441	0.0384098
0.042539	0.00710942	0.0363614
0.0306603	0.00693991	0.0376554
0.0317029	0.00846436	0.0376373
0.0353984	0.00419048	0.0370874
0.0306986	0.015472	0.0378441
0.0169058	0.0147485	0.039407
0.0357009	0.0143429	0.0371901
0.0475506	0.00777652	0.0354849
0.0252407	0.0151952	0.0383037
0.025655	0.00573252	0.0385738
0.0209396	0.00605882	0.0389616
0.00244581	0.0121786	0.0410008
0.0277176	0.00755411	0.0380019
0.0144996	0.0120369	0.0398967
0.0225301	0.0120758	0.0388304
0.0248374	0.0164038	0.0384755
0.0428884	0.00926855	0.0362702
0.0282225	0.0097996	0.0380129
0.0259395	0.0123041	0.0383018
0.02527	0.00805049	0.0383587
0.0239704	0.00469096	0.0384652
0.0405409	0.00863811	0.0366417
0.0329431	0.0103255	0.0374389
0.0207194	0.0134436	0.0389625
0.0359118	0.00672532	0.0369966
0.0105678	0.0164348	0.0402867
0.0373463	0.0168554	0.0370052
0.0442157	0.0130629	0.0361566
0.0329693	0.00177796	0.0373195
0.0324086	0.00712689	0.0374053
0.0425121	0.0059287	0.0362963
0.0166223	0.0147125	0.0397879
0.0326369	0.00786321	0.0376475
0.0363052	0.00747765	0.037063
0.0298734	0.0126049	0.0377852
0.0347163	0.0185132	0.03719
0.0314205	0.0119035	0.0375779
0.0208454	0.0143495	0.0390317
0.0313184	0.0141306	0.0375982
0.0146506	0.00127837	0.039472
0.043949	0.00312912	0.036314
0.026655	0.0020225	0.0381399
0.0281902	0.0131632	0.0381244
0.0194548	0.00350034	0.0390126
0.0418659	0.0120635	0.0363548
0.0310317	0.0105528	0.0376205
0.0289098	0.00345416	0.0380068
0.0293684	0.00878936	0.0379353
0.0335265	0.0124827	0.0374488
0.019841	0.00866633	0.038963
0.0338657	0.014823	0.0373645
0.0442031	0.0107729	0.0360119
0.0328391	0.0111139	0.0375908
0.0410952	0.00822894	0.0364547
0.0254184	0.00499775	0.0385998
0.0253951	0.0084334	0.0384921
0.0251573	0.0158175	0.0385588
0.0195115	0.010156	0.0390891
0.0350719	0.00376151	0.0370287
0.041868	0.0148489	0.0362813
0.0207267	0.00901786	0.0389451
0.0147917	0.00585526	0.0395801
0.0230231	0.0154516	0.0386769
0.012859	0.01052	0.0400029
0.0195882	0.0119737	0.0390577
0.0431769	0.0101719	0.0360847
0.0101193	0.0129827	0.0403121
0.0383374	0.0102688	0.0368954
0.00941298	0.01078	0.0404434
0.0357446	0.00910954	0.0371
0.0131542	0.000446721	0.0396451
0.0274741	0.0154137	0.0383561
0.0328875	0.0104113	0.0374384
0.033641	0.00497673	0.0373045
0.0328375	0.0126438	0.0375299
0.0245297	0.000963123	0.0384012
0.0188297	0.00798013	0.0390674
0.0309061	0.00124875	0.0378257
0.0205987	0.0127227	0.0388535
0.0343669	0.00413381	0.0372796
0.0215867	0.015273	0.0389767
0.0471345	0.00763792	0.035575
0.039287	0.00959912	0.0365633
0.00553691	0.0103925	0.0408743
0.0167445	0.00797945	0.0394422
0.0355905	0.0100792	0.0371878
0.0314898	0.011971	0.0376703
0.0225344	0.0119932	0.0387752
0.0451616	0.00835637	0.0358071
0.0317708	0.00824381	0.0375811
0.0433609	0.0145006	0.0361203
0.0172833	0.0117813	0.0393759
0.0440507	0.00780946	0.0361209
0.0251074	0.00735813	0.0384673
0.0391307	0.0156491	0.0366823
0.0324251	0.0123174	0.0375594
0.0402626	0.0139235	0.0366484
0.0329716	0.0144639	0.03761
0.02467	0.0124169	0.0385381
0.0217819	0.0111544	0.0388529
0.0129885	0.0156642	0.0398745
0.038534	0.000368625	0.0365492
0.0185866	0.0139729	0.0392898
0.0460297	0.00499826	0.0356258
0.0446397	0.0125107	0.0358801
0.0236296	0.00811976	0.0385502
0.0378194	0.0138406	0.0369161
0.0284466	0.00912097	0.0379998
0.0308886	0.00787019	0.0376431
0.0436593	0.00987924	0.0362745
0.0327587	0.0115643	0.0375312
0.0224239	0.00986859	0.0388225
0.0153049	0.0123158	0.0396336
0.0205052	0.0076709	0.0388553
0.0169353	0.0125813	0.0394426
0.0377275	0.00845675	0.0367382
0.0345399	0.0138835	0.0372069
0.0273864	0.00535575	0.0381484
0.0309291	0.0145953	0.0378968
0.0406862	0.0109902	0.0363906
0.0379252	0.0108239	0.036777
0.019886	0.00101857	0.0389445
0.039327	0.00494765	0.0368039
0.0381614	0.0064926	0.0367292
0.019516	0.00995425	0.0391636
0.00210637	0.00394868	0.0412456
0.0369862	0.00343522	0.0369973
0.0190305	0.000724193	0.0391682
0.0230046	0.0118638	0.0387673
0.0359008	0.00331117	0.0372083
0.0286088	0.0162678	0.0380696
0.0177562	0.0111543	0.0393444
0.0385711	0.0146846	0.0368805
0.0354459	0.0137961	0.0371822
0.027052	0.00252449	0.0378589
0.0318588	0.00672525	0.0376452
0.0260356	0.00529805	0.0384328
0.0287994	0.0150023	0.03804
0.0405015	0.00822742	0.0364442
0.0266229	0.0146717	0.038325
0.0388611	0.0152812	0.0367715
0.0396983	0.0041807	0.0364702
0.0485647	0.0144171	0.0355657
0.0203975	0.0117729	0.0392871
0.042264	8.92232e-05	0.035959
0.0110594	0.00843471	0.0401803
0.0468062	0.00907287	0.0358105
0.0317507	0.010176	0.0376446
0.0148874	0.00805868	0.0397486
0.0258499	0.0111234	0.0382984
0.0390617	0.0082473	0.0367002
0.022851	0.0162142	0.0388106
0.0400877	0.0130655	0.0364906
0.00252131	0.0094096	0.0411468
0.0167986	0.0105415	0.0394343
0.0362746	0.0106249	0.0370199
0.023798	0.0170302	0.0387546
0.0147662	0.00827666	0.0396726
0.0321813	0.0120689	0.0375221
0.0225263	0.00128359	0.0388533
0.0245911	0.0165532	0.0387315
0.0445095	0.00522992	0.0360809
0.0363589	0.0128429	0.0370601
0.0340262	0.0153002	0.0374337
0.0322214	0.0052487	0.0376166
0.0330605	0.0106921	0.0374304
0.0405009	0.0118103	0.0364234
0.00900916	0.0143868	0.0404966
0.0249539	0.00778172	0.0384542
0.0421287	0.0158346	0.0364258
0.0364496	0.00839417	0.0370806
0.0315552	0.00401213	0.0374735
0.0433149	0.0153481	0.036035
0.039112	0.00983762	0.0366528
0.0239697	0.0152793	0.0386394
0.0254115	0.00876182	0.0383267
0.0284071	0.00252367	0.0379224
0.0315026	0.00664819	0.0375454
0.0390649	0.00595634	0.0367727
0.035094	0.00519475	0.037172
0.0318442	0.00326789	0.0376254
0.0381391	0.0149663	0.0367931
0.0291023	0.00252025	0.0378591
0.04514	0.0106111	0.0358848
0.0295023	0.0145218	0.0378446
0.0320344	0.0112717	0.0375893
0.0315116	0.00206107	0.0375742
0.0506211	0.0119393	0.0351727
0.0243167	0.0117018	0.0385694
0.0498511	0.0067294	0.0352605
0.051582	0.0116189	0.0351
0.0283403	0.0156396	0.0381515
0.0343614	0.0107089	0.0373256
0.0251958	0.0137553	0.0384775
0.025969	0.0160184	0.0383989
0.0226233	0.00995251	0.0387867
0.032099	0.0131854	0.0376992
0.0418515	0.0109311	0.0362427
0.0192523	0.00567164	0.0391493
0.0300731	0.00126875	0.0379399
0.0192651	0.0167281	0.0389581
0.0157559	0.0109318	0.0395333
0.0419001	0.0096382	0.0364806
0.0286017	0.0131661	0.0380534
0.036735	0.00573251	0.0368978
0.0518697	0.00485401	0.0350844
0.0358754	0.00867171	0.0369961
0.0261505	0.00802226	0.0382443
0.0202074	0.00986726	0.0389167
0.0319205	0.0158812	0.0376137
0.0313478	0.00888074	0.0376016
0.0295322	0.0164747	0.0379891
0.0388247	0.00246078	0.0367661
0.0322909	0.00793734	0.0375773
0.0391035	0.00707731	0.0365682
0.0366538	0.00402356	0.0368731
0.0192126	0.00358006	0.0388659
0.0270531	0.00634415	0.0380908
0.042931	0.0162084	0.0364442
0.0122164	0.0130803	0.0403746
0.0381469	0.0153102	0.0369325
0.0417496	0.0148053	0.0362831
0.0152448	0.00595911	0.0396146
0.0475415	0.0111131	0.035834
0.0438724	0.0100992	0.0361843
0.0309047	0.00113516	0.0376053
0.0277452	0.0059526	0.0379997
0.0257887	0.00954861	0.0384154
0.0357109	0.0114954	0.0371371
0.0201484	0.0120602	0.0390985
0.0225394	0.00883748	0.0386689
0.0354325	0.00806639	0.0372186
0.0311817	0.0133987	0.0376854
0.0333822	0.0129382	0.03749
0.0151047	0.0103366	0.0395086
0.0250079	0.0159044	0.0384373
0.0153956	0.0123679	0.0399439
0.032903	0.0114076	0.0374264
0.0391934	0.0112077	0.0366029
0.0245956	0.0034094	0.0385717
0.0474106	0.0126	0.0356191
0.0336444	0.0160481	0.0373275
0.0307395	0.00734465	0.037704
0.0409848	0.0112532	0.0364217
0.0405893	0.0141697	0.0364113
0.0410881	0.0109087	0.0363775
0.0356561	0.0134262	0.0371566
0.0291673	0.0116352	0.037956
0.0324522	0.0103346	0.0375172
0.0362969	0.00427094	0.0369696
0.0339438	0.0128928	0.0373655
0.0306412	0.0060159	0.0376508
0.0249453	0.0125107	0.0384339
0.0323842	0.00142308	0.0374141
0.0277389	0.0130327	0.0381601
0.0243041	0.0123895	0.038496
0.0401469	0.00321128	0.0363229
0.0265465	0.0118822	0.0382995
0.0359094	0.0142183	0.0370115
0.0422326	0.00571119	0.0361888
0.0212595	0.00974205	0.0389739
0.0313087	0.0106718	0.0376539
0.0236773	0.0156876	0.0388567
0.0480859	0.00190588	0.0352238
0.0154032	0.0165644	0.0396246
0.0335073	0.0103234	0.0373741
0.0369556	0.00956597	0.0369649
0.0444955	0.00789479	0.0359022
0.0218948	0.00981402	0.0388896
0.0413828	0.0126076	0.0364712
0.0222879	0.0133445	0.0388571
0.0431981	0.0146636	0.0363944
0.0278316	0.0121461	0.0381955
0.0290201	0.00726748	0.037952
0.0513045	0.00952006	0.0352303
0.0173339	0.0054138	0.0392875
0.0404068	0.0172682	0.0366272
0.0380517	0.00360468	0.0368534
0.0222409	0.0109018	0.0388772
0.02477	0.00564949	0.0385121
0.0375432	0.0130393	0.0369173
0.0173461	0.00267984	0.0393395
0.030513	0.00915267	0.0377504
0.0440022	0.00716153	0.036006
0.0279146	0.00779455	0.0382768
0.0425507	0.0110789	0.036218
0.0470183	0.0121806	0.0356344
0.0334361	0.00404956	0.0372328
0.0266665	0.0139859	0.0381794
0.0201915	0.0159959	0.0390027
0.0391852	0.00763775	0.0366767
0.0285552	0.00149071	0.0378861
0.0454013	0.0159801	0.0359962
0.0373698	0.00183663	0.0368728
0.0404161	0.017805	0.0366286
0.0213129	0.00235476	0.038825
0.0314888	0.0107181	0.0375652
0.0236856	0.0127481	0.0386821
0.042628	0.00847283	0.0361733
0.0238221	0.00898515	0.0385179
0.0413087	0.0167183	0.0364724
0.0120988	0.0118201	0.0400264
0.0235798	0.0038291	0.0386116
0.0300971	0.0154322	0.0380062
0.0326635	0.0136991	0.0374332
0.0302513	0.0117717	0.0378729
0.050536	0.0106217	0.0351452
0.0517133	0.00430997	0.0349229
0.0378232	0.0152622	0.0369329
0.0413146	0.0103798	0.0365737
0.0226382	0.0121715	0.0388178
0.0193975	0.0121138	0.0390008
0.0362571	0.0141214	0.0370828
0.0353442	0.00989033	0.037149
0.0296223	0.00131414	0.0377364
0.0297221	0.0142977	0.0378153
0.0349473	0.0122063	0.0373461
0.0322413	0.00971559	0.0374615
0.0403724	0.0121638	0.0366097
0.0385314	0.000683204	0.0368562
0.0377222	0.00718836	0.0367428
0.0373036	0.0010216	0.0365281
0.0261388	0.0102064	0.0382396
0.0122251	0.00304626	0.0399032
0.034362	0.00369114	0.0373437
0.0293787	0.0166876	0.0380233
0.0359352	0.000878153	0.0369545
0.0439968	0.000265343	0.0360654
0.0398359	0.015002	0.0367215
0.0394531	0.00821018	0.0365155
0.0228782	0.00838854	0.0386687
0.0251657	0.00671096	0.0386443
0.0312761	0.0103645	0.0376581
0.0285391	0.00903172	0.0380148
0.0295727	0.0114736	0.0379042
0.0284764	0.0136412	0.0379971
0.0227681	0.00420143	0.0387218
0.0133991	0.0111912	0.0399922
0.0211035	0.0118218	0.0388763
0.0313412	0.01195	0.037705
0.0289305	0.00746995	0.037882
0.0458666	0.00867826	0.0359103
0.0329025	0.0129922	0.0375606
0.02614	0.0168738	0.0385555
0.0337167	0.0129231	0.0373056
0.046344	0.00403015	0.0359031
0.040017	0.0169797	0.0366202
0.0229681	0.0144846	0.0386344
0.0314124	0.0171793	0.0378839
0.0221992	0.0101252	0.0387053
0.0159168	0.00507256	0.0395437
0.0343542	0.00943278	0.0373208
0.0390198	0.0151222	0.0366385
0.0121427	0.0132206	0.0400789
0.0352095	0.00925965	0.0372461
0.0403713	0.00819651	0.0364338
0.0210849	0.00997395	0.0390052
0.0260912	0.0125951	0.0384096
0.0278872	0.0101719	0.0381701
0.0398233	0.0138241	0.036622
0.0488151	0.00807153	0.03551
0.00856898	0.011773	0.0404749
0.0109898	0.013909	0.0401553
0.034044	0.00278172	0.0372184
0.0364392	0.0045535	0.0369706
0.0082791	0.0142048	0.0408903
0.0294396	0.0126646	0.0378683
0.0321481	0.00849801	0.0374751
0.0285168	0.008049	0.0379978
0.0204729	0.00645319	0.0390449
0.0369553	0.00254081	0.0370058
0.0498248	0.00704551	0.0354362
0.0342188	0.013787	0.0373247
0.0375048	0.00493451	0.0368473
0.0403476	0.00732455	0.0366036
0.037938	0.00310229	0.0366117
0.0362409	0.0163374	0.0370057
0.0219336	0.0129185	0.0388016
0.023395	0.00905128	0.0385877
0.0414088	0.00824188	0.0363377
0.0224816	0.00457764	0.038664
0.0169774	0.00515394	0.0394685
0.0389879	0.011566	0.0366872
0.0348393	0.0145642	0.0373225
0.034955	0.00421515	0.0370231
0.0310101	0.0152506	0.0376797
0.011266	0.00918	0.0401921
0.0390648	0.0105731	0.036649
0.0456116	0.00566914	0.0357192
0.0167108	0.0109052	0.0394294
0.0267831	0.00751906	0.0381591
0.0189467	0.0192543	0.0392126
0.028171	0.0160962	0.0381618
0.0257844	0.00143186	0.0381304
0.0223357	0.00781645	0.0387323
0.0298095	0.00914996	0.0378587
0.0405039	0.0141464	0.0364296
0.0342992	0.0124063	0.0373486
0.0280364	0.00920525	0.0380101
0.0249975	0.00836918	0.0383924
0.0292505	0.0104745	0.0378982
0.0325062	0.0125301	0.037553
0.0395807	0.00188979	0.0363651
0.0184117	0.00464674	0.0393729
0.044969	0.0167954	0.0362002
0.0203879	0.00996604	0.039083
0.0270368	0.0145672	0.0382743
0.0411759	0.0126334	0.0364941
0.0406629	0.0037897	0.0364508
0.0330205	0.00494743	0.0375013
0.030194	0.0113228	0.0377478
0.0309955	0.00357883	0.0375359
0.0340713	0.0137543	0.0372954
0.0416673	0.00737406	0.0364036
0.0386833	0.00662053	0.0367651
0.0215081	0.00237496	0.0388268
0.0450138	0.0130848	0.0358999
0.0306112	0.012706	0.0377521
0.030302	0.00770808	0.0377582
0.0379375	0.0105408	0.036837
0.019405	0.0102307	0.0391507
0.0297945	0.0136551	0.0379115
0.0346557	0.0154449	0.0373462
0.0404071	0.011577	0.0366317
0.0259895	0.00772464	0.0382628
0.0424597	0.00717354	0.0362675
0.0476607	0.0107568	0.0355874
0.0240564	0.0123141	0.0384876
0.0331141	0.00323755	0.0373949
0.0280351	0.00707699	0.0381479
0.0375826	0.0113058	0.0367954
0.0394684	0.0111792	0.0366349
0.047827	0.0111024	0.0354844
0.0136016	0.0155936	0.0399378
0.0165868	0.0104999	0.0394639
0.0303004	0.00565352	0.0376921
0.0381939	0.0108975	0.0367984
0.0350602	0.015294	0.0373066
0.0211566	0.0130522	0.0389053
0.0118438	0.014016	0.0399924
0.0358324	0.00475823	0.0369726
0.0406773	0.0116663	0.0364074
0.0245601	0.0060862	0.0383826
0.0228376	0.00798918	0.0386556
0.0388357	0.0155103	0.0366627
0.034299	0.0164659	0.0372528
0.0273836	0.00191693	0.0380647
0.024274	0.00147703	0.0384431
0.0357307	0.0131556	0.0371682
0.0196537	0.0189959	0.0393152
0.00948019	0.00418986	0.0400961
0.0287285	0.00107669	0.0379722
0.0424977	0.00933653	0.0363496
0.0401985	0.0155006	0.0366684
0.0173723	0.00347119	0.0392845
0.0372059	0.0147433	0.0368406
0.0388493	0.0107287	0.0366765
0.0241185	0.00964448	0.0385183
0.0382476	2.05087e-05	0.0366739
0.0218965	0.0149051	0.0389333
0.0226691	0.000182669	0.0385422
0.0423543	0.0145911	0.0363761
0.024853	0.00686725	0.0384051
0.0260664	0.01063	0.0383156
0.0264158	0.0163298	0.0384191
0.0442003	0.0125967	0.0360279
0.0320901	0.000737721	0.0374566
0.0240606	0.0166903	0.0387138
0.0336446	0.0102132	0.0373514
0.0328625	0.0136651	0.0374091
0.0310291	0.0144617	0.037779
0.0305489	0.00753283	0.0376943
0.0232155	0.00678772	0.0387942
0.0191064	0.0142166	0.0392797
0.0311258	0.014968	0.0377862
0.0357749	0.00799364	0.037098
0.0118771	0.015367	0.0400474
0.0397233	0.0152725	0.0366867
0.0373439	0.012046	0.0370383
0.0237813	0.0148988	0.0385985
0.0297108	0.0128191	0.0378211
0.0145281	0.00546131	0.0395914
0.0352322	0.00676102	0.0371507
0.0157203	0.00965371	0.0396461
0.0495834	0.00974411	0.0352621
0.0159839	0.011284	0.0395624
0.0301611	0.0143533	0.0377891
0.024061	0.0129434	0.0385901
0.0152684	0.0146507	0.0397889
0.0391505	0.0104953	0.0367654
0.0335059	0.0130812	0.0373503
0.0322064	0.00505129	0.0374897
0.0398827	0.000259538	0.0364173
0.0452021	0.0100446	0.0361051
0.0396026	0.0151352	0.0366101
0.0280134	0.0107324	0.0380181
0.0382077	0.00624849	0.0367129
0.0427182	0.000653911	0.0361011
0.02234	0.0163433	0.0386198
0.027984	0.011067	0.0381164
0.0429414	0.00588877	0.036071
0.0236483	0.00723795	0.0385609
0.03067	0.0143688	0.0376881
0.0410041	0.00839211	0.0363672
0.0265563	0.0140559	0.038324
0.0327582	0.0130705	0.0374207
0.0184741	0.00488459	0.0392829
0.0266287	0.0158321	0.0381905
0.0375649	0.0127479	0.0368077
0.0363217	0.0126517	0.037067
0.0311879	0.00517151	0.0376793
0.0381899	0.00601715	0.0368124
0.0291267	0.0115615	0.0379655
0.0347418	0.0140638	0.0371772
0.0202386	0.00749309	0.0390142
0.0299655	0.013343	0.0379512
0.0319732	0.0138588	0.0375133
0.0258319	0.0145482	0.0383323
0.0327025	0.0120379	0.0376154
0.0536235	0.00953684	0.0350956
0.013845	0.00667604	0.0397718
0.032493	0.0061255	0.0375782
0.036482	0.0143081	0.036953
0.0419591	0.0120288	0.0362368
0.0349182	0.00388357	0.0370599
0.021535	0.00134506	0.0389866
0.0147107	0.00991949	0.0396517
0.0220286	0.00126447	0.0390024
0.0344668	0.0114392	0.0372564
0.0395419	0.0140753	0.0367379
0.0312922	0.0159115	0.0378566
0.0275239	0.0103938	0.0380693
0.0341574	0.00962095	0.0372264
0.0331724	0.0115317	0.0374416
0.014718	0.0135944	0.0396818
0.0139211	0.0090592	0.0398321
0.0229887	0.0110405	0.0386672
0.040645	0.0124528	0.0364876
0.00794687	0.00577502	0.0404783
0.0237798	0.00541229	0.0383639
0.0360076	0.00475878	0.0368204
0.0416992	0.0106272	0.0362602
0.0413778	0.0114003	0.0363342
0.0381464	0.00884456	0.0366996
0.0275425	0.0105158	0.0380784
0.0278771	0.0102807	0.0380592
0.00765185	0.0155124	0.0407219
0.0331055	0.0135507	0.0374175
0.0387778	0.00908042	0.036628
0.0454896	0.0144519	0.0357538
0.0180228	0.0168602	0.039495
0.0193001	0.0137381	0.0391104
0.0394776	0.0160886	0.0367819
0.0232118	0.00465089	0.0386018
0.0208281	0.000673509	0.0392015
0.0428275	0.00477784	0.0361819
0.03729	0.0157458	0.036978
0.0320565	0.00921066	0.0374644
0.0356583	0.0134996	0.0370532
0.0379773	0.0120621	0.0368844
0.0502858	0.0162083	0.0353321
0.0328979	0.0143021	0.0374453
0.0213166	0.00245606	0.0390044
0.0304558	0.0169433	0.0377317
0.00653806	0.0132459	0.0409466
0.0485167	0.00939288	0.0353724
0.0138533	0.00949066	0.0398399
0.035138	0.0137077	0.037212
0.0281299	0.0133757	0.0380436
0.0241256	0.0110947	0.0386196
0.0293793	0.00160693	0.0378202
0.0329511	0.00963028	0.0374344
0.0103944	0.0128626	0.0402918
0.0359946	0.00850669	0.0370168
0.0459755	0.00230859	0.035648
0.0376175	0.0158179	0.036878
0.013707	0.0167129	0.0401577
0.0250588	0.0131698	0.0384507
0.0068715	0.00223453	0.0406764
0.0361007	0.012931	0.0371169
0.0402281	0.00134104	0.0363826
0.0331487	0.0136645	0.0374915
0.0439111	0.00862155	0.0361547
0.0316633	0.00805519	0.0377828
0.0150879	0.0110362	0.0395003
0.0312301	0.0118648	0.0377177
0.0366377	0.0114164	0.0370427
0.0366792	0.00236656	0.0369821
0.0448639	0.0105677	0.0358607
0.0206132	0.00621356	0.0389744
0.0250793	0.0142605	0.0385495
0.0437127	0.0112967	0.0361945
0.0282688	0.0117553	0.0380825
0.0286664	0.004593	0.0380915
0.0428482	0.0115527	0.0361201
0.0158393	0.00506316	0.0394722
0.0359522	0.00403092	0.037057
0.0247669	0.0113911	0.0384419
0.0385496	0.0116471	0.0366854
0.0162533	0.00935951	0.0395575
0.0272205	0.0111081	0.0381249
0.0241818	0.0122022	0.0385524
0.0181249	0.0135294	0.0394045
0.0152134	0.0093823	0.0399664
0.0456559	0.0158635	0.0358546
0.0255492	0.00953472	0.0384073
0.00631951	0.0118294	0.0409153
0.0323139	0.00645948	0.0374846
0.0271494	6.117e-05	0.0380709
0.0416425	0.0084349	0.0362469
0.0338527	0.0145571	0.0372801
0.00582413	0.0106589	0.0405975
0.0416619	0.00424378	0.0364421
0.016642	0.0133568	0.0395497
0.0270872	0.0109519	0.0381465
0.0328996	0.00627339	0.0375148
0.042075	0.00673854	0.0361835
0.0400828	0.0150727	0.0365012
0.0152442	0.015311	0.0396304
0.0270445	0.0104275	0.0382008
0.0306012	0.00554301	0.0376935
0.0327901	0.0114828	0.0374222
0.0300251	0.0049377	0.0376763
0.0285982	0.0153296	0.038135
0.0132454	0.0117186	0.0400061
0.014266	0.0145203	0.0398271
0.0253726	0.00888138	0.0384322
0.0360553	0.00707505	0.0369538
0.0429425	0.00305481	0.0361966
0.037146	0.00632366	0.0368426
0.0392823	0.0148076	0.036785
0.0426447	0.004893	0.036254
0.0223763	0.015722	0.0387823
0.0272367	0.000579911	0.0379686
0.0151686	0.0103861	0.0396496
0.0375542	0.00759981	0.0367784
0.0232146	0.00855441	0.0387154
0.0366849	0.00841634	0.0368867
0.0359271	0.00192001	0.0371219
0.0278177	0.00490334	0.0381332
0.0491582	0.0081961	0.0353053
0.0314926	0.0121398	0.0377626
0.0305432	0.00145844	0.0378
0.024425	0.00275367	0.0384277
0.0106459	0.0027922	0.0400747
0.0292003	0.0102005	0.0379671
0.0217855	0.0101944	0.0388228
0.0251621	0.00979622	0.0383747
0.0199491	0.00511074	0.038989
0.0246719	0.00532178	0.0384183
0.0242717	0.00650857	0.0385289
0.0398409	0.0165972	0.0366043
0.0188799	0.0131294	0.0392502
0.0425908	0.00723091	0.0363873
0.0297032	0.000342125	0.0378046
0.0239031	0.00707108	0.0385515
0.0297145	0.00768452	0.0378025
0.0239859	0.00617453	0.0386111
0.0254262	0.00471601	0.0383109
0.0332043	0.00124438	0.0374559
0.0279984	0.0152067	0.0380807
0.0334437	0.0163004	0.0375673
0.0533799	0.000767409	0.0349598
0.017548	0.0107074	0.039322
0.0386109	0.0150594	0.0367943
0.0373629	0.000554671	0.0369362
0.0172249	0.00739983	0.0394113
0.0270247	0.0143866	0.0382548
0.0242073	0.0152327	0.0386283
0.041972	0.009559	0.0364771
0.0420048	0.00961363	0.0362698
0.0185498	4.91721e-05	0.0388272
0.0263543	0.00667829	0.0381934
0.0331135	0.00468404	0.0374828
0.0232258	0.014834	0.0387869
0.024538	0.0157347	0.0386326
0.0374696	0.0130077	0.0369383
0.0495771	0.0104656	0.035255
0.0427479	0.00674313	0.0361125
0.0443022	0.00999695	0.0361139
0.030383	0.0120734	0.0379586
0.0358756	0.0146134	0.0371918
0.00387922	0.00786759	0.0411131
0.0123833	0.00877142	0.0401419
0.0175629	0.0167905	0.0393261
0.0404636	0.0126437	0.0365851
0.043037	0.00237151	0.0361562
0.0254442	0.0103516	0.0383419
0.0217683	0.013091	0.0387888
0.03604	0.00528537	0.0370217
0.0337414	0.0154456	0.0375281
0.0341314	0.0100263	0.0373089
0.0174202	0.00474301	0.0391323
0.0259818	0.0133882	0.0382312
0.0303191	0.00752143	0.0378011
0.0259705	0.00861648	0.0383024
0.0462156	0.00377362	0.0355216
0.016403	0.015932	0.0396597
0.0265337	0.00840601	0.0382127
0.035616	0.0122028	0.0371328
0.0197386	0.00963261	0.0390233
0.0416448	0.00933294	0.0362903
0.0241397	0.00833056	0.0385493
0.0370988	0.000576023	0.0369715
0.0425892	0.000799771	0.0361808
0.0350831	0.0133881	0.037274
0.0230992	0.0091259	0.0386587
0.0193996	0.00929705	0.0392154
0.0254439	0.0142348	0.0384251
0.0505907	0.0160743	0.0351547
0.0301925	0.010596	0.0378215
0.0233598	0.014023	0.0385187
0.0314646	0.00336134	0.0375577
0.0272087	0.0126199	0.0381349
0.0343822	0.0160868	0.0372579
0.0362912	0.0168571	0.0370864
0.0302191	0.00648285	0.0378306
0.0195415	0.0151814	0.0390842
0.0217349	0.0168664	0.038879
0.0348009	0.0111993	0.0372488
0.0360926	0.00645608	0.0369748
0.021563	0.00116404	0.0388835
0.0152084	0.0142923	0.0397007
0.0366641	0.0015028	0.0370998
0.0135527	0.00749416	0.040176
0.0231624	0.00025521	0.0385705
0.0480674	0.0142815	0.0356828
0.0279445	0.0147856	0.0382511
0.0349805	0.0089451	0.0373423
0.0203857	0.014404	0.0388516
0.053659	0.0121645	0.0351206
0.0444256	0.0166928	0.0361283
0.0400245	0.0109241	0.0366302
0.0313195	0.0181082	0.0377086
0.0251349	0.0117199	0.0383937
0.0415892	0.00548579	0.0364803
0.042214	0.0165978	0.036244
0.0250054	0.0130699	0.0384336
0.0464425	0.00716894	0.0358292
0.0270989	0.0117278	0.0381391
0.0157128	0.0165595	0.0397582
0.0394939	0.0143246	0.0366982
0.0391988	0.00231943	0.0365438
0.0324438	0.00518074	0.0374534
0.0398488	0.00309906	0.0365172
0.0223468	0.00871857	0.0387015
0.0246928	0.00607661	0.0384517
0.041406	0.0158002	0.0363362
0.0293907	0.00984289	0.0378209
0.0346433	0.0122183	0.0371994
0.0242575	0.0142134	0.0385154
0.0414232	0.0040041	0.0361197
0.0314667	0.0130925	0.0377068
0.0165676	0.0154993	0.0396067
0.036455	0.01322	0.037087
0.0313015	0.00490019	0.0375928
0.025034	0.00219232	0.038267
0.0362953	0.00503895	0.0369447
0.0179823	0.00875571	0.0392277
0.0372998	0.00874337	0.0368618
0.0341748	0.00497318	0.0374403
0.0145735	0.00720222	0.0397014
0.0335893	0.00412335	0.0374618
0.0291567	0.00486778	0.0377973
0.0458449	0.0137334	0.0358049
0.0341246	0.0168353	0.037448
0.0332169	0.014515	0.0375069
0.0345127	0.00910563	0.0372158
0.0185215	0.0164242	0.0392895
0.0427858	0.0127179	0.03642
0.0286271	0.00751267	0.0380201
0.0126632	0.00612654	0.039973
0.0432702	0.0146165	0.0360906
0.0324552	0.00184317	0.0373863
0.0258471	0.00407764	0.0382479
0.0159139	0.0097663	0.0397368
0.0227614	0.0100088	0.0387824
0.0286104	0.00466615	0.0379122
0.0378279	0.00609697	0.0367352
0.0318301	0.00534634	0.0376288
0.0285023	0.00808831	0.0379418
0.0415477	0.00913006	0.0363295
0.0321098	0.0149914	0.0377135
0.0285347	0.00897244	0.0379361
0.0352322	0.0167172	0.0371544
0.0325478	0.00892129	0.0375719
0.0427604	0.00808042	0.0361593
0.021492	0.0135449	0.0389874
0.0277102	0.00449722	0.0380613
0.0213114	0.0114977	0.0388406
0.034853	0.0118953	0.0371712
0.0240024	0.00828213	0.0384931
0.0348443	0.0083563	0.0371795
0.0314917	0.0113127	0.0376014
0.0257181	0.00843784	0.0383078
0.0238602	0.00976827	0.0385525
0.0309626	0.00240632	0.0375248
0.0157606	0.000243169	0.0394961
0.0290657	0.00837547	0.0379976
0.0318503	0.0118769	0.0375847
0.0290143	0.012904	0.0380669
0.0428549	0.00986817	0.0361496
0.0204438	0.0111834	0.0389035
0.0228616	0.0018793	0.0388068
0.0317913	0.00733034	0.0376187
0.0168258	0.0139821	0.0394568
0.0265594	0.00308358	0.0381042
0.0453843	0.0127078	0.0360147
0.0164913	0.00419262	0.0394742
0.0348404	0.00647335	0.0372074
0.0122022	0.0119799	0.040034
0.0284498	0.0180657	0.0380513
0.0167307	0.0143871	0.0394148
0.0176846	0.00376789	0.0393314
0.029936	0.0147074	0.0377843
0.0216947	0.0167702	0.038804
0.0280801	0.010353	0.0381455
0.0153877	0.0144118	0.0397118
0.0249781	0.0141346	0.0384407
0.0499728	0.0117373	0.0353191
0.031777	0.00719484	0.0376501
0.0293764	0.00118912	0.0379577
0.01422	0.0112978	0.0399232
0.0410644	0.0099512	0.0364132
0.0299639	0.00704788	0.0380028
0.0226094	0.00646672	0.0386661
0.0134721	0.0121142	0.0398776
0.0328938	0.0102066	0.0373877
0.0315511	0.00687669	0.0375672
0.0352433	0.0108405	0.0372205
0.0226993	0.0052589	0.0386185
0.0266576	0.00526587	0.0381586
0.000201178	0.00950838	0.0415522
0.0313051	0.00869285	0.0375688
0.0469123	0.00827991	0.0356096
0.0289909	0.00811965	0.0378861
0.0443107	0.0147144	0.0359753
0.0258376	0.00538689	0.038106
0.043995	0.0137998	0.0360804
0.0321901	0.00695171	0.0374631
0.0273083	0.015515	0.0381582
0.0288526	0.0109607	0.0379903
0.0148163	0.00897699	0.0397542
0.019548	0.0141766	0.0392041
0.0261948	0.0145823	0.0385196
0.0317125	0.00525429	0.0375422
0.0296714	0.00937886	0.0377878
0.0213459	0.0197534	0.0389121
0.0418975	0.000381298	0.0364503
0.0219276	0.0122712	0.0390841
0.031064	0.013425	0.0376511
0.0196304	0.00494275	0.0390318
0.0344577	0.0096537	0.0372636
0.0437676	0.0104892	0.0362468
0.0188439	0.00998487	0.0390778
0.00918885	0.0112862	0.0405779
0.0370727	0.0131578	0.0370091
0.0312143	0.0129504	0.0376236
0.0302142	0.00945833	0.0378617
0.0217467	0.0137952	0.0389051
0.047434	0.0122597	0.0355331
0.0245156	0.000622838	0.0385171
0.0281778	0.0143088	0.0380462
0.0141272	0.00989367	0.0399023
0.0313759	0.00912055	0.0376738
0.0303226	0.0109691	0.0378069
0.0167708	0.0119139	0.0394538
0.0355943	0.0156205	0.0372863
0.027254	0.0169186	0.0382441
0.0139832	0.0116621	0.0397244
0.0255627	0.0028776	0.0385776
0.03144	0.0162399	0.0376595
0.0170039	0.00683337	0.0392533
0.0239837	0.00896632	0.0386036
0.0334848	0.00889923	0.0373093
0.0154537	0.0106173	0.0396547
0.0380464	0.00388392	0.0368233
0.0144524	0.0140274	0.0397738
0.0136875	0.00343256	0.0397061
0.0408104	0.00874719	0.0365743
0.0195663	0.0106385	0.0391461
0.0375235	0.013563	0.037052
0.0367182	0.00841821	0.0370533
0.0306182	0.0128495	0.0376813
0.0476829	0.0116692	0.0357237
0.0121657	0.00734536	0.0398291
0.0322744	0.00892122	0.037524
0.0386047	0.00233047	0.036832
0.0244712	0.0163465	0.0385223
0.0277415	0.0141798	0.0382288
0.0381593	0.0127413	0.0368284
0.0278787	0.00227766	0.0380858
0.0370152	0.0138081	0.0370021
0.0242192	0.0119835	0.0385397
0.0458298	0.0141722	0.0358343
0.0322017	0.00858985	0.0375059
0.0355061	0.0116819	0.0370874
0.0307288	0.0103401	0.037659
0.00681613	0.0169757	0.0408713
0.021717	0.00259471	0.0388456
0.0200665	0.0129014	0.0391232
0.0266216	0.00573758	0.0382845
0.00186605	0.00744846	0.0410219
0.0211421	0.0108915	0.0389798
0.0263627	0.00720878	0.0382878
0.0400605	0.0139873	0.036496
0.0405885	0.00709249	0.0364397
0.0219068	0.0109595	0.0387205
0.0371695	0.0169481	0.0370795
0.0214765	0.0153884	0.0389458
0.0391703	0.00658859	0.0366768
0.0468941	0.0116531	0.0356419
0.0268187	0.0115613	0.0382612
0.039236	0.00863825	0.036619
0.0355399	0.0102241	0.0372716
0.0322892	0.00782419	0.0376982
0.0280959	0.00749946	0.0378989
0.0206033	0.0136317	0.0389596
0.0259161	0.00343298	0.0382657
0.0241698	0.00805879	0.0384996
0.0104894	0.0059542	0.040175
0.0274573	0.0153239	0.0381049
0.0253503	0.00464426	0.0384122
0.0187819	0.00855496	0.0391925
0.0214826	0.0103526	0.0389902
0.0392058	0.0142694	0.0367415
0.0387622	0.0166633	0.0368277
0.0329472	0.00732965	0.0375145
0.0218167	0.017056	0.0387965
0.0253445	0.00577306	0.0384267
0.0185026	0.00561424	0.0391568
0.0290017	0.0129604	0.0380167
0.0316522	0.00793996	0.0374744
0.0259431	0.0107912	0.0383944
0.0315579	0.0145806	0.0376212
0.0319094	0.014014	0.0376508
0.0187884	0.0169785	0.0391472
0.044668	0.0107329	0.0360712
0.0369069	0.00285873	0.0366474
0.0409635	0.00546576	0.0363887
0.00698918	0.0100337	0.0406057
0.0352586	0.0123657	0.0372027
0.0273683	0.0105988	0.0381066
0.046349	0.0116784	0.0358898
0.0492311	0.00361132	0.0351697
0.0402593	0.00678615	0.0366557
0.0294991	0.00730893	0.0378632
0.0270991	0.00606795	0.0382223
0.0332432	0.0113752	0.0374278
0.0192026	0.00448896	0.0390705
0.0327676	0.00627571	0.0374188
0.030568	0.00769367	0.0379292
0.0281129	0.0152558	0.0382673
0.037961	0.00760793	0.0367451
0.0333984	0.0137756	0.0373885
0.0462697	0.00100967	0.0355716
0.0188874	0.0017372	0.0391103
0.015854	0.0143482	0.0395329
0.0134781	0.0170852	0.039807
0.0259366	0.0125683	0.0383057
0.0290081	0.00862159	0.037949
0.0381228	0.0133091	0.0368723
0.016241	0.00912273	0.0396316
0.0336539	0.0148895	0.037528
0.0363599	0.000794674	0.0368303
0.0485412	0.00985227	0.0356065
0.0429253	0.00986956	0.0362721
0.0255223	0.00648191	0.0383185
0.035092	0.0134512	0.0372242
0.0229413	0.0111334	0.0386103
0.0200872	0.00862866	0.0391038
0.0370677	0.00587546	0.0368231
0.0345435	0.0110415	0.0372233
0.0529705	0.011145	0.0349631
0.0227517	0.00534234	0.0386367
0.0441972	0.0148471	0.0359693
0.0174914	0.0138485	0.0392734
0.032764	0.0151517	0.0376438
0.0168284	0.0079087	0.0393857
0.0355949	0.0147922	0.0370737
0.0397283	0.0155486	0.0367025
0.0283357	0.0139539	0.0379707
0.00963469	0.00749978	0.0405099
0.0273277	0.00973785	0.0381371
0.034803	0.0130283	0.0371952
0.020219	0.0071408	0.0388835
0.0502067	0.0116939	0.0355261
0.0341745	0.00415574	0.0373552
0.0380532	0.0136788	0.0368777
0.0329211	0.0067066	0.0373704
0.0234204	0.00404716	0.038794
0.0290423	0.0165267	0.0381672
0.0337944	0.0112337	0.0373619
0.0204635	0.0144133	0.0389566
0.0252625	0.0163307	0.0384067
0.0265859	0.0166791	0.038255
0.0231084	0.0071412	0.0386891
0.0288458	0.00530466	0.0379116
0.0382398	0.00646268	0.0366994
0.0223023	0.00501829	0.038695
0.0278499	0.00658286	0.038006
0.00410113	0.016688	0.0414494
0.0337087	0.00281174	0.0374106
0.0467661	0.0134369	0.0356409
0.00140076	0.00958618	0.041396
0.0274506	0.0140632	0.0382139
0.0315317	0.0155971	0.0375953
0.0318264	0.0101998	0.0376151
0.0191881	0.00530624	0.0391972
0.0202989	0.0130135	0.0390002
0.0069727	0.00832375	0.0406813
0.0243177	0.00750091	0.0384784
0.015585	0.00987246	0.039515
0.0223243	0.0134024	0.0387563
0.0241226	0.00657018	0.0384916
0.0205765	0.000632925	0.0387756
0.0290312	0.00573279	0.0378916
0.0323283	0.00447688	0.0373916
0.019898	0.00116372	0.0392932
0.0169177	0.0165412	0.0394958
0.0178229	0.0142755	0.0393349
0.033815	0.00956606	0.0372732
0.0235572	0.00878207	0.0387271
0.0435564	0.01473	0.0360057
0.0201753	0.0103444	0.0389788
0.0331363	0.0103474	0.0374263
0.0087038	0.01023	0.0404815
0.0242831	0.0144033	0.0384942
0.0483198	0.0109042	0.035512
0.0277073	0.00741385	0.0381238
6.46176e-05	0.0134097	0.0415216
0.0262942	0.0168694	0.0382628
0.0190622	0.00330311	0.0391229
0.0166361	0.0114944	0.0395637
0.0362664	0.012923	0.0370705
0.0405953	0.0130316	0.0365675
0.0128061	0.0114598	0.0399371
0.0271328	0.0185921	0.0382724
0.0453134	0.0101585	0.0358344
0.0216852	0.0205789	0.0388714
0.0445407	0.0161779	0.0358721
0.0441839	0.00592269	0.0360844
0.0277012	0.01468	0.0380937
0.0340702	0.0130736	0.0372756
0.0432585	0.0123146	0.0362519
0.00888519	0.012306	0.0406517
0.0267826	0.0147296	0.0382876
0.0317732	0.0136684	0.0376614
0.0224723	0.0168285	0.0388527
0.017785	0.00437697	0.0390726
0.0174585	0.00960833	0.0393159
0.00461961	0.00711494	0.040948
0.0199299	0.0060099	0.0389904
0.0358932	0.0125456	0.0371613
0.0290471	0.0107368	0.0378952
0.0142745	0.0119992	0.0398724
0.0320439	0.0164763	0.0375236
