0.0288068	0.0101087	0.0384474
0.0309226	0.00898041	0.0382969
0.0166534	0.0117037	0.0399442
0.0275903	0.00782014	0.038628
0.028673	0.0121442	0.0384723
0.0228939	0.0077364	0.039077
0.0305755	0.0120728	0.0383207
0.0322805	0.00493053	0.0380663
0.0287344	0.0117549	0.0385099
0.0373789	0.00794914	0.0374423
0.0319501	0.012321	0.0380878
0.0311282	0.00977587	0.0382035
0.0313282	0.0114344	0.0381471
0.0320004	0.0120869	0.0381153
0.0279804	0.0124558	0.0385374
0.0280383	0.0125427	0.0385989
0.0336262	0.00610318	0.0377711
0.0243954	0.00767006	0.0389768
0.0185583	0.0075303	0.0396588
0.0275283	0.0120277	0.0386514
0.0356094	0.0113415	0.0376834
0.0216945	0.0113287	0.0393451
0.0366423	0.0107711	0.0374297
0.0358707	0.010112	0.0376192
0.0278158	0.00984908	0.0385508
0.0391521	0.0105664	0.0372303
0.0270323	0.00992254	0.0386484
0.0321062	0.0119544	0.0379925
0.0300243	0.00690181	0.0383155
0.0254301	0.00980594	0.0389038
0.0371065	0.00685282	0.0374434
0.0315489	0.00706092	0.0381848
0.0281287	0.00939534	0.0385528
0.0256745	0.00908015	0.0388128
0.0293423	0.010653	0.0383959
0.0238665	0.0072368	0.0391554
0.0315306	0.0101441	0.0381907
0.0279517	0.0109074	0.0384911
0.0428098	0.00687169	0.0367692
0.0237322	0.0108606	0.0391071
0.0280249	0.0120024	0.0386034
0.0310644	0.010239	0.0381683
0.0335063	0.00665538	0.0378711
0.0320965	0.0128747	0.0380645
0.0314659	0.0105565	0.0381889
0.0276332	0.00639251	0.0386018
0.0199061	0.0109782	0.0396225
0.0352971	0.0107881	0.0376554
0.0263801	0.0106326	0.0387586
0.0319954	0.0117666	0.0380583
0.0369557	0.01015	0.0375813
0.0273376	0.00791796	0.0386505
0.0245487	0.0120774	0.0390245
0.0275787	0.0139951	0.0385521
0.0281149	0.0114855	0.0385783
0.0271132	0.0101919	0.0386759
0.0307378	0.0101558	0.0382614
0.0361163	0.00981316	0.0375433
0.0271646	0.0140563	0.0386094
0.0285043	0.00934679	0.0385047
0.0306835	0.0100519	0.0382499
0.0344106	0.00303763	0.0375918
0.0232206	0.00686417	0.039225
0.0314708	0.00996809	0.0381379
0.0311352	0.0132775	0.0382153
0.0290696	0.0126735	0.0384086
0.0335294	0.010919	0.0379145
0.0300631	0.0104414	0.0384037
0.0291075	0.0125786	0.0384425
0.0243328	0.00685693	0.0389812
0.0236896	0.00919822	0.0391276
0.0357085	0.00959986	0.0376938
0.0362312	0.009649	0.0376115
0.0341639	0.0114652	0.0378205
0.0338695	0.00991216	0.0378469
0.0273738	0.0132787	0.0386311
0.0266645	0.0104942	0.0387229
0.0308327	0.0090628	0.0382694
0.0350189	0.00522285	0.0377739
0.0340298	0.0109739	0.0378271
0.0296288	0.011146	0.038385
0.034239	0.0116241	0.0377093
0.0243248	0.0076672	0.0389441
0.0364177	0.00966482	0.0375129
0.0332114	0.0129095	0.0379778
0.0287471	0.0134232	0.0384862
0.0331447	0.00931733	0.0380663
0.0263474	0.0103064	0.038747
0.0266815	0.0110677	0.0387093
0.0326775	0.00789728	0.0381008
0.0232786	0.00787113	0.0390912
0.0325509	0.00884871	0.0380044
0.0315458	0.0104046	0.0382305
0.0330092	0.0108276	0.0380197
0.0224292	0.00927924	0.0392894
0.0279866	0.00646719	0.0385643
0.0237351	0.00863726	0.0390992
0.0331624	0.00834129	0.0379025
0.0437153	0.00939241	0.036595
0.0279451	0.0107761	0.0385316
0.0215258	0.00761022	0.0392743
0.0336274	0.00812112	0.0379828
0.0291902	0.00734398	0.0384303
0.0268366	0.00755296	0.0386813
0.0240277	0.0123872	0.0390337
0.0266494	0.0108597	0.038731
0.0261228	0.0128481	0.0388413
0.0293236	0.0089305	0.0384108
0.040657	0.0116422	0.0369071
0.0290044	0.0114196	0.0384377
0.0352453	0.00931814	0.0377186
0.0294114	0.00955685	0.0383877
0.0256311	0.013945	0.0388573
0.0294873	0.0109305	0.0384543
0.0319677	0.00983872	0.0381173
0.0250098	0.00873245	0.0389343
0.0277959	0.0103471	0.0385839
0.0243878	0.0065824	0.0391546
0.0238907	0.00708327	0.0390143
0.0290305	0.0120634	0.0384739
0.0378278	0.00843579	0.0373781
0.026959	0.00687564	0.0387114
0.0336167	0.00614535	0.0378628
0.0325683	0.00623944	0.0381574
0.0238136	0.00935106	0.0390432
0.0331631	0.00595041	0.0380975
0.0267023	0.00678566	0.0388318
0.0318991	0.0087649	0.0381737
0.0331081	0.00866652	0.0379732
0.0249796	0.0104845	0.0389864
0.0376403	0.00666544	0.0374758
0.0201645	0.0145617	0.0394603
0.0263185	0.0126231	0.0387366
0.0255695	0.00867354	0.0388825
0.0278896	0.00776518	0.0385699
0.031804	0.0115412	0.0381361
0.0279344	0.00850799	0.0385826
0.0263488	0.0109886	0.0387997
0.0345123	0.0115013	0.037704
0.0236866	0.0122033	0.0391365
0.0288632	0.00533171	0.0384492
0.0340969	0.0138507	0.0378221
0.0330867	0.0100848	0.0380612
0.036478	0.0134446	0.0375884
0.034484	0.00783501	0.0378252
0.0362431	0.00870808	0.0376675
0.032572	0.0103162	0.0380021
0.0317992	0.00925181	0.0381463
0.0309446	0.0114589	0.0382832
0.0353783	0.0106339	0.037646
0.0313153	0.0110218	0.038177
0.0267502	0.0138784	0.0387193
0.0263224	0.00944919	0.0387405
0.026382	0.00917594	0.0387596
0.032186	0.00961262	0.0380464
0.0290509	0.0113149	0.0384468
0.0272333	0.00976373	0.0386308
0.03362	0.00960679	0.0378785
0.0308931	0.00822448	0.0382196
0.0321391	0.00648401	0.0381132
0.0191115	0.00801939	0.0396366
0.0324704	0.0136898	0.0379079
0.0270152	0.00737517	0.03864
0.036935	0.0129318	0.0374737
0.0368397	0.00973695	0.0374802
0.0340762	0.0099695	0.0379056
0.0252586	0.011785	0.0389321
0.0315567	0.010781	0.0381634
0.0174988	0.00984564	0.0399846
0.0267742	0.010766	0.0387025
0.025995	0.0139069	0.0387481
0.0285263	0.0104402	0.038468
0.0306407	0.0128078	0.0383027
0.0263953	0.00863199	0.038761
0.0216429	0.0119074	0.0393175
0.0198837	0.0110214	0.0396641
0.0304519	0.00638673	0.0382643
0.029133	0.00702574	0.0383393
0.026088	0.0113505	0.0387793
0.0293339	0.0108483	0.0383972
0.0331555	0.0112595	0.0379574
0.034738	0.0103729	0.0376779
0.0316338	0.00991862	0.0381004
0.0243976	0.0116272	0.038989
0.0367037	0.00927647	0.0375698
0.0201081	0.0118132	0.0395837
0.03036	0.00632345	0.0383073
0.0303876	0.00796633	0.0383824
0.0336675	0.0106283	0.0378709
0.0316083	0.0110937	0.038075
0.0350535	0.00891964	0.0377169
0.0274621	0.0119139	0.0386869
0.0307405	0.0118393	0.0382554
0.0264109	0.00852652	0.0387402
0.0314834	0.0102191	0.0381681
0.0239609	0.012203	0.0391047
0.0242858	0.0123465	0.0389534
0.0311444	0.00731877	0.0381933
0.034375	0.0116579	0.0377727
0.0162154	0.0129253	0.0400009
0.0224855	0.0115767	0.0392663
0.0305897	0.00825702	0.0382649
0.0292436	0.00933027	0.0385109
0.0339939	0.0105658	0.0378246
0.0313936	0.00609302	0.0381469
0.0287326	0.0145561	0.0384413
0.0349651	0.0119251	0.0376124
0.025787	0.0113622	0.0387853
0.0264031	0.0129114	0.0387649
0.0258959	0.00919654	0.0388996
0.0261776	0.0102943	0.0388172
0.0341697	0.0090737	0.0378936
0.0214485	0.0096612	0.0392713
0.0293693	0.0142109	0.0384516
0.0307747	0.00787091	0.0383574
0.0319785	0.0120821	0.0380737
0.0344227	0.0109604	0.0377878
0.0299064	0.0111786	0.0382691
0.0289299	0.0108496	0.0384519
0.0364089	0.0117853	0.0375193
0.0156817	0.0127137	0.0403767
0.0254487	0.0104523	0.0388821
0.0271488	0.00793384	0.0386738
0.0333446	0.0127536	0.0379191
0.0321486	0.00952361	0.0381207
0.0322779	0.0106779	0.0380985
0.0323764	0.00972283	0.0380469
0.0336984	0.00992132	0.0378982
0.0327597	0.00879823	0.0379989
0.0388541	0.0104315	0.0371725
0.0278329	0.00989967	0.038576
0.0181878	0.00896377	0.0397291
0.0345797	0.00998292	0.03779
0.0271951	0.0101405	0.0386816
0.0281291	0.0117217	0.0386067
0.0307063	0.00925015	0.0382388
0.0264928	0.0141576	0.038741
0.0268974	0.0121183	0.0387235
0.0239172	0.0105288	0.039028
0.0358976	0.0100512	0.037588
0.0311025	0.00894198	0.0381837
0.0352505	0.0105256	0.0376719
0.0315072	0.0122277	0.038119
0.0276003	0.00982772	0.0385954
0.025193	0.00918873	0.0389328
0.0196695	0.00826198	0.0394256
0.0338696	0.0110844	0.0378579
0.0349594	0.00588072	0.0377543
0.0302019	0.0116684	0.0382926
0.0279953	0.00889581	0.0385536
0.0259496	0.0103603	0.0388669
0.025606	0.0109502	0.0388641
0.0282137	0.0117672	0.0385494
0.0280059	0.00985414	0.038581
0.0394846	0.0126319	0.037313
0.0257715	0.00863677	0.0388768
0.0362865	0.0120262	0.0376633
0.0321951	0.00959639	0.0380086
0.028287	0.0118872	0.0385394
0.0310011	0.00984792	0.0382158
0.0278751	0.0096609	0.0386259
0.0252211	0.0142733	0.0389078
0.0256896	0.0132189	0.0387842
0.028241	0.00867394	0.038489
0.0268467	0.00941235	0.0387725
0.0265667	0.0128718	0.0387356
0.035603	0.00910382	0.0375918
0.0243107	0.0101874	0.039017
0.0328398	0.00746612	0.0381298
0.029272	0.00824078	0.0383985
0.0286923	0.0116589	0.0384943
0.0255923	0.00583897	0.0388432
0.0315576	0.00928739	0.0381285
0.0343177	0.00764297	0.0378439
0.0361641	0.0111883	0.0375326
0.0300797	0.0107297	0.0383128
0.0291219	0.00881919	0.0384045
0.0297845	0.00890463	0.0383682
0.0307056	0.0110748	0.0382466
0.0208753	0.0111958	0.0394231
0.0252824	0.00873058	0.0388975
0.0288429	0.00885751	0.0384723
0.0315733	0.0128626	0.0381739
0.0324357	0.0139417	0.0379821
0.0319457	0.00750671	0.0381265
0.0367762	0.0121398	0.037555
0.0338125	0.0122823	0.037842
0.0373399	0.00665511	0.0374871
0.0315416	0.0147224	0.0381368
0.0304811	0.00958382	0.0382703
0.0268773	0.0111976	0.038753
0.0297786	0.00821129	0.0383581
0.0313337	0.0107387	0.038154
0.0321037	0.0114589	0.038049
0.0315354	0.0106915	0.0381287
0.0304336	0.00901119	0.0382701
0.0341037	0.0123701	0.0378197
0.0326661	0.00316221	0.0381384
0.0305957	0.0105576	0.0382438
0.0286687	0.0113776	0.0384837
0.0341004	0.00521884	0.0379335
0.0322639	0.00870898	0.0380009
0.0303001	0.00821445	0.0383635
0.0280931	0.0074366	0.0385802
0.0259449	0.01075	0.0387446
0.0317608	0.0112686	0.0381687
0.033165	0.0131216	0.037925
0.0319474	0.0103316	0.0381093
0.0376209	0.0113935	0.0374812
0.0332668	0.00910954	0.0378836
0.0354732	0.0105358	0.0377051
0.03659	0.0138461	0.0375445
0.0270937	0.0137957	0.0385591
0.0344918	0.00915412	0.037795
0.0298752	0.0086009	0.0383184
0.0263612	0.0106352	0.0387627
0.0262036	0.011768	0.0388276
0.0309803	0.0121912	0.0382152
0.0280135	0.00852382	0.0385746
0.0298748	0.0111415	0.0383539
0.0307842	0.0111099	0.0382255
0.0352525	0.0100042	0.0376344
0.0286194	0.00645718	0.0384513
0.0168349	0.0113969	0.0400308
0.0348368	0.0105067	0.03772
0.0294682	0.0121928	0.0384171
0.0414717	0.0138606	0.037013
0.0387463	0.0100261	0.0373577
0.029257	0.00957575	0.0384141
0.032232	0.0107216	0.0380404
0.0216257	0.0148615	0.0393259
0.0319828	0.0121767	0.0381118
0.0317553	0.00796332	0.0380397
0.0273686	0.013881	0.038526
0.0319407	0.0082524	0.038075
0.0271594	0.0101316	0.0386299
0.0297355	0.00372624	0.0383607
0.0407547	0.0113802	0.0370693
0.0299706	0.0108705	0.038379
0.0172911	0.00916593	0.0400303
0.0384187	0.0115492	0.0372897
0.0334116	0.0113263	0.0379675
0.0297821	0.0108005	0.0383228
0.033514	0.00805595	0.0379113
0.0318991	0.00797751	0.0380826
0.018411	0.0100096	0.0396555
0.0300533	0.00772944	0.0382353
0.0316136	0.0129307	0.0381461
0.0341627	0.0113032	0.0378002
0.0328736	0.00959335	0.0379446
0.0345534	0.0120045	0.0378655
0.0352206	0.0119297	0.0377044
0.026898	0.0111405	0.0387279
0.0347954	0.0108571	0.0378415
0.0257592	0.00593981	0.0389323
0.023667	0.0111204	0.0391154
0.0296343	0.00901998	0.0383724
0.0233579	0.0133027	0.039058
0.0309078	0.0126435	0.0381963
0.0276114	0.0106185	0.0386449
0.0212977	0.0086231	0.0393327
0.027396	0.0123675	0.0385844
0.0308493	0.00690131	0.0383608
0.0370101	0.00898865	0.0375427
0.0300485	0.0130775	0.0382904
0.0269971	0.0127302	0.0386931
0.0309912	0.00745185	0.0381868
0.0306775	0.00900911	0.0382578
0.0331266	0.0106167	0.0379534
0.0235057	0.00889773	0.0391111
0.0361564	0.0118285	0.0375915
0.0346231	0.0116321	0.0377961
0.0289734	0.0145186	0.0384227
0.0280842	0.0123365	0.0386015
0.0293257	0.00709301	0.038403
0.0270707	0.0107808	0.0387139
0.0312841	0.0104233	0.0381815
0.0214297	0.00892296	0.0393657
0.0286291	0.00663683	0.0386047
0.0336486	0.00997899	0.0379467
0.0286687	0.007339	0.038457
0.0357866	0.00341192	0.0376821
0.028326	0.0109286	0.038534
0.027445	0.0119033	0.038631
0.0248281	0.00449813	0.0387995
0.0395979	0.0118671	0.0371109
0.034027	0.010414	0.0377992
0.0228141	0.0121022	0.0391742
0.0319704	0.00919932	0.038107
0.0288282	0.0131272	0.0385472
0.0307907	0.008667	0.0381745
0.0235384	0.00777717	0.0391244
0.028989	0.0107233	0.0384587
0.0304053	0.0113036	0.0382849
0.0327544	0.0106992	0.0380002
0.0304189	0.0105047	0.0382737
0.0391285	0.0067013	0.0371925
0.0287824	0.0101192	0.038447
0.0247504	0.0102791	0.0389213
0.0222425	0.00702187	0.0392856
0.0368558	0.0119341	0.0375128
0.0284659	0.00989907	0.0384794
0.0309958	0.0132549	0.038192
0.0306179	0.00616611	0.0382882
0.027705	0.00873537	0.0385983
0.0273315	0.011493	0.0386927
0.0341603	0.00946531	0.0378318
0.0328873	0.00848477	0.0380745
0.0315675	0.014005	0.0380721
0.0292704	0.0109816	0.0383766
0.0330699	0.0121703	0.0379324
0.0270469	0.013087	0.038737
0.0332298	0.0147408	0.037963
0.0345227	0.00840117	0.0378062
0.0331827	0.0119158	0.0379672
0.0311972	0.00954645	0.0381635
0.0294062	0.0107402	0.0384325
0.0357892	0.0112646	0.0376021
0.0322186	0.0100836	0.0380393
0.0336278	0.00516783	0.0379191
0.0352737	0.0101449	0.0376223
0.0296738	0.0119017	0.0383504
0.0324741	0.014336	0.0380101
0.01538	0.0106736	0.0399588
0.0228673	0.0115178	0.0391708
0.0279614	0.00793711	0.0385513
0.031157	0.00827702	0.0382475
0.0261021	0.0123642	0.0387887
0.030221	0.011262	0.0382695
0.0306822	0.0109667	0.0382542
0.0279972	0.0127636	0.0385782
0.0307055	0.00935016	0.0383466
0.0347289	0.00721879	0.0378769
0.0340273	0.0149216	0.0379707
0.028886	0.0129494	0.0384242
0.0358277	0.00994324	0.0375866
0.0236718	0.012871	0.0391216
0.0229599	0.00970173	0.039142
0.0297263	0.0100825	0.0383858
0.0190853	0.00994398	0.0396638
0.0218718	0.00966833	0.0392342
0.0311501	0.011469	0.0381038
0.0267068	0.00987365	0.0386897
0.0320905	0.00884385	0.0380467
0.0328065	0.00808519	0.0379954
0.0309977	0.0106026	0.0382095
0.0268948	0.0115421	0.0386946
0.0304363	0.00820978	0.0382663
0.0212191	0.00638951	0.0393518
0.0397822	0.00902776	0.0371909
0.0308876	0.010356	0.0382283
0.0271243	0.00844483	0.038767
0.02907	0.0118133	0.0384483
0.0214445	0.00916459	0.0393156
0.0321986	0.00990704	0.0380616
0.0268847	0.00925661	0.0387558
0.0248765	0.014759	0.0389499
0.0296022	0.00913073	0.0383803
0.0394894	0.0109716	0.0371849
0.027313	0.00735165	0.0386183
0.0248458	0.00846095	0.0389554
0.0267428	0.00964856	0.0386966
0.021986	0.0131984	0.0393027
0.0308177	0.00660353	0.0382297
0.0337265	0.00687556	0.0378117
0.0236463	0.014366	0.0391621
0.0203542	0.00645714	0.0395197
0.0286885	0.0113403	0.0384641
0.0223375	0.0123854	0.0391915
0.0259867	0.011155	0.0388503
0.0288405	0.0115932	0.0384691
0.0255865	0.0111289	0.038863
0.0299424	0.00534882	0.0383347
0.0361417	0.00809956	0.0375692
0.0287642	0.0103405	0.0384506
0.0305335	0.00975383	0.0382434
0.0330911	0.0100141	0.0379121
0.0334826	0.00853773	0.0379406
0.0242173	0.00961695	0.0390367
0.0369479	0.0120535	0.0375116
0.0330126	0.00905645	0.0379309
0.0386712	0.00698526	0.0373844
0.0325657	0.00807652	0.0379378
0.0224732	0.0100116	0.0392888
0.0256262	0.0109289	0.0388813
0.0289991	0.0108797	0.0384455
0.0168804	0.010763	0.0399386
0.0347408	0.010174	0.0377874
0.0331829	0.00438139	0.0381363
0.0243739	0.0120988	0.0389947
0.0320385	0.00897575	0.0380883
0.028497	0.00870776	0.0385197
0.0226943	0.00909751	0.0393284
0.0311382	0.00750422	0.0382928
0.0248409	0.0131282	0.0389318
0.0247643	0.00811175	0.038955
0.0287403	0.0094676	0.0385036
0.0302321	0.0107336	0.0383051
0.0365068	0.0122668	0.0374834
0.0339021	0.012177	0.0379122
0.0332492	0.0132516	0.0378898
0.0283878	0.0108585	0.0385378
0.0313417	0.00794895	0.0381255
0.0247727	0.00754369	0.0389265
0.0327849	0.0137817	0.038009
0.0249064	0.00816971	0.0389567
0.0273686	0.00508077	0.038652
0.0342395	0.0126166	0.0377612
0.0299917	0.00974972	0.0383259
0.03384	0.00890228	0.0378459
0.0230652	0.00986911	0.0391444
0.0322739	0.00786865	0.0380527
0.0172045	0.0102426	0.0397947
0.0237907	0.0103389	0.0390893
0.028782	0.00590197	0.038523
0.0300183	0.00940452	0.0383795
0.0314569	0.00829923	0.0381911
0.0323933	0.0141271	0.038061
0.0341519	0.00940987	0.0378454
0.0339204	0.00835222	0.0378881
0.0352981	0.00968712	0.0377187
0.0266185	0.0120333	0.0387657
0.0236263	0.0108072	0.039146
0.0261587	0.00749754	0.0387778
0.0262991	0.010505	0.0387056
0.0383193	0.00921845	0.0373914
0.033996	0.00865668	0.0378289
0.0317649	0.00993714	0.038069
0.0287596	0.00958393	0.0384917
0.0292067	0.00900295	0.0385008
0.0336266	0.00793187	0.0378737
0.0356359	0.004992	0.0376274
0.0352314	0.0126044	0.0376656
0.0339945	0.00876768	0.0378575
0.0382932	0.00788151	0.0373111
0.0310246	0.0107646	0.0382018
0.023487	0.00695255	0.0392055
0.0336766	0.0113505	0.0378402
0.0188107	0.0117862	0.0397126
0.031619	0.00860621	0.0380845
0.0132394	0.0101897	0.0405263
0.0311984	0.00869089	0.0382058
0.0223878	0.00848278	0.0392019
0.0304284	0.00905413	0.038291
0.0354995	0.0141582	0.0375978
0.0319379	0.0127336	0.0381009
0.0331376	0.0106807	0.0380113
0.0270892	0.0121402	0.0386619
0.0342094	0.0102841	0.0377938
0.0295427	0.0151038	0.0383494
0.0368759	0.00881794	0.0376012
0.0277026	0.010724	0.0386277
0.0192846	0.00724715	0.0396668
0.0323846	0.00746799	0.0380812
0.0229548	0.010892	0.0390616
0.0187167	0.0116689	0.0396731
0.0320413	0.0100015	0.0380298
0.0369853	0.0044615	0.0375583
0.0284571	0.01172	0.0385334
0.0363289	0.00832773	0.0375378
0.0225745	0.00785042	0.039185
0.029732	0.00676044	0.0383561
0.0355594	0.01171	0.0376753
0.0258165	0.00598388	0.0388329
0.0252734	0.0091559	0.0389081
0.0296268	0.0113037	0.0383587
0.028723	0.00998456	0.0384878
0.021504	0.00585835	0.0394069
0.030094	0.00773771	0.0382962
0.0300574	0.0111959	0.0382964
0.03163	0.0121421	0.0381173
0.0328587	0.00662272	0.0379895
0.0311026	0.0127636	0.0381824
0.0279341	0.0118527	0.0385868
0.0316686	0.0132594	0.0381311
0.0350169	0.0118649	0.0377967
0.0247568	0.00904516	0.0389663
0.0338908	0.00906175	0.0378747
0.0260812	0.00805656	0.0387734
0.0285089	0.0143392	0.0385195
0.0322339	0.00817579	0.0381097
0.0338501	0.0142498	0.0377437
0.0352601	0.00760152	0.0376944
0.0265242	0.0133594	0.0387476
0.0218313	0.00811274	0.0393387
0.0276461	0.0135359	0.0386748
0.0185366	0.0112579	0.0398274
0.0265785	0.0132844	0.0386726
0.0247341	0.00961252	0.0389674
0.0241658	0.00691515	0.0390067
0.0377915	0.0125222	0.0373063
0.0330291	0.008013	0.0380999
0.024011	0.0124037	0.0390626
0.0269178	0.0108508	0.0386897
0.0261239	0.0127499	0.0388334
0.0281463	0.0130438	0.0385418
0.0232021	0.0112128	0.0391576
0.0292453	0.0145856	0.0383503
0.0301282	0.0113525	0.0383016
0.0229752	0.00439295	0.039131
0.0345292	0.0105851	0.0378059
0.0308798	0.00978296	0.0381891
0.0264035	0.0108173	0.0387627
0.0299623	0.00933736	0.0383244
0.0280669	0.0104581	0.0385329
0.0157629	0.00891821	0.0399388
0.030522	0.0125914	0.0382169
0.037722	0.00730696	0.0374249
0.0316423	0.00835979	0.0381892
0.0262113	0.00701345	0.0387714
0.0297832	0.0141233	0.0382188
0.0255171	0.00858788	0.038887
0.0229171	0.00715856	0.039174
0.0349396	0.00671872	0.0377776
0.024937	0.0119161	0.0389015
0.0292001	0.0104784	0.0384274
0.0225539	0.0122245	0.0393047
0.0330725	0.00534423	0.0379069
0.0375385	0.0121162	0.0375195
0.0331933	0.0104133	0.0379302
0.0316234	0.0104587	0.0381138
0.0307113	0.01216	0.0382913
0.0243307	0.00734746	0.0389314
0.0311035	0.0072375	0.0382681
0.0363075	0.00959748	0.037545
0.0278554	0.00935172	0.0385825
0.0228118	0.0079694	0.0391428
0.0283541	0.0122671	0.0385619
0.0291069	0.0138238	0.0385114
0.0236117	0.00991811	0.0390999
0.0218802	0.011962	0.0393245
0.0331759	0.0100806	0.0379553
0.0267129	0.010815	0.0387509
0.0288066	0.00682338	0.038602
0.0337114	0.00778173	0.0378903
0.0290009	0.0118206	0.0384639
0.0322427	0.00948489	0.0380735
0.031613	0.0118695	0.0381542
0.0286414	0.0151209	0.0384486
0.0358306	0.00513333	0.0376294
0.028951	0.00881097	0.0384356
0.0295204	0.0107586	0.0383711
0.0347537	0.00730861	0.0376921
0.0262704	0.0121161	0.0387631
0.023804	0.00881439	0.0391898
0.0271248	0.0124833	0.0386842
0.0297002	0.0115468	0.0383443
0.0317119	0.0133415	0.0381655
0.0381575	0.0110571	0.0374657
0.0268651	0.0119799	0.0387525
0.0374052	0.00971494	0.0373817
0.0246257	0.0146938	0.0389992
0.0340579	0.00709062	0.0379674
0.0248443	0.00972445	0.0389824
0.0303587	0.0103543	0.0383143
0.0272137	0.012313	0.038663
0.0251048	0.00965647	0.0389279
0.0270167	0.0115801	0.0386793
0.0322985	0.00987471	0.0380563
0.0259658	0.0118211	0.0388186
0.0320812	0.00893529	0.0381654
0.0331115	0.00694599	0.0380079
0.0277889	0.0122731	0.038614
0.0276616	0.0120338	0.0386632
0.0284969	0.00961032	0.0385005
0.0313254	0.00824618	0.0381587
0.0288576	0.0140754	0.0383401
0.0285952	0.00793694	0.0384854
0.0320652	0.0130114	0.0379848
0.0324309	0.00741554	0.0380279
0.0261694	0.0104744	0.0388301
0.0305062	0.00483785	0.0382347
0.0310481	0.00972509	0.0382652
0.0335409	0.011139	0.0379826
0.0228821	0.0117132	0.0391709
0.0383425	0.00737585	0.0373709
0.0371633	0.0111154	0.0375003
0.0281389	0.0108125	0.0385808
0.0314139	0.0120944	0.0381116
0.0242848	0.0110402	0.0390261
0.024563	0.0125022	0.0389838
0.0338991	0.0066653	0.0378571
0.0255778	0.0074279	0.0388196
0.0321345	0.0106095	0.038108
0.038635	0.00977712	0.0373265
0.0286711	0.00583941	0.0385365
0.0289288	0.013566	0.0384695
0.0349188	0.00835537	0.0377477
0.0333289	0.0100558	0.0379208
0.0285786	0.00993554	0.0385059
0.0327899	0.00888878	0.0378959
0.0300535	0.00882752	0.038296
0.0376116	0.0126673	0.0374122
0.0312374	0.0118411	0.0381567
0.0318201	0.00812909	0.0380646
0.0270172	0.0101703	0.0387489
0.0281101	0.00933232	0.0385215
0.0318939	0.0108667	0.0380855
0.0348447	0.0134877	0.0377728
0.026017	0.010064	0.0387913
0.0302541	0.00851568	0.0384086
0.0253577	0.0103495	0.0388965
0.0405516	0.00988329	0.0371058
0.0298809	0.0090977	0.0383254
0.0328755	0.0137297	0.0378687
0.0286645	0.010486	0.0384942
0.0337629	0.0117062	0.037899
0.0311485	0.00950741	0.0381718
0.0274196	0.00549735	0.0385924
0.0243751	0.0110954	0.0390351
0.0358666	0.0116542	0.0377176
0.0303626	0.0044257	0.0382593
0.03725	0.0119712	0.037556
0.0256055	0.00919772	0.0389367
0.0318563	0.0101849	0.0380881
0.0255105	0.011163	0.0387873
0.0308582	0.00976882	0.0382451
0.0230432	0.00844126	0.0391801
0.0267287	0.00955552	0.0386861
0.0266749	0.0136598	0.0386912
0.0345248	0.0108339	0.0377579
0.0255613	0.0117105	0.0388454
0.0356347	0.00633133	0.037617
0.0298458	0.00826733	0.0383482
0.0262979	0.013364	0.0387791
0.0386532	0.0109934	0.0372268
0.0234358	0.0145379	0.0391168
0.0322231	0.00819751	0.0380607
0.0243345	0.00754573	0.0390835
0.0236668	0.00788119	0.0390454
0.0334249	0.00671946	0.0378868
0.0290833	0.00936253	0.0384328
0.0194156	0.0123834	0.0396118
0.0313031	0.0112269	0.0381787
0.0214914	0.0121284	0.0392123
0.0351153	0.0126	0.0375835
0.0243303	0.0127405	0.0389997
0.0339363	0.00485229	0.0379416
0.0379568	0.0072946	0.0373152
0.0282138	0.00904906	0.0385101
0.0343744	0.0129887	0.0378425
0.0341384	0.00925475	0.0378301
0.0280305	0.00893065	0.0385386
0.0334981	0.0125497	0.0379177
0.0340512	0.00653472	0.0379942
0.0310392	0.00742299	0.0381713
0.0316296	0.00688561	0.0381509
0.0357925	0.0125102	0.0376581
0.0228696	0.00915515	0.0393004
0.036868	0.0069375	0.0374452
0.0233804	0.0096773	0.0390736
0.0293398	0.0111087	0.0384158
0.0301398	0.0107334	0.0382525
0.021489	0.00915996	0.0393214
0.0270459	0.010562	0.0387418
0.0340692	0.00985896	0.03781
0.0307426	0.0073168	0.0383092
0.0322688	0.013701	0.0381166
0.0317118	0.0103284	0.0380905
0.027115	0.00522084	0.0386306
0.0302345	0.013594	0.038209
0.0293295	0.00278647	0.038412
0.0268748	0.00678413	0.0388088
0.030941	0.00642591	0.0383032
0.0328285	0.0107294	0.0379698
0.0368275	0.00903309	0.0375082
0.0240659	0.00859783	0.0390125
0.0271951	0.00677953	0.0386715
0.0403334	0.0136605	0.0371238
0.021642	0.0119156	0.0392602
0.0260158	0.00893788	0.038772
0.0370268	0.0151159	0.0376022
0.0304103	0.0106691	0.038267
0.0336581	0.0116394	0.0378619
0.0302552	0.00944969	0.0382898
0.0319408	0.0102617	0.0380634
0.0326519	0.0112009	0.0379914
0.0274217	0.0103833	0.0386109
0.0272803	0.00621272	0.0387483
0.0288769	0.00972031	0.0384759
0.0165691	0.0033279	0.0399284
0.0276572	0.013005	0.0386822
0.0277132	0.0105164	0.0386127
0.032041	0.0120881	0.0381505
0.0282033	0.0107911	0.0385679
0.0260142	0.0121124	0.0387772
0.0238428	0.0096429	0.0391289
0.0309402	0.00822816	0.038324
0.0282139	0.0139074	0.0384767
0.0294509	0.00791188	0.0384029
0.0381122	0.0100254	0.0374707
0.0331505	0.00758337	0.0379046
0.0285555	0.0136982	0.038588
0.0250799	0.0117605	0.0388793
0.0244894	0.0100584	0.0389014
0.0344206	0.0106172	0.037786
0.0218749	0.012953	0.0392783
0.029781	0.00901894	0.0384543
0.0271703	0.0116546	0.0386618
0.0292193	0.00850895	0.0384196
0.0378068	0.00966198	0.0374592
0.0315666	0.00555737	0.0381528
0.0236728	0.00890552	0.0391553
0.0236383	0.00893769	0.0390796
0.0281065	0.0134653	0.0384768
0.0314797	0.00845149	0.0381298
0.0301443	0.0106859	0.0382421
0.0356085	0.00781103	0.0377033
0.0261405	0.00722388	0.038705
0.0286265	0.00386998	0.0385103
0.0278433	0.00353068	0.0385872
0.030434	0.0092949	0.0382677
0.025628	0.0126161	0.0388665
0.0218313	0.0144922	0.0392886
0.0312611	0.0076996	0.0381749
0.0304603	0.00835533	0.0382073
0.0312194	0.00835445	0.0381821
0.0325479	0.0111089	0.0380962
0.0232761	0.00834853	0.0391414
0.0200396	0.00795845	0.0395658
0.0272198	0.0115834	0.03868
0.0319655	0.0127526	0.0380251
0.0315503	0.0115483	0.0381962
0.0343808	0.00692705	0.0378151
0.027594	0.0102426	0.038628
0.029667	0.0113559	0.0383275
0.0304781	0.0115822	0.0382159
0.0225881	0.00714672	0.0391785
0.0322374	0.0110098	0.0380769
0.0345096	0.00860042	0.0377802
0.0336939	0.0105185	0.0378567
0.0305556	0.00606285	0.0381457
0.0321804	0.0086125	0.0380661
0.0334284	0.000382459	0.0377637
0.0275176	0.00463031	0.0385725
0.0361374	0.013948	0.0375729
0.0335871	0.0101942	0.0379755
0.0337574	0.00688014	0.0378587
0.0353218	0.0114643	0.0376782
0.035934	0.00436536	0.0374379
0.0326766	0.0114329	0.0379888
0.0332765	0.0109323	0.0379403
0.03806	0.0119424	0.0373778
0.033421	0.0107106	0.0379029
0.0278891	0.011036	0.0385921
0.0315878	0.0108058	0.0381364
0.0282745	0.0105402	0.038582
0.0214841	0.0100619	0.0393704
0.0269973	0.0106689	0.0386414
0.0286355	0.0070194	0.0384763
0.0366815	0.00900097	0.0375199
0.0396027	0.00744437	0.0371485
0.0344586	0.0136563	0.0377479
0.0223106	0.0116537	0.0392098
0.0334731	0.00944113	0.0378641
0.0246705	0.012785	0.0389279
0.0299583	0.00653165	0.0383293
0.0318448	0.0126981	0.0381224
0.0284978	0.00928547	0.0385134
0.0359565	0.0112109	0.0375453
0.0268362	0.0111525	0.0387186
0.0246132	0.0124396	0.0389813
0.0369229	0.0092751	0.0374577
0.0332604	0.00780843	0.0379913
0.031625	0.0100527	0.0381002
0.0233964	0.0126001	0.0390139
0.0360578	0.00929603	0.0376431
0.0288219	0.00960604	0.0384363
0.0354704	0.0140446	0.0377039
0.0296202	0.00903333	0.0383232
0.0279681	0.0104816	0.0385451
0.0310218	0.0114283	0.0382099
0.0309063	0.0136876	0.038186
0.0277285	0.0107926	0.0386238
0.025096	0.0121595	0.0389031
0.0286403	0.00615746	0.0384907
0.0284867	0.00950918	0.0385312
0.0269961	0.0102446	0.0387578
0.0310992	0.00955482	0.0382785
0.0239848	0.0107868	0.0390034
0.0258026	0.0129042	0.038842
0.0356886	0.00441123	0.0376988
0.0481666	0.00489887	0.0363107
0.0315532	0.0101722	0.0381471
0.0329834	0.0108489	0.0379579
0.0285412	0.00679059	0.0384871
0.0327183	0.0112622	0.0379819
0.0239694	0.0107458	0.0390548
0.0323388	0.00673955	0.0379982
0.0261003	0.0101093	0.0387832
0.0270404	0.011342	0.038716
0.0274682	0.0127835	0.0386984
0.027163	0.00881502	0.0386743
0.0288503	0.00745532	0.0384323
0.0251724	0.00950816	0.0390005
0.0311422	0.0107173	0.0381963
0.0301913	0.0101229	0.0382656
0.0225865	0.00943716	0.0391154
0.0331768	0.0101582	0.0379614
0.0265105	0.00866381	0.0387454
0.0302784	0.00863419	0.0383973
0.0191265	0.0122842	0.039613
0.0271813	0.00865702	0.0386724
0.0354244	0.00401261	0.0377127
0.0296302	0.0129768	0.0383639
0.0270611	0.0101731	0.0386616
0.0298993	0.0114943	0.0383457
0.0197839	0.00926875	0.0394722
0.0317823	0.00971488	0.038112
0.0266668	0.0102445	0.0387948
0.0289003	0.0121304	0.0384581
0.0362141	0.0119883	0.03746
0.0307485	0.00820652	0.0382067
0.0417205	0.0117517	0.0369921
0.0181795	0.0104432	0.03973
0.0380964	0.00967875	0.0374273
0.0260619	0.0116432	0.0388087
0.0181366	0.0110016	0.0396647
0.0331059	0.010307	0.0379359
0.0334619	0.00525325	0.0378984
0.0372813	0.00704693	0.0373453
0.0309397	0.0103837	0.0382215
0.0235467	0.0130478	0.0390909
0.0358654	0.010545	0.0376603
0.02444	0.0101213	0.038994
0.0306983	0.011955	0.0383016
0.0343547	0.00936848	0.0378224
0.0242551	0.00683664	0.0390149
0.0367247	0.013889	0.0374596
0.0334986	0.00530476	0.0379836
0.0272571	0.0109924	0.0386119
0.0239352	0.00774907	0.0390206
0.0342745	0.0122998	0.0377214
0.020228	0.00936293	0.0395351
0.0325656	0.0130671	0.037966
0.0187924	0.00442131	0.0399146
0.0295865	0.00360302	0.0383594
0.0285616	0.012274	0.0385625
0.0327327	0.00799637	0.0380863
0.0313491	0.00888584	0.0380982
0.0237849	0.0121846	0.0390876
0.0240631	0.00142193	0.0391515
0.0353747	0.00753344	0.0376747
0.0302302	0.00794814	0.038295
0.0321874	0.0120888	0.0380655
0.0169391	0.0115151	0.0398876
0.0293275	0.0102611	0.0384098
0.0356482	0.0131296	0.0376169
0.0301829	0.00644138	0.038118
0.0256148	0.0124756	0.0388436
0.0279235	0.0103158	0.0385612
0.0264413	0.00820765	0.0387356
0.026447	0.00848616	0.0387302
0.0329131	0.00848067	0.037961
0.0289144	0.00956803	0.0385086
0.0368801	0.0117394	0.0374655
0.0271231	0.00693331	0.0386773
0.037519	0.00852722	0.0375695
0.0244314	0.0110588	0.0390094
0.0345896	0.0126413	0.0377389
0.027345	0.0119553	0.0386778
0.0224686	0.00865179	0.03916
0.0303536	0.00894885	0.0383147
0.0355394	0.012801	0.0375904
0.033666	0.00914354	0.0379012
0.0248677	0.0107773	0.0388604
0.0309989	0.0117141	0.0382146
0.0201706	0.00950731	0.0394431
0.0283183	0.0116635	0.0385667
0.0283519	0.00922862	0.0384885
0.0303608	0.00857146	0.0382815
0.0309306	0.00766245	0.0382199
0.0304526	0.0134705	0.0382605
0.0346073	0.00852528	0.0377782
0.0307626	0.00536717	0.0382747
0.0332287	0.0111939	0.0379115
0.0299687	0.0116479	0.0383435
0.0309545	0.0112701	0.0381924
0.0327615	0.0133561	0.0380736
0.0356854	0.0115522	0.0377073
0.0239208	0.00914167	0.0390245
0.0300299	0.00565755	0.0382808
0.0294767	0.00902129	0.0384893
0.0266321	0.00864481	0.0386905
0.0254438	0.0103017	0.038804
0.0237196	0.0123496	0.0391122
0.0290838	0.0109987	0.0384374
0.0360174	0.00802569	0.037605
0.0395632	0.00921343	0.0371864
0.0286422	0.0108002	0.0384896
0.0258299	0.0102706	0.038751
0.0251669	0.00966644	0.0389195
0.0288048	0.0076763	0.0384724
0.0223155	0.00549988	0.0393461
0.0283632	0.00945305	0.0384941
0.0310106	0.0114066	0.0381703
0.0307334	0.0080757	0.0382235
0.031487	0.0060393	0.0382011
0.0263305	0.0129646	0.0387319
0.036887	0.0140735	0.037392
0.029827	0.0094189	0.0383179
0.0295278	0.0117545	0.0383852
0.0320516	0.0135136	0.0381004
0.028347	0.00858427	0.038529
0.028825	0.01118	0.0384803
0.0314702	0.0100979	0.0381294
0.0221648	0.00824786	0.0392714
0.0362991	0.00864375	0.0376155
0.0230891	0.0107719	0.039131
0.0212406	0.010408	0.0393866
0.0308311	0.00563791	0.0382424
0.0284595	0.0138643	0.0385765
0.0355543	0.0096995	0.0377727
0.0280138	0.00979884	0.038535
0.0339545	0.0132406	0.0379442
0.0315899	0.00322865	0.0381348
0.0310296	0.00779567	0.0381918
0.0288244	0.0103934	0.0384562
0.0334756	0.00599037	0.0380788
0.0271329	0.012586	0.0386731
0.0346768	0.0107508	0.0377695
0.0264725	0.00701233	0.038743
0.0244617	0.00872215	0.0389507
0.0305841	0.0114221	0.0383088
0.0285964	0.00638168	0.0384952
0.0285452	0.0127876	0.038546
0.0212925	0.0127298	0.0393007
0.034295	0.0100132	0.0378378
0.0322683	0.00917753	0.0380185
0.0344597	0.0113762	0.0377908
0.0276247	0.00904889	0.0385689
0.0339166	0.0132694	0.0379081
0.0277325	0.00991251	0.0386796
0.0339199	0.0107622	0.0377782
0.0313386	0.0134947	0.0381615
0.0347526	0.0106279	0.0377902
0.0273344	0.00828452	0.0386414
0.0309331	0.00684487	0.0382094
0.02733	0.00903105	0.0386667
0.0277332	0.0145255	0.0386652
0.0343449	0.0137634	0.037893
0.0247384	0.0116405	0.0389245
0.0289823	0.00851884	0.038449
0.0224984	0.0116241	0.0392488
0.0302388	0.00886079	0.038291
0.0285983	0.00843294	0.038492
0.0311283	0.0058778	0.0380614
0.0399238	0.00832299	0.037274
0.0346155	0.0106912	0.0377503
0.0352393	0.0110826	0.0376779
0.0265365	0.0106784	0.0387725
0.0389595	0.0079217	0.0371968
0.0327945	0.00973707	0.0380172
0.0250903	0.0107679	0.0389211
0.0316058	0.00802738	0.0382082
0.0319073	0.0085501	0.0380998
0.0342337	0.0102919	0.0377829
0.0261878	0.0113288	0.0387729
0.0330318	0.0134955	0.0379425
0.0228434	0.0121263	0.0391735
0.0250299	0.00789731	0.0390475
0.0326943	0.00817968	0.0380272
0.0346031	0.0103935	0.0377535
0.0393825	0.0111646	0.0372667
0.028235	0.00748574	0.0386548
0.0376795	0.006271	0.0374724
0.0308565	0.00997976	0.038208
0.0306978	0.0118345	0.0382141
0.0291804	0.0110576	0.0383709
0.0317604	0.00899743	0.0381208
0.0284255	0.0078784	0.038612
0.0335366	0.00716479	0.0378832
0.0231276	0.0103511	0.0391366
0.0254178	0.0132464	0.0387909
0.0367742	0.0129708	0.0375179
0.0311442	0.0119966	0.0382023
0.0204353	0.00759401	0.0395546
0.0279011	0.0115984	0.0385659
0.0226065	0.0111662	0.0392116
0.0318746	0.0120299	0.0381354
0.0265976	0.00789586	0.0387222
0.0303714	0.0126717	0.0381949
0.0403649	0.0125828	0.0371814
0.0358036	0.00966718	0.0376482
0.0305234	0.0067632	0.0383955
0.0367156	0.0123638	0.0375647
0.0326226	0.0114093	0.0380194
0.0238738	0.0117154	0.0390694
0.0235559	0.00987884	0.0391972
0.0280986	0.0080787	0.0386257
0.0229556	0.0122277	0.0392231
0.0297004	0.0140668	0.0384636
0.0250544	0.0112402	0.0388865
0.0374535	0.0138281	0.0374696
0.0355686	0.0104313	0.037606
0.0268672	0.00989215	0.0386734
0.0304497	0.0155076	0.0382085
0.0304359	0.0112814	0.0382853
0.0343093	0.0104381	0.0378095
0.0324429	0.0120893	0.0380052
0.0341271	0.00953221	0.037792
0.0361115	0.00882066	0.0375561
0.0250228	0.0147173	0.0389137
0.0291505	0.00543329	0.0384391
0.0320999	0.0107716	0.0380628
0.0406981	0.0125001	0.0370516
0.036629	0.00681466	0.0375113
0.0327342	0.0105076	0.03799
0.0245502	0.00898793	0.0389693
0.0411196	0.0104039	0.0371261
0.0359529	0.0117042	0.0376218
0.0297848	0.00896856	0.0383791
0.0286	0.00869006	0.0385903
0.0253879	0.00645207	0.0388831
0.024452	0.00600657	0.0389564
0.0238925	0.00882644	0.0390488
0.0234206	0.00789503	0.0391256
0.0277509	0.0118895	0.0385474
0.0285029	0.00581789	0.0386339
0.0407098	0.011722	0.0369691
0.0353724	0.00816327	0.0376694
0.0271406	0.00751047	0.0387369
0.0245872	0.0099184	0.0389912
0.035285	0.00700658	0.0377788
0.0245577	0.00849649	0.0389895
0.0319856	0.010791	0.0381088
0.0345835	0.0112668	0.0378254
0.0201641	0.00787757	0.0394826
0.0274308	0.0121513	0.0386735
0.0353354	0.00842497	0.037671
0.0282083	0.00954785	0.0385421
0.0252807	0.0126514	0.0389565
0.0304183	0.0108684	0.0382679
0.0336059	0.0108007	0.0379339
0.0348796	0.0122282	0.0377676
0.0225459	0.00959681	0.0392038
0.0267219	0.0116856	0.0387135
0.0316448	0.00742091	0.0381096
0.0332523	0.0100854	0.0379024
0.0334601	0.0114956	0.0378874
0.0344053	0.00882602	0.0377307
0.0221413	0.010686	0.039213
0.0279385	0.00646203	0.038573
0.0270449	0.0116315	0.0386163
0.0393036	0.0075746	0.0372299
0.0363352	0.00861468	0.0376661
0.0222633	0.00839766	0.0393179
0.0413359	0.0117108	0.0371269
0.029483	0.0107963	0.0383921
0.0283912	0.00950337	0.0384953
0.0222965	0.00719768	0.0393384
0.0307259	0.0083566	0.0382212
0.0334755	0.0105301	0.0378752
0.0339537	0.0141528	0.0378954
0.0300859	0.00916584	0.0383239
0.0324218	0.00860255	0.0380126
0.0339256	0.00856202	0.0378294
0.0352075	0.00873517	0.0376762
0.0327873	0.00645051	0.0379823
0.0294936	0.0139439	0.0383612
0.0332379	0.00872247	0.0378812
0.0353943	0.00773284	0.0377642
0.0300441	0.0104919	0.0383115
0.0230616	0.00529516	0.0392856
0.0341471	0.0062265	0.0378195
0.036533	0.00776783	0.0375598
0.0355001	0.00993058	0.0375234
0.0271568	0.00873602	0.0386766
0.0323802	0.0106668	0.038116
0.0394386	0.0135537	0.0371033
0.029653	0.012108	0.0384097
0.0295577	0.0139159	0.0384431
0.026206	0.0121338	0.0387729
0.0255818	0.0147552	0.038851
0.0311609	0.00989161	0.038174
0.0278741	0.0103347	0.0385697
0.0407401	0.00753226	0.037143
0.026612	0.00980929	0.0387302
0.0278547	0.00675364	0.0385837
0.0314613	0.00666646	0.0381455
0.0255301	0.00780989	0.0388144
0.0251872	0.00774237	0.0388783
0.0298969	0.0104653	0.0383316
0.0272604	0.00548139	0.0387932
0.0263084	0.00996688	0.0387845
0.0338532	0.0133482	0.0379134
0.0357154	0.00698375	0.0376166
0.027364	0.0110141	0.0386813
0.0232647	0.012617	0.0390845
0.0338974	0.0105239	0.0379562
0.0375845	0.01281	0.0375101
0.03084	0.0119829	0.0382412
0.0326994	0.00829586	0.0381318
0.0295194	0.0116232	0.0383622
0.0305317	0.00837612	0.0382568
0.032362	0.00560207	0.0380759
0.0248814	0.0125486	0.0389683
0.0364753	0.00980702	0.0375184
0.0254212	0.0114924	0.0388991
0.0360199	0.011003	0.0376338
0.0357963	0.0101983	0.0376035
0.0294528	0.00454218	0.0383592
0.0270428	0.00531021	0.0385501
0.0402033	0.0131391	0.0371082
0.0329063	0.00661928	0.0379778
0.0352687	0.0125341	0.0376002
0.0325881	0.0105339	0.0379542
0.0288529	0.00927827	0.0384643
0.0220831	0.0126087	0.0393736
0.0346594	0.0105771	0.0377757
0.0288194	0.00704418	0.0384581
0.0290107	0.0102159	0.0384428
0.0290498	0.0121586	0.0384797
0.0262405	0.0104247	0.0388004
0.029943	0.0111602	0.0383789
0.0308605	0.0137983	0.0381675
0.02272	0.00952656	0.0390926
0.0326277	0.00635528	0.0379995
0.0258845	0.00854824	0.0388321
0.0198577	0.0112025	0.03955
0.0294547	0.00990497	0.0384055
0.0330329	0.00922979	0.038013
0.0373063	0.0122288	0.0374099
0.0274893	0.00973359	0.0385602
0.0256306	0.0119622	0.0388165
0.0259172	0.0120138	0.0388308
0.0283907	0.0127895	0.0385333
0.0276731	0.0109202	0.0385481
0.0274282	0.0124166	0.0386607
0.0152416	0.00786815	0.0400446
0.023205	0.0114741	0.0391769
0.0338809	0.00898693	0.0378759
0.0395045	0.00761037	0.0371713
0.0224413	0.00660338	0.039208
0.0254538	0.00719633	0.0389657
0.0261124	0.0107423	0.0387814
0.0262909	0.0111581	0.0388102
0.0262275	0.010267	0.0387661
0.0250089	0.0103134	0.0388454
0.0319022	0.0108592	0.0381227
0.0264497	0.0131641	0.0388275
0.0322025	0.0102173	0.0381212
0.0319429	0.0108816	0.0381212
0.0277854	0.0105826	0.0385856
0.0247605	0.00566648	0.0390484
0.0353489	0.012287	0.0377489
0.0321524	0.00748608	0.0380499
0.024761	0.00900584	0.0389594
0.027018	0.00747477	0.0386445
0.0190754	0.0102398	0.0395625
0.0320782	0.0128613	0.0381375
0.0392493	0.00528688	0.0371501
0.0334908	0.00890565	0.0378663
0.0293715	0.00900553	0.0383917
0.0348782	0.0075789	0.0377324
0.030741	0.0109007	0.03822
0.0323074	0.0114613	0.0380318
0.023862	0.0103667	0.0390281
0.0335449	0.00923221	0.0379683
0.032274	0.00143633	0.0382757
0.0368674	0.0118506	0.0374622
0.0342963	0.0127024	0.0378346
0.0301846	0.0110202	0.0383451
0.0304389	0.011463	0.0382832
0.0305058	0.0114412	0.0382724
0.0240853	0.00747423	0.0389687
0.0323626	0.013304	0.0380461
0.0191634	0.00788927	0.0396885
0.0324084	0.01097	0.0380179
0.0223626	0.0120783	0.039266
0.01893	0.00874329	0.0397193
0.030032	0.0145294	0.0383112
0.0331315	0.00686283	0.0380928
0.0394336	0.0105654	0.0372092
0.0279335	0.011156	0.0385754
0.0250337	0.0108508	0.0388997
0.0349462	0.0104433	0.0377102
0.029374	0.00495175	0.0383737
0.0300556	0.0114032	0.0383527
0.0261849	0.00977711	0.0388524
0.0195635	0.0105434	0.0396002
0.0264715	0.0122007	0.0387407
0.0323056	0.0112818	0.0380904
0.0200446	0.00817326	0.0395872
0.0314678	0.0109555	0.0381611
0.029535	0.00653914	0.038391
0.0283939	0.0116085	0.0385757
0.0385586	0.00553292	0.0372576
0.0296788	0.00968062	0.0383584
0.0347657	0.009597	0.0377514
0.0271398	0.0123731	0.0386145
0.0274225	0.00842117	0.0387175
0.0316903	0.0108213	0.038115
0.0291193	0.00922742	0.0384322
0.0291178	0.0118907	0.0384147
0.030619	0.00910533	0.0382704
0.0299131	0.0118642	0.0382952
0.0359077	0.0130923	0.0376954
0.0281379	0.011564	0.0385592
0.0262951	0.00976695	0.0388346
0.0297345	0.0105098	0.0383586
0.0253944	0.0094952	0.0388495
0.012519	0.0134866	0.0404313
0.0285879	0.00919014	0.0385868
0.028533	0.00697169	0.0385006
0.0309685	0.00848127	0.0382091
0.0350437	0.00860478	0.0377183
0.0290604	0.0138456	0.0384059
0.0201663	0.00909547	0.0395601
0.0298968	0.0118192	0.0383875
0.0353084	0.0101548	0.037694
0.0302265	0.0118507	0.0383728
0.0346546	0.0111407	0.0377381
0.0196537	0.00754497	0.0395818
0.030012	0.0127958	0.03835
0.0401568	0.0101646	0.0371587
0.0363568	0.0106583	0.0376694
0.033871	0.00817151	0.037829
0.033259	0.00692731	0.0379334
0.0327754	0.00496339	0.0379624
0.038753	0.0102355	0.0373369
0.0365259	0.00670795	0.0376563
0.0298687	0.00857001	0.0384119
0.0201167	0.00723416	0.0394625
0.034224	0.00430618	0.0378348
0.0288705	0.0098001	0.0384585
0.0325836	0.00980239	0.0379987
0.0343653	0.00930095	0.0377989
0.0275329	0.0092535	0.0386267
0.0381092	0.00813743	0.0374674
0.0348174	0.0126225	0.0377594
0.0232739	0.00703046	0.0392247
0.0275587	0.00653792	0.0385186
0.0307393	0.013007	0.0382254
0.0228263	0.0134562	0.0391826
0.0282448	0.00446429	0.0386168
0.031077	0.0101201	0.0382205
0.026677	0.014082	0.0387269
0.0300079	0.0127973	0.0382161
0.0313278	0.00828472	0.0381622
0.039959	0.00949688	0.0371926
0.0299284	0.0123193	0.0383722
0.0216647	0.00940998	0.0392141
0.0328343	0.00925996	0.0379294
0.0267076	0.00958387	0.0386713
0.0317192	0.00350236	0.0381557
0.0336031	0.00726922	0.0378838
0.0264645	0.00815021	0.0387607
0.0244586	0.0116339	0.0390056
0.0282683	0.00857833	0.038564
0.0303684	0.0129835	0.0382713
0.0252885	0.0122896	0.0389131
0.0314012	0.00927988	0.038119
0.0345591	0.0114495	0.0378423
0.0191773	0.00970995	0.0396262
0.0299275	0.0113483	0.0383283
0.0252076	0.00351479	0.0388701
0.0225752	0.0124697	0.0391504
0.038344	0.00991049	0.0372847
0.0343445	0.0104239	0.0378708
0.0265234	0.0111628	0.03869
0.0356195	0.00775116	0.0375848
0.0391627	0.00958755	0.0372303
0.0298539	0.0102377	0.038376
0.0324527	0.0106738	0.0380425
0.027956	0.0106967	0.0385646
0.0341109	0.0122817	0.0378957
0.036933	0.0106417	0.0374312
0.0250786	0.00655325	0.0388867
0.0296184	0.00597817	0.0383681
0.0343693	0.00762577	0.0378071
0.0170537	0.00953304	0.0398836
0.0217071	0.00700136	0.039397
0.0307569	0.00726594	0.0382086
0.0290467	0.0128495	0.0384291
0.0328123	0.011677	0.0379646
0.0284306	0.00995512	0.0385742
0.0208622	0.0104695	0.0394418
0.0314884	0.00719714	0.0381479
0.0354443	0.00819087	0.0376767
0.038421	0.0104806	0.0372759
0.030913	0.00632245	0.0383482
0.0291178	0.011967	0.0384927
0.0262723	0.0118075	0.0387239
0.0338978	0.0127561	0.0378346
0.0264578	0.00613387	0.0387454
0.0313877	0.00907639	0.0382171
0.0311823	0.0111559	0.0381584
0.0343742	0.0109173	0.0377798
0.0232255	0.00966273	0.0391879
0.0304799	0.00887186	0.0382726
0.0283395	0.0141088	0.0384071
0.0405249	0.0108071	0.0370688
0.0307109	0.00935284	0.0382264
0.0303611	0.00910719	0.0382993
0.0248243	0.01021	0.0389292
0.0343849	0.0138067	0.0379066
0.0300516	0.0110156	0.038304
0.0237213	0.0123178	0.0391341
0.0272083	0.00849922	0.0386189
0.0316695	0.0119332	0.0381582
0.0377413	0.00487257	0.0374528
0.0248643	0.010513	0.038899
0.0247026	0.0108689	0.0389712
0.0266584	0.0115682	0.0386799
0.0363109	0.0100127	0.0376572
0.0364287	0.0138445	0.0375375
0.0345685	0.0117521	0.0377636
0.0223509	0.0109173	0.0392604
0.0302254	0.0115806	0.0383348
0.0273294	0.00584886	0.0385879
0.0357712	0.0116195	0.0377274
0.0230585	0.00962858	0.0392025
0.035508	0.00572545	0.037721
0.0331215	0.0104845	0.0379867
0.0271849	0.0132694	0.0387298
0.0304592	0.00950929	0.0382449
0.0276402	0.00757909	0.0386054
0.0391915	0.0103712	0.0372859
0.0307687	0.0115735	0.0382291
0.0279371	0.00842573	0.0385724
0.033357	0.0114942	0.037896
0.0234282	0.00836107	0.0391406
0.0206721	0.00650511	0.0395402
0.0285147	0.0123258	0.0384901
0.0252052	0.0116169	0.0389262
0.0188307	0.015102	0.0394856
0.0281125	0.00805874	0.0385572
0.0229998	0.0134333	0.0391835
0.0263539	0.00842635	0.0388694
0.0178105	0.0103777	0.0397848
0.029221	0.0124156	0.0384678
0.0219077	0.00987956	0.0393426
0.017192	0.00962736	0.0398822
0.0269753	0.00730477	0.0387075
0.0268428	0.0110067	0.0386207
0.0343084	0.0115487	0.0378365
0.0239571	0.0101856	0.0390216
0.0273892	0.0112329	0.0386221
0.0273791	0.00948575	0.0385982
0.0320423	0.0112848	0.038092
0.0293142	0.0125227	0.0383203
0.0338375	0.0103912	0.0378026
0.0253572	0.00968693	0.0388195
0.029933	0.00913479	0.0383136
0.034147	0.0118362	0.0377723
0.030373	0.00777187	0.0382517
0.0279336	0.00818277	0.0385759
0.0217626	0.00941866	0.0394132
0.0265568	0.0122334	0.0387104
0.0366216	0.0114375	0.0375379
0.0337012	0.0148612	0.0379677
0.0359216	0.0101095	0.0376533
0.0203543	0.00995684	0.0393356
0.0372482	0.013145	0.0374184
0.0266232	0.00910753	0.0387355
0.0337737	0.0118162	0.0378705
0.0346536	0.0136961	0.0377498
0.0229894	0.00923118	0.0391431
0.02104	0.0115188	0.0394172
0.0363403	0.00717555	0.0375514
0.0264818	0.00999252	0.0386644
0.0363745	0.00917646	0.0375349
0.0214444	0.00512239	0.0394225
0.0296619	0.00873076	0.0383635
0.017217	0.00839515	0.0398691
0.0351223	0.00712201	0.0378625
0.0313976	0.0086288	0.038124
0.0305125	0.00946877	0.0382575
0.0261652	0.00909268	0.0387978
0.0247634	0.0115242	0.0389587
0.0397439	0.0103204	0.0371959
0.0379297	0.0106805	0.0372697
0.030008	0.0101452	0.0383244
0.0220396	0.00614481	0.0392422
0.0286009	0.00963361	0.0385508
0.0225649	0.0116711	0.0392262
0.036305	0.00830751	0.0376637
0.0317536	0.00614386	0.0381183
0.0261521	0.0114498	0.0388265
0.0264981	0.00887406	0.0387275
0.0264953	0.00922693	0.0387786
0.0236389	0.0129036	0.0390727
0.0315497	0.00759061	0.0381294
0.0304007	0.00974134	0.0382855
0.0250685	0.00814544	0.0388933
0.026513	0.0106415	0.0397692
0.0231172	0.00846355	0.0391328
0.0300587	0.00685186	0.0382273
0.0309487	0.0121235	0.0381757
0.0293532	0.0111721	0.03836
0.0297488	0.0110305	0.0383438
0.0213029	0.0120686	0.0393722
0.0340061	0.0115597	0.0378176
0.0319104	0.00693731	0.0381235
0.0305119	0.0101689	0.0382729
0.0355244	0.00850842	0.037636
0.0302619	0.0095205	0.0383031
0.0248634	0.00519319	0.0388989
0.0299287	0.00985306	0.0383406
0.0377688	0.0112194	0.0373953
0.0282258	0.0111734	0.0385718
0.0236585	0.00897613	0.0391017
0.0256473	0.0120952	0.0387905
0.0236522	0.00776353	0.0391601
0.0304229	0.0138799	0.038313
0.0290649	0.00904878	0.0385145
0.0347927	0.0120745	0.0377246
0.037144	0.00840854	0.0375276
0.0315222	0.0082303	0.0381357
0.032851	0.0102421	0.0379906
0.0218717	0.0107618	0.0393277
0.0352659	0.00977675	0.0377149
0.0277745	0.00678487	0.0385662
0.0291817	0.00800863	0.0383968
0.0345757	0.0150418	0.0377637
0.0257883	0.0103346	0.0388328
0.0200871	0.0123799	0.0395273
0.019811	0.0109053	0.0394805
0.0264876	0.0121793	0.0387368
0.0264294	0.0059437	0.0388802
0.0309972	0.00878688	0.0382143
0.0274839	0.0070655	0.038586
0.0301302	0.0073953	0.0383074
0.0272158	0.00793098	0.0386835
0.0327087	0.0135009	0.038016
0.0253624	0.011164	0.0389115
0.0234483	0.0113684	0.0391324
0.0312239	0.0119151	0.0381507
0.0290562	0.0098731	0.0384906
0.0345907	0.0113696	0.0377499
0.0326337	0.00705368	0.0380918
0.0306059	0.00921347	0.0382657
0.0215085	0.00750707	0.0393028
0.030507	0.0103548	0.0382109
0.0347839	0.00988624	0.0377656
0.0353572	0.00832376	0.0377793
0.0220864	0.00646663	0.0393713
0.0328814	0.0113645	0.0379314
0.0322494	0.00897476	0.0380666
0.0295123	0.00348339	0.0384094
0.0303354	0.00779449	0.038271
0.0239332	0.00855175	0.0389812
0.0270781	0.00673947	0.0387164
0.0375219	0.0131597	0.0375483
0.0299552	0.00990884	0.0384242
0.026253	0.00596063	0.0386734
0.0274494	0.00922825	0.0387129
0.0252777	0.0081258	0.0389754
0.0177213	0.00858204	0.0398064
0.0344724	0.00699574	0.0378004
0.0286349	0.0111625	0.0385327
0.0352997	0.0124172	0.0377014
0.0369812	0.0137087	0.037426
0.0377203	0.0111054	0.0375094
0.0350235	0.0106635	0.0376992
0.0224988	0.00995615	0.0391177
0.0279314	0.0118965	0.0385806
0.0314713	0.00855917	0.0381577
0.0282323	0.0122162	0.0385517
0.0220986	0.00988916	0.0392245
0.0206553	0.0109992	0.0394274
0.0302558	0.0105615	0.0382807
0.0280028	0.0129037	0.0385586
0.0438479	0.0104025	0.0367411
0.0242914	0.0119467	0.0390122
0.0270943	0.00716547	0.0385938
0.0328927	0.0118842	0.0380042
0.0349186	0.00939314	0.037738
0.0345321	0.00815011	0.0378735
0.027735	0.00395092	0.0385237
0.0328388	0.0159167	0.037935
0.0277372	0.00773059	0.0385934
0.0317072	0.00886371	0.0381118
0.031448	0.0110198	0.0381197
0.0246239	0.00936304	0.038982
0.0275976	0.013018	0.0386022
0.0294837	0.00817891	0.0383833
0.033586	0.0135554	0.0379785
0.0293405	0.0134663	0.0383654
0.0291245	0.0062044	0.0385744
0.0291162	0.00957611	0.0383915
0.0224852	0.0108716	0.0392378
0.0341551	0.00791759	0.0378205
0.0279302	0.00968596	0.0385427
0.0274898	0.0101865	0.0386835
0.0355458	0.011575	0.037728
0.0372331	0.012046	0.0374583
0.0240688	0.0120905	0.0390774
0.029738	0.0112748	0.0383705
0.0287862	0.0115109	0.038532
0.0259034	0.00968096	0.0388307
0.0263576	0.014088	0.038725
0.0242862	0.00558863	0.0390057
0.0283074	0.00921295	0.0385957
0.0283125	0.00107496	0.0383779
0.026849	0.00960035	0.0387302
0.0288989	0.00553932	0.0384395
0.0242188	0.011807	0.0390593
0.0286774	0.0100419	0.0384783
0.0222415	0.0098289	0.039273
0.0377766	0.0114529	0.0373296
0.0273457	0.00951572	0.038627
0.0287433	0.0120362	0.0384615
0.0299887	0.0101757	0.0383135
0.0284208	0.00814038	0.0385598
0.0398788	0.0109048	0.0371364
0.0254995	0.0124841	0.0388771
0.0373394	0.0100209	0.0375292
0.0365885	0.014456	0.0374213
0.0287025	0.00568638	0.0385338
0.02832	0.0101756	0.0384927
0.0241801	0.00944815	0.0390019
0.0213953	0.00889155	0.0393884
0.0322903	0.0125135	0.0380336
0.0349092	0.0089305	0.037869
0.0278967	0.00720017	0.0385777
0.0262382	0.00728306	0.0387323
0.0303037	0.0110971	0.0382977
0.0244541	0.0121411	0.0390444
0.0306919	0.00870745	0.0382612
0.0343453	0.0123323	0.0377641
0.017578	0.00994952	0.0398132
0.0403634	0.00978065	0.0370062
0.0213769	0.0128849	0.0393205
0.0252592	0.0104027	0.0388203
0.032238	0.0102383	0.0380431
0.0349657	0.0108273	0.0377167
0.024229	0.00972281	0.0390566
0.0243693	0.0132792	0.039078
0.0235414	0.0088212	0.0390192
0.0290678	0.0102405	0.0384009
0.0364038	0.0132967	0.037666
0.0352105	0.00959713	0.0377057
0.0255743	0.0085707	0.038842
0.034037	0.0107413	0.0377655
0.0309478	0.00757911	0.0381281
0.0268386	0.0129571	0.0386449
0.0198787	0.00520421	0.0395133
0.0347045	0.00990821	0.0377116
0.0311974	0.0104094	0.0381628
0.0289296	0.0111325	0.0384441
0.0322925	0.0100392	0.0380278
0.0378863	0.00962355	0.0375032
0.0321206	0.00927324	0.0381357
0.0244016	0.0106959	0.0390063
0.0341346	0.00607275	0.0377748
0.0344486	0.0134528	0.0378029
0.0245001	0.0125093	0.0389713
0.0336787	0.0111556	0.0378638
0.0335256	0.00887995	0.0379517
0.0329002	0.0101945	0.0379998
0.0333133	0.00904735	0.0379405
0.0345393	0.0123233	0.0377917
0.0326585	0.013319	0.0380506
0.0221238	0.00889089	0.0394136
0.0315716	0.0133637	0.038105
0.029543	0.00784091	0.0384344
0.0258237	0.00897011	0.038785
0.0241773	0.0110461	0.0390306
0.0343047	0.0105937	0.0378598
0.0276896	0.00787649	0.0386093
0.0312237	0.00589501	0.0381727
0.032891	0.00759716	0.0380553
0.0298735	0.0125928	0.0382988
0.0255406	0.0125317	0.0388005
0.0292193	0.00890588	0.0383933
0.0236823	0.00919249	0.0391121
0.0265559	0.00784798	0.0387543
0.0218724	0.0101103	0.0393279
0.0325521	0.0105014	0.0379964
0.0292532	0.00991337	0.0384625
0.0267327	0.00949127	0.0387239
0.0304694	0.0073394	0.0383843
0.0333307	0.00713519	0.0379956
0.0240616	0.00977952	0.0389965
0.0293782	0.00199391	0.0385724
0.026653	0.00970398	0.0387996
0.0188945	0.00798359	0.0396149
0.0303794	0.00424496	0.0383102
0.0370449	0.0105219	0.0374888
0.0271648	0.0108656	0.0386957
0.0312026	0.00979936	0.0382062
0.023841	0.00596244	0.0391455
0.0321802	0.00705937	0.0381165
0.0310017	0.0111323	0.0382733
0.0245124	0.010114	0.0389026
0.0407404	0.00910628	0.0369049
0.0179723	0.00874835	0.0396751
0.0308836	0.00792343	0.038144
0.0292746	0.0111512	0.038369
0.0341497	0.00805112	0.0378482
0.0384647	0.0117055	0.0373166
0.0300232	0.008911	0.0383309
0.0346923	0.00660905	0.037683
0.027736	0.0098771	0.0386505
0.0379037	0.0113436	0.0372997
0.0324383	0.0108826	0.038081
0.0253695	0.0109842	0.0388692
0.0272629	0.0094309	0.0386568
0.0262939	0.0115729	0.038754
0.0322846	0.0112889	0.0381285
0.0351063	0.0104472	0.0376887
0.0312085	0.0102348	0.0381899
0.0298533	0.00937212	0.0383343
0.0239176	0.0100058	0.0390654
0.0264	0.0124473	0.0386983
0.0253626	0.013278	0.0387949
0.031942	0.00335971	0.0382281
0.0353756	0.012595	0.037623
0.0275717	0.0104688	0.0386212
0.0312853	0.0110229	0.0381842
0.0288278	0.0103048	0.0383969
0.0283546	0.0110097	0.0385234
0.0274229	0.0115464	0.0385934
0.0249645	0.0104341	0.0389159
0.0292051	0.00831743	0.0384875
0.0328235	0.0068978	0.0379263
0.0297712	0.0128419	0.0383116
0.0258863	0.0122971	0.0387914
0.0216032	0.00893356	0.0393533
0.029562	0.0121031	0.0383897
0.0335311	0.00974652	0.0378847
0.0297904	0.0112238	0.0383455
0.0276823	0.0110647	0.0386671
0.0346325	0.00910126	0.0378046
0.0299137	0.0136281	0.0383236
0.0351395	0.0121771	0.0377354
0.0309017	0.0141025	0.0383233
0.0301981	0.0108472	0.0382947
0.0261979	0.0129677	0.0387798
0.0361415	0.0103907	0.0375376
0.0314176	0.0104184	0.0381441
0.0390467	0.0105684	0.0371851
0.0174585	0.00622881	0.039756
0.0261165	0.0122357	0.0388161
0.0333141	0.0154663	0.0379474
0.0314536	0.0121878	0.0382218
0.0344438	0.00888049	0.0377291
0.0329338	0.00973966	0.0380006
0.0385915	0.0120403	0.0374181
0.0396109	0.00730766	0.0371322
0.0291323	0.00317967	0.0383653
0.032891	0.00636242	0.037966
0.0306234	0.00944176	0.0382588
0.0245027	0.00880863	0.0389312
0.0284989	0.011716	0.0384819
0.0283318	0.0124874	0.038474
0.0313589	0.0125438	0.0381677
0.0285236	0.00512502	0.0384824
0.0323967	0.0117375	0.0379515
0.0298324	0.00866116	0.0383092
0.0344234	0.0121668	0.0377727
0.0186632	0.0112002	0.039724
0.026135	0.00568218	0.038792
0.0371747	0.00525871	0.0374575
0.0280739	0.00939545	0.0385748
0.0265011	0.0119551	0.0387714
0.0340605	0.00910926	0.037908
0.0234927	0.0117078	0.0389991
0.0331874	0.0103182	0.0379044
0.0348845	0.0076162	0.0378814
0.0307993	0.0137434	0.0383249
0.0305789	0.00602114	0.0382629
0.0255023	0.0124265	0.0388354
0.0264851	0.0111905	0.0388033
0.0319273	0.00511957	0.0380778
0.0346222	0.0103096	0.0378134
0.0342748	0.0122448	0.0378631
0.0306884	0.0126667	0.0382944
0.0311034	0.00665142	0.0381691
0.0366414	0.00762245	0.0374261
0.0366267	0.0136189	0.0376141
0.0301531	0.00737156	0.0383098
0.0418006	0.0109609	0.0369758
0.016888	0.00974427	0.03982
0.0361559	0.0146835	0.0376371
0.0227632	0.00615513	0.0391829
0.0337612	0.0113483	0.0378459
0.0354376	0.0125086	0.0375924
0.0389509	0.00988568	0.037137
0.0346467	0.0114845	0.037769
0.031582	0.0101746	0.0380221
0.0231615	0.0113645	0.0391756
0.0253891	0.0111434	0.0388763
0.0288762	0.0124816	0.0384105
0.0214712	0.0109894	0.0393266
0.0234851	0.0106256	0.0391271
0.0219222	0.00918824	0.0393146
0.023279	0.0109142	0.0391528
0.0294547	0.00734594	0.0383651
0.0234042	0.00675969	0.0392139
0.0237405	0.0103356	0.0390313
0.0378084	0.0113613	0.0373767
0.0198235	0.00828157	0.0395422
0.0296198	0.0134026	0.0384017
0.0307571	0.0115269	0.0382346
0.0321504	0.00808865	0.0380275
0.0184043	0.0110519	0.0396516
0.0307244	0.0102866	0.0382407
0.0373671	0.00926797	0.037363
0.0298376	0.0123763	0.0384145
0.0333667	0.00793315	0.0379224
0.0307984	0.00968808	0.0382522
0.0334139	0.0124578	0.0379925
0.0305399	0.0112346	0.0382617
0.0320705	0.0125002	0.0379664
0.0380139	0.008363	0.0373379
0.0393242	0.0121566	0.0372123
0.0359953	0.0116386	0.037673
0.0253326	0.00668002	0.0389326
0.0204829	0.0131819	0.0394331
0.0315716	0.0106775	0.0381794
0.0297271	0.0149646	0.038322
0.0259332	0.00845624	0.0387971
0.034028	0.00790007	0.0378251
0.0269924	0.00551187	0.0386691
0.0310188	0.00680676	0.0382362
0.0298726	0.0115193	0.0383488
0.0296361	0.0077784	0.0383785
0.0221345	0.0134712	0.0392819
0.0299643	0.0123118	0.0383679
0.0328371	0.0111845	0.0379976
0.0328168	0.00852216	0.0379867
0.0289662	0.0130487	0.0384455
0.0340745	0.00889949	0.0378179
0.0348784	0.0100334	0.0377187
0.0237548	0.0125003	0.0391351
0.0332362	0.0102884	0.0380054
0.0378127	0.0112621	0.0373707
0.0286469	0.0110747	0.0385005
0.0333553	0.0101245	0.0378507
0.0304232	0.00783818	0.0383969
0.0228787	0.0132065	0.0391736
0.0304042	0.0134339	0.0381553
0.0299843	0.0108007	0.0383306
0.0346125	0.00914425	0.037762
0.0196029	0.011185	0.0395667
0.0234036	0.0104948	0.0391448
0.0273088	0.0133062	0.0386729
0.023959	0.00884308	0.0390214
0.0311421	0.0127048	0.0381937
0.0319098	0.0108274	0.0381039
0.028233	0.00857493	0.0385311
0.0292703	0.0103028	0.0384104
0.0285312	0.0120394	0.0385299
0.0369698	0.0129519	0.0375855
0.020636	0.0100172	0.0394737
0.0189368	0.00839656	0.03967
0.0280991	0.0132473	0.038599
0.0337423	0.00949302	0.0378756
0.0269748	0.0130911	0.0386388
0.033988	0.0117521	0.0379302
0.0288841	0.00948644	0.0384568
0.0261061	0.00890028	0.0388314
0.0293009	0.00958242	0.0383785
0.0316454	0.0118689	0.0381888
0.0204616	0.0104335	0.0395165
0.0340471	0.00981707	0.0378702
0.0288437	0.00799877	0.0384202
0.0277879	0.0110797	0.0385992
0.0283388	0.00577872	0.0384132
0.0289787	0.0123604	0.038467
0.0274965	0.0119749	0.0385866
0.0292832	0.0133838	0.0384541
0.0328485	0.00848054	0.0380319
0.0357275	0.00856396	0.0376331
0.0243657	0.00586608	0.0389664
0.0375907	0.01285	0.0375599
0.0275061	0.011765	0.0386233
0.0262557	0.00902674	0.0387842
0.0292579	0.0105166	0.038408
0.0376887	0.014244	0.0375397
0.0296792	0.0135842	0.0383611
0.0323954	0.011566	0.0380454
0.0385822	0.0107044	0.0372982
0.0185576	0.00513944	0.039754
0.0276871	0.00851758	0.0387029
0.0220144	0.0113728	0.0391572
0.0263586	0.0115487	0.0387817
0.0255579	0.010214	0.0389428
0.0311936	0.0120255	0.0382493
0.0322626	0.00378284	0.0381862
0.0324868	0.00693645	0.038172
0.0271396	0.0100544	0.0386862
0.0261389	0.00807958	0.0387773
0.0365639	0.00871943	0.0374689
0.0314122	0.0108621	0.0381499
0.0330974	0.00660694	0.0380259
0.0276424	0.0128939	0.0385553
0.0246443	0.0074565	0.0389546
0.0268212	0.0102384	0.0387011
0.0245851	0.00874418	0.0390168
0.033361	0.00773246	0.0378309
0.042029	0.0131266	0.0368264
0.0298185	0.0109083	0.0383455
0.0351529	0.0121291	0.0377255
0.0212113	0.0124826	0.0393842
0.0312968	0.00924995	0.0381315
0.0339741	0.0113301	0.03786
0.0222453	0.00905634	0.039262
0.0250837	0.0125372	0.0388604
0.0265696	0.0103198	0.0387217
0.0260102	0.0112969	0.0387998
0.0386733	0.00907449	0.0372036
0.0327895	0.00767544	0.0379824
0.0341389	0.0119853	0.0378799
0.0361625	0.00979984	0.0376038
0.0308131	0.00858327	0.0382131
0.0311757	0.00543402	0.0381796
0.0273127	0.0116749	0.0386321
0.0289744	0.00828877	0.0384916
0.019072	0.00557183	0.0396389
0.0308725	6.3346e-05	0.0382103
0.0385959	0.0102351	0.0372139
0.0346049	0.0114935	0.0377412
0.0284877	0.0130342	0.0385278
0.0297336	0.0124234	0.0383397
0.0339259	0.0125789	0.0378288
0.0237181	0.00909699	0.0391002
0.0403623	0.0105515	0.0369972
0.0283461	0.0103627	0.0385755
0.0374874	0.0108457	0.0373949
0.0414939	0.00938208	0.0368749
0.0334224	0.0121382	0.037936
0.0338667	0.0112207	0.0378375
0.0296771	0.0110483	0.0383767
0.0251527	0.012409	0.038833
0.0285385	0.0100326	0.0384836
0.0332074	0.00865717	0.0379758
0.0302245	0.010177	0.0382916
0.0345494	0.00740539	0.0378618
0.0286229	0.0104694	0.0384562
0.0199908	0.00933721	0.0395613
0.0384377	0.0121274	0.0373706
0.0265285	0.0103589	0.0387327
0.0365675	0.0125587	0.0376253
0.0375905	0.0115758	0.037399
0.0253077	0.00892687	0.0389011
0.0330192	0.00700071	0.0379584
0.032979	0.0106029	0.0379036
0.0265553	0.0106804	0.0387819
0.0284009	0.00779166	0.0384871
0.0208438	0.00782103	0.0394458
0.0289172	0.00793946	0.0384576
0.0240481	0.0126952	0.0390754
0.0344073	0.0144467	0.0376999
0.0282263	0.00993681	0.038507
0.0285421	0.0102222	0.0384954
0.0291853	0.0123278	0.0384311
0.0334698	0.00623632	0.0379137
0.0295913	0.0106737	0.0383794
0.0279548	0.00742055	0.0385682
0.026694	0.0096028	0.0387308
0.0288735	0.00849728	0.0384694
0.0357977	0.0077106	0.0377235
0.0282198	0.0101885	0.038532
0.0313379	0.00839418	0.0382808
0.0338271	0.0121281	0.03792
0.0279551	0.0109686	0.0385124
0.0340064	0.012259	0.0378405
0.034975	0.0105323	0.0377763
0.0365904	0.0100243	0.0374538
0.0259382	0.0083093	0.0387646
0.0305986	0.00719818	0.038269
0.0364023	0.012117	0.0374435
0.0258207	0.00694641	0.0389426
0.0322773	0.00320044	0.0381293
0.039281	0.0120424	0.0371963
0.0281853	0.00900789	0.0385646
0.0360377	0.0065153	0.0374739
0.028174	0.0145174	0.0385162
0.0325234	0.0086811	0.0381066
0.0225168	0.0120979	0.0392221
0.0314923	0.0103426	0.0381616
0.028256	0.00893351	0.0386335
0.0247049	0.0110946	0.0390002
0.0307502	0.0130466	0.0382242
0.0182627	0.00958925	0.0396829
0.039232	0.0115369	0.0373577
0.025787	0.0132332	0.0387742
0.0270023	0.0117203	0.0386593
0.0295325	0.00575462	0.0383176
0.0290681	0.00845046	0.0384315
0.0345255	0.00879748	0.0377873
0.0338695	0.0111308	0.0379239
0.0351327	0.0105121	0.037757
0.024623	0.0124075	0.0389451
0.0356399	0.011269	0.0376353
0.0287488	0.0133089	0.0384581
0.0267632	0.00940102	0.0387237
0.0289129	0.0107434	0.0384941
0.0293092	0.00652402	0.038548
0.0313301	0.0107098	0.0381679
0.0274337	0.0100679	0.0386552
0.0247536	0.0122445	0.0389361
0.0311717	0.0109601	0.0382068
0.0304206	0.00984983	0.0382988
0.0306903	0.0118312	0.0382672
0.0300985	0.00983722	0.0383169
