0.0351493	0.00588294	0.038859
0.0176104	0.0135323	0.0371907
0.0321582	0.00155384	0.0385435
0.0254466	0.0120297	0.0377489
0.0297475	0.00439738	0.0382476
0.0331911	0.00555301	0.0384831
0.0157796	0.00471587	0.0367971
0.0374101	0.0106072	0.0389826
0.0382448	0.0142159	0.0390712
0.0244916	0.0136942	0.0375677
0.0235552	0.0107523	0.0376047
0.0242825	0.00742315	0.0377723
0.0425509	0.0105825	0.0395311
0.0266118	0.00859658	0.0379342
0.0385457	0.00534764	0.0389967
0.0130113	0.00795996	0.0365181
0.0247224	0.0114947	0.03763
0.0204873	0.0141656	0.037177
0.0138704	0.0147035	0.0368393
0.0398544	0.0104265	0.0390172
0.0478946	0.0037864	0.0400934
0.032081	0.00672102	0.0384946
0.0208013	0.0129452	0.0373005
0.0331368	0.0115357	0.0384413
0.0332972	0.0155561	0.0384326
0.02875	0.0109361	0.0381971
0.0329918	0.0171646	0.0384247
0.0233914	0.0052902	0.0375949
0.0206526	0.00769908	0.0373279
0.0379637	0.00988602	0.0390858
0.0183752	9.11437e-05	0.0370198
0.0257325	0.00766922	0.0378001
0.0302544	0.00440409	0.0382576
0.0369685	0.0162536	0.0388598
0.00716219	0.0118011	0.0359161
0.049766	0.00821863	0.0402361
0.0317723	0.00395263	0.0384126
0.0172639	0.0119215	0.0368651
0.0388232	0.00766162	0.039149
0.029717	0.0163753	0.0383087
0.0355248	0.0101657	0.0388148
0.0138108	0.0138153	0.0364731
0.00902879	0.0157036	0.0360306
0.0206607	0.00473099	0.0372494
0.0188615	0.00674775	0.0372886
0.0421578	0.0124155	0.0394099
0.030957	0.0113595	0.038379
0.0264998	0.0119457	0.0378257
0.0201404	0.00242099	0.0371156
0.0270728	0.0135659	0.0378354
0.0341126	0.00335747	0.0384462
0.0394079	0.00838877	0.03907
0.0420914	0.00715712	0.0394693
0.041653	0.016268	0.0394553
0.0161042	0.0120974	0.036761
0.0213152	0.00763591	0.0375284
0.00326503	0.00242503	0.0356082
0.0160439	0.0136307	0.0368997
0.0327854	0.0110274	0.0383877
0.00848216	0.00494713	0.0360632
0.0285602	0.00218991	0.0381661
0.02671	0.0166709	0.037988
0.03937	0.0111751	0.0392431
0.00432695	0.0159545	0.0356715
0.0165879	0.00250384	0.0367503
0.0312638	0.00447454	0.0382965
0.0517185	0.01534	0.0405949
0.00721331	0.0164971	0.0360135
0.0228068	0.0167062	0.0373486
0.0297564	0.00476339	0.0381553
0.0263424	0.0124485	0.0378108
0.0337783	0.00636541	0.0386085
0.049864	0.0129878	0.0401099
0.0424377	0.0152182	0.0395868
0.0309417	0.0125894	0.0383621
0.0137024	0.0154587	0.0367655
0.0237302	0.0125917	0.037524
0.0385235	0.0153617	0.0390455
0.0243681	0.0126765	0.0376386
0.023633	0.00700176	0.0374954
0.0501414	0.0135999	0.0400878
0.0290398	0.012406	0.0381893
0.0359739	0.0160028	0.0388482
0.0306468	0.00598042	0.0382546
0.00285824	0.0147821	0.0354852
0.0296054	0.00656991	0.0382915
0.0158463	0.016527	0.0366602
0.0254173	0.0131068	0.0377919
0.0234504	0.00741945	0.0375803
0.0164466	0.00874591	0.0367699
0.025095	0.00643439	0.0377293
0.0343393	0.0128766	0.0385428
0.0284556	0.0138821	0.0381505
0.0351191	0.0124499	0.0387766
0.0295163	0.00874695	0.0381475
0.0185277	0.00505416	0.0371362
0.0186458	0.0131754	0.0372702
0.0370131	0.00678916	0.0389416
0.0461032	0.00254454	0.0397397
0.0331864	0.00986662	0.0386077
0.0354545	0.00918945	0.0388577
0.0384997	0.0115747	0.039176
0.0379959	0.0143464	0.0388185
0.00818553	0.0125695	0.0360118
0.0309256	0.00406835	0.0382565
0.0304263	0.010789	0.0381938
0.0151617	0.00846898	0.0367361
0.0411981	0.00820005	0.0393957
0.0386375	0.0165663	0.0390419
0.0303887	0.0121422	0.0384313
0.0247943	0.0125101	0.0377331
0.0284405	0.000477151	0.0380862
0.002278	0.0106067	0.0353159
0.0373452	0.0112677	0.0390153
0.0157778	0.00953749	0.0369683
0.0243983	0.00893166	0.037584
0.0360867	0.0146686	0.0388081
0.0302324	0.00896148	0.0382973
0.0296654	0.0119524	0.0380994
0.00517667	0.0135519	0.0357313
0.0309348	0.0152394	0.0384239
0.0244333	0.0103876	0.0376896
0.0376031	0.0093148	0.0388873
0.0292639	0.0140865	0.038202
0.0261191	0.0155312	0.0378157
0.0284773	0.0112811	0.038068
0.048592	0.00578422	0.0402669
0.0338604	0.0134646	0.0388177
0.0425828	0.00777405	0.0394398
0.035106	0.0131214	0.0387813
0.041872	0.00775651	0.0394611
0.0449807	0.0164236	0.0395962
0.0238839	0.00567042	0.0377369
0.0323161	0.0148641	0.0382884
0.03613	0.0137351	0.0388509
0.0389676	0.00883944	0.0391114
0.0478064	0.0135612	0.0398734
0.0248841	0.00281425	0.0379377
0.0487206	0.0110163	0.0402043
0.0321444	0.00990781	0.0384866
0.041215	0.015289	0.0394616
0.0128473	6.30577e-05	0.0366669
0.0436452	0.00532817	0.0396588
0.0203388	0.014298	0.0371498
0.0151358	0.0154911	0.0366002
0.0298709	0.0121282	0.0381145
0.0417764	0.0134031	0.0394256
0.0458956	0.0110011	0.039911
0.0313562	0.0106929	0.0384064
0.0258891	0.0163286	0.0378614
0.0404137	0.00858972	0.0392887
0.0160069	0.0120718	0.0368737
0.034341	0.0119207	0.0387122
0.0331225	0.00921756	0.038559
0.0341199	0.00583835	0.0385925
0.0405203	0.00663338	0.0390852
0.0251758	0.0132837	0.0376926
0.0515153	0.00186797	0.0403026
0.0322792	0.00944578	0.0383797
0.0297255	0.0101579	0.0381825
0.0262301	0.006212	0.0379331
0.0246476	0.0098565	0.0377055
0.0362249	0.0159227	0.0388846
0.0347586	0.00922124	0.0387521
0.034639	0.013086	0.0387394
0.0322454	0.010836	0.0385227
0.0364775	0.018021	0.0389429
0.0264572	0.00593741	0.0379733
0.0170125	0.00388783	0.0368802
0.0192807	0.00988799	0.0370812
0.037289	0.0129585	0.0388963
0.02814	0.0174874	0.0380674
0.0270292	0.00726774	0.0380209
0.0219021	0.00882477	0.0374509
0.0391701	0.0150722	0.039248
0.0330979	0.00562747	0.0386139
0.0396305	0.00640244	0.0393274
0.0274666	0.0130422	0.0379952
0.0180617	0.00657829	0.03698
0.0384941	0.00614462	0.0389831
0.0050351	0.00962732	0.0357222
0.0227315	0.00600049	0.0374327
0.034247	0.0123286	0.0388259
0.0307254	0.0164914	0.0382423
0.0115119	0.00555547	0.0363308
0.0304768	0.00594705	0.0382555
0.0089633	0.0145569	0.0359605
0.0218203	0.00931049	0.0373842
0.0243428	0.00412202	0.0377075
0.0179982	0.0141503	0.0370716
0.0414182	0.00650166	0.0394401
0.022429	0.010456	0.0374304
0.0260543	0.0165302	0.0378535
0.0262305	0.00806136	0.0379535
0.0211012	0.00829489	0.0373831
0.0371431	0.0132678	0.0389635
0.0324103	0.00513269	0.0386352
0.0382085	0.0163327	0.0391249
0.0319222	0.00878247	0.0384897
0.0311758	0.00518254	0.0383503
0.036187	0.00976612	0.0389261
0.0522277	0.000941424	0.0403793
0.0422851	0.00655697	0.0394681
0.018064	0.0114582	0.0369491
0.0280066	0.00892663	0.0381196
0.0329429	0.00933348	0.0385368
0.0361291	0.00756549	0.038867
0.0229452	0.0164396	0.0374513
0.0387231	0.0140576	0.0393309
0.0292215	0.0127034	0.0380476
0.0369677	0.0136112	0.0391428
0.0314954	0.0133338	0.0382928
0.0356297	0.0105088	0.0389099
0.00441415	0.010539	0.035598
0.0302382	0.00499663	0.0383021
0.0181618	0.011382	0.0370041
0.0255929	0.00836265	0.0378424
0.0368487	0.00781062	0.0388657
0.0447491	0.0136912	0.0395788
0.0427095	0.00885153	0.0394037
0.0349332	0.00607855	0.038758
0.0417324	0.00195718	0.0395836
0.0359074	0.0152073	0.0388499
0.0375627	0.0133857	0.0388661
0.0293047	0.000138727	0.0380514
0.0388027	0.00678037	0.0390564
0.00747496	0.00220623	0.036052
0.0314103	0.0161818	0.038486
0.0240422	0.0111709	0.0377655
0.0228904	0.0158497	0.0373904
0.0272365	0.00673358	0.0378529
0.0182252	0.0143014	0.0369616
0.0217972	0.0106199	0.0373776
0.0318039	0.00947191	0.0383433
0.0454956	0.01601	0.0398222
0.030287	0.0131649	0.0383294
0.0285842	0.00562686	0.0381273
0.029031	0.00698898	0.0381749
0.0308932	0.0106692	0.0382893
0.036024	0.00632568	0.0389658
0.00678834	0.00772672	0.0358713
0.0234466	0.00950648	0.0375902
0.0334701	0.0125633	0.0384672
0.0148123	0.00278192	0.0367599
0.0289342	0.0129115	0.0381169
0.0298017	0.0110842	0.0382475
0.0343066	0.0105442	0.0387759
0.0131121	0.0144267	0.0365759
0.0193441	0.00911727	0.0371281
0.0389656	0.0150217	0.0391964
0.0283575	0.00836449	0.0380031
0.0399978	0.0130558	0.0393385
0.00894599	0.00287586	0.0358848
0.0304716	0.000804514	0.0383298
0.0325372	0.000100054	0.0382732
0.0240115	0.0107853	0.0375599
0.0137255	0.00996541	0.0367718
0.0275009	0.00409281	0.0379096
0.00833136	0.0173652	0.0359171
0.0269109	0.00600211	0.0380473
0.0216015	0.0081601	0.0373215
0.0334729	0.0142226	0.0386456
0.0258308	0.0106478	0.0379395
0.029376	0.0122727	0.0382578
0.0144951	0.0100236	0.0365957
0.0337292	0.0147567	0.0387051
0.0307198	0.00948116	0.038203
0.0405539	0.00941123	0.0393363
0.0336384	0.0121286	0.0384814
0.0235533	0.0126561	0.0375804
0.0186274	0.0089928	0.0370886
0.0327851	0.0136182	0.0383376
0.0444513	0.0110795	0.0396216
0.0235225	0.00197114	0.0376502
0.0224449	0.0131487	0.0374554
0.0251651	0.0163232	0.0377985
0.0206179	0.0117761	0.0371989
0.030972	0.00619812	0.0384448
0.00507321	0.00432788	0.0356913
0.0302197	0.0097426	0.0382836
0.0250582	0.0113893	0.037692
0.0350263	0.0151153	0.0387062
0.0142426	0.0174306	0.036956
0.0388652	0.00941595	0.0391099
0.0340248	0.0101805	0.0384662
0.0376451	0.00670224	0.0391083
0.0342076	0.00818965	0.0386894
0.0283279	0.0157825	0.0380552
0.0469693	0.0159477	0.0400688
0.0246506	0.0107612	0.0375775
0.0405103	0.0111731	0.0393179
0.0448005	0.0169303	0.0397493
0.0400724	0.0140979	0.0389527
0.042777	0.00270741	0.0392512
0.046679	0.00892312	0.0398123
0.0425866	0.0188361	0.0394421
0.0108399	0.0112987	0.036247
0.0411257	0.014404	0.0393633
0.0277996	0.00710414	0.0381037
0.0308174	0.0107089	0.0383376
0.0392618	0.017193	0.038815
0.0236771	0.0108752	0.0375601
0.0374238	0.0116553	0.0390023
0.0505231	0.0164583	0.0403226
0.0345487	0.0079951	0.0386483
0.0306914	0.00358492	0.038346
0.0381886	0.0125171	0.0390597
0.0385468	0.0141874	0.0389367
0.00767315	0.0101198	0.035933
0.020476	0.0112674	0.0371911
0.00750051	0.0140012	0.0358478
0.0360147	0.0047916	0.038853
0.0314842	0.0127549	0.0385633
0.0267545	0.0142308	0.0379761
0.0381033	0.00503434	0.0391104
0.0323974	0.00210682	0.0386799
0.0460348	0.00837806	0.0399003
0.0291169	0.00758373	0.038096
0.0302436	0.0070188	0.0383512
0.0362065	0.0060517	0.0388539
0.0533948	0.00147113	0.0406739
0.020381	0.0132388	0.0371625
0.018196	0.011744	0.0370574
0.0378739	0.00690594	0.0390604
0.027501	0.00675528	0.0378771
0.038294	0.0140325	0.0391686
0.0205088	0.0113626	0.0372217
0.0411694	0.0118183	0.0395077
0.0383116	0.0129571	0.0390795
0.0342539	0.00736753	0.038663
0.052985	0.0131709	0.0405689
0.0213751	0.0136306	0.0372851
0.0250668	0.0140187	0.0378735
0.0455406	0.00800309	0.0397184
0.0417082	0.0151968	0.0394778
0.0249883	0.0150722	0.0376339
0.00305374	0.0157029	0.0355416
0.037494	0.00846232	0.0390495
0.0287243	0.0108458	0.0381021
0.0397956	0.0126065	0.0389592
0.0200016	0.00952346	0.037147
0.0354034	0.0108709	0.0387676
0.0278477	0.0082024	0.0380303
0.0357601	0.0063632	0.0389091
0.0348164	0.0168988	0.0387528
0.0415979	0.000551538	0.0397124
0.0406231	0.00721352	0.0392413
0.025556	0.0161246	0.0378802
0.0293455	0.0166729	0.0379745
0.0178822	0.00862737	0.0369321
0.030498	0.00835144	0.0381731
0.0314044	0.00971727	0.0384143
0.0262182	0.00752166	0.0378255
0.0348508	0.00983776	0.0387422
0.040515	0.0121206	0.0390362
0.0374024	0.00654605	0.0388892
0.0191358	0.0112285	0.0370845
0.0374275	0.0107793	0.0390349
0.0204723	0.00939769	0.0372406
0.0257845	0.00793952	0.0377152
0.041212	0.0085171	0.0393028
0.0332896	0.0168671	0.038555
0.0254887	0.0040984	0.0377242
0.00865177	0.0114302	0.0359558
0.0254869	0.0152637	0.0376425
0.0318442	0.00148068	0.038637
0.0202792	0.00438755	0.0373002
0.00115829	0.0138027	0.0352287
0.0293452	0.0127321	0.0381877
0.0321289	0.00937541	0.0384965
0.037478	0.0127714	0.0387849
0.0376675	0.0123663	0.0390608
0.0280381	0.0125814	0.0379133
0.0345175	0.00490689	0.0387381
0.0282492	0.0020455	0.0379816
0.027976	0.0106141	0.0380256
0.0168264	0.0142968	0.0367677
0.0301292	0.00908463	0.038292
0.0404591	0.0110428	0.0390523
0.0249324	0.00815468	0.0377808
0.00475318	0.00992124	0.0356473
0.0330572	0.00536691	0.0385694
0.0288376	0.0148548	0.03819
0.0149494	0.0121564	0.0368368
0.0189666	0.012655	0.0370607
0.0352055	0.0154269	0.0387275
0.034259	0.00249811	0.038719
0.00442852	0.00718829	0.0356341
0.0247057	0.0122422	0.0378571
0.0415766	0.0031423	0.0396243
0.0377659	0.0116458	0.039162
0.0395222	0.00921198	0.0392201
0.00265665	0.00600443	0.0356184
0.03023	0.00780705	0.0383064
0.0297172	0.0178709	0.0383312
0.0370898	0.00766627	0.038977
0.0223032	0.0104771	0.0373861
0.0423054	0.0169351	0.0392275
0.0357352	0.0140865	0.0388391
0.00573454	0.0113774	0.0356194
0.0234755	0.00622058	0.0374558
0.03381	0.00854348	0.0386746
0.0338593	0.00721691	0.0384631
0.029291	0.0111242	0.0381224
0.0409594	0.00361174	0.0392993
0.0372128	0.0131896	0.0389755
0.0400824	0.000667497	0.039538
0.0282583	0.011175	0.0381497
0.0350093	0.0141112	0.0386093
0.0303945	0.00658497	0.0382358
0.0182519	0.0134021	0.0371962
0.0120144	0.00904246	0.0364403
0.0120995	0.0118668	0.0367029
0.0428096	0.0134922	0.0395272
0.0321335	0.0171678	0.0381908
0.0362745	0.0107769	0.0389073
0.0356882	0.00874489	0.0388773
0.0287025	0.0132898	0.037952
0.0490454	0.00489605	0.0401718
0.0269451	0.0112014	0.0378942
0.0534476	0.0132916	0.0405481
0.0400914	0.0122941	0.0393361
0.0371203	0.0125096	0.0389426
0.0314713	0.00768074	0.0383696
0.0184949	0.0084404	0.0372169
0.0343947	0.0142348	0.0387218
0.0391346	0.00876771	0.0391675
0.0269999	0.0108355	0.0379784
0.0342957	0.00381687	0.0386974
0.0190756	0.0123141	0.0371859
0.0295925	0.00709448	0.0382751
0.0222123	0.0161394	0.0373748
0.0514152	0.009768	0.0404098
0.0331846	0.0036502	0.0384641
0.0241656	0.000354108	0.0376776
0.0125929	0.0122795	0.0363832
0.0259243	0.0158654	0.0379116
0.0335109	0.012912	0.0386208
0.0209266	0.0146654	0.0372538
0.0237786	0.00807881	0.0375024
0.0286538	0.00325249	0.0380392
0.0189183	0.00964443	0.0371191
0.0283553	0.00597129	0.0381067
0.0274638	0.0122085	0.0378765
0.0217734	0.00233118	0.0373328
0.0149913	0.00047502	0.0370449
0.0330811	0.0113593	0.0384127
0.0128405	0.016116	0.0363488
0.0259476	0.0160874	0.0377082
0.0442485	0.00494582	0.03958
0.0429848	0.0129082	0.0395953
0.0403126	0.0118946	0.0392361
0.027593	0.0129971	0.0378817
0.0206377	0.016816	0.0374153
0.0240338	0.0065206	0.0375656
0.0391497	0.0103143	0.0391527
0.0319299	0.0112773	0.0384793
0.00889668	0.00212603	0.0365321
0.00994006	0.0165887	0.0363074
0.0172351	0.00662058	0.0369464
0.0108602	0.00911423	0.0363268
0.0229481	0.0147056	0.037473
0.00791049	0.00973948	0.0360807
0.0225108	0.00978092	0.0374479
0.0370786	0.0137631	0.0391591
0.0414222	0.0175538	0.0389983
0.0321143	0.0116158	0.0384241
0.0314574	0.00860059	0.0382823
0.0263621	0.0158257	0.0376646
0.0267749	0.000768425	0.0378628
0.0283093	0.0115861	0.0381157
0.0221726	0.0120801	0.0376038
0.0390632	0.00648718	0.0391266
0.0289446	0.00848	0.0380962
0.0231818	0.0151131	0.0375871
0.0288398	0.00991283	0.0381535
0.0232843	0.00145874	0.0374006
0.0266084	0.00732891	0.0378939
0.0270755	0.00383787	0.0379246
0.0113633	0.0118051	0.0364014
0.0263602	0.00532897	0.0377551
0.046897	0.0116053	0.0398925
0.026276	0.0075434	0.0378885
0.026904	0.0162309	0.0379988
0.0224103	0.00907116	0.037407
0.01941	0.0129625	0.0371812
0.0443227	0.0167707	0.0396286
0.0457575	0.015971	0.0396734
0.0289717	0.00738893	0.0381246
0.031436	0.000914866	0.0382501
0.0287891	0.0144135	0.0381344
0.0426135	0.0170043	0.0398135
0.038196	0.0115209	0.0390455
0.0338712	0.0166484	0.0384298
0.0264509	0.0071458	0.0377688
0.0289497	0.0133172	0.0380794
0.0371184	0.0136023	0.0390444
0.021482	0.0109465	0.0373921
0.0351678	0.0102369	0.0388228
0.0114388	0.0159748	0.0365515
0.0324634	0.012119	0.0384759
0.0292611	0.0108092	0.038142
0.04781	0.00995918	0.0401292
0.0325335	0.0156896	0.0385157
0.0377929	0.0118232	0.0388206
0.0206507	0.014747	0.0372201
0.0255355	0.0159501	0.0378296
0.0181888	0.0144894	0.0369264
0.0378619	0.0117939	0.0390523
0.0287465	0.0146257	0.0379896
0.0383931	0.00641481	0.0390867
0.0380957	0.00692071	0.0391452
0.0280867	0.0138517	0.0380711
0.021451	0.0129001	0.0373028
0.0317418	0.0154203	0.038401
0.0323858	0.0154989	0.0385001
0.0177438	0.000731218	0.0370124
0.0232634	0.0169896	0.037717
0.0422272	0.0103098	0.0394986
0.0384049	0.000885163	0.038917
0.045021	0.0117886	0.0397715
0.0422116	0.014916	0.0394501
0.0356272	0.0163972	0.0385785
0.0335164	0.0071707	0.0386569
0.035787	0.00989584	0.0388973
0.0354028	0.0073327	0.0387046
0.0398266	0.00821622	0.0392692
0.0337626	0.0144287	0.0386228
0.0335505	0.0146961	0.0386594
0.0229816	0.00888252	0.0375869
0.0329397	0.00976389	0.0385801
0.039417	0.0102393	0.0391609
0.0267119	0.00573999	0.0379203
0.0409525	0.0104081	0.0393366
0.0245366	0.00454441	0.0376721
0.0336319	0.0168253	0.0386344
0.0302987	0.010276	0.0382326
0.0336979	0.00238229	0.0386641
0.0248605	0.0138266	0.0375769
0.0256394	0.0132616	0.0379278
0.0400677	0.016287	0.0390168
0.0256629	0.00872295	0.0378373
0.0241334	0.0082391	0.0376638
0.0443498	0.0141011	0.039756
0.00613948	0.010841	0.0360592
0.0365778	0.0126227	0.0389018
0.0321573	0.00969186	0.0383485
0.0520262	0.00533037	0.0405594
0.0284932	0.00789312	0.0380877
0.0181813	0.00937548	0.0371137
0.0414319	0.00787129	0.0393731
0.0275818	0.00669621	0.0380947
0.0227435	0.00947277	0.037468
0.023707	0.0150301	0.037504
0.0298706	0.00646528	0.038277
0.0365584	0.0119097	0.0388312
0.0283442	0.00850588	0.0379828
0.0320273	0.00246845	0.0383099
0.026949	0.00927333	0.0378418
0.0365285	0.0126221	0.0388917
0.0288263	0.0166298	0.0381458
0.0465743	0.00605117	0.0398363
0.0338384	0.0161979	0.038489
0.0263827	0.0103921	0.0378749
0.0294389	0.00878853	0.0381216
0.0381314	0.0122971	0.0388285
0.0310562	0.0182935	0.0382708
0.0344792	0.0143811	0.0385692
0.0320767	0.00882702	0.0384329
0.0181789	0.0042547	0.0372103
0.0367726	0.00280118	0.0388778
0.0367929	0.00963837	0.0389464
0.0175793	0.0119906	0.0369976
0.0271685	0.0115417	0.0379553
0.0410899	0.00982582	0.039471
0.0216525	0.0120039	0.0374226
0.0181528	0.00913527	0.0370585
0.0432531	0.0066615	0.0394677
0.0177942	0.0131686	0.0369278
0.0159934	0.011875	0.0367387
0.041467	0.0093376	0.0394042
0.0358845	0.0135307	0.0390277
0.0268026	0.000901612	0.0379495
0.0464939	0.0159052	0.039808
0.0380332	0.0105411	0.0389025
0.0269994	0.00375328	0.0379467
0.0275888	0.0038277	0.0379099
0.018015	0.00930006	0.0370107
0.0331043	0.00975458	0.0385288
0.00557776	0.00210612	0.035862
0.0213594	0.0124251	0.0373065
0.0404938	0.00724951	0.0393131
0.0166475	0.011034	0.0368631
0.0412354	0.0166304	0.0394632
0.0166574	0.000690417	0.036836
0.0296	0.0131894	0.03811
0.0236883	0.00946495	0.0377131
0.0325148	0.00875671	0.0385431
0.0240227	0.0090877	0.0376525
0.0065031	0.012918	0.0361973
0.0268292	0.00814197	0.0379616
0.0253097	0.0121532	0.0377358
0.031161	0.00461553	0.0383513
0.0105577	0.0117831	0.0361549
0.0440116	0.00454711	0.039433
0.0506778	0.0168068	0.0402139
0.0291876	0.00381831	0.0380306
0.0402074	0.0143017	0.0392608
0.026054	0.00364508	0.0378924
0.0346732	0.0123587	0.0387437
0.00741011	0.0127002	0.036271
0.00480168	0.00369824	0.0355743
0.0282008	0.00644427	0.0380296
0.0218275	0.000469494	0.0373767
0.0174774	0.0146752	0.0368701
0.0261256	0.0160739	0.0378548
0.0394862	0.0183795	0.0392427
0.0360755	0.00876416	0.0388913
0.0326844	0.00255639	0.0387236
0.0173081	0.00803402	0.0369571
0.0286733	0.00775558	0.0381298
0.0324092	0.00669908	0.03855
0.0376799	0.00683505	0.0390305
0.024764	0.0112462	0.0376853
0.0321467	0.0113723	0.0384957
0.0189449	0.00935593	0.0370493
0.0287244	0.0119778	0.0379982
0.0389441	0.00354596	0.0391577
0.0258664	0.0153315	0.037628
0.0215554	0.00606492	0.0375171
0.0370216	0.012231	0.0389539
0.029034	0.00236859	0.0380072
0.0350743	0.0134824	0.0387874
0.0134555	0.0146268	0.036484
0.0271456	0.0112051	0.037893
0.0415188	0.0141236	0.0394964
0.0223255	0.00818618	0.0373752
0.0403042	0.0136801	0.0391426
0.0134982	0.00404766	0.0366441
0.0392743	0.0158985	0.0391457
0.0224708	0.0125404	0.037483
0.0516474	0.0145727	0.0404355
0.0476995	0.00315074	0.0402567
0.0407129	0.00772005	0.0393625
0.0207688	0.00205703	0.0372083
0.0300918	0.0047559	0.0382094
0.0307771	0.0110509	0.0382347
0.0340206	0.0119931	0.0386665
0.0281686	0.0142798	0.0378953
0.00775749	0.00968567	0.0360121
0.0145286	0.00977683	0.0366526
0.0275624	0.00655018	0.0380944
0.040679	0.0144611	0.039081
0.0387707	0.0140003	0.0393333
0.0366234	0.0147617	0.0389753
0.0243334	0.00886277	0.0377268
0.027717	0.014025	0.0380417
0.0225795	0.00992065	0.0375346
0.0342849	0.00627696	0.0386509
0.0191994	0.0159731	0.0372029
0.0256562	0.0134031	0.0376868
0.0261049	0.00923774	0.0377927
0.0181876	0.0131045	0.0372565
0.0369187	0.00966713	0.0389143
0.0267491	0.0061096	0.0379575
0.0141782	0.00012243	0.0365573
0.0288312	0.010349	0.0380963
0.0200412	2.78061e-07	0.0373087
0.0208734	0.0131975	0.0372082
0.0173797	0.00484557	0.0371256
0.0155061	0.00357996	0.0369568
0.0223366	0.0165828	0.0372601
0.0279077	0.0127388	0.0379448
0.0337095	0.0115634	0.0385455
0.0272586	0.00965323	0.0378267
0.0200924	0.00193671	0.0374039
0.0262718	0.0106431	0.0378519
0.0278487	0.0105391	0.0379481
0.0303375	0.0133945	0.0382767
0.0146417	0.0106251	0.0365874
0.0183849	0.0117422	0.0369999
0.0225804	0.0104305	0.037442
0.0381388	0.00261524	0.0388795
0.0498201	9.24425e-05	0.0400795
0.0242076	0.0142088	0.037869
0.0219131	0.0148181	0.0373048
0.0340609	0.0135673	0.0386127
0.0290907	0.000289858	0.0381988
0.0359956	0.00634753	0.0389272
0.00512227	0.00441389	0.0357472
0.0323537	0.0104612	0.0384208
0.0236395	0.00161725	0.0377609
0.0265791	0.0135363	0.0378631
0.0354761	0.00881513	0.038673
0.0214848	0.0124584	0.0373893
0.0256793	0.0121646	0.0378968
0.029592	0.0154125	0.0382203
0.0291918	0.0129846	0.0381567
0.0250487	0.00737848	0.0378589
0.035499	0.00920969	0.0387873
0.0195402	0.00108585	0.0370379
0.0247779	0.0125576	0.0376784
0.0194465	0.0171791	0.0371693
0.0346924	0.00443266	0.0387312
0.0216476	0.0123979	0.0375587
0.0359772	0.00299006	0.0387401
0.0373692	0.0153619	0.0387735
0.0282478	0.0165404	0.0378843
0.0445115	0.0145128	0.039556
0.0247274	0.0134634	0.0376435
0.0366708	0.0115891	0.0388894
0.0284463	0.0131209	0.0380347
0.022315	0.00974788	0.0374287
0.00977523	0.00612902	0.0361873
0.0277417	0.0141861	0.0382196
0.0383972	0.0158952	0.0390755
0.0241092	0.00935167	0.0375301
0.0342858	0.00386494	0.0386907
0.0373689	0.0166219	0.0387375
0.0216386	0.0157849	0.037444
0.0227894	0.0133388	0.0375453
0.0486702	0.0156989	0.0399748
0.0140492	0.0158118	0.0366158
0.0152074	0.014987	0.0366078
0.0459851	0.011703	0.0398915
0.0354877	0.00691988	0.0388946
0.00836135	0.0125701	0.0359868
0.0415301	0.0162932	0.0392489
0.0400677	0.00211246	0.0392077
0.0151129	0.0121721	0.0367056
0.021763	0.012122	0.0373504
0.0327039	0.00379635	0.0385575
0.0441425	0.0145498	0.0396319
0.0336741	0.00141248	0.0386646
0.0378696	0.00334262	0.0391298
0.0290965	0.00929945	0.0381707
0.0236425	0.0113204	0.0375696
0.0435766	0.00868237	0.0396601
0.0337794	0.0102023	0.038657
0.0374639	0.0133995	0.0389918
0.0270418	0.0105708	0.0380462
0.0292058	0.011437	0.0380895
0.0286391	0.0134343	0.0380384
0.0412878	0.0132586	0.0394486
0.0277086	0.0029935	0.038075
0.0350542	0.0160746	0.0388397
0.0444583	0.0176538	0.0394006
0.0244525	0.00623166	0.0376797
0.0471379	0.012039	0.0399362
0.0503041	0.0106266	0.0403727
0.0343539	0.00797042	0.0387288
0.0183602	0.00765998	0.0371254
0.0434823	0.00813518	0.0396695
0.0311331	0.00937097	0.0384258
0.013228	0.0167779	0.0365771
0.025547	0.00162037	0.0376915
0.0251753	0.0139041	0.0376708
0.0237888	0.00991631	0.0375891
0.0239705	0.00206084	0.0374212
0.0299928	0.0122877	0.0380802
0.00324386	0.0150488	0.0354944
0.022742	0.0145496	0.037441
0.0330428	0.00423256	0.0385859
0.0256203	0.00936478	0.0376762
0.0310696	0.0077849	0.0383935
0.0338739	0.0109748	0.0385939
0.0421683	0.0108499	0.0392031
0.0198384	0.0135764	0.0372506
0.0328339	0.0123501	0.0385697
0.03869	0.00966666	0.0390921
0.0232241	0.0131024	0.0374436
0.0261036	0.012895	0.0377554
0.0334586	0.00571148	0.0386175
0.0413638	0.010183	0.0394793
0.0247047	0.00619605	0.0375966
0.0273997	0.0117971	0.037834
0.0395452	0.0115023	0.0392549
0.0239028	0.00426957	0.0376798
0.0409007	0.00647068	0.0393762
0.0363947	0.00655477	0.0389019
0.0292098	0.009044	0.038123
0.0270263	0.00875476	0.0379776
0.0383793	0.0107434	0.0391384
0.019633	0.0129709	0.0372095
0.033481	0.00839894	0.0385858
0.0343538	0.0163344	0.0386848
0.0187535	0.0112069	0.037182
0.0196125	0.009263	0.0371523
0.0141307	0.015876	0.0368908
0.0484138	0.0128539	0.0401353
0.0272581	0.0156364	0.0378936
0.0420763	0.0129922	0.0394741
0.0326197	0.010626	0.0385209
0.0417799	0.0170894	0.0394484
0.0408506	0.0101089	0.0393462
0.0310634	0.00468903	0.0381759
0.0343045	0.00251507	0.0385171
0.0180069	0.00837693	0.0370661
0.0349936	0.0134589	0.0387136
0.0224229	0.0150661	0.0374123
0.0273426	0.0104343	0.0379267
0.0199221	0.0112918	0.0371787
0.0192479	0.00239948	0.0373341
0.0280449	0.0126883	0.0381186
0.0380081	0.0103069	0.0390956
0.0319799	0.00963584	0.0384166
0.0363474	0.0124159	0.0390439
0.022675	0.00367665	0.037645
0.0390855	0.0117005	0.0391826
0.0386901	0.00961294	0.0390671
0.0136771	0.0135476	0.0364675
0.0272691	0.00968757	0.0379929
0.0175722	0.0108946	0.0369466
0.0262755	0.0137783	0.0378385
0.0347883	0.0107314	0.0386636
0.0246055	0.0126038	0.0376543
0.0448521	0.0101665	0.039447
0.0410152	0.0070232	0.0393535
0.0306342	0.0160889	0.0383429
0.0406477	0.000783433	0.0393872
0.0218869	0.00903713	0.0374358
0.0287131	0.0113331	0.0381479
0.0334964	0.00783292	0.0386647
0.0272792	0.00168589	0.0380008
0.0374637	0.00832101	0.0390426
0.0272729	0.0115208	0.0379088
0.0382398	0.0107129	0.0388664
0.0299261	0.0122182	0.0381192
0.0384475	0.0109073	0.0391009
0.0435812	0.00158077	0.0396231
0.00911016	0.0137643	0.0359486
0.0344274	0.0110978	0.0386156
0.0338222	0.0105637	0.0386691
0.0190889	0.0123243	0.0372922
0.022298	0.00726413	0.0374496
0.00740238	0.0125844	0.0357869
0.0291113	0.00852251	0.0380371
0.0443818	0.0145034	0.0397679
0.0493295	0.0071807	0.0402194
0.0206733	0.0116317	0.0372411
0.0271186	0.006077	0.0378182
0.0268943	0.0125859	0.0378551
0.0328182	0.0158622	0.0383935
0.0430024	0.0127574	0.0393066
0.0172921	0.00582781	0.0371523
0.0159129	0.0170787	0.0368477
0.0274135	0.0066558	0.0378921
0.0126784	0.0156407	0.0365676
0.0360853	0.00888251	0.0386657
0.0379476	0.00444688	0.0389747
0.0411925	0.00401271	0.0394977
0.0335697	0.0121252	0.0385127
0.0276318	0.0162427	0.037949
0.039742	0.0111975	0.0392276
0.0414969	0.0124987	0.0395697
0.0394759	0.00998569	0.0391989
0.0203202	0.0169478	0.0373193
0.0308369	0.00102129	0.0381952
0.0323904	0.0155755	0.0385318
0.0328724	0.00378285	0.0384428
0.0353189	0.0120394	0.0388019
0.0536784	0.0118237	0.0408107
0.0287025	0.0150153	0.0379856
0.0344086	0.00881655	0.0385795
0.0431519	0.000248934	0.0396575
0.0250242	0.00756628	0.0377851
0.0227701	0.0145576	0.0373656
0.0390963	0.0167616	0.0391765
0.033284	0.0109295	0.0386079
0.0189105	0.00684495	0.0371131
0.00695711	0.00808721	0.0358676
0.040753	0.0124031	0.0393117
0.0307689	0.00761329	0.0383559
0.0104258	0.00123817	0.0361863
0.0356054	0.0151317	0.0387382
0.0418589	0.0145144	0.0395188
0.0216833	0.0151107	0.0372934
0.0279566	0.0107318	0.0379947
0.0338537	0.0159518	0.0384018
0.0429144	0.0102633	0.0395711
0.0393143	0.00942504	0.0391658
0.0236622	0.00307969	0.0378057
0.0185594	0.0106687	0.036995
0.0457866	0.00801557	0.0395709
0.032079	0.00813223	0.0382894
0.0282416	0.0141963	0.038086
0.0317236	0.0129933	0.0383434
0.019698	0.00142011	0.0371542
0.0478058	0.013931	0.0400361
0.0205825	0.0110939	0.0372006
0.0308722	0.0092929	0.0382116
0.0381755	0.0099339	0.0389119
0.023345	0.00989841	0.0374746
0.0332089	0.0155413	0.0385958
0.0377117	0.0105643	0.0390316
0.0148339	0.0096316	0.0367233
0.0395929	0.00859831	0.0390267
0.0223025	0.00585574	0.0374344
0.0408028	0.0133492	0.0390978
0.032174	0.0133391	0.0384921
0.0344717	0.0160124	0.0386465
0.0267866	0.0141535	0.0379783
0.0229903	0.00993074	0.0375352
0.0324008	0.0136722	0.0384879
0.0179853	0.0140128	0.0369417
0.0322399	0.00343252	0.0383046
0.0258739	0.00923876	0.0377815
0.0490966	0.00166198	0.0401354
0.0321136	0.00640976	0.0382929
0.0372791	0.00590296	0.0389733
0.0187967	0.0145998	0.0369506
0.0334644	0.00966232	0.0386141
0.0214684	0.0134924	0.0372978
0.031001	0.00844128	0.0382714
0.0262955	0.0078944	0.037961
0.0295057	0.00756565	0.0381589
0.0273837	0.00756643	0.0380283
0.0480086	0.00825396	0.0398148
0.0328741	0.0137979	0.0383446
0.0144532	0.00691028	0.0369005
0.0285928	0.00905273	0.0380696
0.0210265	0.00582589	0.0373462
0.0269127	0.0148303	0.0380091
0.0276709	0.0116762	0.0379955
0.0288243	0.0103815	0.0381957
0.0403364	0.00973664	0.0391137
0.0230829	0.00437556	0.0376736
0.0205395	0.00589146	0.0374097
0.0388739	0.0161349	0.0394039
0.0407984	0.0119791	0.0392848
0.0200446	0.0112871	0.0372203
0.0345452	0.00839578	0.0385229
0.0324494	0.00826626	0.0385521
0.036717	0.00459815	0.0390767
0.0240933	0.00336723	0.0378395
0.0217297	0.0109352	0.0373799
0.0331052	0.00970926	0.0385316
0.040995	0.0118443	0.0392408
0.0268571	0.0157005	0.0377437
0.0391402	0.0106999	0.0391029
0.0377233	0.0125434	0.0390305
0.0184384	0.011415	0.0369854
0.0270886	0.0158116	0.0379507
0.0516453	0.00888555	0.0405079
0.032492	0.0161383	0.0385179
0.0410431	0.0153166	0.0390072
0.0437252	0.0119302	0.0395833
0.0381079	0.00899994	0.0391527
0.0236298	0.00916667	0.0376596
0.0336905	0.0119148	0.0386378
0.0202256	0.000111094	0.0371948
0.0163652	0.0105495	0.0367795
0.0153517	0.00782173	0.0369798
0.0268818	0.00966737	0.0379431
0.0225081	0.00641149	0.0375488
0.0251535	0.00425565	0.0376451
0.0358326	0.00796588	0.0388575
0.0168016	0.00201486	0.036911
0.025863	0.0118659	0.0378027
0.0254195	0.013079	0.0377134
0.0310692	0.0145958	0.0383412
0.0434618	0.0164886	0.0397351
0.015568	0.0130362	0.0368681
0.0134937	0.00932756	0.0365024
0.0259112	0.0110709	0.0378499
0.0186801	0.00913839	0.037282
0.00444066	0.01261	0.0355225
0.0423112	0.00648333	0.0394165
0.0168544	0.00812671	0.0368074
0.0252581	0.00671149	0.037777
0.0462754	0.0151225	0.0396125
0.0232143	0.00932026	0.0374446
0.0339862	0.0166027	0.0389269
0.022807	0.0171623	0.0375889
0.0315716	0.01326	0.0383526
0.0273631	0.0122221	0.0380733
0.00885955	0.000652006	0.0365549
0.0270099	0.0149459	0.0379793
0.0166763	0.00916327	0.03681
0.0272965	0.00960986	0.0379707
0.0169342	0.0158814	0.037181
0.0398245	0.0118998	0.0393052
0.043376	0.00661922	0.0396558
0.041003	0.00531986	0.0393046
0.0321403	0.0167669	0.0383121
0.00839486	0.0112511	0.0363612
0.0240071	0.0135791	0.0375211
0.023739	0.00521864	0.0377483
0.0206958	0.00647322	0.0372662
0.0326313	0.00278162	0.0385394
0.0401445	0.0105948	0.0392708
0.00959206	0.00901434	0.0360468
0.0173019	0.00660446	0.03687
0.0171688	0.0161923	0.0372111
0.0337569	0.00344811	0.0388028
0.0302888	0.0105795	0.0382961
0.0284042	0.0042432	0.0381642
0.0358995	0.010679	0.0389066
0.01051	0.00670868	0.0362035
0.0454742	0.0122008	0.0394623
0.0304255	0.00397721	0.0382319
0.0344385	0.0121995	0.0385062
0.0300539	0.00849307	0.0380949
0.0406266	0.00570954	0.0391837
0.0225629	0.0143522	0.0375122
0.0285565	0.0154256	0.0379296
0.0456805	0.0141515	0.0394369
0.0390676	0.0108225	0.0389443
0.0265803	0.00645519	0.0379066
0.0158222	0.0162559	0.0367025
0.0465868	0.00468788	0.0400842
0.0310107	0.0124354	0.0382664
0.0202407	0.0134396	0.0372817
0.0408405	0.0120517	0.0394085
0.0270611	0.0135307	0.0379993
0.0447172	0.0129866	0.0395816
0.0231578	0.0114015	0.0376601
0.0211426	0.0127102	0.0372555
0.0328258	0.00913202	0.0385732
0.0400346	0.0164353	0.0392417
0.0396758	0.00166663	0.0394818
0.0202555	0.0113927	0.0371636
0.0280437	0.0107287	0.0379656
0.0424956	0.0127883	0.0394788
0.0260977	0.00243445	0.0379484
0.0247676	0.00473909	0.0376434
0.0190515	0.0133637	0.0373362
0.0426475	0.00979235	0.0395123
0.0301567	0.00881432	0.0381958
0.0280448	0.00692646	0.0379864
0.0283194	0.000301578	0.0381471
0.0216709	0.0157746	0.0372075
0.0368776	0.0112612	0.0389786
0.0215426	0.0169416	0.0372937
0.0224503	0.01224	0.0376352
0.0430188	0.016435	0.0396914
0.0304113	0.0158241	0.0382165
0.0384371	0.0101173	0.0390708
0.0286463	0.0108972	0.0380323
0.0361566	0.0144845	0.0386528
0.0177848	0.0162366	0.0368937
0.0202787	0.00818199	0.0372108
0.00344876	0.0086002	0.0356011
0.0429248	0.0110365	0.0396579
0.0361342	0.0111068	0.0388712
0.0334823	0.0129052	0.0385476
0.0315497	0.0168408	0.0384661
0.0388801	0.0107829	0.0392508
0.0282101	0.0131729	0.0381496
0.0383713	0.015932	0.038958
0.0454771	0.0101049	0.0399409
0.0289918	0.0166486	0.0381604
0.0275049	0.0126908	0.0378397
0.0199234	0.0102728	0.0371947
0.0395703	0.0139272	0.0390614
0.0239565	0.00509232	0.0377589
0.0284699	0.0084119	0.0379789
0.0491588	0.00913391	0.040111
0.0152099	0.00550604	0.0365858
0.0412282	0.00393588	0.0395715
0.0286842	0.0101159	0.0379606
0.0375529	0.0083137	0.038807
0.0299608	0.00640043	0.0380959
0.0341101	0.0142618	0.0385322
0.0402827	0.0136174	0.0394749
0.035354	0.00765809	0.0387655
0.0368436	0.0143268	0.0387906
0.0399175	0.0178645	0.0393092
0.0316607	0.0140685	0.0383484
0.0239771	0.0100407	0.0375812
0.0295258	0.000816384	0.0381027
0.0241633	0.00679849	0.0377087
0.00635856	0.00945857	0.0357397
0.0300915	0.0158227	0.038196
0.0137283	0.00876413	0.0367762
0.028783	0.0159997	0.0379428
0.0317894	0.0105317	0.0385303
0.0315846	0.0156733	0.0384045
0.0414861	0.00980287	0.0394709
0.0280344	0.0104065	0.0380036
0.0452467	0.00595204	0.0398164
0.0227872	0.0131304	0.0374707
0.0307035	0.00740004	0.0381635
0.0389421	0.0130206	0.0393231
0.0470437	0.013753	0.0399942
0.0305502	0.0125157	0.0382239
0.0253216	0.0121985	0.0377483
0.0343434	0.00350163	0.0387293
0.0300204	0.00826914	0.03821
0.0294153	0.0112027	0.0382036
0.0361232	0.00502629	0.0389079
0.0314031	0.00447862	0.0384237
0.0145025	0.0130968	0.0365659
0.0366434	0.0146025	0.0389164
0.0271279	0.0106301	0.0378124
0.0242117	0.0164426	0.037799
0.0310717	0.0103978	0.0383087
0.0262997	0.0120937	0.03781
0.0320047	0.00958451	0.0385247
0.0370872	0.0166262	0.0389555
0.0315829	0.00536537	0.0384071
0.00393315	0.0131537	0.0354177
0.0224211	0.00815029	0.0376199
0.0414287	0.0120885	0.0393991
0.0473935	0.0150024	0.0400236
0.0212377	0.00291954	0.0373041
0.0405994	0.0104744	0.0390905
0.042117	0.0166148	0.0395829
0.0323103	0.0139102	0.0384962
0.0239338	0.000690612	0.0373911
0.0345274	0.00965576	0.0386907
0.0262131	0.0168017	0.0379407
0.0364566	0.0167106	0.0387597
0.0399503	0.00959921	0.0390295
0.0318246	0.015485	0.0384391
0.0225157	0.0123298	0.037481
0.0471352	0.0105729	0.0398998
0.0261546	0.0112441	0.0378361
0.0190869	0.0084678	0.0371408
0.0342986	0.000839791	0.0384936
0.0300757	0.00767021	0.0382841
0.0412332	0.0102177	0.0394283
0.0366071	0.0135691	0.0389878
0.017798	0.00271662	0.0369627
0.038228	0.00957361	0.0388939
0.0410056	0.0141092	0.039204
0.0169761	0.015706	0.036917
0.0431644	0.00830362	0.0393605
0.0121281	0.0111236	0.0363281
0.0227019	0.00567228	0.0375278
0.0368706	0.00913215	0.0389697
0.00855518	0.01438	0.0359395
0.0194738	0.00874614	0.0372315
0.0302926	0.00982599	0.0381666
0.0237614	0.0140012	0.0375635
0.0331357	0.00325739	0.0385805
0.0321947	0.0106875	0.0384362
0.0184219	0.0107962	0.0370369
0.0518623	0.0165161	0.0402763
0.0381166	0.00588135	0.039161
0.0316727	0.0147586	0.0384922
0.0283868	0.00394502	0.0379143
0.0286697	0.0135893	0.0379468
0.0182598	0.0113431	0.0370594
0.0166476	0.00979314	0.0368178
0.0327431	0.0102611	0.0385493
0.0268766	0.00295753	0.0377583
0.0209867	0.0137717	0.0372232
0.0300376	0.00806229	0.0383126
0.0307811	0.0121924	0.0383772
0.0360816	0.01061	0.0389637
0.026178	0.000661627	0.0381351
0.0306044	0.00828426	0.0382036
0.0203723	0.00852178	0.0372142
0.0387395	0.00897355	0.0391746
0.0421125	0.00225279	0.0395358
0.0401493	0.00989217	0.0392476
0.0310772	0.00409364	0.0384155
0.0341573	0.0102805	0.0385859
0.0387894	0.00566658	0.0390228
0.0234516	0.00686079	0.0377216
0.0323183	0.0107384	0.0385055
0.0446131	0.0119363	0.0397448
0.0435311	0.0124355	0.0396887
0.0160771	0.0109667	0.036959
0.0287911	0.0139258	0.0379615
0.0322161	0.00822262	0.0383039
0.0298432	0.0106995	0.0382966
0.0389804	0.015006	0.039156
0.0250711	0.00916851	0.0378641
0.027882	0.0140701	0.03809
0.0328441	0.0141517	0.038565
0.0121666	0.0038971	0.0366485
0.0398936	0.00791695	0.0393415
0.0483978	0.0105799	0.0399677
0.0253922	0.0150016	0.0376199
0.0278738	0.00741229	0.0380484
0.0348868	0.0138341	0.0387686
0.0413228	0.0120764	0.0394695
0.0235364	0.00463466	0.0377452
0.0313209	0.0115466	0.0383325
0.0261052	0.0109346	0.0377998
0.0311012	0.0168173	0.0382353
0.0164368	0.0120751	0.0370857
0.0360176	0.0093569	0.0388755
0.0166091	0.0151729	0.0367179
0.0324894	0.0156081	0.0384096
0.0357894	0.00520472	0.0388573
0.0206657	0.0160691	0.0371824
0.0427447	0.0170003	0.0394972
0.0420761	0.00749455	0.0392445
0.0409816	0.0150887	0.0393065
0.0165401	0.0126603	0.0369152
0.0210361	0.00735907	0.0372679
0.0331274	0.00627009	0.0385359
0.024961	0.0138727	0.0375929
0.0314766	0.0139821	0.0384164
0.0331167	0.0163448	0.0385204
0.0331382	0.0106829	0.0385428
0.0463809	0.0116813	0.0397463
0.0334251	0.000979984	0.0384144
0.0304775	0.00521384	0.0381216
0.0228055	0.0106089	0.0375204
0.038406	0.0164461	0.0387603
0.0362722	0.00839553	0.0386842
0.0211675	0.0139835	0.0375212
0.0307912	0.00701166	0.0382639
0.0427401	0.00388954	0.0396755
0.0314923	0.00725374	0.0383502
0.0463253	0.00793457	0.0399716
0.0283299	0.016885	0.0379435
0.0397532	0.0143963	0.0391231
0.032798	0.00674854	0.0386252
0.00145839	0.0154089	0.0355235
0.0166127	0.00785666	0.0369538
0.0310483	0.00601516	0.0384545
0.0246148	0.00961932	0.0376875
0.0362261	0.0137836	0.0388624
0.0411433	0.00565254	0.039273
0.0225461	0.0103868	0.037447
0.0509442	0.0080054	0.0400159
0.0507918	0.00530031	0.0400668
0.0212291	0.0137132	0.0375272
0.0312465	0.0109386	0.0383861
0.038409	0.00683954	0.0391863
0.0167486	0.0104077	0.0369409
0.024497	0.0108192	0.0377345
0.0419661	0.0108158	0.0395631
0.0354158	0.0108176	0.0388149
0.0196078	0.0117993	0.0371204
0.0357543	0.00686061	0.0389249
0.0215314	0.00858195	0.0372898
0.0289411	0.00530272	0.0381513
0.0311873	0.016135	0.0383714
0.0401006	0.00681722	0.0393839
0.0279487	0.00719888	0.0381093
0.0138113	0.0109095	0.0365807
0.0367405	0.00433811	0.0390164
0.0386957	0.00470911	0.0390857
0.0381883	0.0161457	0.0390439
0.0122949	0.00496784	0.0367575
0.0329489	0.0123921	0.0385812
0.0495506	0.00366724	0.0403035
0.0259572	0.0140406	0.0377545
0.0324089	0.00522313	0.038432
0.0355642	0.0143462	0.0387679
0.0271733	0.0170502	0.0380312
0.0271879	0.00636146	0.037984
0.0295573	0.00918543	0.0382348
0.0368869	0.0129801	0.0389829
0.0368446	0.0182358	0.0390723
0.0464065	0.0122409	0.0397488
0.0186998	0.0123578	0.0370793
0.0352672	0.00836033	0.0387112
0.0326736	0.00164303	0.0385848
0.0217117	0.0096807	0.0374668
0.036749	0.013635	0.0387772
0.0368541	0.0156274	0.0388707
0.0353277	0.0133002	0.0387578
0.0338675	0.00520541	0.0387008
0.0457573	0.0038527	0.0398193
0.0370354	0.0140779	0.0389636
0.0264993	0.00448257	0.0380513
0.0356979	0.0114317	0.0387806
0.018302	0.00691356	0.037001
0.0137969	0.000335939	0.0365438
0.0329448	0.000104874	0.0382952
0.0361289	0.0114524	0.0388226
0.028572	0.0156242	0.0381581
0.048179	0.0117032	0.0399267
0.0345592	0.0134838	0.038714
0.0405352	0.0141439	0.0389925
0.0252228	0.00666752	0.0377628
0.0252498	0.0234784	0.0376266
0.0357354	0.0114508	0.0387462
0.0365969	0.0129471	0.0389491
0.0278307	0.0148261	0.0379822
0.0371387	0.0137749	0.0389339
0.0399803	0.00622822	0.0393758
0.0356818	0.0148435	0.0388296
0.0308814	0.00892472	0.0383864
0.0226353	0.00217966	0.0376437
0.0402015	0.0102878	0.0392956
0.0342158	0.00508293	0.0387265
0.0273347	0.0111731	0.0379595
0.00827882	0.00903376	0.0359886
0.0251283	0.0140259	0.0376028
0.0314242	0.00484857	0.0384484
0.0225254	0.00324448	0.037547
0.0322678	0.0119708	0.03842
0.0110326	0.0152585	0.0361646
0.0217527	0.0121147	0.0373626
0.0173378	0.010867	0.036869
0.0309534	0.00997269	0.038359
0.0302656	0.0138779	0.0382094
0.0212111	0.00700143	0.0372845
0.0218353	0.0111089	0.0373526
0.0282051	0.0110655	0.0380609
0.00840792	0.00830312	0.0363547
0.0194031	0.0162082	0.0370614
0.0414278	0.00820074	0.0394216
0.0332729	0.0087115	0.0384001
0.0343583	0.000672199	0.0384289
0.0279879	0.0136102	0.0380122
0.0302005	0.0130679	0.0380953
0.0308291	0.0133739	0.038287
0.0440651	0.00992031	0.0397684
0.0410926	0.00367362	0.0393744
0.0321248	0.017034	0.0384318
0.0378139	0.00814728	0.0391166
0.0344632	0.0114003	0.0387242
0.0422639	0.00795603	0.0395079
0.0140392	0.0122993	0.0365287
0.0401175	0.00615379	0.0392635
0.0328904	0.00183651	0.0384555
0.0325902	0.00810759	0.0385408
0.0305538	0.0143017	0.0381678
0.0181384	0.0110689	0.0370434
0.0241654	0.00729233	0.0376085
0.0346171	0.00971278	0.0387833
0.0447776	0.00326923	0.0396346
0.0260311	0.00893198	0.0377128
0.0389964	0.00713963	0.039073
0.0395026	0.00966708	0.039169
0.031211	0.00861326	0.0382366
0.0293076	0.010115	0.0382605
0.0339247	0.013587	0.0388335
0.025314	0.00831083	0.0376479
0.039207	0.00734542	0.0391052
0.0330619	0.0107554	0.0384176
0.0420391	0.00807466	0.0394427
0.0305239	0.00922183	0.0383162
0.0206282	0.00783989	0.0372402
0.0357392	0.014	0.0388746
0.0421892	0.0124132	0.0393191
0.0319913	0.00856767	0.0384487
0.0199854	0.00523726	0.0373702
0.016184	0.00757874	0.0368286
0.00838626	0.0164562	0.0358818
0.0479296	0.0112096	0.040176
0.0344759	0.00196171	0.0385785
0.0261049	0.00567519	0.0378913
0.0418818	0.0146866	0.0394454
0.0410886	0.0114027	0.0394272
0.0372421	0.00622539	0.038778
0.0322777	0.00496178	0.038528
0.0298829	0.00930201	0.0382511
0.0371966	0.00566924	0.0390017
0.0268383	0.00584695	0.0378823
0.0484783	0.0107641	0.0401375
0.0214755	0.0142708	0.037589
0.0170151	0.0158268	0.0368245
0.0218437	0.0122907	0.0374499
0.0392561	0.0114066	0.0389561
0.0207247	0.00848078	0.0373165
0.0288768	0.00824263	0.0380112
0.0343988	0.00927676	0.0386695
0.0332388	0.00774059	0.0384141
0.039524	0.0162582	0.039131
0.0237838	0.00855988	0.0375988
0.0391868	0.0119081	0.0391824
0.0270454	0.0147573	0.0380165
0.0401333	0.0156828	0.0393835
0.0432859	0.0105575	0.0397037
0.0496047	0.00991819	0.0403831
0.0329173	0.0117392	0.0385747
0.0370453	0.00991133	0.0389697
0.0185229	0.00393229	0.0368982
0.0230718	0.0148802	0.0374148
0.0257904	0.0064283	0.0378099
0.0133488	0.0131827	0.0366758
0.0400131	0.00157702	0.0390726
0.0332352	0.00521649	0.0384089
0.0379896	0.0159034	0.03905
0.0215407	0.0150371	0.0372642
0.0339555	0.0100536	0.0386731
0.0357883	0.00986236	0.0386775
0.0182492	0.000772441	0.0370163
0.00843499	0.00551296	0.0358825
0.0269313	0.00900297	0.0379005
0.0277741	0.00840294	0.0380615
0.0173748	0.00694142	0.0369009
0.0247517	0.0150771	0.037535
0.0294562	0.0111813	0.0380317
0.0363225	0.0105578	0.0388828
0.0386768	0.00658629	0.0389183
0.0401764	3.98116e-05	0.0393861
0.0340851	0.0117534	0.0384697
0.0377898	0.00452015	0.0390871
0.0132708	0.00910141	0.0365826
0.0308927	0.00911523	0.0382865
0.0458805	0.0109435	0.03974
0.0339867	0.00725402	0.0386974
0.0319221	0.0173333	0.0385433
0.0352491	0.0136528	0.0388112
0.00244254	0.0124707	0.0352666
0.0199785	0.0161524	0.0370426
0.0301425	0.00836268	0.0383172
0.0283194	0.0124448	0.0379954
0.0126296	0.0114425	0.0365261
0.0537156	0.0087937	0.0406601
0.0408928	0.00505091	0.0391041
0.0484957	0.013838	0.040119
0.0357501	0.00961501	0.0388412
0.0259027	0.0166304	0.0381097
0.0326523	0.0129539	0.0385112
0.0395145	0.0103266	0.0390451
0.0349875	0.0114176	0.0386669
0.0253303	0.00881185	0.0378689
0.0405384	0.00547564	0.0392085
0.039235	0.0069842	0.039245
0.0431311	0.0126337	0.0394661
0.0336478	0.0146126	0.038837
0.0435307	0.0133666	0.0395839
0.0392697	0.00560129	0.0390672
0.0178215	0.0105975	0.0370067
0.00958218	0.00686816	0.0361607
0.0227986	0.00680733	0.0375697
0.032981	0.0111538	0.0385644
0.0424437	0.000218356	0.039553
0.0311527	0.014224	0.0384355
0.0385004	0.0169368	0.0388679
0.0322621	0.0160026	0.0385113
0.0279719	0.015947	0.0380444
0.0369896	0.0143267	0.0389652
0.0358079	0.00979991	0.0389127
0.0356847	0.010854	0.038641
0.0400467	0.0124806	0.0392432
0.0205508	0.00688864	0.0374248
0.0198505	0.0102893	0.0371231
0.0201635	0.00403557	0.0372067
0.0368461	0.0127124	0.0388185
0.0231927	0.00535476	0.0374998
0.0427993	0.0030123	0.0394351
0.033929	0.0107648	0.0386762
0.0251806	0.0124765	0.0379171
0.00790224	0.0038015	0.0357986
0.0216155	0.00558357	0.037341
0.0277428	0.00486051	0.0378918
0.0309794	0.0133862	0.0383975
0.037604	0.012834	0.0389209
0.0264252	0.00958761	0.0378254
0.0402312	0.00599658	0.0394194
0.0334477	0.0157901	0.03855
0.0141637	0.0158436	0.0365706
0.029501	0.00828762	0.0382122
0.0344415	0.000478342	0.0387367
0.0352572	0.0125911	0.0387972
0.0275766	0.00997669	0.0379243
0.0219906	0.0150584	0.0374539
0.0323365	0.0126669	0.0385234
0.0328281	0.00879021	0.038537
0.0433676	0.00874617	0.0395236
0.0325776	0.00452372	0.0386409
0.0261569	0.00697601	0.0377309
0.0286657	0.0140324	0.0379957
0.0149528	0.0167366	0.0367839
0.0244861	0.00139255	0.0377992
0.0372486	0.0169121	0.0387524
0.0311714	0.0148282	0.038323
0.0394747	0.016885	0.0391793
0.0535502	0.00463175	0.0406506
0.0206892	0.0143757	0.0371895
0.0132284	0.0158947	0.0363807
0.035597	0.0129495	0.0386856
0.0252354	0.00870247	0.0378593
0.0231454	0.00787476	0.0376072
0.03567	0.00916359	0.0387264
0.035829	0.011637	0.0388833
0.0231048	0.00953841	0.0375412
0.014149	0.0156407	0.0366695
0.00851234	0.00799902	0.0361498
0.0367218	0.0130015	0.0386847
0.0217728	0.0120455	0.0373177
0.0218484	0.0140174	0.0374304
0.0224093	0.0104154	0.0374555
0.0401315	0.00739292	0.0392753
0.00798627	0.0115501	0.0359081
0.0256641	0.009912	0.0377424
0.00981813	0.00085318	0.0360969
0.032032	0.000764408	0.0385293
0.0246543	0.0157657	0.037707
0.045729	0.00833522	0.0398711
0.0215863	0.0122641	0.0373415
0.0507166	0.00413737	0.0403663
0.0402855	0.0174221	0.0390376
0.0380395	0.0146077	0.0390874
0.0409231	0.00572499	0.0393402
0.0290276	0.012574	0.0381706
0.0158382	0.00506893	0.0367365
0.0115839	0.00995207	0.0362557
0.0224963	0.0115098	0.037475
0.0408408	0.00939376	0.039153
0.0388185	0.00598696	0.0391213
0.0221393	0.0154665	0.0374807
0.0301917	0.0120491	0.0382567
0.0289692	0.00931348	0.0382107
0.036578	0.0106144	0.0388775
0.0192403	0.0127237	0.0371357
0.0228464	0.0088475	0.0376347
0.0254342	0.0079591	0.0378203
0.0395848	0.00437502	0.0390123
0.0287834	0.00965646	0.0380729
0.0275014	0.0150565	0.0378518
0.0337914	0.0150656	0.0386544
0.0176005	0.00650368	0.0369803
0.0340472	0.00958724	0.0386327
0.0266272	0.0111058	0.0379393
0.0376902	0.0136583	0.0390247
0.0176927	0.0145048	0.0370189
0.041877	0.00714215	0.0394594
0.0247816	0.00629772	0.0375866
0.0291856	0.0110288	0.0381584
0.0358416	0.0165267	0.0386174
0.0316361	0.00842685	0.0383523
0.0435402	0.0116376	0.0396496
0.0440566	0.00400059	0.0396829
0.0208318	0.00494562	0.0372118
0.0473606	0.0142531	0.0398301
0.0271545	0.0118452	0.0379775
0.0366426	0.0126518	0.0389065
0.0430356	0.0149521	0.0396195
0.0252833	0.0136064	0.0377705
0.0330153	0.0144726	0.0383364
0.0375562	0.014726	0.0389829
0.0396477	0.00303329	0.0391736
0.0313432	0.00403149	0.0383824
0.0296167	0.00891233	0.0381416
0.018837	0.0084167	0.0371573
0.0358166	0.00901584	0.0386387
0.0198532	0.012519	0.03713
0.0335564	0.00357152	0.0387014
0.0356924	0.0146662	0.0388797
0.0260996	0.00671969	0.037728
0.0501607	0.0132031	0.0403531
0.0287148	0.00725297	0.0381358
0.0175742	0.0144037	0.0369945
0.0294631	0.00391371	0.038099
0.0358722	0.00976747	0.0388647
0.0276984	0.00297247	0.038001
0.0182084	0.0084315	0.0370132
0.0419777	0.0150199	0.0390956
0.0230191	0.0089759	0.0375066
0.0282816	0.00693633	0.0381468
0.0123358	0.0104444	0.0364121
0.0294784	0.00178984	0.0381922
0.0473545	0.0111601	0.0400431
0.0254786	0.00767905	0.0377029
0.034654	0.00854161	0.0387562
0.0337696	0.00764748	0.0386643
0.0302231	0.0143458	0.0380967
0.0292137	0.0123583	0.0382518
0.0193007	0.0119372	0.0372115
0.0525534	0.0140516	0.0406446
0.0197808	0.0103552	0.0371897
0.0375786	0.00861626	0.0390878
0.0296768	0.00408292	0.0382063
0.0273366	0.0098215	0.0379206
0.0135141	0.00482967	0.0365702
0.000725121	0.0137213	0.0355764
0.0200085	0.0147778	0.037146
0.0331045	0.0109073	0.0385358
0.027652	0.0163949	0.0378812
0.00188213	0.011867	0.0352923
0.0529989	0.00900031	0.040565
0.0139539	0.0164969	0.0364696
0.0375851	0.010684	0.0390421
0.0202469	0.0109751	0.0374332
0.0136373	0.00610504	0.0365203
0.0415922	0.00525404	0.039175
0.0164028	0.0136368	0.0368985
0.0214073	0.0104501	0.0373135
0.0195213	0.00112645	0.0374684
0.0336047	0.00868447	0.0386514
0.0217916	0.0121246	0.0375812
0.0261415	0.0100477	0.0378387
0.0248838	0.0101839	0.0377136
0.025963	0.0110192	0.0377792
0.0285427	0.00920263	0.0379977
0.0411309	0.0103664	0.0394215
0.037069	0.00903777	0.0389525
0.0282427	0.00387846	0.0382021
0.0388971	0.0068541	0.0391945
0.0288288	0.00730459	0.038199
0.0398622	0.0159203	0.0393381
0.0354775	0.0146148	0.0388067
0.0280035	0.0157853	0.0378809
0.0271589	0.00855022	0.0379954
0.0333862	0.0142442	0.0385392
0.0327071	0.0108752	0.0385524
0.0105405	0.0140973	0.0363328
0.03557	0.00540699	0.0389493
0.00656347	0.011141	0.0359098
0.0346695	0.0117722	0.0386651
0.000727144	0.00906734	0.0352054
0.0417201	0.0122795	0.0391888
0.0167832	0.00985663	0.0369027
0.0413138	0.0115434	0.0393989
0.0305167	0.0083538	0.0382643
0.0289927	0.00435349	0.0381075
0.0438046	0.00764636	0.0397591
0.0377709	0.00194185	0.0389669
0.025422	0.00647019	0.0377247
0.0229855	0.00920703	0.0375858
0.0323556	0.0171932	0.0384815
0.0225967	0.00557955	0.0373868
0.00215482	0.0149648	0.0354966
0.037182	0.00763662	0.0389704
0.0248914	0.00965807	0.0376534
0.0339609	0.00230287	0.0386877
0.0407483	0.0109221	0.0392851
0.0334055	0.0107986	0.0384042
0.0224704	0.00156017	0.037609
0.0330209	0.0148733	0.0384019
0.0273147	0.00651011	0.0379324
0.0298161	0.00957103	0.03829
0.0273417	0.0159289	0.0379271
0.0269071	0.0118129	0.0379193
0.025939	0.0141388	0.0378032
0.0332178	0.0132565	0.0384354
0.0289258	0.0107602	0.0382037
0.021189	0.0139385	0.0372483
0.0451464	0.00947929	0.0398407
0.0169699	0.0094683	0.0369046
0.0460268	0.00957089	0.0397654
0.0476036	0.00766989	0.0400587
0.0319926	0.00631077	0.0384749
0.017173	0.0145034	0.0369846
0.0429708	0.0144761	0.0395502
0.0409635	0.0139998	0.0392395
0.0184755	0.0144921	0.0369802
0.0246357	0.00926694	0.0377671
0.0219847	0.00157927	0.0374694
0.0345853	0.0137727	0.0387045
0.0297233	0.00944552	0.0382426
0.0154912	0.00661247	0.0368482
0.0336408	0.000827934	0.0386823
0.0118953	0.00514369	0.0364315
0.0333681	0.00426416	0.0386059
0.0404797	0.00892324	0.0393071
0.0335569	0.011828	0.0384104
0.0340544	0.00921687	0.03867
0.0253683	0.0106285	0.0377108
0.0359154	0.0132557	0.0388772
0.0191744	0.0151496	0.0371972
0.0345742	0.00596291	0.0387659
0.0374396	0.00969532	0.0389947
0.0284735	0.011225	0.0380274
0.0181147	0.0144208	0.0371813
0.0355704	0.0118909	0.0388216
0.0403479	0.016395	0.0392464
0.0335061	0.0167658	0.0383461
0.0359915	0.0089342	0.0387918
0.0250625	0.00346774	0.0377436
0.0315366	0.0151913	0.0384171
0.0185629	0.00773713	0.0372409
0.00261247	0.00609721	0.0359041
0.0301991	0.0136368	0.0382833
0.0258584	0.00965493	0.0376952
0.0395406	0.0117518	0.0391813
0.0431964	0.0115569	0.0396557
0.0360256	0.00172099	0.0386833
0.0299176	0.00584847	0.0382017
0.0142813	0.0128957	0.036699
0.039999	0.00719277	0.0390514
0.0250759	0.0150227	0.0378363
0.0236367	0.0120514	0.0375177
0.0192683	0.0132827	0.0370788
0.028323	0.00337636	0.0381572
0.0447714	0.015614	0.0394658
0.0424767	0.013279	0.0395145
0.037795	0.0133346	0.0390101
0.0283248	0.00534973	0.0380951
0.0360365	0.0132621	0.0390332
0.0190148	0.0154754	0.0371907
0.0287515	0.00111001	0.038122
0.0445737	0.0111754	0.03967
0.0239031	0.0056765	0.0377564
0.0456534	0.0127747	0.0395589
0.0247013	0.00943837	0.0377169
0.0400671	0.0102396	0.0393576
0.0110509	0.0117504	0.0363832
0.0212127	0.00928352	0.0374348
0.046619	0.00978315	0.039933
0.0282682	0.00400165	0.0380355
0.0336141	0.0149594	0.0384991
0.0476988	0.00795768	0.0399745
0.0271579	0.00878141	0.0379117
0.0296477	0.0155631	0.0380365
0.0323991	0.00288098	0.0384813
0.0185782	0.0138135	0.0369876
0.0387518	0.0122004	0.0392748
0.0273583	0.0147706	0.0380519
0.0222615	0.00228347	0.0373768
0.0429237	0.00633373	0.0395282
0.0347524	0.0124294	0.0387474
0.0202998	0.0102756	0.0371936
0.036812	0.00486577	0.0387206
0.0152669	0.00627467	0.0366721
0.0279958	0.000673298	0.0380725
0.044395	0.00873021	0.039738
0.0221817	0.00596654	0.0375668
0.0156179	0.000833145	0.0365382
0.0308231	0.011603	0.038353
0.0234105	0.010122	0.0375242
0.0175579	0.00826748	0.0368771
0.038556	0.00915938	0.0391567
0.0307312	0.0106715	0.038225
0.027462	0.0154103	0.0380402
0.0363623	0.00961539	0.0388787
0.0216151	0.00503896	0.0373226
0.0276037	0.0122746	0.037981
0.0225749	0.0017188	0.0374827
0.0332037	0.0140199	0.0386135
0.0385166	0.00418377	0.0390333
0.0410417	0.0112648	0.039096
0.0334003	0.00435983	0.0386679
0.00974351	0.0160406	0.0363908
0.0122813	0.0147211	0.0363004
0.027861	0.0080358	0.0380525
0.018064	0.0120289	0.0370463
0.0325705	0.0115746	0.0384357
0.0307623	0.0069184	0.038361
0.0231061	0.0169211	0.0376043
0.0333937	0.015291	0.0386504
0.0353361	0.0167013	0.0388046
0.038004	0.0128954	0.0390387
0.0331568	0.00928431	0.0386032
0.0383447	0.0129638	0.039076
0.0287849	0.00633008	0.0380926
0.0224365	0.0142533	0.0373725
0.0292976	0.013662	0.0381248
0.0310083	0.0123137	0.038501
0.0418487	0.00609134	0.039488
0.0376083	0.00583897	0.0391141
0.0218597	0.00533054	0.0373586
0.0209431	0.0073816	0.0373374
0.0333283	0.0143957	0.0385318
0.0233814	0.00544571	0.0376261
0.00365892	0.0160766	0.0353623
0.0371269	0.0127675	0.0389733
0.0331505	0.00506554	0.0386879
0.0152914	0.00262462	0.0367386
0.00437886	0.012486	0.0355859
0.0208928	0.00917181	0.0372932
0.0244438	0.0114152	0.037619
0.0428801	0.016363	0.0395347
0.0244535	0.0129006	0.0376371
0.0347502	0.0140757	0.038647
0.0375881	0.0142521	0.0392221
0.0294874	0.00569533	0.0380636
0.0182904	0.012289	0.0372003
0.0241481	0.0196976	0.0375254
0.0226549	0.0102271	0.0374466
0.0259356	0.0133606	0.0376915
0.0120653	0.00962069	0.0366181
0.0231366	0.00759007	0.0374677
0.00733939	0.0162943	0.0359825
0.0464945	0.0138648	0.0398834
0.02393	0.0143265	0.0377286
0.0161985	0.00834007	0.0368453
0.0350408	0.00168195	0.0387841
0.0171582	0.0053313	0.037094
0.0255488	0.0165211	0.0378786
0.0464298	0.0137646	0.0399241
0.0340987	0.00101158	0.0385796
0.00583346	0.0164739	0.0358346
0.0304915	0.0134673	0.0384847
0.0310875	0.00960491	0.0382385
0.0295069	0.0088832	0.0381277
0.00762776	0.0151706	0.0359003
0.0397254	0.0120008	0.0392488
0.0389866	0.0153114	0.0390564
0.0333836	0.00202717	0.0383573
0.0283178	0.0110484	0.0381473
0.0369429	0.0121545	0.03884
0.0300225	0.010475	0.0383084
0.0407033	0.0160355	0.0391645
0.041966	0.00846812	0.0394344
0.0485223	0.0138242	0.0400373
0.0288983	0.0151043	0.03818
0.0264588	0.0142962	0.0379975
0.0349743	0.0164648	0.0386124
0.0297754	0.00649391	0.0383081
0.0274757	0.00161912	0.0380803
0.0349754	0.00455684	0.0386509
0.0273458	0.011052	0.0379441
0.0308204	0.0130838	0.0383945
0.0178334	0.0108066	0.036931
0.0344281	0.0137142	0.0386045
0.0418913	0.00878018	0.0392156
0.0430896	0.00831532	0.0393327
0.0237477	0.00841063	0.0375827
0.0312213	0.0113805	0.0383604
0.0400269	0.0167818	0.0390591
0.0306095	0.014531	0.0382864
0.0262016	0.0109947	0.0378286
0.0181485	0.0098263	0.0370428
0.0117549	0.01278	0.0366654
0.0396768	0.00988754	0.0391757
0.0158802	0.00729196	0.0366892
0.0411093	0.00572473	0.0395147
0.0319943	0.0108277	0.0384587
0.0400575	0.00996576	0.0392821
0.0155704	0.00759783	0.0368526
0.042411	0.0203561	0.039674
0.0405515	0.0165379	0.0390628
0.0322388	0.0056314	0.0383451
0.0269048	0.0099956	0.0380297
0.0168599	0.0112557	0.037022
0.021578	0.0140451	0.0375082
0.0388685	0.0103685	0.0391414
0.0486047	0.00635084	0.0400354
0.0214321	0.0101021	0.0373777
0.0287442	0.00606588	0.0380923
0.0170971	0.0148762	0.0368398
0.0209159	0.0166492	0.0376017
0.0370252	0.00113408	0.0386844
0.0256565	0.00961289	0.0378102
0.0333709	0.00214617	0.0386586
0.0332183	0.0116076	0.0384712
0.0209066	0.0104901	0.0372374
0.0398508	0.00660973	0.0392336
0.0323331	0.00843939	0.038527
0.0481806	0.00167847	0.0401448
0.0216723	0.00843396	0.0374557
0.0151163	0.0154407	0.0367938
0.0242412	0.00771546	0.0377175
0.0306505	0.00552762	0.0384438
0.0094209	0.00992326	0.0362244
0.0420779	0.0111337	0.0395108
0.0171328	0.00246756	0.0367262
0.0325415	0.0110359	0.038538
0.047188	0.00650942	0.0399999
0.0367885	0.00168751	0.0390168
0.0513526	0.00690502	0.0404409
0.0387028	0.0126373	0.039203
0.0197674	0.0100077	0.0371205
0.0421043	0.0120187	0.039169
0.0315608	0.00449062	0.0382527
0.033571	0.00708606	0.0386241
0.0338149	2.28297e-05	0.0384785
0.00990837	0.000814791	0.0360676
0.0459197	0.0113734	0.0397845
0.0513203	0.0121906	0.0402436
0.0130685	0.0098559	0.0364853
0.0390806	0.0144189	0.039169
0.0299252	0.0161772	0.0382597
0.0297267	0.0122067	0.0381865
0.0390557	0.00914664	0.0392306
0.0379505	0.0098449	0.0391253
0.0304313	0.00887649	0.0382948
0.0303767	0.00938943	0.0382356
0.0344836	0.0104212	0.0387371
0.0303058	0.00859261	0.038244
0.0458014	0.0154178	0.0396909
0.0283339	0.000289871	0.0381019
0.0320943	0.00663445	0.0383529
0.0390326	0.0157544	0.0389227
0.0353172	0.00600064	0.0387766
0.0149359	0.0151876	0.0367972
0.0345373	0.0158495	0.0384957
0.0397053	0.00996233	0.0393093
0.0422387	0.0093136	0.0392441
0.0277918	0.00345115	0.0381068
0.0161897	0.0111687	0.0367911
0.0350352	0.00749462	0.0387469
0.0443399	0.00642393	0.0398259
0.0225566	0.00972514	0.0375018
0.0329996	0.0127701	0.0385233
0.0331076	0.0121389	0.0384615
0.0386456	0.0162567	0.0390912
0.0280145	0.0135349	0.0381147
0.0272779	0.0146835	0.0381901
0.0140872	0.00469531	0.036816
0.0123002	0.0162668	0.0364885
0.00738824	0.0139823	0.03588
0.0186346	0.00210016	0.0372298
0.0139187	0.0176199	0.0366909
0.0389332	0.00826013	0.0392445
0.0364813	0.0134122	0.0389248
0.0268571	0.00669461	0.0379234
0.0346274	0.00536443	0.0386997
0.025709	0.0100505	0.0379021
0.024294	0.0100891	0.0376517
0.0254085	0.0019501	0.0377446
0.0271904	0.00524867	0.0379103
0.0317127	0.012845	0.0382879
0.0212459	0.00875751	0.0372802
0.0307494	0.0121904	0.0382555
0.0292177	1.66985e-05	0.0382116
0.0200159	0.00581035	0.0374033
0.0167356	0.0142458	0.0370518
0.0176977	0.0160003	0.0372152
0.0070441	0.00743784	0.035934
0.0400152	0.00984173	0.0392027
0.0326266	0.0128559	0.0383837
0.0371855	0.00117637	0.0387966
0.0199301	0.0168543	0.0372829
0.0332074	0.0043108	0.0384826
0.0401984	0.0100416	0.0393284
0.0348058	0.000468897	0.0387665
0.0350528	0.0132988	0.0387848
0.0252863	0.0063968	0.03773
0.0259165	0.00337451	0.0378101
0.036397	0.0130121	0.0387861
0.0299347	0.00715478	0.0382759
0.0292505	0.0126895	0.0381819
0.0405771	0.00306123	0.0391647
0.0283001	0.0066251	0.038093
0.0241832	0.0104903	0.0376326
0.0186835	0.0146733	0.0369453
0.0273899	0.0139274	0.0379954
0.0352266	0.000285543	0.0388291
0.026053	0.0117541	0.0378601
0.0294527	0.0100816	0.0382343
0.0324898	0.012993	0.0383626
0.0348255	0.0105369	0.0387477
0.035149	0.017771	0.0387978
0.0377772	0.00494548	0.0390524
0.030436	0.0132264	0.0383016
0.0330391	0.0100002	0.0385328
0.0316062	0.0161591	0.0382173
0.039499	0.00866964	0.0390846
0.0327231	0.00864762	0.0385483
0.00557045	0.0158898	0.0358035
0.0282736	0.00655612	0.0380908
0.0230646	0.0062757	0.037487
0.0236948	0.0120767	0.0375021
0.0376305	0.0143568	0.0390161
0.0296562	0.00571601	0.0381895
0.0482731	0.00804321	0.0402214
0.0425223	0.0053155	0.0392656
0.0249313	0.00275351	0.0378824
0.025176	0.00492727	0.0379042
0.0437317	0.0130111	0.0394806
0.0198285	0.0118195	0.0372478
0.0134422	0.0155391	0.0366201
0.0360527	0.00190963	0.0389455
0.0423365	0.016396	0.0395269
0.0315088	0.0127389	0.0383179
0.0196594	0.0133698	0.0370837
0.00581113	0.00921479	0.0357311
0.0315088	0.00406075	0.0384351
0.0171411	0.00508931	0.0368831
0.0365474	0.0116222	0.0387013
0.0415744	0.0070726	0.0395111
0.0127349	0.01092	0.036395
0.0378987	0.0100513	0.0388336
0.0297429	0.0110069	0.0382961
0.0224874	0.00188617	0.0377423
0.0200746	0.00903902	0.0372392
0.0439278	0.0141983	0.0397094
0.0261131	0.0012609	0.0379444
0.017652	0.00529197	0.0369963
0.0443725	0.0102093	0.039773
0.0385085	0.0117884	0.0391786
0.0435211	0.00854836	0.0395737
0.0135286	0.0129775	0.0365567
0.0426726	0.0106371	0.0394982
0.0243768	0.0075433	0.0375878
0.029849	0.00445923	0.0382785
0.0332502	0.0123913	0.0387291
0.0212525	0.00945387	0.0373082
0.0207615	0.0121997	0.0373117
0.0145772	0.0136811	0.0365682
0.014554	0.0148195	0.0365918
0.0205692	0.000864903	0.0375561
0.0343744	0.00614682	0.0385071
0.0476717	0.0124763	0.040027
0.023216	0.0112	0.0374578
0.042892	0.00654857	0.0395748
0.0333295	0.0139217	0.0383726
0.0286414	0.0159662	0.0380473
0.0329203	0.0123113	0.0384702
0.0317466	0.0152769	0.0384016
0.0378204	0.00811045	0.0389209
0.0361921	0.00706106	0.0388492
0.0228899	0.0159586	0.0375498
0.0258068	0.0150825	0.0377076
0.0410255	0.00108989	0.0391582
0.0204155	0.0119698	0.0371751
0.00849689	0.00671827	0.0361756
0.0370635	0.00384982	0.0388183
0.0311633	0.00624305	0.0381996
0.0458983	0.0109083	0.0399624
0.0528069	0.0132487	0.0403821
0.0212036	0.00786774	0.0374812
0.0298138	0.00738528	0.0380952
0.0267822	0.0133516	0.037812
0.0366007	0.00590511	0.038893
0.0339716	0.00734022	0.0387277
0.0216132	0.0100723	0.0373194
0.0302109	0.00616689	0.0383308
0.0288796	0.0146434	0.0380257
0.0218107	0.00648266	0.0374089
0.0299139	0.00432652	0.038306
0.0312128	0.00958101	0.0384246
0.0139065	0.015676	0.0365433
0.0296187	0.0156208	0.0380743
