0.0287053	0.0101201	0.0297482
0.0275809	0.0102714	0.0642945
0.0300741	0.0105549	0.156517
0.0288309	0.00951808	0.051494
0.0316558	0.0102623	0.0230863
0.0283738	0.00972285	0.0267047
0.0321005	0.00968084	0.0824806
0.0303189	0.00947899	0.0353483
0.0317396	0.00975406	0.033465
0.0294181	0.00891859	0.0935932
0.032038	0.0102483	0.058361
0.0310298	0.00933443	0.0458496
0.0297469	0.00936628	0.15291
0.0305026	0.0109671	0.084008
0.0302324	0.0101815	0.118319
0.0305285	0.0111343	0.0242776
0.0271611	0.00927038	0.0712168
0.0294497	0.0100067	0.0529447
0.0312701	0.0100521	0.0658692
0.0321555	0.011087	0.0725876
0.0281343	0.0102634	0.0309456
0.0292002	0.00957833	0.0896038
0.0313193	0.00936361	0.0484307
0.0275943	0.0101471	0.0132958
0.0315472	0.00885532	0.0425543
0.0314604	0.0106632	0.0326236
0.0286631	0.00921012	0.0813552
0.0274287	0.0096015	0.102131
0.0319003	0.00948622	0.0502969
0.0298315	0.010261	0.170334
0.0293669	0.00914796	0.0521271
0.0283103	0.00972879	0.0728843
0.031874	0.010556	0.115708
0.0295848	0.0094146	0.0527778
0.0285562	0.0103509	0.0103653
0.0295285	0.0106237	0.0329947
0.0315769	0.0104625	0.0971748
0.0310531	0.00924157	0.122753
0.0303998	0.00914222	0.0990234
0.0315321	0.00973326	0.0526594
0.0307359	0.00983071	0.120807
0.029014	0.00922008	0.0533631
0.0300702	0.0106818	0.0382047
0.031169	0.00921381	0.147992
0.0307678	0.00994509	0.0605679
0.031285	0.00965759	0.0884507
0.0299821	0.00981553	0.036965
0.0315838	0.00902705	0.0469574
0.0308141	0.0101405	0.0405338
0.0291238	0.00973223	0.0820888
0.0269833	0.00993144	0.02127
0.0289793	0.010203	0.0724899
0.0301812	0.0107967	0.067892
0.0314516	0.00850957	0.0734125
0.0293807	0.0092405	0.0945219
0.0313625	0.0091604	0.0761939
0.0310815	0.00998693	0.0292333
0.0313333	0.0104498	0.0816144
0.0281633	0.00956885	0.159743
0.031137	0.0100327	0.0415793
0.0271669	0.00937887	0.0380732
0.028944	0.0101973	0.0247136
0.0308961	0.0101496	0.0427326
0.0309513	0.00921569	0.11454
0.0281051	0.0104572	0.0259172
0.0252994	0.0101151	0.098297
0.029184	0.0109419	0.0330173
0.0329633	0.00989371	0.0349853
0.0317975	0.00982575	0.0573468
0.0304547	0.0108824	0.12181
0.0296723	0.0110336	0.0624718
0.0306406	0.00924847	0.0546847
0.0289548	0.0101962	0.0536063
0.0281606	0.00999695	0.064264
0.0283234	0.00881019	0.13343
0.0290705	0.0104952	0.0995933
0.0289144	0.0107708	0.139902
0.02746	0.0105102	0.0942757
0.0308658	0.00988864	0.0807389
0.0309098	0.0100464	0.0139501
0.0323447	0.0104247	0.086926
0.031088	0.00940403	0.0455326
0.0264569	0.00953768	0.062305
0.0286299	0.0101348	0.0535776
0.0315017	0.010981	0.125128
0.0302967	0.00962992	0.170635
0.028368	0.00900772	0.00680193
0.0304084	0.0101816	0.0829155
0.0331055	0.0112075	0.074702
0.0309669	0.00895124	0.0356471
0.0298367	0.00934938	0.0147193
0.0275231	0.00901402	0.0500478
0.0287759	0.00902225	0.0234142
0.0322982	0.0109227	0.0670608
0.0318117	0.00921906	0.0256172
0.0294263	0.00923163	0.053053
0.0306988	0.0114462	0.126467
0.029179	0.00940354	0.0878527
0.0253048	0.00909606	0.00413304
0.0292312	0.00936442	0.0718609
0.0313068	0.0110073	0.0209467
0.0297977	0.0105633	0.0516658
0.0293473	0.0103524	0.0289227
0.0283802	0.0100197	0.0771578
0.0285592	0.0102971	0.0695103
0.0275698	0.011008	0.0324332
0.0295634	0.00965634	0.0224365
0.0282109	0.00939512	0.0380947
0.0308762	0.00983114	0.0806537
0.0294323	0.0110834	0.0565564
0.0299261	0.00967022	0.0481366
0.0288139	0.0100423	0.116719
0.0337374	0.0111544	0.0564393
0.0315616	0.00953963	0.0415519
0.0320029	0.0105047	0.119186
0.0305019	0.011357	0.106288
0.0306327	0.010198	0.0643512
0.0313006	0.00944982	0.0274544
0.0302593	0.00898201	0.0448586
0.0313139	0.0103885	0.0437605
0.0301481	0.00970798	0.0402058
0.029251	0.00993369	0.0535762
0.0289653	0.00939063	0.0328731
0.0295362	0.0109266	0.0611973
0.0311713	0.0104592	0.0334728
0.0275336	0.00920745	0.0273073
0.027794	0.00859903	0.0974964
0.0297753	0.00998799	0.058964
0.0295305	0.0103325	0.0450824
0.0289195	0.0108344	0.0554871
0.0291902	0.00999714	0.0539829
0.0308593	0.0106067	0.0251628
0.0316016	0.010338	0.0590953
0.0297687	0.00965147	0.00726504
0.0288954	0.0097197	0.0963583
0.0299223	0.00983256	0.0420146
0.0273095	0.00928479	0.100032
0.0286674	0.0102982	0.0882891
0.03006	0.0101925	0.0523144
0.0284457	0.0101525	0.0432304
0.0303499	0.0103233	0.0755539
0.028695	0.0101275	0.0718958
0.0273126	0.00951054	0.134221
0.0304481	0.0109689	0.134353
0.0299536	0.00931094	0.101832
0.0313908	0.0096144	0.0526855
0.0290587	0.00938481	0.0328383
0.0322757	0.0106729	0.0225982
0.029848	0.0104835	0.0672504
0.0273573	0.00930838	0.0258758
0.0291802	0.00989768	0.0691919
0.032147	0.0105597	0.01644
0.0313779	0.00928744	0.0463432
0.0299418	0.0101732	0.0543873
0.0286207	0.00906233	0.0605314
0.0308338	0.0106124	0.0650581
0.0308524	0.0105354	0.0423158
0.0294951	0.00959204	0.1812
0.0325688	0.0102668	0.05658
0.0285624	0.00918924	0.0478183
0.0292607	0.0081459	0.0905164
0.0283873	0.0101425	0.0218891
0.0289001	0.0104388	0.00768738
0.0329955	0.00891884	0.0448572
0.0292666	0.00845795	0.111905
0.0310432	0.00987959	0.0233529
0.0304828	0.0104825	0.0367088
0.0287732	0.010428	0.0680958
0.0284608	0.0102631	0.0787213
0.0309067	0.0109002	0.0253966
0.0304947	0.00917954	0.0793444
0.031162	0.00988912	0.0929906
0.0249439	0.0104991	0.0175777
0.02894	0.00961756	0.0682555
0.0290296	0.0110881	0.0845582
0.0315366	0.0115786	0.127225
0.0282713	0.00981763	0.0500548
0.0321044	0.00826708	0.0460705
0.0312297	0.00951792	0.0507716
0.0303151	0.0104537	0.0538455
0.0289842	0.0106419	0.086263
0.0304476	0.0099033	0.0222206
0.0307921	0.0102517	0.0438384
0.0262752	0.010765	0.0926983
0.0301212	0.00946704	0.133024
0.0326753	0.00948104	0.0471323
0.029867	0.0101655	0.0677158
0.0292395	0.0100434	0.0295209
0.0290572	0.0101354	0.128723
0.0314509	0.00931609	0.0920699
0.02897	0.0102957	0.0427831
0.0310123	0.0107223	0.149932
0.0289191	0.0108249	0.0300851
0.0298017	0.0103058	0.0355037
0.0310274	0.00964518	0.0524183
0.0308064	0.00953537	0.0447845
0.0310343	0.00937905	0.0713639
0.0286932	0.00959216	0.0544974
0.0285749	0.0101039	0.0681433
0.0305758	0.0107401	0.0770293
0.0308559	0.00938029	0.0980596
0.0295282	0.00908263	0.136325
0.0293761	0.0109933	0.0352243
0.0314928	0.0103284	0.0247422
0.0322824	0.00953754	0.0587806
0.0290944	0.00945961	0.0709287
0.0297905	0.00937832	0.0761492
0.0294249	0.0100871	0.0618797
0.0308816	0.0101535	0.099024
0.0294391	0.00957156	0.00818453
0.0287644	0.00913933	0.0280977
0.0308521	0.0102539	0.0415782
0.0288992	0.00938913	0.0258074
0.0287947	0.0100492	0.0852105
0.030172	0.0102039	0.118448
0.0267672	0.00959664	0.0575284
0.0318538	0.0109027	0.0586912
0.0309943	0.0105693	0.120643
0.0267195	0.00905432	0.0141157
0.0329682	0.00932839	0.174751
0.0272977	0.0103365	0.0602145
0.0297483	0.0103264	0.0608711
0.0301975	0.00892583	0.186986
0.0300105	0.0108131	0.0425106
0.030795	0.0101987	0.0927309
0.0307048	0.010297	0.102482
0.0355161	0.0093372	0.039993
0.030002	0.0102054	0.120119
0.0313833	0.0108931	0.0404482
0.0272261	0.00906072	0.0833651
0.0289771	0.00959204	0.0995
0.0288136	0.00967959	0.0691785
0.0293781	0.0105415	0.0760672
0.0316995	0.0101663	0.0436719
0.0290273	0.00970907	0.0679096
0.0259865	0.00976749	0.0579311
0.0280806	0.0108125	0.0626015
0.0315073	0.0100051	0.0237839
0.0289293	0.00914814	0.0648809
0.0286026	0.00932682	0.00598664
0.0336	0.00981428	0.0961608
0.0293784	0.00972095	0.0403054
0.0312313	0.0106036	0.0424738
0.0298568	0.00963778	0.0252694
0.0288394	0.00995959	0.0717561
0.031334	0.0108901	0.0373547
0.0299361	0.010954	0.108937
0.0300736	0.00919742	0.0464867
0.0319729	0.0094952	0.0480506
0.0277241	0.00969691	0.0998929
0.0305191	0.010373	0.0427923
0.0330618	0.0100856	0.0261343
0.0334842	0.0102784	0.147683
0.0293538	0.00983898	0.0527343
0.0302024	0.00989748	0.0964633
0.0330656	0.01197	0.0144533
0.0297742	0.010754	0.040653
0.0298342	0.010114	0.0330807
0.0313807	0.0109877	0.0229088
0.0326535	0.00866415	0.0714509
0.0267319	0.00985342	0.019757
0.0325908	0.00904465	0.0498415
0.0285156	0.0100084	0.0983396
0.0320333	0.00998684	0.0535378
0.0317808	0.0108523	0.0622532
0.0306829	0.0102984	0.0858116
0.0306427	0.0102687	0.0533517
0.0262491	0.0115123	0.0966465
0.0281624	0.00939474	0.0554909
0.0265855	0.00915646	0.0624962
0.0286249	0.0100063	0.0412367
0.0293546	0.00822886	0.053209
0.0300564	0.00968328	0.0617077
0.0277038	0.00948203	0.0530395
0.0305249	0.0097431	0.116263
0.0323215	0.00895594	0.115082
0.0344619	0.00868256	0.0286517
0.0300452	0.0113097	0.130636
0.0306584	0.0105486	0.0376964
0.0284564	0.00935146	0.0246815
0.0315754	0.00833627	0.0745194
0.0269122	0.00981136	0.0375044
0.0315299	0.00936114	0.0891326
0.0294074	0.0106185	0.0232171
0.0307051	0.00930889	0.0157043
0.0287977	0.0101151	0.046265
0.0295745	0.0098199	0.0466235
0.0303902	0.0101164	0.0744569
0.0293819	0.00956192	0.0617906
0.0291228	0.00993829	0.0474044
0.0271393	0.0106616	0.0451571
0.0308351	0.00998754	0.119214
0.0308143	0.0111959	0.0825375
0.0291116	0.0102088	0.0396388
0.0298771	0.0094386	0.11501
0.0304162	0.0109115	0.0683067
0.0309563	0.0102332	0.0580823
0.0302116	0.00947074	0.0440328
0.0301596	0.00886562	0.00828019
0.0266301	0.00995145	0.0945634
0.0291251	0.0093285	0.249345
0.0312731	0.0100552	0.0517565
0.0292347	0.0108698	0.101358
0.0296372	0.00916392	0.0745167
0.0267584	0.00881364	0.0563919
0.0327178	0.0104058	0.0671833
0.0300454	0.0101719	0.113861
0.027878	0.00991666	0.0557126
0.0323852	0.0111028	0.0332519
0.0299625	0.0108717	0.0378031
0.0290681	0.0108167	0.0381918
0.0274882	0.00974811	0.0624786
0.0307429	0.00945169	0.0228574
0.0302383	0.0100275	0.0723814
0.0278769	0.0107681	0.102918
0.029784	0.00968722	0.103771
0.0299615	0.00904699	0.0440749
0.0291994	0.00986868	0.0877108
0.0319197	0.00981908	0.0136187
0.0290806	0.0098849	0.00913111
0.0304942	0.0101121	0.0515148
0.0324089	0.00960821	0.124269
0.0297456	0.0103654	0.0370817
0.0328364	0.00904793	0.0853176
0.0304404	0.00986741	0.0511768
0.0305102	0.0107186	0.0260505
0.0315685	0.00960632	0.0447552
0.0295406	0.0091886	0.185512
0.0319941	0.0103148	0.0239456
0.0289094	0.00971723	0.049974
0.0299414	0.00919184	0.0064024
0.0317071	0.0111375	0.0852851
0.026762	0.00797721	0.0865067
0.0289849	0.00973755	0.0671331
0.0273562	0.00976143	0.0508664
0.0279377	0.0100783	0.0697245
0.0292022	0.00999673	0.0637743
0.0270973	0.00937526	0.0392433
0.0274371	0.00824866	0.0936595
0.0312417	0.0100668	0.0237032
0.0312174	0.0105063	0.0265903
0.0281343	0.0105866	0.0348203
0.0314007	0.00972576	0.050235
0.0290589	0.0100036	0.0505994
0.0281968	0.00957902	0.0339509
0.0304465	0.00866301	0.0492585
0.0320645	0.00917636	0.0252976
0.0320888	0.0108309	0.0870165
0.0282367	0.00944144	0.0433345
0.0284071	0.0105654	0.0363613
0.0307567	0.010312	0.0267276
0.0301063	0.0105805	0.111009
0.0285275	0.00997202	0.0204154
0.0299485	0.0103826	0.0409719
0.0301198	0.0104549	0.0538592
0.0299159	0.00935501	0.0250819
0.0308643	0.0109944	0.0830532
0.0305445	0.0116839	0.170819
0.0273429	0.00910918	0.0379593
0.0301075	0.0091797	0.0726911
0.0270733	0.0102857	0.104156
0.030762	0.00941599	0.0163869
0.0294488	0.0109066	0.0629517
0.0285106	0.0107791	0.0569792
0.0311713	0.00873818	0.0509559
0.0308398	0.0107995	0.0106319
0.0307497	0.00852632	0.0486542
0.0275309	0.0109187	0.102425
0.0296114	0.0100775	0.00822475
0.0309344	0.0105731	0.0785972
0.028447	0.00968081	0.0207195
0.0292717	0.009285	0.0501768
0.0293421	0.00970806	0.0678433
0.0312383	0.00996284	0.113796
0.0295953	0.00995761	0.0679584
0.0296937	0.00945864	0.0526864
0.0275886	0.00870338	0.0440593
0.0306457	0.00949345	0.0483972
0.031689	0.00906586	0.00818434
0.0320766	0.00878648	0.091461
0.0307629	0.00791724	0.110544
0.0313546	0.00983512	0.0249119
0.0304567	0.0101608	0.0313071
0.0282008	0.00918331	0.0484403
0.0280866	0.00886033	0.0668828
0.0315794	0.00982493	0.045026
0.0319279	0.010217	0.0907872
0.0280655	0.010389	0.0457222
0.0308325	0.0105748	0.083106
0.0297416	0.0109663	0.0754556
0.0303565	0.00899775	0.0652989
0.0319632	0.00944462	0.149535
0.0286317	0.0106642	0.120613
0.0308413	0.0115196	0.180877
0.0297846	0.00953248	0.0501097
0.0301398	0.00845501	0.0528151
0.0297782	0.0090956	0.0769834
0.0270694	0.01028	0.0620586
0.029258	0.0100212	0.0356574
0.0316642	0.00975994	0.00882484
0.0295047	0.0102667	0.107213
0.033105	0.0110076	0.0172025
0.0308899	0.00942569	0.0325821
0.0288516	0.0105556	0.0699288
0.0309345	0.010743	0.0723822
0.0300787	0.0106275	0.0450713
0.0278336	0.00950443	0.0554734
0.0311362	0.0104607	0.0622219
0.0312586	0.0108169	0.0423509
0.0324414	0.0105363	0.0914239
0.0312791	0.0107065	0.0510322
0.0284883	0.00922268	0.11512
0.0318842	0.00953985	0.0942753
0.0289076	0.00933898	0.0448185
0.0295415	0.0101693	0.0696709
0.0312318	0.0112424	0.0863709
0.0323747	0.00873478	0.0697062
0.0283744	0.0096875	0.0983665
0.0301162	0.00971881	0.0286903
0.0312363	0.00983281	0.0299956
0.0309359	0.0098231	0.0274346
0.0277442	0.00942786	0.0766871
0.0309791	0.0103821	0.0265966
0.0279863	0.010551	0.0323166
0.0316214	0.0103864	0.0230674
0.0276872	0.010602	0.0912571
0.0306708	0.00868796	0.0448954
0.0294359	0.0101422	0.107363
0.0303314	0.0115522	0.0383149
0.0310782	0.0103136	0.0424867
0.0312686	0.00933835	0.0474141
0.0310502	0.0098451	0.00784308
0.0265395	0.0100576	0.023622
0.0294481	0.0108018	0.056962
0.0301485	0.0102053	0.0373053
0.0287897	0.0100087	0.0694265
0.0290748	0.0117685	0.0277003
0.028795	0.0100979	0.0779223
0.0308947	0.009608	0.052486
0.028717	0.00984221	0.0273195
0.0289952	0.0104339	0.0792074
0.02881	0.0104493	0.0395517
0.032773	0.00895981	0.037261
0.0295092	0.0102221	0.0295832
0.0319582	0.0110331	0.0586494
0.0315016	0.00870853	0.0835209
0.0335877	0.0099148	0.0909666
0.0307619	0.0103698	0.0485963
0.0289192	0.010562	0.0440952
0.0318787	0.0109003	0.0537816
0.0264912	0.00885404	0.17565
0.0311875	0.010004	0.0810083
0.0301456	0.00963658	0.0208889
0.0323405	0.0108855	0.0819134
0.0320811	0.0091855	0.0399551
0.0284697	0.0100464	0.0845247
0.0300054	0.00971109	0.0490854
0.0324622	0.0100222	0.116513
0.0317765	0.0099682	0.0541866
0.0287108	0.00972263	0.0405361
0.0305653	0.0110526	0.0908475
0.0284052	0.0102611	0.0513598
0.0314429	0.00937014	0.0387772
0.0301369	0.0104109	0.0997473
0.030005	0.0102863	0.0836391
0.0296257	0.0098577	0.0280597
0.0292063	0.0101095	0.0333184
0.0301985	0.00957817	0.0981519
0.028292	0.010356	0.130751
0.0310845	0.0100224	0.0296473
0.0263804	0.00933797	0.117736
0.0287675	0.0109196	0.0391163
0.0324347	0.0100976	0.109907
0.0304598	0.00968071	0.0562255
0.0340701	0.010578	0.0518848
0.0303819	0.0092515	0.0547626
0.0303971	0.00944261	0.0924745
0.0303113	0.00966029	0.0355803
0.0301575	0.00874265	0.0949606
0.0307505	0.00991875	0.124144
0.0324021	0.0095336	0.0481287
0.0297777	0.00895502	0.0518639
0.0288817	0.00968207	0.0449083
0.029543	0.0101486	0.0339263
0.0312773	0.0105364	0.0832357
0.029158	0.00949875	0.0475205
0.0314937	0.00967707	0.0439042
0.0305125	0.0104453	0.0402373
0.0304566	0.010332	0.0643039
0.0297188	0.0108084	0.0704993
0.0299812	0.00990573	0.0585671
0.0303663	0.0103994	0.0599981
0.0301939	0.00980273	0.0773587
0.0303907	0.00896307	0.0372286
0.0280162	0.00985155	0.0393046
0.0315262	0.00891119	0.0381787
0.030218	0.0101938	0.0750646
0.0330326	0.0109005	0.0832777
0.0304387	0.0107837	0.0631042
0.0307395	0.00919181	0.0949184
0.0278143	0.00977744	0.0648775
0.0314219	0.0105521	0.0379766
0.030519	0.00945546	0.0247949
0.0297766	0.00962831	0.0258729
0.0294626	0.00898894	0.0740612
0.0297934	0.0104689	0.0817459
0.0302854	0.00977536	0.0496552
0.0313298	0.0104423	0.0234352
0.0289843	0.00919292	0.021181
0.0299274	0.00934093	0.0705877
0.0302329	0.00971015	0.0433043
0.0302894	0.00951076	0.0999132
0.0321469	0.00975408	0.027466
0.0291998	0.00948936	0.0239628
0.0298975	0.0105249	0.111106
0.032463	0.00926094	0.0755044
0.0302564	0.009908	0.051247
0.0331667	0.0100604	0.0385402
0.027015	0.00971433	0.029593
0.0299223	0.0110253	0.0243553
0.0313281	0.0080975	0.0237358
0.0295947	0.0107372	0.0407341
0.0313197	0.00922867	0.0834901
0.0332121	0.00933663	0.0696062
0.0291632	0.0103195	0.0687251
0.0306825	0.0111371	0.0718292
0.0314068	0.0103054	0.0330962
0.0320213	0.0102719	0.0913118
0.027557	0.0115581	0.021009
0.0315748	0.00916071	0.0466211
0.0320129	0.0112208	0.0381287
0.0318681	0.00988924	0.0399795
0.0271934	0.00913891	0.0403288
0.0308353	0.0098089	0.0657379
0.0289849	0.0092571	0.0551959
0.0322799	0.00916124	0.0824512
0.0282151	0.0103311	0.0564909
0.0291612	0.00932929	0.0311548
0.0317125	0.0100664	0.0957606
0.0292973	0.0100504	0.0282164
0.0308084	0.0110429	0.101648
0.0291733	0.00908619	0.0616083
0.0324172	0.0101578	0.0918962
0.0309032	0.0104468	0.0887676
0.0306808	0.0112487	0.0633953
0.0315439	0.0116171	0.0658496
0.02893	0.010838	0.0886031
0.0294201	0.0114868	0.0273373
0.0300641	0.0100556	0.0837293
0.0305928	0.0107391	0.0284545
0.029561	0.0109947	0.10143
0.0308188	0.0102204	0.0118489
0.028055	0.00890388	0.0940832
0.0270132	0.0101972	0.0887184
0.0305227	0.0108191	0.138647
0.0291192	0.0098286	0.0551869
0.0326441	0.0106304	0.0718577
0.0307667	0.0104416	0.0742737
0.0323794	0.00890623	0.041936
0.0332644	0.0101809	0.0835466
0.0285432	0.00893	0.0529745
0.0293441	0.0108872	0.101754
0.0300939	0.00887326	0.0536956
0.0292804	0.00987807	0.0293461
0.0310623	0.00884316	0.0836936
0.0284601	0.0101449	0.0863811
0.0303895	0.0102233	0.081877
0.0333693	0.0103137	0.102032
0.0294736	0.0106738	0.0655229
0.0290058	0.0107108	0.119461
0.0299994	0.00939922	0.0252057
0.0313189	0.0113605	0.0398574
0.0268761	0.00829917	0.141576
0.032189	0.0111438	0.0539852
0.0300942	0.00960096	0.0569004
0.0320279	0.00935252	0.0426669
0.0297649	0.0112829	0.138306
0.0305579	0.0104331	0.0425784
0.0325917	0.0104313	0.0612922
0.0301346	0.00989722	0.146387
0.0296001	0.00929149	0.0246502
0.0277324	0.0112558	0.037247
0.0287697	0.00976351	0.0217717
0.0299292	0.00919316	0.0332537
0.0309458	0.00960292	0.0523688
0.0299109	0.00987367	0.0252145
0.0292883	0.0109791	0.0577074
0.0316454	0.0108361	0.0585191
0.0285631	0.00950785	0.0568683
0.0305354	0.00996107	0.0750333
0.0293009	0.00968963	0.0685115
0.0295766	0.0116868	0.0348068
0.0298367	0.00931989	0.0214881
0.0283327	0.0104146	0.128222
0.0301908	0.00826658	0.0740493
0.0278951	0.00928438	0.0541061
0.0287148	0.0100551	0.0832908
0.0285258	0.00940282	0.0267604
0.0293943	0.0100132	0.165266
0.0293397	0.0102785	0.113959
0.0301288	0.00983322	0.0303185
0.0296207	0.00876472	0.0510783
0.0292311	0.0105539	0.0421522
0.0295544	0.00963421	0.10104
0.0317939	0.00982432	0.0496682
0.0277439	0.00901946	0.0249778
0.0319299	0.0113976	0.124536
0.0272308	0.0098416	0.0146543
0.0302321	0.0101394	0.0845462
0.0301427	0.00903626	0.0514987
0.0296155	0.0114122	0.1214
0.0310757	0.0100986	0.0791736
0.0274655	0.0113853	0.123593
0.0307655	0.0111403	0.0574398
0.0307551	0.00962417	0.0228491
0.0306813	0.0108533	0.126675
0.0285469	0.010757	0.041811
0.0306297	0.0101405	0.0504805
0.025787	0.00989409	0.0282902
0.0301225	0.00952596	0.0719006
0.0279981	0.0103243	0.104741
0.0289914	0.0106286	0.0434367
0.0288093	0.0107632	0.0677757
0.0282759	0.0105832	0.0785741
0.030923	0.0102023	0.12708
0.0317864	0.0107701	0.091426
0.0295373	0.0103136	0.0475287
0.0279772	0.0108882	0.127091
0.0287007	0.00881962	0.0425789
0.0303173	0.0109576	0.0860761
0.0306587	0.00989263	0.0114377
0.0326107	0.0111118	0.0261024
0.027309	0.0103214	0.0586133
0.0286831	0.0104324	0.00664177
0.0306915	0.00880422	0.0311791
0.0300172	0.0103177	0.0819063
0.0281438	0.0102716	0.100147
0.030047	0.0098428	0.0312429
0.0310065	0.00923188	0.0475926
0.0301089	0.00916088	0.0576685
0.029412	0.00880954	0.0772425
0.0303087	0.0105806	0.0652494
0.0291481	0.0108385	0.0383207
0.0315025	0.0101186	0.077067
0.0337408	0.0104541	0.0537777
0.030218	0.010026	0.117038
0.0285598	0.0109509	0.0323156
0.0287675	0.0112165	0.0867628
0.0291604	0.010931	0.222723
0.0329255	0.010398	0.0400969
0.0310414	0.00877218	0.0335277
0.0312576	0.00949161	0.15334
0.0293335	0.0109853	0.0436193
0.0290011	0.00955744	0.145111
0.0298133	0.0101705	0.0369508
0.0290542	0.0103702	0.0560515
0.0283406	0.00953318	0.12503
0.0328509	0.00865121	0.15516
0.0291583	0.0101882	0.0643759
0.0327373	0.0105707	0.0250799
0.030407	0.00960891	0.0439879
0.0296892	0.00944262	0.0770552
0.0313768	0.00961265	0.0615802
0.0286486	0.00936851	0.0299245
0.0263045	0.00950284	0.0484757
0.0312552	0.0106557	0.0903205
0.0305504	0.0108251	0.180114
0.0297623	0.00996262	0.109458
0.029887	0.00959339	0.0725882
0.0303025	0.00968443	0.159038
0.0295916	0.010669	0.068999
0.0312696	0.0109514	0.0135547
0.0269874	0.0100032	0.0249039
0.0318893	0.0102165	0.0225671
0.0304655	0.0107322	0.0626943
0.0305466	0.0103281	0.0407384
0.0308593	0.00997566	0.0595622
0.0300429	0.00932207	0.0436824
0.0297919	0.00888677	0.0256107
0.0283098	0.00972515	0.0972618
0.0332841	0.00975573	0.0488495
0.0302652	0.0110123	0.0808
0.0287879	0.0108716	0.0716135
0.029786	0.0100392	0.0652446
0.0301658	0.0097097	0.0959992
0.0302758	0.0101339	0.027376
0.0290228	0.010594	0.0243895
0.0293992	0.00946354	0.0152658
0.0323925	0.0100731	0.179353
0.0301416	0.0106374	0.0405662
0.0329581	0.0112421	0.0506988
0.0275903	0.0102182	0.0353554
0.0279812	0.00997821	0.0764242
0.03079	0.0106256	0.10338
0.0310273	0.0100615	0.0780732
0.0298139	0.00959613	0.101232
0.0329277	0.00988941	0.0468537
0.031581	0.0102352	0.0246588
0.0324499	0.00909595	0.0234026
0.0305393	0.00933051	0.0200631
0.027379	0.0104052	0.126111
0.0288601	0.00928895	0.0663561
0.0328647	0.0100169	0.0412979
0.0276342	0.00941372	0.027127
0.0317431	0.0110355	0.0214401
0.0289412	0.00999683	0.00672022
0.0313851	0.0102356	0.0586611
0.0300765	0.0100843	0.0438523
0.0266478	0.0112903	0.108176
0.0304699	0.00904869	0.0268264
0.0277106	0.0100548	0.0254691
0.0308826	0.00953359	0.0774851
0.0306802	0.00933633	0.111244
0.028658	0.0102572	0.0229438
0.0316306	0.00894065	0.0958929
0.0318915	0.00980145	0.0520376
0.028433	0.00935518	0.0973026
0.0301183	0.00916618	0.0566139
0.031667	0.00995866	0.11635
0.0291627	0.00951067	0.0260578
0.0305696	0.0097879	0.0325204
0.0297812	0.00916977	0.0795278
0.0295952	0.0109619	0.0712733
0.0325304	0.0102107	0.0744688
0.0273288	0.0103282	0.0230207
0.0296868	0.010291	0.0493331
0.0293434	0.0100747	0.084396
0.0276945	0.0080515	0.08121
0.0305406	0.0107919	0.0572707
0.0278015	0.0102775	0.05985
0.0296909	0.00896618	0.096725
0.0299839	0.0101575	0.0493292
0.0338818	0.00901618	0.063655
0.0284504	0.0105263	0.0323445
0.0317307	0.0101627	0.0471741
0.0301088	0.0109495	0.0429318
0.0280777	0.0101859	0.0896609
0.0318395	0.0102374	0.0228833
0.0320477	0.00969052	0.161176
0.0301318	0.00960598	0.0490346
0.0299709	0.0109316	0.107127
0.0316171	0.0109836	0.0417682
0.0265106	0.0102827	0.0510533
0.0314021	0.0104378	0.0315075
0.0305007	0.00930886	0.0755867
0.0319846	0.0104704	0.119992
0.030143	0.0106335	0.0210553
0.029061	0.0102944	0.0544325
0.0291213	0.010805	0.0396639
0.0306278	0.00974348	0.169101
0.0311179	0.0104373	0.0299971
0.0314683	0.00989303	0.0150477
0.0291546	0.0113691	0.136657
0.0286789	0.0104621	0.107997
0.0307284	0.0084969	0.0968139
0.0299943	0.00982961	0.0811125
0.0323436	0.0101777	0.100761
0.0308133	0.0100485	0.117374
0.0270157	0.0105124	0.0602787
0.0309235	0.00991724	0.0615528
0.0319876	0.00987367	0.0246653
0.027586	0.0105897	0.00937478
0.0304631	0.0103064	0.0412576
0.0315846	0.00896085	0.0900837
0.0287158	0.00961269	0.0694348
0.0280123	0.00883725	0.0423881
0.0310034	0.0102303	0.049405
0.0299901	0.00854469	0.0568126
0.0273548	0.0093653	0.0371832
0.0314866	0.010771	0.0239036
0.0291459	0.00917486	0.0725154
0.0293576	0.00971751	0.066574
0.0290312	0.00978393	0.0535881
0.0303741	0.0103948	0.053485
0.0317965	0.0105723	0.0218665
0.0262899	0.0101767	0.103329
0.0287435	0.00936321	0.104479
0.0315608	0.0109353	0.144577
0.0283504	0.00925117	0.0462914
0.0290758	0.0107438	0.144426
0.0320076	0.00904724	0.0253748
0.0330637	0.00851457	0.0242563
0.0310243	0.0102727	0.0343425
0.0309016	0.00912608	0.0753876
0.0303431	0.0086031	0.106287
0.0317633	0.0101125	0.0577407
0.0313232	0.00962217	0.0309105
0.028729	0.00935007	0.0521741
0.0282088	0.0104532	0.0660262
0.0300185	0.00946698	0.0534025
0.0278205	0.00964472	0.0488844
0.0327937	0.0104777	0.0466077
0.0310271	0.0102549	0.0128866
0.0293629	0.0101826	0.0368906
0.0287419	0.0111127	0.0642299
0.0329682	0.00954074	0.0971369
0.0318748	0.00942082	0.0505355
0.0307779	0.00981016	0.0527058
0.0309284	0.0109913	0.0554504
0.0301226	0.0098245	0.0455227
0.0285131	0.0102933	0.0375451
0.0301118	0.0108428	0.0722377
0.0299716	0.0106429	0.0590707
0.0285822	0.00922078	0.0382129
0.0325821	0.0105694	0.0790497
0.0289232	0.0122958	0.0597059
0.0298774	0.00927885	0.0354244
0.029328	0.00988695	0.0694441
0.030162	0.00989112	0.052242
0.028716	0.0108661	0.0552673
0.0298063	0.00943368	0.0500336
0.0297822	0.00993567	0.149357
0.0322153	0.00998137	0.0666907
0.0315596	0.0104043	0.0919346
0.0280058	0.0098367	0.0696375
0.0312725	0.00993351	0.0572113
0.0300667	0.00933529	0.046153
0.0312498	0.0100435	0.0231985
0.0289331	0.00978686	0.067212
0.0289976	0.011251	0.0708446
0.0305965	0.00987488	0.077325
0.0294091	0.0105432	0.0994007
0.0317531	0.011025	0.0426567
0.0280482	0.0110124	0.00920249
0.0313828	0.0100975	0.0252716
0.0317739	0.0107592	0.123884
0.0303605	0.010317	0.0743525
0.0318283	0.00988894	0.0405729
0.0282077	0.00991168	0.0713342
0.0308071	0.00975355	0.0239936
0.0331186	0.00909968	0.0453517
0.0303828	0.0101831	0.1176
0.0285472	0.00763247	0.020036
0.0304986	0.010422	0.0416059
0.0299046	0.0103519	0.0315913
0.0302348	0.0109539	0.0186787
0.0306568	0.00960422	0.0140361
0.02995	0.00972452	0.118746
0.0280532	0.0102657	0.0647833
0.0308722	0.00930055	0.0783994
0.0318215	0.00858861	0.0733781
0.0285013	0.0111219	0.0296905
0.0313688	0.0104703	0.0509098
0.0307444	0.0110846	0.0308526
0.0311895	0.0103403	0.0135963
0.0295975	0.00913595	0.0463917
0.0301571	0.0092261	0.0725851
0.0306015	0.00946279	0.116025
0.0276709	0.00936161	0.026229
0.0300487	0.00948959	0.0520449
0.0297181	0.00877983	0.0249108
0.0294125	0.0100795	0.021815
0.0319743	0.00981175	0.28315
0.0341623	0.0106942	0.0455796
0.0308153	0.0098159	0.0342241
0.0281947	0.0101159	0.0862419
0.027514	0.0101731	0.0941882
0.0312095	0.00978876	0.0562785
0.0297652	0.00975857	0.100618
0.0298085	0.0100274	0.0754349
0.0292317	0.0100866	0.254462
0.0302516	0.00962782	0.0435069
0.0295509	0.0109262	0.071356
0.0302931	0.0103715	0.083933
0.0297561	0.0098177	0.0483193
0.0300356	0.0108623	0.0844091
0.0317744	0.0091519	0.0257553
0.0315456	0.0103686	0.119862
0.0311113	0.00980052	0.0286713
0.0295411	0.0106813	0.107005
0.0293099	0.00890104	0.0739606
0.028668	0.0101944	0.011357
0.0331477	0.0107999	0.035352
0.0315023	0.00986521	0.053994
0.0295061	0.0103315	0.0395549
0.0281056	0.00961693	0.09814
0.0305097	0.00963396	0.0118776
0.0308651	0.0103808	0.0289668
0.0286472	0.0104875	0.0772977
0.0288326	0.00984383	0.0282328
0.0280171	0.00965908	0.0831664
0.0317657	0.0101394	0.0662233
0.0325236	0.0102071	0.162292
0.0295959	0.00952826	0.074502
0.0274945	0.0106584	0.0229197
0.0296601	0.0108202	0.106018
0.0297371	0.0105772	0.0524497
0.0309752	0.00782553	0.0134011
0.0288775	0.00977196	0.135629
0.0305618	0.0101349	0.0128504
0.0304638	0.0109217	0.0563914
0.0271327	0.00921696	0.227267
0.029734	0.0104502	0.0879016
0.0283107	0.00889843	0.0834099
0.0281988	0.009835	0.116322
0.0301867	0.0106895	0.0660179
0.0286376	0.00975604	0.0250755
0.0287904	0.0103456	0.051223
0.0282579	0.0114738	0.0667131
0.0311125	0.00977394	0.0134898
0.0302641	0.00876666	0.0311102
0.0315815	0.0102086	0.043729
0.0292308	0.00950562	0.0500142
0.0294935	0.0101237	0.0451332
0.0294286	0.00968986	0.050828
0.0302716	0.00813147	0.0591134
0.0310217	0.00993501	0.0744068
0.029494	0.0102517	0.0439733
0.0300162	0.0103923	0.0835783
0.029636	0.0100039	0.0465351
0.0290836	0.0087917	0.0714344
0.0314747	0.00864073	0.0987992
0.03079	0.0110982	0.078926
0.0295254	0.010037	0.112241
0.0322735	0.0104135	0.0132936
0.0297039	0.0092116	0.0612986
0.0278065	0.0103765	0.0526406
0.0255364	0.0105469	0.0562412
0.0301704	0.0093968	0.0496966
0.0296409	0.00971878	0.0700482
0.0324921	0.010651	0.0392791
0.0287407	0.0104596	0.0112483
0.0319436	0.00964914	0.0569414
0.0294227	0.00966814	0.0498356
0.0303524	0.0104015	0.0520195
0.0293543	0.010459	0.0734339
0.0277545	0.0108182	0.0833149
0.0292699	0.0100172	0.0247036
0.0321441	0.0101887	0.0562707
0.0287076	0.0100907	0.0319561
0.0283965	0.00992433	0.0449088
0.0271932	0.00942823	0.0374653
0.0317237	0.00908966	0.0503557
0.0305915	0.0101646	0.10208
0.030715	0.0107193	0.0922477
0.0284329	0.00964185	0.0415977
0.0303748	0.0103616	0.121623
0.0314358	0.00989843	0.0570827
0.03118	0.0102375	0.0762812
0.0306893	0.0108177	0.0819912
0.0265536	0.00844152	0.127518
0.0297827	0.0094674	0.0314498
0.0308082	0.00929976	0.0474596
0.027095	0.0107883	0.036092
0.0293525	0.00968974	0.0503696
0.0290136	0.00952648	0.0674188
0.0278483	0.0104214	0.0402121
0.0295385	0.0110919	0.0545746
0.0324176	0.00959933	0.117682
0.0281029	0.0106543	0.0872774
0.0294081	0.0102204	0.0686836
0.0295714	0.00939986	0.14889
0.0299131	0.0102064	0.0515376
0.0280319	0.00952607	0.0716215
0.030903	0.010266	0.0739552
0.0306719	0.0103347	0.0078369
0.0313671	0.00916328	0.0943309
0.0287526	0.0113801	0.176004
0.0312724	0.0106407	0.0206009
0.029502	0.00957926	0.0998032
0.0283279	0.00991252	0.013256
0.0286179	0.0107748	0.0156246
0.0325839	0.00911734	0.0120353
0.0325384	0.00949267	0.0405672
0.0305795	0.0117197	0.137116
0.0309193	0.00968365	0.0572631
0.0279435	0.0110393	0.0266996
0.0273867	0.00985632	0.0260139
0.0313083	0.0100592	0.0671846
0.0301547	0.0102676	0.126765
0.0281783	0.0103466	0.117661
0.0275638	0.00815716	0.142506
0.0292476	0.00929345	0.03042
0.0288491	0.0114728	0.0834415
0.0303642	0.00981327	0.0535877
0.0290712	0.00941705	0.0486362
0.0339782	0.0105417	0.0778291
0.0294351	0.00900359	0.0578603
0.0293785	0.00987592	0.138233
0.0326633	0.0102176	0.055369
0.0316703	0.00985046	0.0483119
0.0300093	0.0113423	0.108076
0.030077	0.00846482	0.0928727
0.0323027	0.00948971	0.0503858
0.0302331	0.0107077	0.14982
0.0315752	0.00925923	0.116687
0.0327625	0.00993259	0.123195
0.0277437	0.00915123	0.0656996
0.0330848	0.0100713	0.0237963
0.0291443	0.0106494	0.0403659
0.0300449	0.0110044	0.0385441
0.0301752	0.0101144	0.0387926
0.0294626	0.00871102	0.073241
0.0304064	0.0101015	0.0443174
0.030754	0.0100527	0.0592337
0.0311701	0.010309	0.0837606
0.0290678	0.00974696	0.0832455
0.0309687	0.0103306	0.0924045
0.0299632	0.0102034	0.00913722
0.0282245	0.00962956	0.042291
0.0285081	0.011207	0.0397321
0.0309175	0.0110185	0.0998091
0.0304673	0.010373	0.0549264
0.0299233	0.00953329	0.0751468
0.0319478	0.0105688	0.060532
0.0284003	0.0103724	0.0822656
0.02989	0.00912238	0.0526808
0.0322185	0.00997004	0.0540528
0.0268361	0.00958095	0.0206293
0.0298345	0.00966767	0.0197446
0.0277034	0.0109196	0.0381333
0.0315078	0.0102044	0.0560147
0.031916	0.00963465	0.12132
0.0288742	0.0114022	0.0867832
0.0279126	0.00919943	0.0642561
0.0296888	0.0091968	0.0214858
0.029009	0.0106047	0.0739622
0.0296853	0.0101095	0.0110057
0.0305823	0.0111142	0.056441
0.0312712	0.00909544	0.145328
0.0282436	0.00973154	0.0160449
0.0332587	0.0104205	0.0463515
0.0305876	0.00987164	0.0791521
0.0272833	0.00981567	0.028169
0.0284107	0.00986944	0.0541708
0.0313876	0.0103769	0.0900386
0.0300536	0.011141	0.0340959
0.0309464	0.00959696	0.00884822
0.0309933	0.0109959	0.0406059
0.0303323	0.0085103	0.094925
0.034003	0.00983983	0.0207727
0.0308297	0.0101296	0.0639605
0.0313126	0.00934157	0.20404
0.0316	0.00987277	0.0777287
0.0313226	0.00818315	0.0201715
0.0292927	0.00889844	0.0739871
0.0300374	0.00977087	0.0483043
0.0297496	0.0107437	0.0928678
0.02957	0.0106403	0.046836
0.0311812	0.0104664	0.0785242
0.0316285	0.0102772	0.0455948
0.0332232	0.0106285	0.036775
0.0302408	0.0100324	0.0680286
0.0318251	0.0085104	0.0278391
0.0279354	0.00870233	0.0803317
0.0309434	0.0105092	0.121233
0.0308821	0.00901541	0.0464696
0.0307474	0.00907028	0.171854
0.0289663	0.010192	0.0362413
0.0301894	0.0103637	0.0786705
0.0297351	0.00965614	0.0494236
0.030846	0.0102199	0.0768986
0.0276998	0.00955693	0.0843984
0.030222	0.00948101	0.11052
0.0327367	0.00848778	0.0466543
0.0286001	0.0108672	0.0712953
0.0303947	0.00944631	0.0298661
0.0300368	0.0104566	0.0447713
0.0303624	0.00918148	0.0972007
0.0286379	0.0103336	0.0448629
0.0308513	0.00975279	0.0292932
0.0298688	0.00996789	0.113784
0.03097	0.00873004	0.0361671
0.0302402	0.00964862	0.07288
0.0308892	0.0101392	0.0211119
0.0312697	0.0100279	0.165667
0.0317882	0.00863069	0.190687
0.0304818	0.00989357	0.0906925
0.0308062	0.0113837	0.0616331
0.0305704	0.00930283	0.0764995
0.0291121	0.0103324	0.123312
0.0310586	0.00940702	0.094303
0.0302143	0.0099094	0.0965135
0.0313001	0.0115972	0.0156834
0.0279704	0.0109225	0.0216613
0.0291584	0.00912592	0.104389
0.0308012	0.0112329	0.0562606
0.0296723	0.0103238	0.067292
0.0301976	0.00932366	0.0785737
0.0297465	0.0112498	0.121786
0.0318364	0.0102637	0.0460915
0.029496	0.0109631	0.0242315
0.0285424	0.0112302	0.0372174
0.0281441	0.00956856	0.0244602
0.0313487	0.00864722	0.0441611
0.0293361	0.00981771	0.145205
0.028112	0.009026	0.0886607
0.0293834	0.0114056	0.0368525
0.0317391	0.00848029	0.0342067
0.0283383	0.00890285	0.0422342
0.0281956	0.0104434	0.0381278
0.0301612	0.0112254	0.123101
0.0301167	0.0109063	0.0192154
0.03146	0.00949243	0.0456914
0.0328697	0.00977318	0.167528
0.0307573	0.00987011	0.00770392
0.0298762	0.00918905	0.079052
0.0299041	0.0106416	0.121076
0.0293193	0.0104492	0.0568985
0.0299979	0.00892111	0.072297
0.0321093	0.00950221	0.0906757
0.0307693	0.01092	0.0755288
0.0337232	0.00832861	0.0495917
0.0292827	0.0105353	0.107259
0.0297297	0.010268	0.0399463
0.0302909	0.00968509	0.0286375
0.0270046	0.0104128	0.06486
0.0299636	0.00965075	0.035877
0.0335423	0.00983167	0.038322
0.0319543	0.0109303	0.0430547
0.0301211	0.00992528	0.0775291
0.0326484	0.00945642	0.18004
0.0284416	0.0101291	0.0538519
0.0314063	0.00970749	0.109257
0.0308849	0.0102823	0.0655974
0.0292889	0.00913442	0.0234954
0.0298899	0.0104812	0.0496329
0.0315113	0.0100642	0.0247923
0.0309089	0.00811835	0.0182135
0.0318355	0.0103621	0.075016
0.0311827	0.00963129	0.0600468
0.0316552	0.0108799	0.0216036
0.0338078	0.0097058	0.0894125
0.0312345	0.00879254	0.0645568
0.0278054	0.00911478	0.050524
0.0300155	0.0104523	0.0570753
0.0282553	0.010085	0.0568526
0.026999	0.00986922	0.066725
0.0292768	0.00992762	0.0434303
0.0299888	0.0103749	0.0678412
0.0301715	0.00923132	0.0157245
0.0311978	0.0101884	0.0278309
0.0320817	0.00942851	0.0470792
0.0304762	0.0092398	0.0768591
0.0308912	0.0109794	0.0795505
0.0290531	0.008442	0.0211156
0.0312785	0.0101872	0.149209
0.0290189	0.0104242	0.0719722
0.03102	0.00981552	0.0442738
0.0300157	0.00932524	0.0713622
0.0309122	0.0104879	0.0463365
0.0302492	0.0107125	0.0754018
0.0296845	0.00942227	0.0598123
0.0316154	0.0101274	0.0214139
0.0325048	0.0102357	0.0503459
0.0309083	0.00917097	0.0941188
0.0327943	0.00964017	0.148673
0.0282194	0.0097847	0.115708
0.0279863	0.0108248	0.0106435
0.0316317	0.0100887	0.135299
0.0270659	0.010443	0.100882
0.032238	0.0101869	0.0584644
0.0293604	0.0107798	0.0114399
0.0281652	0.0106798	0.0802876
0.0280038	0.00913793	0.0656391
0.0294134	0.012188	0.106273
0.0312966	0.0105182	0.0742542
0.0295668	0.00898115	0.0740584
0.0283557	0.010626	0.0855364
0.029803	0.0101121	0.0429384
0.0308741	0.00865971	0.0497438
0.0306586	0.00947858	0.023835
0.0290971	0.0105843	0.208463
0.0294297	0.0100243	0.155047
0.0285588	0.0106764	0.0527946
0.0291011	0.00985733	0.016162
0.0314098	0.0106279	0.120107
0.0304649	0.00965734	0.0345054
0.0281662	0.00951466	0.0511118
0.0284743	0.0101901	0.10585
0.028128	0.0100634	0.0552388
0.0295788	0.00970149	0.0905605
0.0296545	0.0108284	0.0633355
0.0331434	0.0104857	0.0350159
0.0299674	0.0102474	0.111968
0.0284408	0.00886022	0.0952357
0.0320227	0.00970639	0.119895
0.0293031	0.00947144	0.0740142
0.0274779	0.0107661	0.0680578
0.031383	0.00999055	0.117252
0.0300621	0.00959842	0.105963
0.0312206	0.0103132	0.0571865
0.0328353	0.0101821	0.042025
0.0309909	0.0101116	0.0618354
0.0308095	0.010438	0.0421949
0.0312317	0.00879646	0.0485173
0.0288702	0.0102412	0.0265023
0.0305822	0.0098658	0.024882
0.0272131	0.0107155	0.0118742
0.0297775	0.0104919	0.079217
0.0287821	0.00951875	0.0672206
0.0300357	0.0104303	0.0082546
0.0299681	0.0106374	0.0293123
0.0322998	0.0100385	0.159414
0.0282966	0.0113423	0.0395918
0.0299001	0.00939529	0.047891
0.0285836	0.00910223	0.0674898
0.0309812	0.009649	0.0627414
0.0296711	0.0105877	0.122629
0.0305618	0.00955972	0.0445122
0.0288483	0.0106889	0.0389731
0.0289533	0.00858881	0.0781103
0.0286396	0.0108688	0.0368684
0.0332636	0.0100351	0.0482983
0.0295273	0.00908543	0.0740876
0.0283833	0.0101805	0.0989937
0.0307959	0.00944983	0.0958967
0.0298724	0.00886336	0.124764
0.0278429	0.0112956	0.0893484
0.0301379	0.00943948	0.0696615
0.0279737	0.0102711	0.0561209
0.0297156	0.0098866	0.0663841
0.0321557	0.00991006	0.0450147
0.0280093	0.0102258	0.092708
0.0295905	0.00977687	0.00786059
0.0324813	0.0104816	0.0640463
0.0292487	0.0104279	0.0515761
0.0284976	0.0104124	0.0227995
0.0321341	0.00957555	0.0503523
0.0321951	0.00993715	0.077625
0.0293277	0.00997586	0.0328153
0.0295028	0.0105953	0.0312026
0.0295601	0.0106896	0.0408654
0.0313334	0.00847641	0.0327344
0.0305009	0.00920417	0.114857
0.0315842	0.0109412	0.0825213
0.0311103	0.00941724	0.0108383
0.0288369	0.00824965	0.0483463
0.0319521	0.00967332	0.0460636
0.0300146	0.00846626	0.0839828
0.0286763	0.00981103	0.056069
0.0286287	0.0100319	0.0534931
0.0311054	0.0106909	0.0280377
0.0287911	0.0104008	0.110271
0.0289082	0.00965762	0.0653654
0.0286215	0.00923945	0.0640225
0.0290727	0.00917959	0.0330349
0.0289361	0.00925	0.0799481
0.0287306	0.0112041	0.0298139
0.0311199	0.00988602	0.0780104
0.0285041	0.00993492	0.0215086
0.0300672	0.0114833	0.105245
0.029587	0.00964234	0.0156574
0.0318333	0.010247	0.0233624
0.0313051	0.0101672	0.0825896
0.0298836	0.00964272	0.0815753
0.0298776	0.00877774	0.0564341
0.0282935	0.00911158	0.0953937
0.0327391	0.00981042	0.0585321
0.028961	0.0104798	0.100768
0.0274604	0.00987677	0.0401461
0.0266386	0.0103524	0.0279391
0.0291616	0.00976135	0.0530995
0.0299684	0.0100246	0.028601
0.0289771	0.0101264	0.0936383
0.0313336	0.00971951	0.0292113
0.0299981	0.0101313	0.064342
0.0284829	0.00960173	0.0897374
0.0328116	0.0107394	0.0265844
0.034653	0.00915078	0.0464466
0.0297515	0.0101053	0.0512025
0.0305055	0.0110099	0.0332273
0.0309214	0.00979603	0.0965287
0.0306646	0.0106555	0.244148
0.0316749	0.00980956	0.0146587
0.0282339	0.00948127	0.103815
0.031764	0.011602	0.0300942
0.0318866	0.0105275	0.05942
0.0279237	0.0105543	0.082591
0.0282818	0.00887831	0.064887
0.0313174	0.00960725	0.0507782
0.0306878	0.0102398	0.111925
0.0285544	0.00973785	0.144872
0.0253409	0.0102203	0.126594
0.0307491	0.00920367	0.107052
0.026581	0.00961282	0.0232838
0.0314595	0.0102737	0.121625
0.031101	0.0101534	0.0412833
0.0292577	0.0104313	0.0146905
0.0304014	0.00990535	0.0617923
0.0304581	0.00924919	0.019737
0.0322592	0.00956851	0.119842
0.0309274	0.00954421	0.015868
0.0321213	0.0103575	0.0297969
0.027013	0.0100221	0.0878753
0.0344197	0.00917976	0.00891201
0.0304695	0.00860423	0.0505501
0.0287102	0.0107532	0.0621936
0.0316302	0.010259	0.0416377
0.0313218	0.0101026	0.0461207
0.0295338	0.010338	0.0439621
0.0312698	0.0112308	0.0906326
0.0297346	0.0102946	0.149848
0.0317539	0.0098829	0.0132236
0.0284456	0.00851712	0.0952289
0.0292581	0.0100839	0.064959
0.0301912	0.0106177	0.0163185
0.0288433	0.00969734	0.0912474
0.0282465	0.00913629	0.0675055
0.0309142	0.0098571	0.042613
0.0287353	0.0092459	0.0845508
0.0279924	0.00906113	0.0541187
0.030531	0.00940162	0.0223777
0.0296499	0.00854593	0.0761046
0.0301696	0.00927321	0.0507543
0.0316241	0.00934341	0.0494827
0.0291435	0.00875064	0.00477986
0.0283962	0.0105933	0.11869
0.0287958	0.00982965	0.0233789
0.028904	0.0102598	0.0320596
0.0303974	0.0101564	0.136467
0.0277485	0.0099708	0.054791
0.0316682	0.00957832	0.0280747
0.0300426	0.00964154	0.04621
0.0302481	0.0101239	0.0659319
0.0306443	0.0103203	0.118893
0.0317188	0.00876923	0.0743577
0.0280272	0.00942505	0.0398434
0.0293043	0.00896166	0.148096
0.0288322	0.0104014	0.0360089
0.027649	0.0110737	0.0414942
0.0316346	0.0105472	0.0230715
0.0294721	0.0112251	0.00985407
0.0295685	0.00987258	0.0496727
0.0315461	0.00943045	0.153224
0.0303089	0.0100905	0.0349327
0.0300194	0.00939755	0.0511403
0.0299781	0.0102219	0.0445483
0.0303906	0.00966154	0.0499539
0.0299411	0.0105759	0.0347085
0.0272346	0.0085667	0.0230137
0.0287155	0.00824482	0.0291614
0.0273842	0.00933266	0.0829676
0.0303849	0.00948341	0.115686
0.02811	0.00955059	0.0363886
0.030066	0.00973922	0.021465
0.0304269	0.00967256	0.0548368
0.0294334	0.0106177	0.0563645
0.0296636	0.0106293	0.0834774
0.0309103	0.00928855	0.0749957
0.0302686	0.0100296	0.16592
0.0310733	0.0103886	0.0823481
0.0288628	0.00985784	0.052971
0.0286993	0.0104191	0.0388406
0.0273818	0.00953101	0.0459249
0.0289334	0.00868414	0.0808575
0.0300689	0.0103344	0.0370407
0.0275663	0.010343	0.0255505
0.0301619	0.0115026	0.0730374
0.0301903	0.00999677	0.0581416
0.0311482	0.00979953	0.0892023
0.0317845	0.0107043	0.125533
0.0290521	0.00954155	0.0325248
0.0302483	0.0115083	0.0557672
0.0292389	0.011394	0.0591108
0.0310294	0.00952733	0.142676
0.0298161	0.0099606	0.0365819
0.0297645	0.00925758	0.0286364
0.0306113	0.0100457	0.0402196
0.029577	0.00974824	0.0512058
0.0298652	0.0108834	0.0356631
0.0302228	0.00865181	0.101437
0.0293053	0.0111193	0.0750355
0.028137	0.00988535	0.0223409
0.031553	0.00854349	0.160075
0.029591	0.0103789	0.0386135
0.0293123	0.0101518	0.109486
0.0296435	0.0101032	0.103384
0.030263	0.0101718	0.0316618
0.0313364	0.0111936	0.0362186
0.0310479	0.00994225	0.0406636
0.0294787	0.010255	0.0377876
0.0303713	0.0102796	0.0499963
0.0297565	0.0104945	0.0286313
0.0282602	0.0113064	0.0354594
0.0278327	0.009748	0.0910973
0.0310653	0.00901743	0.075837
0.0293095	0.00988371	0.0350985
0.0310598	0.0102021	0.101286
0.0320757	0.0100793	0.0544036
0.029409	0.0097225	0.0411308
0.0305499	0.00894284	0.0490741
0.0307267	0.00846165	0.0755589
0.028562	0.0100843	0.120937
0.0303393	0.00950645	0.0700422
0.0305186	0.00935752	0.0697627
0.0272156	0.008838	0.0647265
0.0277263	0.0100649	0.00598617
0.0303772	0.0103672	0.0791099
0.0312872	0.010442	0.0440806
0.0327865	0.0102165	0.0519787
0.0296886	0.0105284	0.065556
0.0286956	0.00969839	0.0341153
0.0310623	0.00868736	0.114615
0.028267	0.00962005	0.00934433
0.0307296	0.00914224	0.111379
0.0307883	0.00918071	0.05343
0.030706	0.00843875	0.112391
0.0289317	0.0104802	0.118206
0.0274856	0.0105527	0.0317875
0.028216	0.00949975	0.0678727
0.028586	0.00941008	0.0502316
0.0309359	0.0100277	0.062468
0.03186	0.00949031	0.0270189
0.0296833	0.00959099	0.0347629
0.0291007	0.00986881	0.0523289
0.0286418	0.0100334	0.0415184
0.0286145	0.0101909	0.0567328
0.0301416	0.00968615	0.0473794
0.0278874	0.00850068	0.0798083
0.0307073	0.00918942	0.0731198
0.0301928	0.01072	0.0474976
0.0310704	0.00993527	0.0670541
0.0302154	0.00928551	0.0588082
0.0280021	0.0106361	0.105701
0.0299688	0.0103435	0.15065
0.0295498	0.00990977	0.065447
0.027184	0.0100746	0.0621819
0.0264372	0.0106492	0.0295498
0.0285641	0.00947171	0.0107866
0.0281033	0.010157	0.0407787
0.0291969	0.00944974	0.0737375
0.0322017	0.0103718	0.0411081
0.0313294	0.0100941	0.043872
0.0310773	0.00979043	0.0525842
0.0280594	0.0103349	0.0408663
0.0327364	0.00876055	0.0122405
0.0306659	0.00888989	0.118387
0.0281786	0.0101497	0.0386027
0.0307221	0.00892068	0.0935884
0.0294953	0.00941363	0.0744115
0.0286747	0.0104334	0.0662222
0.0291697	0.0100939	0.0975039
0.0295045	0.00892943	0.105162
0.0296271	0.0103253	0.0552628
0.0321881	0.0104352	0.142979
0.0305075	0.0112391	0.0764362
0.0299753	0.00987755	0.026798
0.0307568	0.00912918	0.0771415
0.0300605	0.00975683	0.0322342
0.0306931	0.00964062	0.0430484
0.0291341	0.00932344	0.122143
0.0300477	0.00938221	0.131477
0.0317231	0.010476	0.0225391
0.0295967	0.00917028	0.0942179
0.0262694	0.00902004	0.0431263
0.0301186	0.00985552	0.0932133
0.0299305	0.00974342	0.0215227
0.0300402	0.0105309	0.0347145
0.03088	0.00966945	0.0775676
0.0303963	0.0105325	0.105818
0.0296507	0.0098472	0.0634655
0.0304495	0.0100419	0.0436108
0.0282333	0.00987683	0.0414354
0.02922	0.010485	0.0564947
0.0298768	0.00935575	0.0803347
0.0255617	0.00957701	0.0851838
0.0326673	0.0102115	0.0941863
0.0266045	0.00941577	0.101877
0.0299019	0.0100532	0.00997939
0.0320166	0.0104022	0.0801786
0.0301558	0.00865225	0.102323
0.0308563	0.0107545	0.0241615
0.0293759	0.0102376	0.152719
0.0307054	0.00972319	0.0527756
0.0283126	0.0104581	0.088809
0.027112	0.010577	0.0712188
0.0276465	0.0107885	0.0157671
0.0287979	0.0104772	0.0696814
0.0309793	0.0101839	0.023841
0.0328856	0.0108606	0.0819385
0.0308176	0.00859594	0.0242271
0.0296825	0.0106918	0.0460777
0.0307548	0.00990973	0.0281505
0.0290535	0.00976088	0.0506818
0.029222	0.00943526	0.0698687
0.0281011	0.0107126	0.0289342
0.0330577	0.010256	0.0414906
0.0295699	0.00975547	0.0489627
0.0319308	0.0102767	0.121898
0.0293831	0.0106126	0.138093
0.0324668	0.0103963	0.0943647
0.0258784	0.00995663	0.0399468
0.03097	0.0101835	0.0743208
0.0304661	0.0103142	0.153384
0.0281899	0.00993034	0.0846183
0.0280671	0.0095004	0.0138717
0.0291296	0.00883787	0.0708114
0.0292011	0.0104558	0.0538077
0.03079	0.0109849	0.0539991
0.0291878	0.00984959	0.109363
0.0329497	0.00995472	0.0566797
0.0302729	0.0103079	0.11889
0.0317908	0.00997838	0.143183
0.0315859	0.00962068	0.00989172
0.0329627	0.00959878	0.0952557
0.0293909	0.0108673	0.0240165
0.031304	0.0122137	0.079104
0.0292202	0.00971719	0.0539594
0.0286719	0.00932696	0.0490479
0.0298397	0.00909193	0.0244872
0.0305457	0.00992228	0.103454
0.0302676	0.0107226	0.0461338
0.0302321	0.00979935	0.142133
0.0314615	0.0103483	0.0778545
0.0316455	0.00993159	0.0788348
0.0301808	0.00916194	0.0938136
0.0307843	0.0110766	0.0544866
0.03001	0.0100181	0.125887
0.0324527	0.0110251	0.0566325
0.0310142	0.00934262	0.0449099
0.0308177	0.00920012	0.045989
0.0271673	0.00952861	0.0837164
0.0257515	0.0104527	0.0895472
0.0310552	0.0110111	0.0198002
0.0296934	0.0107573	0.0423173
0.0302965	0.00976382	0.0226208
0.0334768	0.010744	0.128855
0.0287889	0.010289	0.0933852
0.0313069	0.00899414	0.0932737
0.0295004	0.0104519	0.0842649
0.0302866	0.00924954	0.052669
0.0307155	0.00927115	0.0215955
0.0300564	0.00865997	0.0652749
0.0295914	0.0100682	0.00968251
0.0318058	0.0116074	0.0697529
0.0311656	0.0101761	0.0963543
0.029788	0.0105684	0.0557659
0.0298085	0.00932697	0.0311728
0.0314514	0.0104722	0.0263534
0.0319967	0.00988316	0.150424
0.0298913	0.0115658	0.0406698
0.0298188	0.00976238	0.0230195
0.0290231	0.010802	0.0682658
0.0304207	0.0111521	0.121008
0.0324551	0.0108003	0.0621663
0.0324373	0.0107601	0.0530539
0.0293776	0.00915907	0.0719964
0.0299857	0.00908295	0.0928004
0.0278974	0.0103614	0.0788913
0.0289851	0.00894425	0.065229
0.0291163	0.0103749	0.0541205
0.0297744	0.00864628	0.0951707
0.0293127	0.010539	0.0720269
0.0322959	0.0105111	0.04438
0.0276342	0.00916936	0.0997287
0.0285801	0.0096373	0.0660677
0.028799	0.0102211	0.0501832
0.0320598	0.00922149	0.0948179
0.0303343	0.010312	0.111681
0.0308549	0.00953865	0.0756377
0.0279002	0.00939733	0.0643798
0.0323628	0.0106951	0.171965
0.0300615	0.00931167	0.0300235
0.031662	0.0100007	0.0315553
0.0319195	0.008817	0.024723
0.0298857	0.00924973	0.0197116
0.0288393	0.0104627	0.112941
0.0308033	0.00997892	0.0466378
0.0302878	0.00986234	0.0143112
0.0290977	0.00962471	0.107574
0.030599	0.0108966	0.019033
0.0309565	0.00936108	0.0652956
0.0295838	0.0108501	0.0389186
0.03122	0.0106822	0.0426203
0.03002	0.010433	0.0417811
0.0310789	0.00937677	0.100357
0.0321412	0.0115356	0.140136
0.0302565	0.00924726	0.0786722
0.0283402	0.00959256	0.071282
0.0297121	0.0105621	0.052418
0.0293835	0.00959742	0.13797
0.028595	0.0108473	0.014536
0.0295777	0.00981987	0.0581591
0.0314736	0.0116584	0.0597497
0.0310525	0.0120843	0.0376283
0.0281231	0.00930095	0.0689432
0.0289303	0.00981018	0.0334617
0.0320793	0.0109132	0.0377434
0.0314274	0.0103781	0.173733
0.0277142	0.010011	0.0386455
0.0273895	0.0103055	0.0420806
0.0323957	0.00963576	0.0776235
0.0292512	0.00983133	0.0906006
0.0321377	0.00963925	0.057683
0.0292278	0.0102638	0.092187
0.0299873	0.0100543	0.0603917
0.0302586	0.0105642	0.0429645
0.031618	0.0110066	0.0424202
0.0307518	0.0100915	0.0235277
0.0293972	0.00983677	0.0803893
0.0309185	0.00937046	0.0546863
0.0288077	0.00816145	0.089059
0.0331604	0.00989147	0.121826
0.0299126	0.0108924	0.134805
0.0298831	0.0101314	0.0623362
0.029967	0.00976225	0.101929
0.0278227	0.00964705	0.0630403
0.0300921	0.00953798	0.072185
0.0289318	0.00945049	0.0943075
0.0301191	0.00959813	0.0361398
0.0294155	0.00957951	0.0562311
0.0299302	0.0110482	0.181507
0.0306725	0.00921691	0.0197698
0.0313198	0.00997725	0.0344412
0.0284349	0.00901827	0.0275349
0.0297884	0.0108147	0.0316894
0.0294731	0.00880472	0.0822458
0.0280124	0.00975791	0.0362985
0.0310181	0.00906044	0.0768853
0.0309691	0.0102558	0.0479928
0.0312182	0.00989871	0.0679736
0.0295957	0.00976714	0.0337894
0.029748	0.010332	0.0612431
0.0302969	0.00893658	0.0951466
0.031073	0.00914212	0.0207298
0.0293508	0.0100084	0.0310435
0.0312408	0.0107057	0.048924
0.0288095	0.0100866	0.0507233
0.0294245	0.0101692	0.0677181
0.0291497	0.00955332	0.0661122
0.0310176	0.0101733	0.0802489
0.0290374	0.0100317	0.138838
0.0287441	0.00962776	0.0667559
0.0287232	0.010085	0.0855541
0.0282013	0.0101653	0.116973
0.0305908	0.0108435	0.0792529
0.0301504	0.0106681	0.0756139
0.0311346	0.0111409	0.0541158
0.028698	0.00892303	0.0356203
0.0310687	0.00944034	0.115419
0.0300276	0.0101927	0.0157735
0.0296853	0.00914473	0.0269857
0.0321529	0.0110301	0.123153
0.0301754	0.0095018	0.0358409
0.0289644	0.0092723	0.0762545
0.0299116	0.00882488	0.0699425
0.0321441	0.00972521	0.0551752
0.0298342	0.00963717	0.0304918
0.0307555	0.00943505	0.0493621
0.0277371	0.00976646	0.0266804
0.0289224	0.00998316	0.0779109
0.0296342	0.010079	0.0983043
0.0297717	0.0104301	0.0708287
0.0303089	0.0107616	0.0829953
0.0331784	0.0101179	0.0767278
0.0297423	0.0103533	0.0438573
0.0327377	0.0102379	0.058149
0.0296294	0.0115733	0.0807391
0.0288918	0.0104752	0.0275415
0.0291261	0.0103416	0.0663275
0.0289869	0.0101093	0.0311116
0.032961	0.0100934	0.0511653
0.029928	0.00992984	0.092849
0.0298997	0.00943524	0.0599399
0.0315982	0.0105143	0.0880437
0.0303043	0.00975078	0.0163566
0.0303115	0.00915869	0.0259397
0.0322695	0.00954665	0.0426583
0.0302398	0.00896432	0.0927168
0.0276462	0.0109774	0.0086374
0.0296382	0.0104245	0.191317
0.0295696	0.0100937	0.0465547
0.0306831	0.0109014	0.0798835
0.0315414	0.0113612	0.0344545
0.0330926	0.00917273	0.0696011
0.0276555	0.00971296	0.0383841
0.0329693	0.00940634	0.0671262
0.0282625	0.0101424	0.119145
0.0278692	0.00982767	0.0232395
0.0278171	0.0101028	0.0811384
0.027737	0.00912091	0.0682006
0.0312534	0.0103818	0.119438
0.0303763	0.00990782	0.0515947
0.0288631	0.0103275	0.0120082
0.0312023	0.00995342	0.0261111
0.0269145	0.00891947	0.0826666
0.0308081	0.010546	0.0233225
0.0305859	0.00970738	0.114379
0.0282283	0.0105163	0.100504
0.0315347	0.00974748	0.0254261
0.0307419	0.0103343	0.0496553
0.0315524	0.0103874	0.0458646
0.0295933	0.00919019	0.0480973
0.0321532	0.0120142	0.134197
0.0292777	0.00994262	0.116511
0.0263417	0.0107636	0.00914601
0.0288122	0.00980463	0.116925
0.0318213	0.0101819	0.0489972
0.0301852	0.0103159	0.0382618
0.0277582	0.0101874	0.0221265
0.0287121	0.0103388	0.0224209
0.0289187	0.0100612	0.0423552
0.0308351	0.0106311	0.156137
0.0320796	0.00998173	0.0634499
0.0302886	0.0101684	0.119255
0.0286056	0.00932238	0.182679
0.0313486	0.0101395	0.0406608
0.029353	0.0109234	0.024495
0.0294495	0.0110233	0.0353565
0.028313	0.0110695	0.0466294
0.0312298	0.0103709	0.0239574
0.0303128	0.00869951	0.0262171
0.0291215	0.0104785	0.114522
0.0295405	0.0094589	0.0749251
0.0299331	0.0103759	0.0694338
0.0320697	0.0100714	0.102064
0.0313416	0.00875091	0.081808
0.0311927	0.0106656	0.017874
0.0299053	0.00980124	0.0164146
0.0271202	0.0101539	0.141865
0.0301228	0.00927595	0.0743828
0.0303222	0.00936376	0.0782734
0.0316823	0.0112773	0.0552842
0.0297422	0.0108273	0.052809
0.0285188	0.00958511	0.0755105
0.0280484	0.0101786	0.00667996
0.03211	0.00807807	0.111388
0.0289598	0.00951184	0.0298803
0.0286269	0.00912091	0.0538014
0.0322416	0.00962071	0.0469724
0.0262129	0.00984099	0.0562323
0.0283671	0.0109586	0.00824509
0.0342677	0.0101239	0.0494012
0.0309341	0.00959649	0.0912357
0.0276554	0.0107584	0.0842678
0.0281754	0.0111606	0.0392634
0.0283929	0.0108377	0.0879973
0.0322058	0.0104926	0.044563
0.0294332	0.0104953	0.0762135
0.028204	0.0104374	0.0260911
0.0319657	0.0100645	0.0546496
0.0294352	0.0110304	0.120159
0.0276668	0.00967336	0.0249253
0.0298752	0.00971784	0.0644055
0.0285029	0.0101648	0.0862642
0.0291087	0.00939534	0.0430471
0.0309913	0.0110401	0.0259359
0.0318622	0.0105532	0.0532425
0.0337067	0.00981317	0.0870797
0.0296633	0.0104248	0.0558976
0.0302767	0.010164	0.016314
0.0293961	0.010683	0.186135
0.0298532	0.00979143	0.0466423
0.0299468	0.0105764	0.0551733
0.0324857	0.00973255	0.0801259
0.0315409	0.0118465	0.0730918
0.0288733	0.0106908	0.035154
0.0304513	0.0104288	0.0116844
0.0300516	0.010651	0.0691817
0.0306882	0.00973501	0.116274
0.0331232	0.00961437	0.0268379
0.0306695	0.0101073	0.024658
0.0304442	0.0100575	0.0462742
0.0300897	0.00914784	0.078765
0.0283599	0.0108828	0.034923
0.0283579	0.00993842	0.180896
0.0293293	0.0102776	0.0232845
0.0274537	0.0105271	0.0875311
0.0307097	0.0102312	0.0746242
0.030713	0.00894623	0.0511008
0.0319359	0.0100804	0.0488144
0.0291426	0.0104614	0.0893615
0.0294598	0.00999645	0.0895354
0.0293007	0.0103247	0.0452742
0.0299396	0.00954726	0.0342868
0.0320267	0.0105009	0.0769112
0.0283791	0.00846895	0.111507
0.0324742	0.0110181	0.0162102
0.0315346	0.0109744	0.0424977
0.027909	0.0106594	0.118573
0.0299348	0.00985291	0.0508016
0.0306797	0.0107809	0.049043
0.0311507	0.00974446	0.081707
0.0303774	0.0102818	0.143152
0.0295968	0.00896755	0.0482042
0.031906	0.0103674	0.0380561
0.0306624	0.0101776	0.0759895
0.0302653	0.0113333	0.125273
0.0275354	0.011296	0.065636
0.0314362	0.0108089	0.0312322
0.0288452	0.0104149	0.0834859
0.031124	0.0100816	0.125605
0.0299576	0.00917338	0.0495684
0.0295321	0.010952	0.136028
0.0306264	0.00977082	0.0791177
0.0297001	0.0103885	0.0189485
0.0306515	0.010035	0.0335922
0.0283163	0.00940636	0.0700046
0.0319852	0.0103368	0.0584312
0.0300736	0.00957344	0.00883637
0.0291813	0.00946205	0.0496901
0.032657	0.00963398	0.151015
0.0315866	0.0095327	0.112119
0.0297135	0.0107169	0.119282
0.0319842	0.00956349	0.0477436
0.030054	0.0100863	0.0307167
0.031607	0.0099894	0.0525427
0.031948	0.0104898	0.0437597
0.0306151	0.0114792	0.0548689
0.0279631	0.0102972	0.0470183
0.031746	0.00881994	0.0339929
0.0296798	0.00990325	0.0550446
0.0322878	0.00741023	0.0257135
0.0303164	0.00968289	0.0618191
0.0299893	0.0100516	0.0883233
0.0293142	0.00863045	0.0715113
0.0308658	0.0088001	0.0811551
0.0311153	0.00876371	0.049916
0.0315957	0.00973256	0.0293215
0.0295041	0.00983972	0.074923
0.0276558	0.0106778	0.0255378
0.0273396	0.0107929	0.104298
0.0285168	0.00980663	0.0328444
0.0290374	0.0114141	0.0925443
0.0335653	0.0101996	0.0446943
0.02917	0.00932867	0.0507713
0.030645	0.010181	0.0271535
0.0313374	0.00948169	0.0933066
0.0309873	0.0101602	0.0846305
0.0307407	0.00994267	0.168846
0.0307496	0.00879294	0.0214141
0.0306164	0.0103968	0.0529948
0.0293667	0.0102451	0.0161257
0.0305688	0.0109133	0.0369438
0.0295675	0.0105091	0.0450414
0.0303145	0.0101476	0.100208
0.0296908	0.00867451	0.0511253
0.0323045	0.0089158	0.0482092
0.0302718	0.00972028	0.0508878
0.0287543	0.0101319	0.0647785
0.0294517	0.010812	0.0744246
0.0274339	0.00954493	0.061668
0.0303166	0.0101166	0.0320534
0.030149	0.0102837	0.118381
0.0312594	0.0101133	0.0519011
0.0299539	0.0103494	0.066323
0.0314488	0.0107059	0.0174662
0.026155	0.00864362	0.0493823
0.0315523	0.0100276	0.0872079
0.0283619	0.0104374	0.051431
0.0307026	0.00983776	0.00810045
0.0329753	0.0112147	0.0499195
0.0283301	0.00930965	0.0424395
0.0292343	0.0105525	0.160597
0.0303554	0.00923253	0.0422407
0.0287964	0.00973691	0.0519592
0.0299269	0.011082	0.0558393
0.0292032	0.0108253	0.0256752
0.0320758	0.00998268	0.0631182
0.0293916	0.0096242	0.0457
0.0287554	0.0095275	0.0418485
0.0332554	0.00972127	0.0465211
0.0290477	0.00966203	0.115524
0.0300768	0.00913268	0.056425
0.0279485	0.010388	0.0159454
0.0320645	0.00994471	0.0441907
0.0292474	0.0104428	0.072038
0.028397	0.00981242	0.0688213
0.0310313	0.00973164	0.0245942
0.0300365	0.00992826	0.0376846
0.031322	0.0106014	0.121439
0.0293772	0.0094618	0.0931874
0.0298205	0.00984086	0.0231004
0.0292777	0.0100742	0.0434421
0.0294714	0.0114219	0.0443422
0.0300911	0.0103357	0.0316156
0.0305092	0.00958208	0.0783556
0.0317156	0.0102121	0.00898801
0.0293274	0.0101234	0.0969865
0.0324182	0.00875851	0.0923177
0.0300744	0.00978505	0.0684744
0.0330381	0.00955671	0.0462287
0.0297799	0.0103456	0.0350586
0.0291311	0.0107267	0.104617
0.0299729	0.0100585	0.0234668
0.0312307	0.0104909	0.0421292
0.029801	0.0103819	0.0123791
0.0302714	0.0108748	0.0342849
0.0309348	0.01009	0.077838
0.0279914	0.00988315	0.068593
0.0309541	0.0108469	0.02863
0.0298922	0.0100863	0.103255
0.0301219	0.0105355	0.107822
0.0298252	0.010358	0.0637572
0.0301929	0.00891854	0.0316594
0.0301873	0.00901894	0.0547531
0.0288953	0.0113978	0.134761
0.0309957	0.010543	0.0473906
0.0277715	0.0100332	0.129668
0.0271591	0.0100953	0.14378
0.0313965	0.00870461	0.113405
0.0316349	0.0103735	0.0905542
0.0304791	0.00975098	0.0540047
0.0330932	0.00932138	0.0589159
0.0288947	0.0115601	0.137584
0.0299962	0.00968281	0.0619374
0.032028	0.0103159	0.0500658
0.0287087	0.00905561	0.0628577
0.028365	0.0104225	0.0291275
0.0313182	0.0103577	0.143187
0.0284265	0.0101946	0.138328
0.0296639	0.0111342	0.101516
0.0308084	0.0106967	0.0281728
0.0288469	0.0100816	0.0142147
0.0311024	0.0117015	0.0629697
0.0328767	0.010235	0.0199134
0.0292603	0.010922	0.0402994
0.0284217	0.0102496	0.0382955
0.0285556	0.0104679	0.0740955
0.0292634	0.0101818	0.0711326
0.0294011	0.0103669	0.0119031
0.0316332	0.0101733	0.0522528
0.0289197	0.0101359	0.0241642
0.0318685	0.0110141	0.0438064
0.0291265	0.0106065	0.120947
0.0283308	0.0113382	0.0659735
0.0291378	0.00993921	0.0309404
0.0267807	0.0106343	0.123964
0.030452	0.00992727	0.0423554
0.0311161	0.0105783	0.0233886
0.0295715	0.00937386	0.0535523
0.0281364	0.00921318	0.0120352
0.0300635	0.0102049	0.0619632
0.0298194	0.00963415	0.0607675
0.0301046	0.0107789	0.0287489
0.029404	0.0102433	0.0491881
0.0310794	0.00982021	0.116262
0.0299085	0.010665	0.054255
0.0306004	0.00993929	0.064246
0.0293398	0.0105963	0.0564187
0.0283483	0.0110843	0.133427
0.0281171	0.00913317	0.0225873
0.0294281	0.010052	0.112279
0.0302001	0.00926408	0.0956564
0.0295897	0.00952501	0.0776206
0.0313925	0.0117224	0.0515233
0.0334202	0.00899502	0.024411
0.0308223	0.0106357	0.0182448
0.0304163	0.00990543	0.0274716
0.0310282	0.0109951	0.0145134
0.0309926	0.00992097	0.0133507
0.0296177	0.0101229	0.0691183
0.0292139	0.00996301	0.041703
0.0309654	0.00919046	0.0522181
0.0316659	0.00895253	0.011489
0.0264886	0.0111447	0.040922
0.0312276	0.00969777	0.025109
0.0315957	0.0102865	0.0807872
0.0292201	0.00992273	0.0152902
0.0291792	0.0103589	0.0419468
0.0285291	0.00870851	0.0220149
0.0317852	0.00998585	0.0451791
0.0290244	0.0101921	0.0503668
0.0314968	0.00925271	0.05708
0.0307621	0.0112838	0.00716202
0.0289265	0.00940856	0.0264661
0.027613	0.0103514	0.0562816
0.0314938	0.00881451	0.0393782
0.0299664	0.00969692	0.0260136
0.0298159	0.00821185	0.0790833
0.0294266	0.00897856	0.00688647
0.0320259	0.00963536	0.0948946
0.0330071	0.0111308	0.059344
0.0309816	0.010642	0.137681
0.0294893	0.00986853	0.0921078
0.0312627	0.00988799	0.151001
0.0293377	0.0097223	0.0524874
0.028759	0.0108687	0.108372
0.0286263	0.009554	0.0738572
0.031047	0.00973654	0.0396822
0.0265731	0.00907122	0.0998024
0.030372	0.00977242	0.113608
0.0299953	0.0109668	0.0883096
0.0335177	0.00968967	0.0773943
0.0288359	0.0104303	0.0674411
0.0297415	0.00920715	0.0255424
0.028869	0.0105033	0.147359
0.0292258	0.0101797	0.0850654
0.0318486	0.00865052	0.0187501
0.031644	0.00978054	0.0414638
0.0296019	0.010059	0.050582
0.0319841	0.0102654	0.0521009
0.0280202	0.00920478	0.0244135
0.0309652	0.0114461	0.0789373
0.0284489	0.00981445	0.136977
0.0275959	0.00942327	0.0532376
0.0311485	0.0104566	0.0224863
0.0295951	0.0107073	0.0203516
0.029198	0.00936667	0.0267955
0.0306835	0.0105257	0.140295
0.0325839	0.010327	0.123709
0.0321159	0.0105867	0.0400978
0.033553	0.0101791	0.0560973
0.0296238	0.00976087	0.0898445
0.0329776	0.00966011	0.122041
0.0313811	0.0108518	0.0896903
0.029345	0.0107057	0.0337759
0.0312725	0.0100748	0.130444
0.0311453	0.010215	0.0584187
