0.0203716	0.0110497	0.0368239
0.019892	0.0164596	0.0367669
0.0319232	0.0135045	0.0382845
0.0198298	0.0126433	0.0368462
0.0394674	0.0113667	0.0391312
0.0184083	0.00275772	0.0368065
0.0435956	0.00782573	0.0394747
0.0313545	0.00606104	0.0382825
0.0389378	0.00806438	0.0390199
0.0291978	0.00753699	0.0379209
0.0417586	0.015054	0.0391435
0.0341829	0.0125362	0.0384761
0.0275198	0.00655383	0.0375761
0.0336418	0.0102789	0.0384641
0.0309887	0.0141434	0.0381255
0.0322092	0.0165466	0.0382652
0.00453816	0.0111494	0.0349375
0.0243342	0.0140608	0.0374665
0.0410862	0.00630894	0.039353
0.0413713	0.00944495	0.0392595
0.0139822	0.0143663	0.0364079
0.0277912	0.0140297	0.0377144
0.0353881	0.00516565	0.0387093
0.0190002	0.00614501	0.0366826
0.0402237	0.00278105	0.0391331
0.0396631	0.0098525	0.0391711
0.0221972	0.0114992	0.0370077
0.0125018	0.0110559	0.0360689
0.0407811	0.015979	0.0391742
0.028332	0.0111641	0.0378153
0.0262197	0.0115824	0.0375434
0.0219298	0.0145461	0.0371014
0.0365654	0.00584252	0.0388359
0.0276155	0.0050558	0.0375714
0.014569	0.00776418	0.0363422
0.0264865	0.0087936	0.0377475
0.0398166	0.0112088	0.0391786
0.0365404	0.0153292	0.0386653
0.0344101	0.008204	0.038576
0.0408294	0.0142211	0.0390315
0.0385488	0.00945632	0.0390711
0.0258221	0.0144721	0.0373896
0.0275222	0.00917389	0.0376638
0.0366346	0.000212848	0.0387351
0.0334675	0.00830461	0.0384767
0.0389858	0.00637327	0.0389795
0.0238658	0.00188008	0.0373729
0.03821	0.0116536	0.0387838
0.0372129	0.00668715	0.0388267
0.0229121	0.0119619	0.0372182
0.00886161	0.00136395	0.035382
0.0245332	0.0115811	0.0374188
0.0309149	0.00144484	0.0381653
0.0379661	0.00946029	0.0389334
0.0258178	0.0165721	0.0374105
0.0417781	0.00395555	0.03936
0.0382591	0.0135372	0.0389027
0.0379278	0.00933076	0.0388517
0.0165245	0.00525257	0.036362
0.0354712	0.00929486	0.0386615
0.0130484	0.00629542	0.03611
0.0264498	0.0110549	0.0375858
0.0382606	0.00575701	0.039089
0.0342522	0.00912309	0.038574
0.0201574	0.0112133	0.0369419
0.00271175	0.0111041	0.0349773
0.0220932	0.0164111	0.0371143
0.0524397	0.0141528	0.040289
0.0426318	0.00273294	0.0395406
0.037423	0.015435	0.0389439
0.0295218	0.00507917	0.0379311
0.0347715	0.0133731	0.0384238
0.0265935	0.00329075	0.0376502
0.0183536	0.0110839	0.0367031
0.0156082	0.00576665	0.0364735
0.0217932	0.0106187	0.0371216
0.0233403	0.0103218	0.0372075
0.0145692	0.00322021	0.0364843
0.0373315	0.0164656	0.0387157
0.0365781	0.0153776	0.0387201
0.0443715	0.00663402	0.0394549
0.0352245	0.0156088	0.0385706
0.00359586	0.0104488	0.0351752
0.0211815	0.0103522	0.0370565
0.0463776	0.00459532	0.0397967
0.0317235	0.0161343	0.0381967
0.0148153	0.0110683	0.0364023
0.0328793	0.00952365	0.0383526
0.0498844	0.00496765	0.0399953
0.0488615	0.0134351	0.0402998
0.0294836	0.0143184	0.03788
0.00608541	0.0106151	0.035269
0.0170968	0.014089	0.0366542
0.048744	0.00558252	0.040203
0.0396059	0.0132435	0.0391524
0.0274921	0.00567514	0.0377311
0.0347303	0.00156878	0.0385211
0.0225362	0.00360882	0.0371544
0.00130313	0.00838004	0.0349051
0.0254226	0.0117243	0.037484
0.0391194	0.00822571	0.0391346
0.0314691	0.00860168	0.0381921
0.0277939	0.0166351	0.037838
0.0242938	0.00700226	0.0375219
0.0228884	0.0157835	0.0370004
0.00785211	0.0111919	0.0355598
0.0282785	0.00885661	0.037739
0.0187386	0.0128652	0.0368416
0.0395518	0.0133155	0.0391298
0.024566	0.0114515	0.0372517
0.0314472	0.0117696	0.0382288
0.0220085	0.0162817	0.0372279
0.052149	0.0100025	0.0404542
0.0430419	0.0140483	0.0392485
0.0394225	0.00955152	0.0391324
0.0336351	0.0125735	0.0384511
0.0370381	0.0134506	0.0387269
0.0388809	0.0120055	0.039076
0.0332922	0.00874451	0.0384152
0.0404695	0.00207016	0.0390511
0.0305272	0.00810834	0.0380442
0.0248604	0.012972	0.0373467
0.0249965	0.0148662	0.0372717
0.0258103	0.0090374	0.0375305
0.0375758	0.00931907	0.0387929
0.0163615	0.0150319	0.0364606
0.0196883	0.00917223	0.0369488
0.0291456	0.0155622	0.0379195
0.0304246	0.0030969	0.0380966
0.0217731	0.0138932	0.0372493
0.0266386	0.0159365	0.0377822
0.0343288	0.0137996	0.038543
0.0437092	0.00685805	0.0397048
0.0273556	0.0142242	0.0377706
0.0246724	0.00876291	0.0375306
0.0291436	0.00958844	0.037951
0.0114271	0.00890507	0.0357239
0.0209182	0.0147178	0.0368925
0.0321746	0.0114437	0.0381708
0.0170447	0.0122401	0.0366356
0.0313332	0.00667195	0.038132
0.0219148	0.000855278	0.0371655
0.0122108	0.0134588	0.0362252
0.0351241	0.0162905	0.0385262
0.0321892	0.0184693	0.0383491
0.0423152	0.0162642	0.0392809
0.0269884	0.017694	0.0374804
0.0451201	0.00345213	0.0395963
0.0285178	0.0067763	0.0379994
0.0117943	0.00911725	0.0358189
0.0270446	0.00737932	0.0376872
0.0421333	0.00847604	0.0392128
0.037612	0.00576363	0.038784
0.0283019	0.00470277	0.0378311
0.0230577	0.0021354	0.0372058
0.0367439	0.00875314	0.0387985
0.0312729	0.00885095	0.0381597
0.0283519	0.00506785	0.0377768
0.0470427	0.0119484	0.0398225
0.0213025	0.0140628	0.0371953
0.0251619	0.00462924	0.037596
0.0206365	0.00326706	0.0368987
0.024408	0.0126917	0.0373493
0.0472163	0.0147293	0.0398676
0.0280655	0.00955086	0.0378829
0.0367188	0.0169295	0.038842
0.0363072	0.00572939	0.0387724
0.0242191	0.0121265	0.0373874
0.0144702	0.0125793	0.0363692
0.0369391	0.00494612	0.0388716
0.0315949	0.0108556	0.0382369
0.0392245	0.0124845	0.0391096
0.00930448	0.0134669	0.0358312
0.0237867	0.0133657	0.0374111
0.0244292	0.00912384	0.0373756
0.035052	0.00678396	0.0385671
0.016939	0.0136604	0.0366218
0.04164	0.0168018	0.0391917
0.0425981	0.0141169	0.0394808
0.032636	0.00794115	0.0383219
0.0284733	0.00568252	0.0378911
0.0321991	0.0116314	0.0382034
0.0375157	0.0156734	0.0388187
0.00375465	0.00858486	0.0351739
0.032257	0.0159884	0.0383883
0.0459793	0.00368938	0.039647
0.0300814	0.0147992	0.0380716
0.0229557	0.010304	0.0372513
0.021785	0.0126981	0.0370651
0.0419114	0.0158055	0.03936
0.0246592	0.00952368	0.0373655
0.0370769	0.00764224	0.038744
0.0216291	0.0109718	0.0371817
0.0301733	0.00764488	0.0378971
0.0332175	0.00647806	0.0383581
0.032285	0.0107074	0.0381759
0.0341611	0.00882476	0.0385077
0.024684	0.0168135	0.0373711
0.0199867	0.0134051	0.0370216
0.0342433	0.0108416	0.03843
0.0395644	0.00565129	0.0389795
0.0218738	0.012625	0.0369819
0.0243182	0.0121139	0.0373436
0.0373262	0.0141893	0.0388238
0.0436743	0.0108364	0.0393362
0.0233963	0.0027992	0.0372589
0.0285604	0.0166933	0.0377215
0.0266431	0.000372459	0.0377071
0.0376956	0.00574839	0.0388877
0.0254668	0.0123257	0.0374781
0.0245535	0.000585335	0.0374464
0.0296824	0.0072404	0.0379294
0.0229144	0.0101848	0.0371348
0.0198339	0.00940875	0.0367596
0.0311264	0.0132679	0.0382033
0.0080881	0.012706	0.035493
0.0406679	0.0140765	0.0392427
0.0364314	0.0136643	0.0387146
0.00417389	0.0126067	0.0346894
0.0456944	0.0110011	0.0399222
0.00445065	0.0133801	0.035252
0.0288009	0.00512228	0.0379568
0.0329834	0.0123572	0.0383527
0.0326445	0.00677378	0.0381764
0.0341236	0.0105352	0.0385431
0.0360839	0.00296642	0.0387814
0.0533872	0.0101431	0.0406082
0.0308452	0.0167904	0.0380715
0.0408592	0.0156612	0.0393053
0.000726082	0.0149506	0.0345396
0.0237982	0.0155678	0.037293
0.0165819	0.0112494	0.0364794
0.0216306	0.0145594	0.0369661
0.0416701	0.0121307	0.0392857
0.0234698	0.00412547	0.037205
0.00377056	0.0132031	0.0348142
0.0171398	0.0102042	0.0367075
0.0391722	0.0151568	0.0390662
0.0244147	0.00657367	0.0373441
0.0216473	0.00836982	0.0369103
0.0501434	0.00693308	0.0402669
0.026337	0.00811252	0.0376251
0.0348092	0.00707993	0.0385829
0.0287412	0.0113005	0.0379203
0.021979	0.015985	0.0371055
0.0369484	0.00815019	0.0389118
0.0333011	0.00783189	0.0383469
0.0334433	0.0169025	0.0383997
0.0403698	0.0132955	0.0391324
0.00992275	0.00326823	0.0359926
0.0359023	0.00492285	0.0386976
0.0504411	0.0117572	0.0402195
0.0502753	0.0152738	0.0401213
0.0269731	0.00599141	0.0376496
0.0303975	0.00457685	0.0380689
0.0463822	0.0110793	0.0397452
0.0280413	0.000104242	0.0378663
0.0264833	0.00971833	0.037505
0.0387196	0.00901094	0.0389169
0.048587	0.0155421	0.0399548
0.0068224	0.0144136	0.0355608
0.0458333	0.00964125	0.0396691
0.0169564	0.0163354	0.0366263
0.0422591	0.00890317	0.0392767
0.0404038	0.0123379	0.0390875
0.0327819	0.00499292	0.0381734
0.0313407	0.00572873	0.0380131
0.000686454	0.0141202	0.0342354
0.0164504	0.00228422	0.0366115
0.00816956	0.014312	0.0355134
0.0226862	0.0152494	0.0371273
0.0258369	0.0134816	0.0374531
0.0322342	0.0143922	0.0381544
0.0178249	0.00540728	0.0368029
0.0317137	0.0165428	0.0382439
0.0419271	0.00927242	0.0392489
0.0534568	0.00683386	0.0406809
0.0289375	0.0142398	0.0377617
0.0355817	0.00439319	0.0386963
0.0181783	0.00214307	0.0367955
0.0393592	0.00879097	0.0390198
0.00971782	0.0125164	0.0359361
0.0423563	0.00576497	0.0393138
0.0262776	0.00701715	0.0377311
0.0339322	0.0142968	0.0385615
0.0224249	0.00767892	0.037272
0.0265726	0.0131189	0.0375885
0.0281437	0.0113043	0.0377949
0.02699	0.00983743	0.0377844
0.0235979	0.00708458	0.0373846
0.0135562	0.0121928	0.0359816
0.0322772	0.0106217	0.0383139
0.0398807	0.0156409	0.0389368
0.028336	0.0158287	0.0379078
0.0284506	0.0062561	0.0377851
0.0273648	0.0143016	0.0376427
0.0304273	0.0134588	0.0380902
0.0305804	0.002247	0.0381334
0.029906	0.00903628	0.0380388
0.0076646	0.00911059	0.0354184
0.0253541	0.0117793	0.0373756
0.0400933	0.0102545	0.039231
0.0252442	0.00176661	0.0375631
0.0285633	0.0128288	0.0377326
0.00611392	0.0134918	0.0354339
0.0443375	0.0142008	0.0395812
0.0312791	0.00868456	0.0382374
0.0197222	0.00858165	0.0368726
0.0424402	0.0179081	0.0393868
0.03279	0.0164695	0.0382005
0.0144198	0.00569538	0.0362609
0.0143561	0.0131256	0.0364718
0.035187	0.0159163	0.0385446
0.0352474	0.0120295	0.038671
0.0206166	0.0063406	0.0370804
0.0319749	0.0141279	0.0382836
0.0301635	0.0130235	0.0379719
0.0259517	0.014474	0.0374076
0.0424957	0.00908819	0.0395415
0.020474	0.00677343	0.0367566
0.0367372	0.00852202	0.0387554
0.043019	0.00447465	0.0396275
0.0283724	0.015021	0.0377597
0.0454885	0.016896	0.0396334
0.0330905	0.00835014	0.0382695
0.0342616	0.0037675	0.0384137
0.0391792	0.0102543	0.0391288
0.0291223	0.015508	0.0380342
0.0530672	0.0100339	0.0404777
0.0265145	0.0156425	0.0376376
0.0252235	0.00482029	0.0374653
0.0432327	0.00319801	0.0395434
0.00792549	0.0137618	0.035624
0.0264856	0.0104516	0.0376219
0.0134493	0.0147815	0.036164
0.0190359	0.0136422	0.0369634
0.0257734	0.00015825	0.0375449
0.00926883	0.0067585	0.0358791
0.0129192	0.0118285	0.0362999
0.0360657	0.0130005	0.0386619
0.0380747	0.0138338	0.0388745
0.0214709	0.0091722	0.0368866
0.0379869	0.00438275	0.0387741
0.024323	0.0105327	0.0373964
0.016956	0.0107976	0.0366138
0.0356246	0.0124764	0.0385708
0.0417867	0.00618837	0.0392364
0.0453991	0.0132796	0.0396755
0.0142874	0.0158618	0.0361173
0.019935	0.00552891	0.0370032
0.0358018	0.00825391	0.0387025
0.0301556	0.00801339	0.0381634
0.019478	0.0153149	0.0367846
0.0293195	0.00419748	0.0381225
0.0324178	0.0117537	0.0382936
0.0288683	0.0112766	0.0378657
0.0348114	0.0142455	0.0384677
0.0334509	0.00275921	0.0383886
0.0145676	0.0154475	0.036059
0.0301122	0.016412	0.0381519
0.0131699	0.00222027	0.0358564
0.0340703	0.00971406	0.0384646
0.0257217	0.00956191	0.0373982
0.0201126	0.0100914	0.0369187
0.037754	0.0142487	0.0388408
0.0363841	0.00904264	0.0386059
0.0344556	0.0110242	0.0385638
0.016321	0.00644569	0.0366178
0.0263915	0.0059609	0.0375548
0.0363285	0.00926479	0.0386913
0.0186335	0.00569704	0.0365305
0.0263198	0.0117866	0.0374915
0.0265903	0.0117014	0.037582
0.0395291	0.00277191	0.0392056
0.0276988	0.0105181	0.0378413
0.0262045	0.0144004	0.0375057
0.0131516	0.00298762	0.0360641
0.0329067	0.010408	0.0383851
0.0408322	0.00853738	0.0391696
0.0365746	0.0168089	0.0387536
0.0352806	0.013484	0.0386508
0.0404654	0.00475173	0.0393463
0.0284729	0.000430969	0.0378405
0.0179233	0.00947572	0.0367231
0.0190456	0.00881812	0.0368815
0.0401638	0.00459346	0.0391144
0.0416682	0.00508473	0.0394746
0.0199524	0.00419427	0.0368096
0.0363828	0.00727455	0.0387207
0.0283196	0.0133791	0.0378882
0.0338115	0.000981742	0.0384731
0.0431952	0.00798842	0.0395277
0.0226365	0.00820678	0.0371059
0.0345199	0.00759957	0.0385057
0.0272844	0.00971619	0.0378169
0.0306095	0.00608845	0.0381543
0.0267905	0.0136533	0.037605
0.012205	0.0063286	0.0362275
0.0251135	0.00627811	0.0374203
0.0491447	0.0102782	0.0398984
0.0294415	0.00304285	0.0379694
0.0481933	0.00795201	0.0401063
0.0413088	0.0134023	0.0392048
0.0224644	0.0094426	0.037292
0.0374951	0.0104431	0.0389121
0.02859	0.00745432	0.0378189
0.0177298	0.016347	0.036687
0.0373845	0.0092336	0.0387972
0.037201	0.00791919	0.0387183
0.0430395	0.00642112	0.0395227
0.0387524	0.0168541	0.0388082
0.021503	0.00882356	0.0369705
0.0414982	0.0019571	0.0393087
0.0265802	0.0122048	0.0375743
0.0261949	0.0108267	0.0376538
0.0414382	0.0168887	0.0392183
0.0389356	0.0132529	0.0389786
0.020972	0.0155669	0.0370737
0.0331051	0.0102097	0.0382663
0.0396214	0.0106582	0.0390311
0.0352528	0.00780402	0.0385363
0.0133011	0.0157835	0.0360081
0.0360302	0.0120204	0.0386878
0.0162146	0.0128612	0.0364549
0.039397	0.00496489	0.0390912
0.00958363	0.0122319	0.0357158
0.0341288	0.0156469	0.0384432
0.0273843	0.00539529	0.0376652
0.0317328	0.016144	0.03806
0.0426662	0.00810519	0.0393772
0.0423961	0.00659203	0.0395265
0.0337463	0.0128642	0.0384153
0.0086175	0.00227586	0.035739
0.0273799	0.0138839	0.0377483
0.029781	0.0138012	0.0380746
0.0226919	0.0137067	0.0371833
0.0243992	0.0149648	0.0375358
0.00965638	0.0131944	0.0359324
0.0346725	0.0140091	0.0384548
0.0234768	0.00944236	0.0371339
0.0233331	0.00632204	0.0373756
0.022883	0.0112606	0.0370929
0.0458281	0.005841	0.0398566
0.0306862	0.0162425	0.0381108
0.0419409	0.0108052	0.0393049
0.0379303	0.0049996	0.0389396
0.0500846	0.0147629	0.040416
0.034124	0.0135579	0.0384538
0.0226481	0.0158787	0.0370721
0.04153	0.00677946	0.0394198
0.00930581	0.00488831	0.0358519
0.0394944	0.00274345	0.0392022
0.0267712	0.00759267	0.037754
0.0481268	0.012601	0.0400699
0.043954	0.0105681	0.0393662
0.0215999	0.0122752	0.0370474
0.030485	0.0043806	0.0380267
0.0434918	0.011296	0.0393233
0.0405609	0.0100203	0.0391202
0.0188553	0.0154059	0.0365001
0.03633	0.0100483	0.0385944
0.00535252	0.00743238	0.0353163
0.0378245	0.00619398	0.0388201
0.0290966	0.00692228	0.0379116
0.0291435	0.00279213	0.0379597
0.0263374	0.0101978	0.0374835
0.0291948	0.00781715	0.0380287
0.0337441	0.0154186	0.0384498
0.0222148	0.0127296	0.037217
0.0333636	0.00908958	0.0383564
0.00828728	0.0105345	0.0357792
0.022585	0.00976068	0.0370344
0.0464899	0.0126165	0.0399055
0.0364769	0.00874536	0.0387862
0.0504419	0.00954754	0.0402815
0.0358778	0.0145571	0.0385365
0.0326529	0.0102522	0.0383779
0.0269959	0.0128684	0.0376288
0.028148	0.0132101	0.0379296
0.0336852	0.0156438	0.0383917
0.0411358	0.0105629	0.0391883
0.0317557	0.0102959	0.0382532
0.0234336	0.00937618	0.0373064
0.0273876	0.0140457	0.0376704
0.0421454	0.00102781	0.0395032
0.0251058	0.010711	0.0375696
0.0394028	0.0121589	0.0389525
0.0305926	0.00956594	0.0380095
0.0317218	0.0107108	0.0382682
0.0287276	0.00693766	0.0379189
0.0321603	0.0164282	0.0381272
0.0333976	0.0105669	0.0384209
0.0322372	0.0154426	0.0382101
0.0339324	0.0106932	0.0384727
0.016774	0.00888097	0.0366087
0.0384333	0.0166608	0.0387628
0.031734	0.00759655	0.0381822
0.0526026	0.0135245	0.0404254
0.0322632	0.00590765	0.0381225
0.0356514	0.00573512	0.0386271
0.0176281	0.0055449	0.0367466
0.045169	0.0109177	0.0396113
0.0347148	0.00657563	0.0385424
0.0284597	0.0123008	0.0378844
0.0238353	0.0147509	0.0372731
0.0302583	0.0078589	0.0380232
0.0316344	0.0143898	0.0381823
0.0376761	0.0169625	0.038943
0.0244084	0.00320506	0.0371777
0.0280701	0.0165275	0.0377336
0.0302941	0.00882743	0.0379926
0.0355708	0.0145328	0.0385849
0.0418872	0.0112111	0.0393783
0.0260421	0.00738091	0.0376426
0.0328979	0.0123664	0.038325
0.043415	0.00877651	0.0393359
0.0317276	0.0104778	0.0382506
0.0510089	0.0158328	0.0402987
0.0123371	0.0127509	0.0361694
0.0299233	0.00928123	0.037948
0.042859	0.00653139	0.0395173
0.0261444	0.010463	0.0377
0.0368422	0.0132919	0.0388693
0.0478736	0.0136456	0.0398901
0.0249822	0.0015833	0.0375632
0.0403081	0.0124866	0.0390767
0.0398283	0.0136226	0.0391751
0.0417036	0.0154811	0.0392369
0.00999856	0.00167671	0.0360377
0.033109	0.0088017	0.0383398
0.0415235	0.0112174	0.0391222
0.0398777	0.00831429	0.0391269
0.00774528	0.0148074	0.0356131
0.0345407	0.0158523	0.0384759
0.0227507	0.0145269	0.0372615
0.0471705	0.0110597	0.039831
0.0151148	0.00567233	0.0364005
0.0253832	0.0153175	0.0376428
0.0405929	0.00543023	0.0392181
0.0255526	0.0108815	0.0373808
0.0370421	0.00748037	0.0388545
0.0262835	0.0103805	0.0375737
0.0443274	0.00972678	0.0396677
0.036439	0.00786655	0.0387644
0.0326263	0.00263159	0.0384199
0.0386759	0.00784022	0.0390814
0.0207627	0.00222486	0.0369204
0.0316139	0.00909415	0.0382279
0.039175	0.0079543	0.0389426
0.0343672	0.00845042	0.0385635
0.0285385	0.012152	0.0378887
0.0339619	0.0165929	0.0383077
0.0164667	0.0145974	0.0363256
0.0104395	0.00673774	0.0360037
0.0319933	0.00819305	0.0381909
0.0190888	0.0108133	0.0369034
0.043844	0.0167855	0.0394641
0.0351305	0.00521506	0.0385634
0.0439121	0.00214632	0.0395644
0.0486529	0.00023203	0.0398915
0.0292923	0.0067964	0.0379493
0.0266635	0.0120828	0.0376514
0.0337902	0.0122725	0.0383537
0.0277816	0.0127211	0.0376719
0.0365278	0.0158884	0.0387822
0.0191083	0.00811614	0.0368309
0.0313094	0.00880707	0.0380875
0.0477273	0.0159861	0.0399966
0.0287977	0.00410544	0.037908
0.0215908	0.0137718	0.0371004
0.0321589	0.0118914	0.0382679
0.0415413	0.0128328	0.039365
0.0079608	0.00887575	0.0356463
0.0416664	0.0108429	0.0393053
0.0314992	0.00516846	0.0382476
0.0439372	0.0100589	0.039712
0.0246148	0.0135135	0.0374695
0.0322452	0.00258606	0.0380855
0.0454547	0.00613624	0.039678
0.0313334	0.00592232	0.0382223
0.0282909	0.017906	0.037784
0.011176	0.0159168	0.0361197
0.0217005	0.00708143	0.0372423
0.0288083	0.00447807	0.0379003
0.0347834	0.00356915	0.0386843
0.0295485	0.0151043	0.0378984
0.026045	0.00308032	0.0376439
0.0434098	0.0137101	0.0394555
0.0199918	0.0162769	0.0369673
0.0315682	0.00805982	0.0381605
0.0264138	0.015082	0.037454
0.0250825	0.0139908	0.0374812
0.0312588	0.0162152	0.0381459
0.0181863	0.00208683	0.0368402
0.0283015	0.0127028	0.0378626
0.0133434	0.0145467	0.0359728
0.0188754	0.0116699	0.0366166
0.0189687	0.0186467	0.0367257
0.0242085	0.00764106	0.0372999
0.0260786	0.000693787	0.0375849
0.031386	0.0101822	0.0381007
0.0271396	0.0169815	0.0378405
0.0279634	0.0132406	0.0377914
0.0268948	0.0119145	0.0376242
0.0484908	0.016833	0.0401935
0.0119261	0.0106976	0.0356748
0.0396074	0.0144756	0.0390326
0.0148313	0.007248	0.0365139
0.0304896	0.00138381	0.0380491
0.032452	0.015926	0.0381463
0.0322554	0.00868197	0.0382971
0.0350827	0.0101491	0.0385211
0.0125665	0.00949199	0.0362264
0.0368898	0.0115292	0.0387519
0.0340343	0.0135661	0.0384898
0.034488	0.00988178	0.038509
0.0221847	0.0106921	0.0372467
0.0329732	0.0114275	0.0383528
0.000445014	0.012338	0.0350216
0.0315021	0.0104004	0.0381498
0.0179358	0.00431204	0.0368874
0.0233845	0.000451098	0.0373452
0.0206415	0.0120657	0.0370107
0.0193705	0.0137153	0.036707
0.0342215	0.00579231	0.0385923
0.0410817	0.0143882	0.0393502
0.029711	0.0124936	0.0379678
0.0134244	0.0126993	0.035997
0.022632	0.000137938	0.037301
0.0359761	0.00980909	0.0386437
0.0354457	0.0110175	0.0385479
0.0440769	0.0108904	0.0393765
0.00888077	0.0113797	0.0354489
0.0275618	0.000935492	0.0377786
0.0302452	0.013457	0.0381107
0.0319857	0.00221895	0.0381734
0.0168072	0.00274575	0.0367143
0.0261797	0.0107367	0.037464
0.0348978	0.0163539	0.0385733
0.0334498	0.0118449	0.0383386
0.0245522	0.0111924	0.0373342
0.0316015	0.00276448	0.0382059
0.0251684	0.00386023	0.0375537
0.0410566	0.012771	0.0393455
0.0498558	0.00864536	0.0404439
0.032258	0.00347032	0.038295
0.0212853	0.00978163	0.0370048
0.0237049	0.0134083	0.0372036
0.0214352	0.00868006	0.0370813
0.0439461	0.0157635	0.0396898
0.0358852	0.00379587	0.0387157
0.0396236	0.0031817	0.0391667
0.0256146	0.00849144	0.0376305
0.0195392	0.0104393	0.0368098
0.0288315	0.0119411	0.0378356
0.0215738	0.00709374	0.0370796
0.0203808	0.00846432	0.0370778
0.0465074	0.012257	0.0397972
0.0288737	0.0111996	0.0379156
0.043805	0.00243048	0.0396671
0.0337434	0.0112413	0.0383635
0.0279338	0.000223456	0.0378391
0.0417422	0.0105812	0.0394231
0.0190652	0.0157883	0.0367695
0.00468699	0.00345975	0.0352718
0.0436634	0.010207	0.0394388
0.0311396	0.00594546	0.0382635
0.0289703	0.00994422	0.0378751
0.0318722	0.0162331	0.038202
0.0295725	0.00889063	0.0380051
0.0304377	0.00372147	0.0380935
0.0373122	0.0161287	0.0388939
0.00577635	0.0139786	0.0353729
0.0421683	0.0117263	0.0393197
0.0343127	0.00607689	0.0385032
0.032842	0.0112936	0.038258
0.0336195	0.016869	0.0383207
0.0286244	0.011145	0.0379094
0.0257985	0.0151338	0.0374851
0.0208589	0.00904337	0.0369885
0.0474344	0.0118456	0.0398324
0.0334165	0.0127506	0.0383306
0.0226502	0.0154789	0.0372942
0.0264162	0.00387383	0.0375546
0.0324143	0.00173685	0.0383299
0.0318954	0.0145346	0.0382252
0.0283702	0.00556427	0.0378512
0.0253964	0.0139512	0.0374737
0.0519985	0.0139838	0.0402991
0.0361981	0.0138364	0.0386195
0.0498797	0.00584024	0.0403294
0.0111254	0.0166731	0.0355209
0.019621	0.0102316	0.0368943
0.0365036	0.0137392	0.0387127
0.0409482	0.00859011	0.0391905
0.0295875	0.0164596	0.037875
0.0461363	0.0157159	0.0399516
0.0399976	0.00772724	0.0391357
0.0428732	0.0167516	0.0395311
0.0334417	0.00984425	0.0383782
0.012084	0.00909305	0.0357093
0.0260794	0.0181638	0.0376053
0.0443789	0.00634958	0.0397531
0.0166392	0.0127924	0.0365055
0.0377464	0.00543853	0.038842
0.0229528	0.0122607	0.0373104
0.0401173	0.00830484	0.0389858
0.0300659	0.00387148	0.0378447
0.00663638	0.00459648	0.0355646
0.0346564	0.0077304	0.0385354
0.0165012	0.00289263	0.0366838
0.0363749	0.00645113	0.0387746
0.0322412	0.0143474	0.0382885
0.0176069	0.0131828	0.0366309
0.0401831	0.00590987	0.0390382
0.0417627	0.00866167	0.0394366
0.0270961	0.0116453	0.0376484
0.0319854	0.0100967	0.0381711
0.0430712	0.0150569	0.0395772
0.0226585	0.00846901	0.037314
0.0355415	0.0131456	0.0386681
0.0313785	0.00653543	0.0381661
0.0275836	0.0123747	0.037822
0.0479632	0.00642996	0.0399477
0.00329898	0.0121359	0.0351239
0.0200513	0.0111853	0.036691
0.0247253	0.00531309	0.0374266
0.0136411	0.00929043	0.0359051
0.0343299	0.0136503	0.0384203
0.0175336	0.0142888	0.0365927
0.0273192	0.0129627	0.0376636
0.0285186	0.0088354	0.0377681
0.0487631	0.0106866	0.0401355
0.00781511	0.00975149	0.0356993
0.0399537	0.010669	0.0391117
0.0315328	0.0101998	0.0381382
0.0172587	0.0139942	0.0366501
0.0416652	0.013522	0.0392998
0.046774	0.00798574	0.0398088
0.0322675	0.0108559	0.0381754
0.0327543	0.0119737	0.038257
0.0426412	0.0127933	0.039478
0.00588971	0.00855447	0.0352611
0.0411011	0.0166092	0.039135
0.0332067	0.00240119	0.0383592
0.0414087	0.00447152	0.0392495
0.0268769	0.00662139	0.0375018
0.0249933	0.00698	0.0374651
0.0223078	0.0133379	0.0372942
0.0345376	0.0137067	0.0386223
0.0374324	0.0165388	0.038737
0.0408291	0.00471385	0.0392845
0.0218673	0.0105455	0.0371364
0.0176311	0.00453009	0.0367214
0.0334612	0.00880813	0.0383339
0.0304527	0.00752681	0.038094
0.0524393	0.0118538	0.0404791
0.036222	0.00218427	0.0387767
0.00972563	0.0153511	0.0357378
0.0368686	0.00949767	0.0387319
0.0455438	0.012048	0.0396701
0.0127757	0.0142998	0.0361929
0.0345369	0.0132184	0.0384652
0.0409474	0.00980162	0.0393474
0.0232576	0.0098095	0.0371135
0.0159708	0.0129298	0.0365081
0.040652	0.00299554	0.0392958
0.0312769	0.0109946	0.0380942
0.0101206	0.00326657	0.035706
0.0384103	0.00649741	0.0390959
0.0236559	0.0256065	0.03718
0.027964	0.0090966	0.0377897
0.0255411	0.0167052	0.0375976
0.0301619	0.010454	0.0379891
0.0417624	0.015295	0.039251
0.00466563	0.0102319	0.0349712
0.0228531	0.0111102	0.0372276
0.0409013	0.00493009	0.0392202
0.0181529	0.0116849	0.0366776
0.0239936	0.0164353	0.0373188
0.040562	0.013456	0.0391319
0.0469709	0.0117068	0.0400506
0.0350664	0.0135187	0.0385013
0.0355996	0.0134379	0.0387066
0.0328082	0.00148322	0.0383418
0.0391574	0.00774085	0.0388887
0.0429826	0.0127573	0.0394126
0.0215186	0.0100796	0.0371814
0.0187055	0.00291384	0.0365096
0.0309256	0.00336533	0.0381073
0.0152141	0.00973382	0.0363585
0.0494392	0.0116284	0.040122
0.0364303	0.0132543	0.0386864
0.0252578	0.0158279	0.0374277
0.0219771	0.0100959	0.0372273
0.0451433	0.0111392	0.0397768
0.0437634	0.0146426	0.0396699
0.035546	0.0128297	0.0386145
0.0362105	0.0152273	0.0385548
0.0338076	0.00986182	0.0383883
0.018859	0.00984457	0.0368482
0.0308191	0.00789042	0.0379751
0.0297979	0.00873347	0.0380077
0.0213277	0.00561627	0.0371613
0.04408	0.00726386	0.039619
0.0228075	0.0158017	0.0373105
0.0295709	0.011238	0.037959
0.026219	0.00458779	0.0376071
0.0310377	0.0140522	0.0380388
0.0216629	0.00863899	0.036989
0.0299452	0.0115163	0.0379683
0.028897	0.0129017	0.0380096
0.0434757	0.0139409	0.0395548
0.0415165	0.0140125	0.039094
0.0174836	0.0128596	0.0363526
0.0393957	0.00999071	0.039054
0.0271645	0.013927	0.0375539
0.0366488	0.0109214	0.0388411
0.0185157	0.00337128	0.0369405
0.0219405	0.00717949	0.0370903
0.0336295	0.00606891	0.0383393
0.0277023	0.00924717	0.0377301
0.0419737	0.0130241	0.0391541
0.0204383	0.0159836	0.0366901
0.0400005	0.0149223	0.0391873
0.041726	0.00898833	0.039259
0.0374976	0.0165911	0.0388462
0.0442321	0.00138392	0.0397346
0.0108146	0.000178598	0.0360856
0.03764	0.0165449	0.0389472
0.0532103	0.00503819	0.0406379
0.0343299	0.011073	0.038588
0.0157881	0.0112633	0.0365276
0.0344922	0.0167771	0.0384162
0.0286313	0.013977	0.0379071
0.0292793	0.00570947	0.0379449
0.0419296	0.00876191	0.039452
0.0347235	0.0091323	0.0386216
0.0157237	0.0128807	0.0365003
0.0360753	0.0125914	0.0386171
0.0416898	0.00990405	0.0394092
0.0223083	0.00980986	0.0372725
0.0408985	0.0108306	0.0391334
0.0412481	0.0107137	0.0393465
0.0375063	0.0113542	0.0388203
0.025758	0.00361173	0.0376153
0.0315013	0.0074397	0.038158
0.0310236	0.0130248	0.038051
0.0176719	0.00826078	0.0365075
0.029963	0.0153285	0.0381412
0.0249208	0.0156945	0.0374462
0.0274868	0.0110779	0.0377768
0.0414823	0.0132756	0.0391012
0.0464766	0.0132597	0.0396006
0.032823	0.0162045	0.0382969
0.0177915	0.00570335	0.0364323
0.0130923	0.0132967	0.0359645
0.0403531	0.018388	0.0391983
0.0363538	0.00770076	0.0386187
0.0280005	0.00675365	0.0377236
0.0267402	0.0156272	0.0374801
0.0328343	0.0168467	0.0383746
0.0270302	0.00525558	0.0376187
0.0309362	0.00996835	0.038103
0.0289431	0.00762522	0.0379151
0.0330891	0.00456805	0.0383464
0.0439185	0.0158578	0.0395665
0.0388766	0.0109916	0.0390472
0.0376665	0.00721868	0.0388254
0.0267262	0.0170575	0.0376321
0.0285065	0.0076182	0.0378891
0.022298	0.011708	0.0371237
0.0476727	0.00373395	0.0400031
0.0404704	0.00934591	0.0391153
0.0287141	0.0114147	0.0379176
0.0170618	0.00962136	0.0366687
0.0331441	0.0164528	0.0382219
0.0337388	0.00922039	0.0383993
0.0215208	0.00739188	0.0371798
0.0195269	0.0135641	0.0368243
0.016657	0.00806571	0.0366336
0.042038	0.00649402	0.0394649
0.0445431	0.010045	0.039685
0.0304491	0.011249	0.0379808
0.0138645	0.0124433	0.0360157
0.0279114	0.00133951	0.0380056
0.0287355	0.0122312	0.0379254
0.0411659	0.0150116	0.0393138
0.0227716	0.00842351	0.0371554
0.03246	0.00901842	0.0382716
0.0330803	0.015572	0.0382797
0.00816214	0.0143425	0.0358536
0.0324228	0.0169309	0.0381611
0.0222069	0.0118014	0.0372831
0.0179509	0.0120997	0.0366881
0.0297597	0.014184	0.0381081
0.0217874	0.00813004	0.0372376
0.0213173	0.0130549	0.037193
0.0193878	0.00467968	0.0368637
0.0389509	0.00254194	0.038827
0.0301835	0.0099327	0.0380275
0.0468301	0.0148327	0.0397948
0.0224265	0.00408915	0.0372684
0.0273258	0.00123232	0.037771
0.0281006	0.00465682	0.037851
0.0309769	0.0145658	0.0381444
0.0391656	0.0162159	0.0389801
0.0266679	0.00844276	0.0374968
0.0274239	0.00606321	0.0377244
0.0246328	0.00849462	0.0374162
0.0244451	0.0146137	0.0372804
0.0411838	0.00980343	0.0392044
0.0338224	0.0106015	0.0383364
0.0276526	0.0104983	0.0378067
0.0430787	0.00987431	0.0394703
0.0254171	0.00985055	0.0375565
0.017045	0.00204067	0.0364497
0.00456282	0.00994087	0.0354059
0.0319576	0.0124181	0.0382544
0.0257588	0.0121386	0.037622
0.0435212	0.010185	0.0394928
0.0242794	0.0106258	0.0374793
0.0421714	0.00762071	0.0393114
0.0242515	0.00676559	0.0373822
0.0333893	0.00730529	0.0384801
0.0237426	0.00668677	0.0373216
0.0145958	0.0116239	0.0363959
0.0235853	0.0131383	0.0371483
0.0420812	0.00816583	0.0393813
0.0203809	0.00944916	0.0367441
0.0182684	0.00973453	0.0368161
0.015395	0.0106758	0.0365524
0.0420126	0.000920406	0.0395327
0.0336328	0.0110382	0.0383634
0.0372904	0.00454926	0.0386902
0.0178467	0.0105305	0.0366783
0.0324849	0.0119102	0.0382993
0.0382711	0.00632066	0.0389601
0.0381287	0.0103299	0.0389734
0.0345857	0.0104006	0.0384783
0.013689	0.0117114	0.0362485
0.0249089	0.0147079	0.0372797
0.0345936	0.0118967	0.0385859
0.0109029	0.00876352	0.0360607
0.0249466	0.00277926	0.0375317
0.0243949	0.00906611	0.0374298
0.0164466	0.00739681	0.0363566
0.0281777	0.0111637	0.0377774
0.0507955	0.00492504	0.0401176
0.0185541	0.00515766	0.0366458
0.0194164	0.0156558	0.03688
0.0280322	0.0112519	0.0378758
0.0289481	0.0109377	0.0378739
0.0181752	0.011868	0.0367196
0.0366795	0.00860745	0.0387342
0.0342387	0.00567481	0.0385163
0.0338742	0.0038724	0.0384466
0.0221309	0.00727583	0.037073
0.038712	0.00291747	0.0390396
0.029193	0.012847	0.0379205
0.0163302	0.0118116	0.0363244
0.0220831	0.0118483	0.0369876
0.042808	0.0123562	0.0395105
0.0474256	0.0128274	0.0397005
0.0375702	0.00729768	0.0388529
0.0359972	0.0152646	0.0385312
0.0171729	0.0157581	0.036446
0.00972747	0.00911775	0.0358806
0.0353949	0.00223931	0.0386372
0.0313545	0.00555368	0.0383291
0.0230578	0.0128629	0.0370875
0.0170072	0.00748677	0.0366392
0.0288963	0.0123903	0.0379284
0.0209895	0.00425746	0.0371253
0.0314188	0.0124228	0.0381981
0.0226005	0.0133731	0.0370801
0.0453227	0.0132049	0.0394901
0.0299191	0.00866823	0.0379925
0.0242598	0.00997038	0.0373375
0.045568	0.00815681	0.0399237
0.0383128	0.0118767	0.0388992
0.0314736	0.00515494	0.0382473
0.0329538	0.00604521	0.0383918
0.0424389	0.010546	0.0394621
0.0318785	0.0101246	0.0382001
0.0409238	0.0102878	0.0391491
0.0440432	0.00307153	0.039765
0.0157252	0.0024854	0.0366421
0.0521242	0.00841697	0.0405403
0.0244448	0.0101977	0.0372475
0.032143	0.011441	0.0383065
0.0323738	0.00918394	0.0383645
0.0281076	0.00826775	0.0377807
0.034383	0.0163771	0.0383524
0.0328105	0.00780458	0.0382479
0.0369397	0.00634622	0.0387738
0.018955	0.0098829	0.0369165
0.0353269	0.0115668	0.0386938
0.0320758	0.0115465	0.0381703
0.0189512	0.00903019	0.0368558
0.0187576	0.00764521	0.036851
0.0371189	0.0101238	0.0388327
0.0343345	0.00943282	0.0385413
0.0324237	0.00732516	0.03821
0.0404033	0.0075461	0.0392935
0.0229557	0.0159078	0.0371427
0.0253593	0.00657404	0.037579
0.0383306	0.0136657	0.0388545
0.00884656	0.00660366	0.0356192
0.0306604	0.00657303	0.0380344
0.0152538	0.0148816	0.0364293
0.0392463	0.00642029	0.0391892
0.0413474	0.0121128	0.0393226
0.0253892	0.0158627	0.0374037
0.0183749	0.0142422	0.0367475
0.0233876	0.0143729	0.0372975
0.0241917	0.0102593	0.037342
0.0268011	0.0111269	0.0376449
0.030124	0.0138504	0.0380254
0.0402698	0.00642187	0.0392469
0.0183982	0.0109749	0.0365809
0.0475249	0.00367672	0.0400327
0.0341987	0.0115417	0.0385623
0.0178731	0.00698011	0.0368065
0.0172398	0.00180529	0.0365584
0.0441499	0.0031484	0.039582
0.0282997	0.0126726	0.0379018
0.0394467	0.0145074	0.0390762
0.0395631	0.0146722	0.0390052
0.0323095	0.012067	0.0382059
0.0495959	0.0116735	0.0402367
0.0340238	0.00342063	0.038513
0.0388395	0.00703422	0.0389611
0.0457751	0.00945637	0.0396918
0.0385699	0.00944869	0.038825
0.0268783	0.0139776	0.0376018
0.0306022	0.0150551	0.038108
0.0258153	0.00964893	0.0375928
0.0263017	0.0129094	0.0376716
0.0376209	0.0154767	0.0389103
0.042202	0.00762674	0.0394366
0.0484975	0.00938832	0.0401208
0.0280705	0.000176437	0.0378314
0.0412417	0.00517605	0.0393387
0.0157515	0.00562659	0.0366047
0.0365286	0.0091494	0.0387462
0.0330268	0.0154626	0.0382243
0.0372326	0.0169553	0.0386943
0.0275265	0.0107263	0.0376408
0.0304777	0.010305	0.038109
0.0273394	0.00813148	0.0377258
0.0369592	0.0116399	0.0387773
0.0133544	0.00266804	0.036366
0.0307301	0.0108083	0.0380268
0.0467176	0.013917	0.0398482
0.0197768	0.0128796	0.036638
0.0326688	0.014577	0.0383848
0.0304104	0.00684844	0.0381051
0.0350722	0.015851	0.0386255
0.0202116	0.00758481	0.0367347
0.041103	0.0134915	0.0393466
0.0300819	0.0153538	0.0379101
0.0334826	0.0112068	0.0384878
0.0304019	0.0162892	0.0380904
0.0372432	0.010033	0.0388478
0.0394695	0.00777403	0.0390473
0.0407509	0.00798237	0.0392319
0.0335558	0.0166143	0.0384561
0.0324702	0.00912181	0.0382281
0.0312876	0.0104493	0.0381712
0.0235599	0.00848651	0.0373035
0.0361012	0.0124607	0.0387434
0.0304353	0.00737802	0.0381683
0.037869	0.00868072	0.0389393
0.0177811	0.0141585	0.0365358
0.0288733	0.0157292	0.0378784
0.036021	0.01249	0.0387264
0.0301465	0.00228354	0.0379906
0.0219371	0.00624396	0.0371351
0.0301008	0.0125012	0.0379594
0.0400926	0.0169861	0.0392028
0.0269497	0.0177282	0.0377025
0.0206509	0.00864415	0.0367972
0.0222672	0.003734	0.0370637
0.0345716	0.00138411	0.0385185
0.025731	0.0123953	0.0375883
0.0174691	0.000464846	0.0367097
0.0264615	0.00955925	0.0375332
0.0439749	0.00175799	0.0396939
0.0201933	0.00929601	0.0369387
0.0169195	0.0134785	0.0367408
0.0319592	0.00485001	0.0382361
0.0360129	0.0140954	0.0385919
0.0397048	0.0120845	0.0390375
0.0457745	0.0124941	0.0397592
0.0334769	0.0129757	0.0383225
0.029098	0.0154469	0.0378405
0.02749	0.0105585	0.0377286
0.0336816	0.00941891	0.0384098
0.0327716	0.0163309	0.0384254
0.0428693	0.0108319	0.0395033
0.0361796	0.0164646	0.0385481
0.0519765	0.00270405	0.0407646
0.0274952	0.0072111	0.037691
0.0276934	0.00956125	0.0377117
0.034531	0.00320642	0.0384948
0.0100168	0.00698968	0.0360091
0.0297068	0.0164005	0.0381186
0.0532908	0.0172453	0.0407374
0.0431349	0.0107253	0.0393956
0.0315463	0.0125165	0.0380892
0.0454313	0.00655275	0.0396973
0.0226806	0.0141698	0.0372557
0.0401556	0.0124563	0.0390835
0.0356144	0.00941083	0.0385254
0.0245511	0.0139233	0.0375357
0.0261164	0.0126161	0.0374348
0.0449621	0.0181233	0.0394269
0.0377601	0.000679079	0.0391025
0.039584	0.0138298	0.0391608
0.0379061	0.0146924	0.0389558
0.0395947	0.0099115	0.0391454
0.052962	0.0109115	0.040501
0.038829	0.00863418	0.0389175
0.00968137	0.00710973	0.0358992
0.0288868	0.00357635	0.0378667
0.0132278	0.0155522	0.0357917
0.0103225	0.00803373	0.0356145
0.0224222	0.00660111	0.0372734
0.0296711	0.0157769	0.0380971
0.0313438	0.0150311	0.0381118
0.0346023	0.00953248	0.0385706
0.0404357	0.00914935	0.0391152
0.032337	0.00548962	0.038282
0.032342	0.00892633	0.0383431
0.0239217	0.00451966	0.0375221
0.0374891	0.0118144	0.0389154
0.0260749	0.00749215	0.037516
0.0409111	0.0136969	0.0392137
0.0328004	0.0142955	0.0382712
0.0341515	0.0102328	0.0385604
0.0320805	0.0167308	0.0380915
0.0262909	0.0101857	0.0376833
0.0380988	0.0126464	0.0389762
0.0442052	0.00799347	0.039404
0.0347839	0.0101738	0.0384922
0.0454113	0.0104305	0.0398161
0.0167399	0.0111155	0.0364557
0.0161389	0.0161114	0.0365241
0.0402388	0.0143989	0.0389689
0.00783446	0.0136429	0.0357035
0.043815	0.0126889	0.0396492
0.0296025	0.0128189	0.0379987
0.018288	0.00216287	0.0367462
0.0146858	0.0165379	0.036142
0.0282786	0.00999074	0.0378198
0.0363898	0.0110609	0.0386607
0.0293492	0.00566215	0.0380166
0.0189554	0.0141255	0.0369632
0.0267638	0.00454717	0.0377307
0.0330786	0.0148729	0.0383777
0.0333504	0.0114443	0.0384821
0.0243724	0.0106472	0.0373222
0.0275654	0.00962783	0.03785
0.0184155	0.0116348	0.0368179
0.0250425	0.0110121	0.0374409
0.0375748	0.015633	0.0389126
0.0333615	0.0146941	0.0382726
0.0217368	0.000205753	0.0372026
0.0191606	0.0154613	0.0365354
0.01749	0.010241	0.0367009
0.0280052	0.0164407	0.0377614
0.0290479	0.0122571	0.037908
0.0469145	0.0106198	0.0398119
0.0298639	0.0140205	0.0380072
0.0181022	0.00887614	0.0367264
0.0399961	0.00842716	0.0391381
0.0261118	0.0076204	0.0376351
0.0143067	0.0140331	0.036244
0.0384005	0.0103829	0.0389658
0.0298927	0.0084374	0.0379947
0.0351933	0.0100071	0.0386757
0.0531286	0.0150427	0.0404578
0.0359546	0.0115371	0.0387226
0.0351335	0.00735545	0.038591
0.0370675	0.0122825	0.038808
0.0245813	0.0076787	0.0373483
0.0339007	0.0153364	0.0385645
0.0142105	0.0105644	0.0363766
0.0310244	0.00968661	0.038053
0.0235948	0.0134571	0.0373651
0.0307066	0.017783	0.0379165
0.0283177	0.0171416	0.0377438
0.0484298	0.00532838	0.0398471
0.016219	0.0167623	0.0366363
0.0317816	0.00769141	0.0383031
0.0254985	0.0080242	0.0375644
0.0364771	0.0072447	0.038764
0.02883	0.00255442	0.0380204
0.0334866	0.000936388	0.0384772
0.02141	0.00936975	0.0370462
0.0261166	0.00496901	0.0376902
0.023756	0.0139354	0.0374538
0.0475998	0.0110938	0.0398661
0.0275123	0.00132788	0.0377394
0.0196151	0.0140259	0.0367382
0.0393831	0.00860387	0.0390456
0.0270343	0.000870607	0.0375929
0.0191204	0.014938	0.0368327
0.0331614	0.00872059	0.0383567
0.0196701	0.00878495	0.036747
0.0293473	0.00234931	0.0379339
0.0429243	0.00502796	0.0392789
0.0138885	0.0157709	0.036189
0.0286068	0.00267384	0.0377869
0.0462536	0.0081481	0.0399946
0.027869	0.0167469	0.0377176
0.0193246	0.00823001	0.036909
0.0431769	0.0168204	0.0396042
0.0451834	0.00668072	0.0395412
0.0303552	0.00803267	0.038142
0.031229	0.00232643	0.0381719
0.0254877	0.00272172	0.0376676
0.0346976	0.00900371	0.0386108
0.0339427	0.0113055	0.0383939
0.0399059	0.00559968	0.0392018
0.0374412	0.0142818	0.0387876
0.0283978	0.00713887	0.0378221
0.0412805	0.00421559	0.0392589
0.0280762	0.00689842	0.0378124
0.0189637	0.00774444	0.0366662
0.0197694	0.00140033	0.0371257
0.0429584	0.014418	0.0394944
0.0242252	0.0131225	0.037356
0.0248305	0.0146676	0.0375782
0.0222983	0.00714335	0.0371788
0.0244983	0.0155349	0.0373631
0.0223746	0.00613405	0.0372656
0.0211515	0.0130127	0.0371015
0.0366866	0.0160641	0.0388682
0.0220921	0.0116993	0.037245
0.0370213	0.00884921	0.0388372
0.0301982	0.0120105	0.0380745
0.038264	0.0100289	0.038977
0.0401878	0.00758115	0.0389966
0.0292818	0.00876627	0.037909
0.0292298	0.0151342	0.0379679
0.0181331	0.00863373	0.0367832
0.0523397	0.0166553	0.0404704
0.0183626	0.0132824	0.0367622
0.0125812	0.0114964	0.0362135
0.00726373	0.011188	0.035706
0.0239052	0.00546182	0.0372855
0.0282465	0.0128505	0.0378192
0.0219129	0.0145019	0.0371768
0.0392373	0.00816396	0.0391645
0.0257714	0.00788544	0.037646
0.012482	0.00797816	0.0361902
0.0445702	0.00759693	0.0395869
0.0514709	0.00885806	0.040375
0.0283221	0.00944387	0.0378021
0.034783	0.00947541	0.0385982
0.0384844	0.0129572	0.0387966
0.035949	0.0167751	0.038761
0.0433771	0.0089472	0.0393319
0.0157925	0.0160978	0.0364646
0.0392734	0.00784274	0.0390847
0.0417526	0.00357171	0.0394174
0.0155743	0.012385	0.0365189
0.0227911	0.00466584	0.0373963
0.0403633	0.0136213	0.0391087
0.0357972	0.00575426	0.0387418
0.0222205	0.0083105	0.0372615
0.00352091	0.0106375	0.0347612
0.0350659	0.0110844	0.0385569
0.0103461	0.00624521	0.0356118
0.0380061	0.0161913	0.0388401
0.0426208	0.0132539	0.0393812
0.0259554	0.00737509	0.037625
0.0318831	0.0113515	0.0381697
0.0296543	0.00364841	0.0379577
0.0470649	0.01286	0.0400547
0.0370387	0.0201067	0.038838
0.0464785	0.0136634	0.0395971
0.0093022	0.00920601	0.0358991
0.0513995	0.0165713	0.040319
0.0367421	0.00089199	0.0387399
0.0201137	0.0101428	0.0370337
0.0383113	0.00570003	0.0389832
0.033793	0.0049712	0.0384014
0.0277675	0.0163444	0.0376069
0.0389395	0.0101938	0.0390808
0.0276231	0.00603141	0.0376973
0.0404027	0.0128706	0.0391636
0.020123	0.0129662	0.037063
0.0230091	0.0011028	0.0371307
0.0337516	0.0148707	0.0385026
0.0249173	0.0094389	0.0374982
0.018014	0.0106465	0.0367867
0.0350057	0.0157177	0.0384322
0.0218463	0.00885531	0.0372237
0.0176149	0.00933089	0.0364503
0.034346	0.00373515	0.0385797
0.0278874	0.00482311	0.0378538
0.035624	0.0149027	0.0384962
0.0439633	0.00696092	0.0394124
0.024749	0.0139129	0.0372534
0.0203193	0.00467235	0.0369618
0.0250354	0.0105481	0.0374316
0.0235567	0.00756728	0.0373245
0.0317209	0.0104202	0.0381955
0.0142458	0.00771761	0.036088
0.0366487	0.0111878	0.0388129
0.0307696	0.0157719	0.038229
0.0318265	0.00983349	0.0381567
0.0332372	0.0121823	0.0384474
0.0387111	0.0151062	0.0390177
0.0161883	0.00561473	0.0365139
0.0262813	0.00737462	0.037658
0.0228391	0.00351208	0.0373157
0.0114576	0.0109182	0.0360266
0.0399833	0.0113199	0.0391839
0.0215944	0.0138755	0.0369066
0.0289479	0.00876665	0.0378481
0.0383871	0.0169943	0.0387515
0.0339871	0.00967922	0.0385393
0.0289933	0.0138102	0.0380268
0.0354085	0.00836338	0.0385975
0.0330164	0.00803961	0.0382332
0.0311584	0.0104676	0.0380419
0.0122173	0.00280707	0.0362296
0.0215588	0.0102221	0.0371823
0.00946585	0.0137238	0.0358689
0.0319293	0.00054931	0.0381549
0.00989226	0.0114268	0.0359822
0.030683	0.0155925	0.038116
0.0394469	0.0156681	0.0390141
0.0283684	0.00982332	0.037864
0.0280789	0.0149986	0.0378046
0.0367748	0.0131802	0.0388646
0.0332171	0.00879202	0.0383599
0.0376402	0.00876469	0.0388124
0.0203388	0.006336	0.0368597
0.022632	0.0131652	0.0372916
0.0106316	0.0115739	0.0355069
0.0225415	0.0144346	0.0372248
0.0289449	0.0140752	0.0378707
0.0137585	0.01497	0.0362871
0.0310419	0.0162402	0.0380998
0.0294061	0.010386	0.0379095
0.0380042	0.0132883	0.0388652
0.0459206	0.00611645	0.0397347
0.0250361	0.0103686	0.0375366
0.0365141	0.0110347	0.0387953
0.0264865	0.0100391	0.0375766
0.0361114	0.00540313	0.0387377
0.0287215	0.000231916	0.0378362
0.0204671	0.0139276	0.036919
0.0337615	0.0164517	0.0384584
0.0248127	0.0151665	0.0373992
0.0308827	0.0083334	0.0380793
0.0311361	0.00614376	0.0382113
0.0251229	0.0150887	0.0373868
0.0183831	0.00437465	0.0367129
0.0401058	0.011841	0.039085
0.0279997	0.00716029	0.0378463
0.026814	0.0105987	0.0376241
0.0245569	0.00974127	0.0374893
0.0337244	0.0119069	0.0384509
0.0371389	0.00746708	0.038765
0.0363484	0.0108799	0.0387663
0.0233327	0.0191367	0.0372208
0.0328186	0.0074542	0.0384075
0.0263478	0.0152112	0.0375566
0.0172558	0.00827722	0.0365996
0.0147734	0.00862887	0.0364901
0.0360902	0.0060176	0.0386656
0.0247583	0.0146979	0.037477
0.0379449	0.016443	0.0389511
0.0414108	0.0121541	0.0393575
0.0292533	0.0154865	0.0378467
0.0338412	0.0163105	0.0384849
0.031317	0.0137664	0.0381804
0.0186414	0.0171638	0.0366529
0.0403625	0.00415205	0.0389996
0.0314859	0.012585	0.0380879
0.0106613	0.00290166	0.0360699
0.0116925	0.0022864	0.03603
0.0332425	0.0122725	0.0383118
0.0394619	0.0160824	0.0389582
0.0432716	0.00612763	0.0393332
0.0276438	0.0121181	0.0378025
0.020743	0.014809	0.0370976
0.0360096	0.00658226	0.0387415
0.0110398	0.0106067	0.0356837
0.0346227	0.0160042	0.0384157
0.0365891	0.0113596	0.0388001
0.0313547	0.0134395	0.0381546
0.0236575	0.0189777	0.0372245
0.009995	0.00106565	0.03563
0.0175825	0.0126462	0.0366973
0.0187817	0.0146908	0.0368169
0.0359982	0.00657823	0.0386666
0.0438232	0.0113754	0.0396633
0.0275455	0.0108583	0.0377023
0.0255276	0.00095889	0.0375369
0.0204156	0.00832938	0.0369578
0.0325357	0.015036	0.0383519
0.031341	0.0145529	0.0381542
0.014517	0.00981641	0.036412
0.0350678	0.0122964	0.0384523
0.0265982	0.015137	0.0377059
0.037195	0.0107979	0.0387429
0.029626	0.00456812	0.0378992
0.020655	0.0133224	0.0369979
0.0308993	0.0114353	0.0381861
0.0231553	0.000734963	0.0374605
0.0102657	0.0114064	0.0359929
0.00130519	0.00850701	0.0349218
0.0203579	0.0129667	0.0369604
0.0190585	0.00723769	0.0368053
0.0277903	0.00858501	0.0377047
0.0427445	0.00769869	0.0392543
0.0388621	0.0096104	0.039064
0.0388005	0.0157994	0.0389309
0.0168432	0.0134728	0.0363546
0.0480922	0.00591834	0.039964
0.0405399	0.00147184	0.039126
0.0188676	0.00742244	0.0366567
0.0334718	0.00673725	0.0383765
0.0253143	0.00800149	0.0375202
0.0198559	0.013752	0.0369347
0.0249374	0.0132891	0.0374391
0.0259352	0.0110019	0.0375692
0.0266096	0.00976216	0.037637
0.0417577	0.00957986	0.0393332
0.0350628	0.00404381	0.0384294
0.0301604	0.0111837	0.0379331
0.0340238	0.0123862	0.0383785
0.029649	0.00811182	0.0381061
0.0356289	0.0143171	0.0386828
0.0262913	0.00647725	0.037556
0.028031	0.0139777	0.0376924
0.0397477	0.00423227	0.0391116
0.0282971	0.00372115	0.0378631
0.00405194	0.0112371	0.0348535
0.0302361	0.00898257	0.038122
0.0252561	0.00712065	0.0374323
0.0305306	0.0142144	0.0381435
0.0357882	0.0125162	0.0386721
0.0340033	0.00920743	0.0384831
0.0319549	0.0102077	0.0381824
0.0334899	0.0133546	0.0384595
0.0186517	0.00575164	0.0366676
0.0243508	0.0144793	0.0372904
0.0239801	0.00942894	0.0373405
0.00433811	0.0027787	0.0354569
0.0452726	0.00546101	0.0397281
0.00597792	0.0113188	0.035114
0.0296376	0.00617184	0.0381312
0.0396656	0.00728801	0.0391103
0.0320988	0.00754389	0.038329
0.0359543	0.0145468	0.0385831
0.0287389	0.0122389	0.037842
0.0410486	0.00719455	0.0393249
0.0217809	0.0160842	0.0371195
0.0110108	0.0149166	0.0357597
0.00742175	0.00836712	0.0354422
0.0233412	0.00698974	0.0372091
0.0358371	0.0132637	0.0386449
0.0425262	0.0155526	0.0391803
0.0369725	0.00525943	0.0388499
0.0282747	0.0116209	0.0378817
0.0307227	0.0131161	0.0380863
0.0223486	0.0109489	0.0372634
0.0252265	0.00847336	0.0374185
0.0170372	0.00226562	0.0366071
0.0435344	0.00578367	0.0394718
0.0268433	0.00660722	0.0376167
0.0539045	0.00826719	0.0406065
0.0287993	0.0150605	0.0379186
0.0536813	0.00939688	0.0405128
0.00455414	0.00414529	0.0354428
0.0450327	0.0134658	0.0396241
0.0309	0.00928747	0.0380586
0.01702	0.00210366	0.0366841
0.0210111	0.00874792	0.037134
0.0192052	0.0154999	0.0367939
0.0258214	0.0119188	0.0376331
0.0352396	0.0129091	0.0385236
0.0276431	0.0123897	0.0377032
0.0453588	0.0169874	0.0397216
0.0321728	0.0120997	0.0381937
0.0408023	0.0169747	0.0392921
0.036867	0.00867213	0.0387816
0.0459928	0.0155105	0.0396729
0.0248436	0.0102857	0.0374532
0.0389115	0.00866661	0.0391056
0.0268798	0.00877739	0.0376441
0.020453	0.0203755	0.0370022
0.0256159	0.0149451	0.0375987
0.032889	0.00897301	0.0383651
0.0323788	0.0149068	0.0381652
0.0305021	0.0121138	0.0380598
0.0386428	0.00399402	0.0389533
0.040091	0.0136189	0.0390983
0.0321134	0.0160778	0.0382709
0.0363949	0.0131286	0.0388187
0.0327307	0.0154058	0.038313
0.0493278	0.0018657	0.0400704
0.0367976	0.0118398	0.0387394
0.0326717	0.0109993	0.0383214
0.0105738	0.0126919	0.0359374
0.00826858	0.0121518	0.0354855
0.0384333	0.00991547	0.0390221
0.0290457	0.0165844	0.0378855
0.0324044	0.0133228	0.0382276
0.0475632	0.00909006	0.0400715
0.0259098	0.00428705	0.0375414
0.0372057	0.0115378	0.0388945
0.0231559	0.0106084	0.0371668
0.0350211	0.0106444	0.0385602
0.0351065	0.00586774	0.0385992
0.0329338	0.00917653	0.03833
0.0272524	0.00221524	0.0377293
0.0476434	0.0115399	0.0397333
0.0373925	0.0118902	0.0386902
0.0333617	0.0159224	0.0382996
0.0286704	0.00909832	0.0379423
0.0392187	0.0147947	0.039028
0.0423047	0.0121904	0.0394662
0.0265776	0.0169578	0.0375763
0.0256217	0.0168472	0.0376787
0.0235791	0.0141379	0.0372892
0.0339848	0.00889401	0.0384234
0.0417937	0.00999004	0.0394222
0.0436687	0.00801282	0.0394715
0.0259263	0.00988703	0.0375381
0.0309852	0.00801957	0.0381369
0.0153093	0.00963617	0.0365293
0.0250533	0.00942102	0.037473
0.0267696	0.00546325	0.0376379
0.0258829	0.000114014	0.0375787
0.026201	0.00967976	0.0375393
0.0433873	0.00713809	0.0394467
0.0122062	0.0131112	0.0362256
0.0205922	0.00719323	0.0370849
0.0240667	0.0067311	0.0372921
0.047743	0.0120083	0.0401446
0.0328305	0.00807107	0.0382893
0.0377536	0.0102788	0.0387365
0.0146102	0.0144919	0.0363588
0.0463066	0.0146039	0.0397503
0.0297192	0.0139992	0.0379946
0.0435487	0.0163149	0.0396519
0.0449923	0.0105505	0.0395815
0.0308737	0.0031276	0.0380727
0.022617	0.0102426	0.0370432
0.034404	0.0151258	0.0384475
0.040345	0.0119413	0.0391274
0.0258339	0.00864506	0.0376618
0.0298665	0.0147937	0.0379368
0.0352583	0.0095158	0.0384858
0.0244724	0.0126751	0.0372604
0.035547	0.0121056	0.0386765
0.0316945	0.0154699	0.0382082
0.0372372	0.0144218	0.0389184
0.0418878	0.00941461	0.0392951
0.0320066	0.010635	0.0382857
0.0246097	0.00490569	0.0373831
0.0280175	0.0175365	0.0379557
0.0301699	0.00844961	0.0380594
0.0254289	0.00504234	0.0376698
0.0273139	0.00609396	0.0377429
0.0388103	0.0116833	0.0390738
0.0368015	0.0128156	0.0388222
0.0192477	0.0131312	0.0368457
0.0277433	0.00885193	0.0378857
0.045082	0.0161323	0.0396912
0.0384385	0.0124061	0.0388899
0.0160624	0.0170988	0.0364979
0.013235	0.012818	0.0363308
0.0424628	0.00863599	0.0393416
0.0280798	0.0093567	0.0377559
0.044847	0.0101661	0.0397121
0.0253137	0.0171659	0.0372976
0.0356144	0.00731738	0.0387167
0.0300422	0.00798854	0.0380002
0.0389341	0.010599	0.0390614
0.0353335	0.0151727	0.0385184
0.0289296	0.0161383	0.0378725
0.0360396	0.00941786	0.0386586
0.0226871	0.0103234	0.0373076
0.0484667	0.0083415	0.0402401
0.0303836	0.0124989	0.0379542
0.0272788	0.00715737	0.0377695
0.0320692	0.00981894	0.0382004
0.0171473	0.0165168	0.0365639
0.0317332	0.00482652	0.0382249
0.0242785	0.00657441	0.0373314
0.0306108	0.0109123	0.0381103
0.0304967	0.0059974	0.0380198
0.0284786	0.0146744	0.0377744
0.0327227	0.0167496	0.0383037
0.0394063	0.00808465	0.03894
0.024206	0.0103977	0.037474
0.0301407	0.0143334	0.0380467
0.0236179	0.0156951	0.0373377
0.0222552	0.00450357	0.0370624
0.0370839	0.00775536	0.0387725
0.0351282	0.0117162	0.0385098
0.0401262	0.011877	0.0389681
0.0293157	0.0124775	0.0380538
0.0254179	0.0148438	0.0373286
0.0317489	0.00863309	0.0381733
0.0397607	0.0126612	0.0390786
0.0192921	0.00971725	0.0367729
0.0396755	0.0107449	0.0391749
0.0235989	0.0041981	0.0372204
0.0266262	0.00136688	0.0377046
0.0294401	0.0128507	0.0380683
0.0356013	0.0124198	0.0386241
0.0267307	0.0162966	0.0375361
0.0221686	0.00240542	0.0372473
0.0235475	0.00718959	0.0372232
0.018713	0.0129683	0.0368434
0.0354821	0.0169394	0.038491
0.0341845	0.015708	0.0384151
0.0372588	0.00957423	0.0387907
0.0223312	0.0148543	0.0369395
0.0420597	0.00710203	0.0392247
0.029293	0.00950314	0.0379143
0.0294032	0.0177768	0.038103
0.043696	0.00229719	0.0394517
0.0312989	0.00437171	0.0381613
0.0234652	0.0169372	0.037265
0.0276826	0.00379395	0.037812
0.0439384	0.00394116	0.0396602
0.031592	0.00105404	0.0381668
0.0347012	0.010942	0.038548
0.0145105	0.00784979	0.036195
0.0228246	0.0135039	0.0372795
0.0281249	0.0121158	0.0378738
0.0288363	0.00861011	0.0378509
0.0281199	0.00834348	0.0378335
0.0534953	0.0129731	0.0405294
0.0289807	0.0143634	0.0379638
0.0459633	0.00178795	0.0400099
0.0253839	0.0140073	0.0375329
0.0260017	0.00299462	0.0375666
0.0265359	0.000222068	0.0376337
0.0211114	0.0108432	0.0370708
0.0464621	0.0162222	0.0395948
0.0314283	0.00813555	0.0381421
0.0293394	0.00208521	0.0380354
0.0398517	0.0120783	0.038939
0.0304667	0.0144956	0.0381126
0.0321245	0.0122489	0.0381895
0.0447883	0.0112224	0.0396235
0.0275101	0.00786355	0.0377063
0.011141	0.0136965	0.0359025
0.0286367	0.00806548	0.0378491
0.0264972	0.0102463	0.0376834
0.03378	0.00605419	0.0384529
0.0411112	0.0145673	0.039341
0.0445121	0.0121527	0.0396174
0.0114958	0.0134656	0.0361527
0.0460609	0.0134212	0.039735
0.0185454	0.0073914	0.0368751
0.0170862	0.00213727	0.0367491
0.0158342	0.00603466	0.0366396
0.0159504	0.00739433	0.0364673
0.0353939	0.0110641	0.0386287
0.0320617	0.0131402	0.0383522
0.025301	0.00482417	0.0375031
0.0362534	0.00696178	0.0387562
0.00624023	0.00820317	0.0349892
0.0350916	0.0118303	0.0385933
0.0366286	0.000885131	0.0387748
0.0172919	0.00801977	0.0366358
0.0378348	0.00244952	0.0389805
0.0352746	0.00503404	0.038769
0.0377166	0.00748759	0.0389649
0.0271839	0.0125042	0.0376516
0.0404447	0.0161155	0.0391504
0.0256655	0.0105001	0.0375671
0.00488901	0.0083141	0.035446
0.0231931	0.0107801	0.0373496
0.0403715	0.0145484	0.0392549
0.0274217	0.0138164	0.0377293
0.0168993	0.00120115	0.0366759
0.0197653	0.00693542	0.0366756
0.0197412	0.00148514	0.0371206
0.0351595	0.00786656	0.0386523
0.0419427	0.0132424	0.0393917
0.0332597	0.00524655	0.038454
0.0188009	0.014219	0.0367124
0.0397741	0.0161077	0.0392011
0.0272102	0.0160669	0.0376356
0.0255417	0.0136075	0.0376331
0.022913	0.00412046	0.0374192
0.0430422	0.0148394	0.0394047
0.0350369	0.00510187	0.038687
0.0262677	0.00970075	0.0376908
0.0261935	0.00793307	0.0376078
0.0279684	0.00875554	0.0377564
0.0406463	0.00672835	0.0392307
0.037687	0.0103103	0.0389043
0.0379499	0.00173682	0.0387417
0.0293688	0.00383477	0.0380501
0.00678109	0.0169176	0.0354232
0.0285763	0.00581692	0.0379343
0.0324878	0.016587	0.0381589
0.0411983	0.0107116	0.0393374
0.0291028	0.00917288	0.0378454
0.0194704	0.00876767	0.0366367
0.0174326	0.0092293	0.0367612
0.0465179	0.0108849	0.0398219
0.0247777	0.00357099	0.0375175
0.0222366	0.000763374	0.0373866
0.0421699	0.012962	0.039337
0.00238327	0.0167883	0.0349772
0.0191672	0.012135	0.0368688
0.0528657	0.0137422	0.0404485
0.0355613	0.0144508	0.0384938
0.0162398	0.0118495	0.0365567
0.0188218	0.0127003	0.0369244
0.0214352	0.00675204	0.0370506
0.0438883	0.00973187	0.0395105
0.018225	0.0141251	0.0366714
0.0199768	0.0163958	0.0367771
0.042244	0.00897945	0.0392773
0.0281805	0.00848679	0.0377806
0.016474	0.00268946	0.0365442
0.0279308	0.00350493	0.037773
0.0185413	0.0056614	0.0368608
0.0241462	0.0157901	0.0373007
0.0355329	0.00854204	0.0386053
0.0389544	0.0127834	0.0389898
0.0485277	0.00319219	0.0401422
0.0268639	0.0130036	0.0376701
0.0308151	0.00827878	0.0381237
0.024412	0.00457464	0.0374047
0.0360538	0.0135852	0.0386056
0.0302134	0.0163704	0.0379339
0.0429705	0.0152757	0.0394595
0.0390214	0.0116809	0.039057
0.0225509	0.021544	0.0369036
0.033111	0.00422605	0.0383608
0.0287669	0.00335475	0.0379076
0.0347422	0.000515879	0.0383547
0.0475944	0.0168448	0.0397067
0.036038	0.0168195	0.0387349
0.0328503	0.00891601	0.0384007
0.0338061	0.00346162	0.0385807
0.020908	0.00573477	0.0369201
0.0190808	0.00267653	0.036992
0.0258343	0.00436167	0.0376071
0.00942777	0.0161797	0.0357683
0.0514762	0.00726502	0.0406061
0.0347355	0.0151245	0.0384051
0.0441147	0.0098867	0.0395336
0.023591	0.00956108	0.0371496
0.0283416	0.0140597	0.0377663
0.0294624	0.00343507	0.0380689
0.0295215	0.0019703	0.0379541
0.0406378	0.0124471	0.0390775
0.0206962	0.00789099	0.0371262
0.0441639	0.0133874	0.0396381
0.038024	0.00912242	0.0389183
0.0150397	0.0126691	0.0364149
0.0290306	0.00785192	0.0378936
0.0334938	0.00737423	0.0384212
0.0378362	0.0131258	0.0389612
0.0329845	0.00948537	0.0383768
0.025787	0.0150463	0.0376137
0.0422616	0.00781745	0.039309
0.0347052	0.0116464	0.0385189
0.0328708	0.00685284	0.0383478
0.0116176	0.00637831	0.0361319
0.039564	0.0132773	0.0391369
0.0231189	0.0126469	0.0373669
0.0377121	0.00808157	0.0389087
0.0305598	0.00193808	0.0380631
0.0264453	0.0136399	0.0375511
0.0327269	0.015423	0.0384059
0.0278156	0.012732	0.0378247
0.0346745	0.0108065	0.0384557
0.0204438	0.0140132	0.0369471
0.0413268	0.0104601	0.0391001
0.0314096	0.0116341	0.0380999
0.026632	0.0120526	0.0376127
0.0459445	0.00232427	0.0400118
0.0409931	0.00946685	0.0392156
0.0282032	0.0136594	0.037838
0.0437547	0.00592832	0.0397163
0.0305627	0.00302431	0.0380822
0.039935	0.00970084	0.0391729
0.0393387	0.00589347	0.0390147
0.0271816	0.00968397	0.0375936
0.0183028	0.0132443	0.036673
0.0414772	0.00448594	0.0392472
0.0274894	0.0123214	0.0376156
0.0441613	0.0104203	0.0396349
0.0351994	0.00911397	0.0384825
0.0301777	0.0125641	0.0380121
0.0277173	0.012374	0.0377202
0.0403673	0.0111127	0.0392375
0.0376869	0.0149032	0.038933
0.0398407	0.00989233	0.0392077
0.0262992	0.0131057	0.037561
0.0149247	0.0177289	0.0359879
0.0154066	0.0136255	0.0365888
0.0214659	0.0114281	0.0372002
0.0242014	0.0161961	0.0375208
0.0472844	0.00755525	0.0397418
0.0260847	0.00682128	0.0375619
0.0351095	0.0091148	0.0385563
0.0385555	0.00541778	0.0391262
0.0373731	0.00547399	0.0389107
0.0363627	0.0111671	0.0386535
0.0343935	0.0110374	0.0384444
0.0372185	0.0145721	0.0387924
0.0264891	0.00642485	0.0376969
0.0346047	0.0102025	0.0385681
0.0270156	0.00766959	0.0378007
0.0351771	0.00589466	0.0386305
0.0321581	0.0119422	0.0382448
0.041848	0.0148323	0.0393363
0.0289544	0.0164128	0.0379473
0.0193675	0.00638646	0.0366235
0.0247909	0.0129606	0.0375058
0.0268728	0.00309463	0.0375901
0.0321835	0.0130391	0.0381635
0.0306661	0.00537139	0.0380775
0.0396281	0.0168609	0.0390017
0.0326805	0.00839639	0.0382971
0.0395637	0.00991407	0.0390258
0.0113988	0.00550133	0.0361255
0.0396943	0.0150343	0.03918
0.0198261	0.010199	0.0367456
0.0337367	0.015738	0.0383942
0.0456539	0.0152557	0.0396711
0.0149582	0.0108662	0.0364462
0.0234964	0.00844397	0.0371451
0.0320348	0.00737207	0.0382156
0.0221123	0.0121946	0.0372407
0.03103	0.0122909	0.0381222
0.0213719	0.013698	0.0369305
0.0419148	0.0173111	0.0392663
0.025788	0.0107366	0.0375415
0.0207694	0.0120802	0.0368655
0.0460093	0.013102	0.0399519
0.0253967	0.0119469	0.0375847
0.0309534	0.0174949	0.0379514
0.018785	0.0114275	0.0365283
0.0414095	0.00972815	0.0393398
0.0248862	0.0110168	0.037503
0.0204149	0.0124865	0.0367831
0.037716	0.0137312	0.0387994
0.0311764	0.00910039	0.0381366
0.0471175	0.00940187	0.0400908
0.0268804	0.0119188	0.0376395
0.0268655	0.00777992	0.0376403
0.0260783	0.0111122	0.0376457
0.0274552	0.0150433	0.0378684
0.0287279	0.00839001	0.0378946
0.0333824	0.0102261	0.0383139
0.0411027	0.0143215	0.039339
0.0255976	0.0121362	0.0373963
0.0486723	0.0171004	0.0400783
0.0309438	0.0100162	0.0380555
0.053872	0.0103236	0.0403749
0.0273907	0.00896827	0.0376982
0.0247835	0.00787043	0.0373571
0.0285104	0.00840063	0.0379432
0.039454	0.000291038	0.039149
0.0281518	0.00984887	0.0377713
0.0334271	0.00415767	0.0383741
0.0369001	0.014907	0.0388233
0.015998	0.0157376	0.0365013
0.0373829	0.0100098	0.0388506
0.0296089	0.0169966	0.0379582
0.0315697	0.00952863	0.0381966
0.024252	0.0124367	0.0372862
0.0294372	0.0146483	0.0379274
0.031557	0.00563272	0.038148
0.0244346	0.0119286	0.0374106
0.0367784	0.00833966	0.0386462
0.0145875	0.0157901	0.0365414
0.00878212	0.014952	0.0357208
0.0381948	0.00944942	0.0390321
0.0401887	0.00711288	0.0392033
0.0317828	0.00638948	0.038257
0.0471589	0.00884376	0.0399176
0.0229615	0.00908859	0.0371489
0.024579	0.0113121	0.0375323
0.0438734	0.0103816	0.0394773
0.0211626	0.016675	0.0368873
0.0175496	0.0104035	0.036478
0.0376916	0.0137338	0.0388379
0.0249752	0.00965897	0.0374315
0.0278564	0.0104626	0.0377526
0.0323332	0.00415503	0.0382934
0.0274335	0.0136819	0.0377837
0.0347446	0.00882979	0.0386592
0.0461929	0.00306602	0.0399004
0.0254313	0.0155885	0.0373312
0.0175745	0.00653299	0.0367505
0.0159868	0.0160002	0.0364905
0.0256716	0.00416719	0.0375943
0.0243965	0.0155268	0.0371924
0.0370475	0.00381433	0.0389816
0.0205458	0.0130779	0.0368481
0.0398998	0.0149245	0.0392069
0.0263587	0.00940602	0.037614
0.0190972	0.000602821	0.0367946
0.0253858	0.000542411	0.0377336
0.00472331	0.0116977	0.0350977
0.0380885	0.0137672	0.0388846
0.0379945	0.00404693	0.039016
0.0277366	0.0137064	0.0377041
0.0202159	0.0112417	0.0370465
0.0347346	0.00613685	0.0384529
0.0312912	0.0169069	0.0381274
0.0306657	0.00724631	0.0379504
0.026313	0.0103674	0.0376337
0.0397253	0.00080381	0.0390924
0.0315292	0.0143306	0.0380982
0.034464	0.0151237	0.0385698
0.0272762	0.00586353	0.0376931
0.0223313	0.000402014	0.0371196
0.0192713	0.0105168	0.0369389
0.0263149	0.00240704	0.0375962
0.0320691	0.00803192	0.0382104
0.0304248	0.0123448	0.0379764
0.0419873	0.00696458	0.0393886
0.0533346	0.0122228	0.0406518
0.0334726	0.0142029	0.038283
0.0335973	0.0137049	0.0383612
0.0356072	0.00324107	0.0387233
0.0350508	0.00962494	0.0386823
0.0298256	0.00335951	0.0380206
0.0258728	0.00623153	0.0376386
0.0364702	0.0143898	0.0385887
0.0423728	0.00597171	0.0393025
0.005335	0.0129512	0.035008
0.0384483	0.00646208	0.0389807
0.0399476	0.00836337	0.0391763
0.0257476	0.0106674	0.0375429
0.0242081	0.00667426	0.0374508
0.0231311	0.0087832	0.0373012
0.0402089	0.00365992	0.039197
0.0275937	0.00434695	0.0376859
0.0441549	0.00570961	0.0396195
0.0330799	0.00271497	0.0383389
0.017934	0.00201661	0.0367189
0.0124874	0.00961531	0.0361598
0.0389738	0.0141691	0.0390963
0.0383965	0.010312	0.0389091
0.0264082	0.0114718	0.0376197
0.0259808	0.00847543	0.0376798
0.0421466	0.0169061	0.0393918
0.0469729	0.00678657	0.0398514
0.0382774	0.0123039	0.0388835
0.0262899	0.0155289	0.0375278
0.0377887	0.0127396	0.0388394
0.0254103	0.00392728	0.0375172
0.0214431	0.00413995	0.0370432
0.0245328	0.00332391	0.0375455
0.0382133	0.00669634	0.0390712
0.00567159	0.00204802	0.0355395
0.0322575	0.00898175	0.038279
0.0313204	0.00763689	0.0381352
0.0467611	0.0118383	0.0397377
0.0210838	0.00272914	0.0370554
0.0284611	0.0163139	0.0378454
0.018601	0.0148043	0.0367445
0.0202777	0.0130495	0.0368178
0.0400724	0.0129035	0.0391799
0.0363618	0.00909292	0.0388343
0.0282832	0.0125858	0.0379427
0.0443638	0.0108106	0.0397636
0.0154065	0.0113929	0.036489
0.0362215	0.00870519	0.0387528
0.0181459	0.0125794	0.0365429
0.0134948	0.0116362	0.0362262
0.0432259	0.0140826	0.0395342
0.0271319	0.0146174	0.0376099
0.0245395	0.0168936	0.037487
0.0345664	0.0132001	0.0385154
0.0460333	0.00229294	0.039931
0.0424515	0.00798275	0.0394205
0.0484316	0.0101855	0.0402605
0.02699	0.0129355	0.0377476
0.0486251	0.0161132	0.0401897
0.0376222	0.0212445	0.0388803
0.0298391	0.0187257	0.0381647
0.0450509	0.0131112	0.0397569
0.0396515	0.0200817	0.0389546
