0.0322029	0.00839599	0.0385715
0.0100239	0.00653592	0.0351642
0.0220965	0.00105084	0.0373173
0.0211871	0.00923948	0.0371134
0.0310197	0.00543201	0.0382317
0.0223682	0.00671453	0.0370092
0.0213149	0.00794022	0.0370919
0.0275816	0.0140235	0.0379074
0.035199	0.0103601	0.0390219
0.0180337	0.0108001	0.0364452
0.0284544	0.0139277	0.0380359
0.0227149	0.0102871	0.0371126
0.0375426	0.00773373	0.0394154
0.0248832	0.0092595	0.0376074
0.0323921	0.000254196	0.0387126
0.0202464	0.00592609	0.0367258
0.0137291	0.00820964	0.0360385
0.0123233	0.0149485	0.0357163
0.020258	0.00809232	0.0366529
0.0339254	0.0113838	0.0388194
0.0476443	0.000500843	0.0408122
0.0374481	0.000274511	0.0393789
0.0117529	0.00586628	0.0356665
0.0329302	0.00901912	0.0386072
0.0411752	0.0106105	0.0400166
0.0229196	0.0115855	0.0373976
0.0331939	0.0118373	0.0386274
0.0324822	0.00638377	0.038607
0.0203792	0.00445824	0.0370796
0.0379615	0.0122524	0.0394843
0.0203224	0.00358702	0.0370227
0.0377108	0.00742081	0.0394316
0.0299274	0.00410208	0.0381578
0.0419557	0.0169772	0.0399771
0.0186407	0.0136727	0.0365172
0.0442156	0.0117677	0.0403456
0.0439026	0.012068	0.0403131
0.0125376	0.0151935	0.0355909
0.037699	0.0169551	0.0394018
0.0292415	0.0129558	0.0381807
0.0428463	0.00733267	0.0403136
0.0305194	0.0151392	0.0382109
0.0158072	0.0127566	0.0364359
0.0319158	0.0101567	0.0386162
0.0313612	0.0149158	0.0384117
0.0324726	0.00491613	0.038433
0.0272777	0.013662	0.037722
0.0179937	0.014527	0.0365341
0.0232723	0.00966954	0.0371808
0.0411297	0.0153802	0.0398041
0.047071	0.00863348	0.0409055
0.0417582	0.0115751	0.040088
0.0376524	0.0137016	0.0394057
0.0344424	0.00257904	0.0389114
0.0284012	0.0145412	0.0379876
0.0316107	0.0085544	0.0384116
0.00634222	0.0104985	0.0346095
0.00952969	0.0117694	0.0350992
0.0273362	0.0152446	0.0378474
0.0250141	0.00521073	0.0376599
0.017879	0.00956326	0.0365638
0.0339692	0.0169607	0.038712
0.0427176	0.0121762	0.040064
0.0127847	0.0148044	0.0356122
0.0223606	0.00184036	0.0370586
0.0235251	0.00601274	0.0371972
0.0478961	0.00676343	0.0410496
0.0254976	0.00741326	0.0374956
0.0204327	0.0142728	0.0368566
0.0265515	0.0107421	0.0377934
0.0311158	0.0106042	0.0383232
0.0471823	0.00704195	0.0408479
0.0426104	0.00867225	0.0402587
0.0484426	0.0105549	0.0409338
0.032099	0.0050857	0.0386563
0.0168234	0.0117621	0.0364372
0.0242384	0.00529453	0.0375969
0.0278964	0.0145271	0.0379193
0.0252361	0.00959629	0.0376008
0.0190741	0.0108107	0.0366797
0.0419379	0.0142031	0.0399385
0.0186813	0.0142573	0.0365062
0.0267103	0.0102104	0.0378909
0.0319864	0.0142326	0.0384816
0.022476	0.0127652	0.0371166
0.0457678	0.0155685	0.0406862
0.0118024	0.0148243	0.0356535
0.0271048	0.011963	0.037874
0.0207448	0.00301702	0.0370366
0.023643	0.0106775	0.037294
0.0234193	0.00272507	0.0374668
0.0489272	0.00964296	0.0409442
0.0391873	0.0129857	0.0396082
0.0262012	0.00790679	0.0378005
0.0265091	0.0155224	0.0377476
0.00842638	0.00721701	0.0353153
0.028918	0.0106494	0.0381334
0.0393313	0.0119632	0.0394878
0.0479492	0.00717546	0.0408539
0.0362985	0.0133273	0.0392392
0.0472668	0.0101033	0.0407639
0.0339699	0.0113693	0.0389153
0.041288	0.0101377	0.0398484
0.0246939	0.00708784	0.0373957
0.0328242	0.00687159	0.0385916
0.0417323	0.0168743	0.0399299
0.0237787	0.00543936	0.0374728
0.0453866	0.0132067	0.0405297
0.0300922	0.0156275	0.0382427
0.0358687	0.00704763	0.0391244
0.0438424	0.0131771	0.0401648
0.0291165	0.00354226	0.0379758
0.0178903	0.00848644	0.0366481
0.0313011	0.0127653	0.0384832
0.0345357	0.0111823	0.0389343
0.0271733	0.00888392	0.0377372
0.0339659	0.0166235	0.0388162
0.0273084	0.0107736	0.0377464
0.0298068	0.013498	0.038236
0.0123189	0.0137878	0.0357608
0.0501801	0.0133615	0.0412902
0.0410816	0.0125769	0.0399692
0.0393332	0.00966216	0.0394827
0.0270197	0.0160013	0.0377621
0.0261601	0.00916938	0.0376864
0.0262212	0.00589694	0.0377904
0.0445693	0.0100065	0.0404543
0.0363084	0.0123363	0.0392566
0.0319235	0.00764823	0.0386621
0.0265667	0.0102968	0.0376363
0.0367092	0.00164058	0.039215
0.0294035	0.00995702	0.0381948
0.00975353	0.00799157	0.0352318
0.0246225	0.0159444	0.0374252
0.0367068	0.0143654	0.0391673
0.0444829	0.0125518	0.0403032
0.0448152	0.0109893	0.0404204
0.0116483	0.00763718	0.0357816
0.0374019	0.0126396	0.0393103
0.03014	0.0058235	0.0384248
0.0315886	0.0177742	0.0385224
0.0177543	0.00347342	0.0367118
0.0386797	0.00920104	0.039612
0.0224749	0.0112592	0.0370113
0.0232842	0.0154846	0.0373118
0.0259596	0.00725892	0.037602
0.0399692	0.014996	0.0397027
0.0419084	0.0133536	0.0399994
0.021135	0.0145376	0.0369428
0.00786717	0.0150624	0.0350315
0.0411583	0.00209704	0.0398972
0.0361182	0.0109869	0.039216
0.0198348	0.0133368	0.0368514
0.0221517	0.00814614	0.0373055
0.0328421	0.00924007	0.0385467
0.0376191	0.0105413	0.0394269
0.0261242	0.00184416	0.037513
0.0423777	0.0023626	0.0400785
0.0170179	0.0143918	0.036419
0.0258506	0.0150993	0.0374972
0.0136345	0.0111794	0.0358555
0.0287775	0.0129151	0.0381016
0.0312464	0.0144481	0.038459
0.0335225	0.00913838	0.0386429
0.0198622	0.0157095	0.0366891
0.0332836	0.0128065	0.0386605
0.0309693	0.0143802	0.0384986
0.0218055	0.00399699	0.0369601
0.0117975	0.00257083	0.035488
0.0312195	0.00209999	0.0386282
0.0316002	0.0116505	0.0384246
0.0291303	0.00652893	0.0382044
0.0180557	0.0159924	0.0365412
0.0131459	0.0134348	0.035859
0.0423777	0.0133716	0.040178
0.0340097	0.00328794	0.0389103
0.0339122	0.0157335	0.0388112
0.0280959	0.018992	0.0379729
0.0341251	0.013178	0.0388866
0.023512	0.00781877	0.0373531
0.00308011	0.015375	0.0347137
0.0278643	0.0103357	0.0380654
0.0254891	0.0130338	0.0374912
0.0172772	0.0126512	0.0362016
0.0220511	0.0107634	0.036952
0.0234839	0.00527326	0.0371485
0.0169706	0.0111551	0.0361824
0.0271669	0.00932078	0.0379005
0.0244528	0.00611245	0.0375833
0.0308058	0.0069838	0.038395
0.0446677	0.0140878	0.0404247
0.0301542	0.0153934	0.0383211
0.0157468	0.0147226	0.0360306
0.0428853	0.0127372	0.0401554
0.000497438	0.0165688	0.034069
0.0393607	0.0111063	0.0395082
0.0445664	0.0135634	0.0402681
0.0397839	0.0163447	0.0397057
0.0402325	0.00934868	0.0397813
0.0270108	0.0101321	0.0378894
0.0294511	0.00853836	0.0382727
0.0462326	0.00224651	0.0405684
0.043449	0.0162222	0.0402711
0.0174463	0.0139171	0.0363874
0.0254151	0.0114172	0.0376295
0.0328861	0.00237459	0.0386439
0.0330254	0.00771647	0.0386376
0.0427852	0.015415	0.0401039
0.0358961	0.00981477	0.0392073
0.0380626	0.00346129	0.0392308
0.0329741	0.0150856	0.0387354
0.0258749	0.0125202	0.0376079
0.0236222	0.00645466	0.0371765
0.00718934	0.00629193	0.0348626
0.0321471	0.0109373	0.0386221
0.0357211	0.0135414	0.0391659
0.0221032	0.0133807	0.0370381
0.0234558	0.00757133	0.0373912
0.0364808	0.0146006	0.0391332
0.0477579	0.0142387	0.0407688
0.0286715	0.00900531	0.0379456
0.0286165	0.000903087	0.0382371
0.0348087	0.0091101	0.039026
0.0289459	0.0130736	0.0381465
0.0313408	0.00724619	0.0385818
0.0335919	0.0114498	0.0386855
0.0351874	0.0161517	0.0390093
0.0288095	0.0154079	0.0380464
0.03437	0.0165206	0.0389001
0.0239867	0.0136091	0.0373146
0.0332696	0.012023	0.0387866
0.00897459	0.0137925	0.0350325
0.0205492	0.0136841	0.0367191
0.0337222	0.00656319	0.0389617
0.0407917	0.0135617	0.0398197
0.0274956	0.0142756	0.0378996
0.023273	0.0126711	0.0373028
0.0329388	0.00986472	0.0385699
0.0327059	0.0146449	0.0385366
0.0371409	0.00175748	0.0392451
0.0177699	0.00136189	0.0363669
0.0275534	0.0113031	0.0379326
0.0277216	0.0100859	0.037994
0.0309904	0.00919189	0.0384332
0.0243906	0.00785675	0.0375563
0.0325011	0.00748076	0.0387202
0.0243619	0.0140762	0.0374871
0.026889	0.0169702	0.0377922
0.0313096	0.0154793	0.0384175
0.0325915	0.00806685	0.0386556
0.0252819	0.0104919	0.0375559
0.0444586	0.0106345	0.0405107
0.010833	0.000619535	0.0352152
0.0387133	0.0162286	0.039471
0.0263838	0.00576793	0.0376146
0.0329046	0.00255566	0.0387413
0.0176486	0.00716448	0.0365225
0.0393663	0.00839382	0.0395745
0.0261985	0.0126439	0.0378247
0.0441609	0.0101046	0.0403633
0.0238097	0.0130609	0.0373596
0.0388187	0.0104376	0.0396513
0.0300973	0.0105257	0.0382531
0.0308662	0.014264	0.0383345
0.0219059	0.0123215	0.0372196
0.0332009	0.0158488	0.0387133
0.0289384	0.00103503	0.0380435
0.0352794	0.00912876	0.0390759
0.0331718	0.0138999	0.0387661
0.0350169	0.0111663	0.03906
0.0204621	0.0103098	0.036876
0.0415217	0.00785784	0.0398757
0.0425026	0.00899766	0.0400419
0.0243366	0.00177989	0.0375592
0.0206109	0.0132707	0.036959
0.0237221	0.015703	0.0373404
0.0341117	0.0144507	0.0389362
0.0315715	0.010756	0.0385669
0.0284719	0.00487736	0.0381768
0.0325138	0.00780086	0.0386438
0.0297837	0.0139073	0.0380992
0.041052	0.016435	0.0397857
0.0273177	0.0109883	0.0378831
0.037804	0.00746724	0.039492
0.0363993	0.0104382	0.0392304
0.0408388	0.0145615	0.0399086
0.025179	0.00705483	0.0376544
0.0251584	0.00959224	0.0376712
0.0428336	0.0161083	0.0401837
0.0270442	0.00526518	0.0378566
0.0372625	0.00204213	0.0394032
0.0500261	0.016187	0.0411821
0.0448185	0.0166036	0.0403428
0.0365111	0.00718312	0.0392945
0.0356977	0.00669739	0.0389205
0.037317	0.0051299	0.0395482
0.0298935	0.0143628	0.0381963
0.0370125	0.0149696	0.0392663
0.0179375	0.00947197	0.0364459
0.0432664	0.0155441	0.0401962
0.0379822	0.00269922	0.0391916
0.0169784	0.0116955	0.0364545
0.03319	0.0117545	0.0387464
0.0382265	0.0123143	0.0394593
0.0321489	0.00920273	0.0385955
0.0341765	0.00933667	0.0389243
0.0378497	0.0112736	0.0395031
0.03382	0.0164542	0.0387745
0.00640037	0.00687208	0.0350052
0.0149393	0.0143227	0.036077
0.0150326	0.0148117	0.0361587
0.0330669	0.009139	0.0386818
0.0404741	0.018139	0.0396872
0.0267801	0.0104083	0.037778
0.0323818	0.00434893	0.0386535
0.0180253	0.00667752	0.0363701
0.0483386	0.0104728	0.0410962
0.0355364	0.0146328	0.039
0.0430521	0.00978589	0.0401315
0.043853	0.00288687	0.0401353
0.0407483	0.00538093	0.0399298
0.0211041	0.0142751	0.0369523
0.0208141	0.0134665	0.0369738
0.0290583	0.016779	0.038067
0.0299096	0.0034468	0.0383256
0.0337747	0.00789969	0.0388793
0.0191214	0.0109944	0.0365076
0.0434143	0.00790495	0.0403503
0.0357807	0.00990855	0.039117
0.0447247	0.0151235	0.0403951
0.0503025	0.00994135	0.0411969
0.0155884	0.0146336	0.036171
0.0231047	0.00790245	0.0374356
0.0425648	0.00593972	0.0400612
0.0383113	0.0133241	0.0394483
0.0338366	0.0128538	0.038861
0.0344092	0.01147	0.0389648
0.0252599	0.010642	0.0376225
0.0358149	0.00961528	0.0390607
0.0388664	0.0128719	0.0395379
0.00381851	0.0115931	0.0346001
0.0318924	0.00732122	0.038462
0.0284764	0.00521187	0.0381756
0.0450998	0.0136602	0.0405742
0.0194546	0.01429	0.036715
0.0315239	0.00282725	0.038267
0.0358016	0.00503999	0.0391878
0.038255	0.0157519	0.0394402
0.0307897	0.0155451	0.0384406
0.0466049	0.0142294	0.0406335
0.0277513	0.00795924	0.0380276
0.0359705	0.00554264	0.0389432
0.0260587	0.012227	0.0378044
0.0317353	0.0067012	0.0386007
0.0301118	0.0140515	0.0382232
0.0285378	0.013845	0.0380007
0.0185947	0.0141103	0.0365079
0.0423544	0.00953088	0.0399151
0.0111035	0.0184487	0.0356245
0.0239029	0.00463601	0.0375597
0.0361588	0.013875	0.0391759
0.0473389	0.0142832	0.0409001
0.0290878	0.00731268	0.0380477
0.0159514	0.0150433	0.0361943
0.0249697	0.00545712	0.0374279
0.0331145	0.00465171	0.0387931
0.0128145	0.0118173	0.0358569
0.00126856	0.0123485	0.0338011
0.0268505	0.00581783	0.0378022
0.0360619	0.00931881	0.0392643
0.0402713	0.0137875	0.0397402
0.041018	0.0124226	0.0398302
0.0143633	0.0149507	0.0360646
0.0259415	0.00817386	0.0377602
0.0229243	0.00965896	0.0373248
0.0294977	0.0117299	0.0381801
0.0153975	0.011303	0.036215
0.0315915	0.0130561	0.0385562
0.0420203	0.0143059	0.039798
0.0178844	0.00338105	0.0367471
0.0119595	0.00687268	0.0356926
0.0425622	0.00191762	0.0401169
0.0358662	0.0109685	0.0391169
0.00762574	0.0163723	0.0347341
0.0184163	0.0163804	0.0366154
0.0407216	0.0113822	0.0398282
0.0398505	0.00732201	0.0397864
0.0132845	0.00905198	0.0357506
0.0309975	0.0097928	0.038428
0.0407514	0.00599406	0.0398169
0.0376044	0.0163164	0.0394428
0.0377585	0.00549062	0.0393863
0.018611	0.00577427	0.0364657
0.0257233	0.0129149	0.0376501
0.0351131	0.0101061	0.0390842
0.0423012	0.00548691	0.0401173
0.0162552	0.0107175	0.0361865
0.0394923	0.0117078	0.0396739
0.0360041	0.00919154	0.0391423
0.006567	0.0164827	0.0350738
0.0274494	0.00870326	0.037991
0.0307342	0.0120198	0.038307
0.0442154	0.00701853	0.0402503
0.0203209	0.00739829	0.0366612
0.0353854	0.00602117	0.0390706
0.0150655	0.0135844	0.0362628
0.0223933	0.000521696	0.0369613
0.0230086	0.0166945	0.037242
0.0380043	0.00989618	0.0392959
0.0284957	0.00862549	0.0380725
0.00638058	0.0114695	0.0349663
0.0285592	0.0123178	0.0380262
0.0332597	0.0106252	0.0386463
0.0404213	0.0166248	0.0397386
0.0316638	0.00801621	0.0384762
0.0213347	0.00853464	0.03693
0.0311867	0.00876176	0.0383452
0.0260707	0.0144184	0.0377258
0.0491901	0.00612641	0.0412417
0.0366928	0.016492	0.0391912
0.0470527	0.0147619	0.0406913
0.0280983	0.00714758	0.037994
0.039445	0.00759431	0.0397216
0.0214802	0.000171466	0.0371557
0.0349055	0.010507	0.0389779
0.0288591	0.00136568	0.0382946
0.0477965	0.00458552	0.0408835
0.0244646	0.00959837	0.0375446
0.0322493	0.0138691	0.0385546
0.0195412	0.0109689	0.0365496
0.0465323	0.0114459	0.0408074
0.0357352	0.0170181	0.0390582
0.0443394	0.0150509	0.0403788
0.0285052	0.0029066	0.0381843
0.0336551	0.00164352	0.0388692
0.0215858	0.011609	0.0369817
0.036811	0.0139864	0.0392685
0.0270468	0.0113119	0.0378278
0.0350623	0.00787848	0.0389399
0.0248897	0.00919996	0.0375824
0.0298688	0.00440339	0.0383659
0.00674593	0.0140836	0.0346799
0.0395144	0.0169101	0.0395276
0.0438361	0.00695408	0.0402292
0.026969	0.0114416	0.0378629
0.025627	0.00508772	0.0377569
0.0264559	0.00769858	0.0376304
0.026935	0.015769	0.0377431
0.032294	0.0140523	0.0385335
0.038561	0.00633713	0.0393261
0.024082	0.0127508	0.0375281
0.0335067	0.0105593	0.0387675
0.0345182	0.0131664	0.0389503
0.0169274	0.0106775	0.0362283
0.0138236	0.00686172	0.0360655
0.0349707	0.00671072	0.0389919
0.0341901	0.00569368	0.0389609
0.0101002	0.000574384	0.0351625
0.0188038	0.0135762	0.0365416
0.0241801	0.0052296	0.0375748
0.0242677	0.0168855	0.0373673
0.0254176	0.0124811	0.0377138
0.0186226	0.0131247	0.0367609
0.0289519	0.00993046	0.0381439
0.0390873	0.0153536	0.0396006
0.0419698	0.0099724	0.0399664
0.0347098	0.00974098	0.0390228
0.0343293	0.00968976	0.0389376
0.0340091	0.00352332	0.0387972
0.0323804	5.18376e-05	0.0387111
0.03105	0.00954813	0.0385012
0.0228347	0.0073201	0.0373202
0.0499008	0.00945848	0.0413006
0.0344188	0.0137251	0.0388813
0.0266249	0.00771795	0.0377053
0.0393899	0.0117044	0.0396005
0.0283424	0.00745475	0.037939
0.0166936	0.00972375	0.0362696
0.0197589	0.0105327	0.0367269
0.00224204	0.010363	0.0340518
0.0219747	0.000808217	0.0370068
0.0240585	0.00859229	0.0374608
0.0398021	0.00432793	0.0394754
0.0323358	0.0179861	0.038538
0.0137239	0.00517685	0.0356171
0.0164876	0.00534722	0.0364307
0.0313411	0.0131339	0.0385028
0.0286835	0.0114703	0.0380421
0.0268448	0.00768596	0.037687
0.0356104	0.00118592	0.0390647
0.0342799	0.000769056	0.0389517
0.0441399	0.0148032	0.0403258
0.0379249	0.00805736	0.0394732
0.0302279	0.00839664	0.0382408
0.027731	0.0117385	0.0378823
0.0363462	0.0112285	0.039278
0.0325695	0.009389	0.0386996
0.0259883	0.0126401	0.0376119
0.0406261	0.0120529	0.0399183
0.0228136	0.0124492	0.0372188
0.0192247	0.0117924	0.0366514
0.0283853	0.00587254	0.0381579
0.035996	0.0121359	0.0391474
0.0353968	0.0145326	0.0390712
0.0372999	0.00893288	0.0392884
0.0181889	0.0117291	0.0364611
0.0236383	0.0170941	0.0371375
0.0169557	0.0155182	0.0364238
0.0356395	0.0123931	0.0390647
0.0392603	0.014989	0.0395247
0.0377347	0.00870412	0.0395136
0.0324788	0.0101992	0.0386644
0.0207114	0.0074102	0.0370242
0.0294526	0.00757631	0.0380581
0.0370176	0.0164237	0.0393516
0.0245604	0.0143629	0.0375974
0.0165053	0.00460957	0.0361384
0.0356898	0.0130021	0.0391024
0.0373022	0.00621227	0.0393705
0.0453268	0.00368413	0.0406002
0.0414311	0.00606472	0.0399525
0.0464735	0.00967784	0.0407201
0.0280598	0.0124292	0.0380037
0.0278249	0.0107782	0.0379779
0.0214727	0.0128694	0.03695
0.0356269	0.00435448	0.039181
0.0386862	0.0110192	0.0395571
0.0329415	0.0146028	0.038604
0.0461495	0.0136009	0.0407261
0.0333339	0.0098667	0.0388217
0.0199284	0.015588	0.0366275
0.0438606	0.00945845	0.0402231
0.0310223	0.0126855	0.0384263
0.0414266	0.00877163	0.0398659
0.0254209	0.00705213	0.0376588
0.0407292	0.00986553	0.0398898
0.0279144	0.0100601	0.0378428
0.0241526	0.0146291	0.0373365
0.0359455	0.0166184	0.0390803
0.0281481	0.00674626	0.0378385
0.0445108	0.0127912	0.0403934
0.0182971	0.00249088	0.0366924
0.0211206	0.00386377	0.0370937
0.0341605	0.0163246	0.0388759
0.00464291	0.0111866	0.0346555
0.0292379	0.00538048	0.0380731
0.0221433	0.00884819	0.0371609
0.0452844	0.00874813	0.0404453
0.0291217	0.0109751	0.0382331
0.0301605	0.016218	0.0383001
0.0354486	0.00734269	0.0390724
0.015922	0.0123377	0.0362988
0.0370944	0.0132727	0.0393204
0.0259844	0.0168152	0.0377876
0.0276783	0.0016815	0.03808
0.0407458	0.0163186	0.0397796
0.0289013	0.0119845	0.0379777
0.0328819	0.00604199	0.0385822
0.0204119	0.00602134	0.036987
0.0304771	0.0114201	0.0383409
0.0333245	0.0142368	0.0387199
0.0419774	0.010031	0.0398911
0.0274211	0.015369	0.0377757
0.0233078	0.00264517	0.0373977
0.0430437	0.0126456	0.0402478
0.00581086	0.0110361	0.0346503
0.0301401	0.00667376	0.038279
0.0281642	0.0166441	0.0379825
0.0232392	0.00978656	0.0373678
0.0386272	0.00290479	0.0398057
0.0390287	0.00904673	0.0395779
0.0389141	0.00869182	0.0395271
0.0192725	0.00155741	0.0367357
0.0356796	0.0117838	0.0391134
0.0357938	0.0114663	0.0391256
0.0274682	0.00522711	0.037776
0.0156308	0.0142534	0.035948
0.0388821	0.0133595	0.0395924
0.020035	0.0134146	0.0366375
0.0219366	0.0117792	0.0371394
0.0334019	0.0144561	0.0387634
0.0238448	0.00594641	0.0374751
0.0302373	0.0121645	0.0382848
0.042475	0.0130317	0.0399823
0.0334043	0.016001	0.038576
0.0244146	0.00519127	0.0374324
0.0207538	0.0165685	0.0367615
0.0354096	0.0154976	0.0389381
0.0371551	0.00297972	0.0393508
0.0202586	0.00785297	0.0369046
0.0228012	0.0108528	0.0371589
0.0425978	0.00891182	0.0402539
0.0148222	0.0132482	0.0360488
0.0357106	0.0112509	0.039092
0.0256896	0.00630493	0.0376542
0.0187542	0.013535	0.0365161
0.0316147	0.0157754	0.0385091
0.0300703	0.0059874	0.038292
0.0397254	0.00628687	0.0397814
0.0152689	0.0131029	0.0363625
0.0245663	0.0133345	0.0373142
0.0210769	0.00671071	0.0369926
0.0276595	0.00736564	0.0380198
0.00447417	0.0112439	0.0347673
0.0305703	0.00493117	0.0383347
0.0423296	0.0151629	0.0400193
0.0382851	0.00927597	0.0394735
0.0334075	0.0140993	0.0387264
0.0209116	0.00302244	0.0368961
0.0228245	0.0139597	0.0370476
0.00890179	0.0133337	0.0352083
0.0198614	0.00690942	0.0368306
0.0398529	0.0023197	0.0397883
0.0321455	0.0045924	0.0387017
0.0246619	0.010714	0.0374238
0.0283541	0.0115117	0.038057
0.0398866	0.0106586	0.039584
0.0385276	0.0133213	0.039558
0.0194235	0.00374528	0.0368705
0.0381769	0.0103888	0.0394938
0.0257431	0.00776531	0.0377504
0.0243273	0.0142756	0.0374805
0.0434414	0.0171238	0.0401271
0.0222158	0.00917035	0.0370459
0.0298053	0.0141935	0.0382478
0.0302921	0.0128062	0.0382348
0.03963	0.0145182	0.0395831
0.0336451	0.00837988	0.0389143
0.02672	0.0103932	0.0377505
0.0155952	0.00398471	0.0362312
0.042368	0.0159303	0.0399869
0.0345588	0.0049202	0.0390273
0.0311416	0.0163501	0.0384627
0.0219359	0.0144655	0.0370695
0.0394552	0.00310429	0.0397072
0.0422969	0.0112688	0.0400844
0.0242789	0.00872456	0.037461
0.0483397	0.00928569	0.04077
0.0132783	0.00412373	0.0356711
0.0323429	0.0114967	0.0386865
0.0162083	0.00769031	0.0363174
0.045132	0.0116571	0.0405978
0.0420748	0.00196217	0.0401826
0.0197336	0.0126375	0.036662
0.00834103	0.0109651	0.0350582
0.0241328	0.000314258	0.0371712
0.022888	0.00904135	0.0371167
0.0389172	0.0145633	0.0396438
0.0294783	0.0164971	0.038227
0.0171305	0.00961581	0.0362577
0.0165389	0.0153718	0.0363654
0.0236775	0.0102416	0.0372596
0.0413294	0.0141797	0.0398628
0.0467626	0.0106017	0.0408242
0.0205205	0.00343862	0.0369562
0.020527	0.00671968	0.0366907
0.0330061	0.0150386	0.0386972
0.0339689	0.0153632	0.0387877
0.0376913	0.00144954	0.0394279
0.0305122	0.0138686	0.0382781
0.0375173	0.00891754	0.0393825
0.0364469	0.0124058	0.0392183
0.033963	0.0134577	0.0388403
0.0392136	0.0105854	0.0396076
0.0260084	1.61555e-05	0.0377721
0.0231257	0.000609113	0.0375592
0.034841	0.015656	0.0389249
0.0244496	0.000473885	0.037672
0.0198774	0.0173537	0.0368022
0.0163215	0.0108319	0.0360454
0.0270422	0.00644243	0.0376755
0.0257823	0.0146971	0.0374896
0.0304041	0.00944504	0.0383805
0.00573707	0.014564	0.0345719
0.0283626	0.00515503	0.0379426
0.0330952	0.0082	0.038579
0.0227446	0.00855044	0.0371605
0.0308964	0.0104248	0.0382848
0.0188029	0.00722174	0.0367737
0.0150012	0.0105887	0.0359632
0.0328323	0.0128604	0.0386703
0.0246708	0.00237178	0.0375108
0.0374878	0.0050947	0.0392406
0.0478628	0.00707978	0.0407713
0.0198174	0.0178336	0.0367994
0.00741864	0.0166054	0.0351179
0.0282222	0.00608529	0.0381304
0.0188906	0.0129979	0.0365562
0.0323822	0.00404525	0.0386196
0.0480963	0.00318521	0.0408701
0.0384004	0.0114482	0.0394995
0.0317538	0.00523439	0.0384835
0.0290417	0.0133191	0.0380518
0.0249631	0.0066183	0.037404
0.0418395	0.0135477	0.0399307
0.041105	0.0135634	0.0398667
0.0203884	0.0138131	0.0368687
0.0377478	0.0138397	0.0394343
0.0255456	0.00936232	0.0376469
0.0334335	0.0145983	0.0387052
0.025307	0.0142629	0.0375041
0.0305587	0.0117553	0.0383707
0.0222912	0.00199859	0.037393
0.0289085	0.00859373	0.0381825
0.0274353	0.0157751	0.0378473
0.0328817	0.0098814	0.0385726
0.0285273	0.0141264	0.0379071
0.0368597	0.0154452	0.0390648
0.0364427	0.0125211	0.0391142
0.0227174	0.00899678	0.0370912
0.0316819	0.0132821	0.0385334
0.0241785	0.006935	0.0373295
0.0289963	0.00798471	0.0381358
0.0150248	0.00830528	0.0359786
0.0249203	0.0120382	0.0373982
0.0330897	0.0160796	0.0386715
0.0250578	0.00571471	0.0375619
0.0254603	0.00180271	0.0376199
0.0351422	0.019528	0.0389731
0.0321016	0.0142438	0.0385962
0.0268031	0.0164205	0.0377825
0.0404634	0.0159299	0.0397163
0.0165229	0.013061	0.0363806
0.0243426	0.00707619	0.0373218
0.0444169	0.0119264	0.0402869
0.0348466	0.00273837	0.0389379
0.0138475	0.0168649	0.0356755
0.0432196	0.0150537	0.0401328
0.027051	0.0108056	0.0377554
0.00586151	0.0119076	0.0345574
0.0211888	0.0112549	0.0371181
0.0384906	0.0154231	0.0394494
0.0394098	0.00764879	0.0395808
0.0300119	0.0118007	0.0382773
0.0274533	0.00214181	0.0379034
0.0224054	0.00567885	0.0369997
0.0310571	0.0121764	0.0385076
0.0401505	0.0143606	0.0397889
0.024822	0.00917863	0.0374762
0.0409468	0.00961437	0.0399558
0.0228659	0.0106014	0.0370752
0.0307691	0.00981855	0.038402
0.0298303	0.00825816	0.0383174
0.0359186	0.00787519	0.0391912
0.0214203	0.0124211	0.0370494
0.0396413	0.0129074	0.039673
0.0431247	0.00969755	0.0403218
0.0408911	0.0078322	0.0399076
0.0482986	0.014773	0.0409004
0.0468871	0.00978704	0.0408418
0.0247189	0.011571	0.0374668
0.0179118	0.0113944	0.0363815
0.0458128	0.0107479	0.0405089
0.0286805	0.00624674	0.0379683
0.0132701	0.0142854	0.0356795
0.0303103	0.0147271	0.0383172
0.0318031	0.0131012	0.0385375
0.0203109	0.00433401	0.0367319
0.0265619	0.00949689	0.0377834
0.0353359	0.0169175	0.0390394
0.0191999	0.01431	0.0367478
0.033763	0.0141796	0.0388304
0.0332404	0.0145102	0.0386786
0.0347261	0.0130315	0.0389983
0.0278067	0.00948569	0.0380226
0.0288513	0.00660695	0.038199
0.0254663	0.0104152	0.0375206
0.0238643	0.00504865	0.0373344
0.0233571	0.00971467	0.0371451
0.0298452	0.0102751	0.03828
0.0190339	0.0123774	0.0366322
0.0285115	0.0118528	0.0380343
0.0345503	0.0106472	0.0389647
0.0338629	0.0163305	0.0388185
0.0173557	0.00831315	0.0366587
0.0179009	0.00437429	0.036335
0.0305955	0.0172026	0.0383373
0.0143255	0.00552385	0.0361419
0.0365812	0.00189139	0.0390004
0.0330852	0.0078361	0.0388374
0.0299973	0.00867545	0.0383491
0.0222729	0.00672155	0.0370123
0.0345139	0.0156544	0.0389648
0.0306861	0.00883713	0.0384212
0.0319466	0.00835258	0.0386203
0.0258718	0.013317	0.0377798
0.0279562	0.0131974	0.0379021
0.0329457	0.00896027	0.0385577
0.0246997	0.00932474	0.0375213
0.0439059	0.0142776	0.0402505
0.0150497	0.0152053	0.0359675
0.0361313	0.0128633	0.0392031
0.0261555	0.0108763	0.0376896
0.0314174	0.0132246	0.0384861
0.0429739	0.0113068	0.0400945
0.0321388	0.0141966	0.0384992
0.0301987	0.0143263	0.0383049
0.0301781	0.0106473	0.0381801
0.0172702	0.0135168	0.036629
0.0256008	0.0144308	0.0376462
0.014807	0.013383	0.0360765
0.0240989	0.0166647	0.0372959
0.023416	0.0119973	0.037317
0.0125177	0.0112188	0.0358365
0.0399813	0.0113859	0.0397632
0.0460595	0.0111021	0.0405911
0.053793	0.00692248	0.0416895
0.0283568	0.00232366	0.0379569
0.0406059	0.0118919	0.0396677
0.0369791	0.00825114	0.0393012
0.0275713	0.00885763	0.0378034
0.0269221	0.0126359	0.0377945
0.0167491	0.0161771	0.0362144
0.0207639	0.0102047	0.0370137
0.0466323	0.00855563	0.0405659
0.0272138	0.0102204	0.0378806
0.0512336	0.0165439	0.0410108
0.038941	0.011288	0.0395957
0.0320443	0.0133041	0.0384479
0.0353918	0.0128791	0.0389531
0.0273355	0.0106728	0.0377499
0.0407779	0.00453024	0.0400451
0.0300207	0.00757012	0.0382238
0.0262396	0.00240321	0.0378171
0.0294993	0.00661694	0.0383151
0.0275633	0.00533547	0.0379247
0.0332672	0.0130332	0.0386633
0.0352631	0.00916734	0.038993
0.032795	0.00476425	0.0386456
0.04074	0.00220126	0.0398358
0.0234803	0.0161764	0.0373318
0.0354673	0.0121292	0.0391326
0.0221581	0.0124127	0.0371775
0.0364929	0.00108034	0.0391994
0.0408913	0.00289176	0.0398327
0.00702312	0.00965697	0.0350723
0.0382027	0.0058204	0.0394737
0.0445872	0.013886	0.0404849
0.0377854	0.012317	0.039472
0.0343775	0.014573	0.0388642
0.0411949	0.00447082	0.0399079
0.0331709	0.0145234	0.0386686
0.0277842	0.0120793	0.0379564
0.048932	0.011275	0.0410761
0.0136397	0.0154317	0.0361321
0.0224283	0.0121982	0.0371056
0.0283713	0.00817597	0.0381428
0.0157394	0.0119046	0.0361636
0.0333421	0.0151647	0.0387472
0.0301561	0.0112438	0.0382922
0.0430393	0.0102134	0.0401549
0.0441997	0.0133252	0.0402624
0.0268016	0.0167656	0.0377761
0.0537823	0.00563352	0.0416593
0.031614	0.0123213	0.0385259
0.0425436	0.00994417	0.0400823
0.0206387	0.0100649	0.0368084
0.0377307	0.00592214	0.03941
0.0274219	0.00990254	0.0377928
0.0259665	0.00742298	0.0376661
0.0493998	0.00986106	0.0409304
0.0536979	0.0156158	0.0416942
0.0241859	0.013482	0.0374542
0.0400298	0.0126572	0.0396553
0.0509421	0.0100068	0.0412118
0.0173598	0.0070722	0.0363476
0.0203543	0.00496409	0.036739
0.0412413	0.0148455	0.0398307
0.0222291	0.0139635	0.0370551
0.0139127	0.00887669	0.035976
0.00737856	0.00869088	0.0347631
0.0429852	0.00789675	0.0402346
0.0154635	0.00912328	0.0362616
0.00866712	0.0117087	0.0352105
0.0297436	0.0128195	0.0381533
0.0476496	0.0107891	0.0408179
0.0065106	0.00640435	0.0352056
0.0241714	0.0106618	0.0374906
0.0280935	0.0114888	0.0378597
0.0437264	0.00487978	0.0402705
0.041498	0.00865429	0.0399079
0.0261674	0.0073851	0.0375901
0.00592372	0.0112696	0.0348273
0.0380923	0.00426647	0.0395081
0.0417766	0.0120959	0.0399717
0.0153809	0.00533681	0.0362758
0.0236214	0.0109583	0.037325
0.0221969	0.00856534	0.0371852
0.0389965	0.0118783	0.0396121
0.00933576	0.0087948	0.0351639
0.0365543	0.0106121	0.039128
0.0286863	0.0137134	0.0380169
0.0167578	0.0079689	0.0363741
0.0375706	0.0149354	0.0393786
0.0293016	0.0118332	0.0382089
0.0128221	0.0123008	0.0355466
0.0371315	0.0105118	0.0393274
0.0161578	0.0124767	0.036411
0.0335688	0.0134757	0.0387761
0.0244161	0.00839885	0.0375192
0.030397	0.00835011	0.0381835
0.0446734	0.012663	0.0405152
0.0350327	0.0143488	0.0390579
0.0162778	0.0158804	0.0361541
0.0215581	0.0124637	0.0369846
0.0250666	0.00811394	0.0376571
0.0369891	0.00802489	0.0393324
0.0466215	0.00651586	0.0408452
0.033393	0.0101175	0.0387459
0.0323509	0.00123072	0.0387985
0.0259568	0.00968672	0.0378121
0.0311337	0.00886319	0.0383816
0.0234239	0.016506	0.0371929
0.034669	0.00772456	0.0390538
0.0375265	0.0041796	0.0393507
0.0475174	0.0086075	0.0406425
0.0393252	0.00604899	0.0396556
0.0358178	0.00530203	0.0393216
0.0325453	0.0146746	0.0385499
0.0104344	0.00784071	0.0356142
0.0268725	0.0113394	0.0378309
0.0211354	0.0157589	0.0369601
0.0285772	0.0123573	0.0380138
0.0291271	0.0121178	0.0380608
0.0280686	0.0154713	0.0379658
0.0409131	0.00675357	0.0398218
0.0241635	0.0159311	0.0373474
0.0181869	0.00307075	0.0367904
0.0370497	0.0167449	0.0392822
0.0332377	0.0101323	0.0387319
0.0122865	0.0132308	0.0355253
0.0430033	0.00603345	0.0400801
0.032985	0.00606742	0.0387248
0.0392054	0.00585897	0.0394218
0.0254516	0.0109268	0.0375331
0.0322959	0.00654897	0.0387475
0.0321321	0.0141705	0.038639
0.0507965	0.013318	0.0411789
0.0368618	0.0020069	0.0392846
0.0483411	0.00751654	0.0408317
0.0401129	0.0145124	0.0396482
0.00979898	0.00611464	0.0351739
0.023556	0.0139795	0.0373251
0.0444662	0.0113822	0.0402972
0.0326319	0.0168624	0.0387362
0.0350165	0.0138329	0.0388909
0.039729	0.0136518	0.0396457
0.0427793	0.0129445	0.0402361
0.0237383	0.0103861	0.0373207
0.0472832	0.00703738	0.0407777
0.0273344	0.0140916	0.0379074
0.0178246	0.0112844	0.0364183
0.0389576	0.00946206	0.0394269
0.020219	0.014141	0.036653
0.0241192	0.0133489	0.0375504
0.024475	0.000525173	0.0374999
0.0388285	0.0061967	0.0395627
0.00506887	0.00360696	0.0342505
0.0328613	0.0160193	0.0387053
0.0219691	0.0154148	0.0370102
0.0188811	0.0127465	0.0365574
0.0395226	0.0162683	0.0396652
0.0300599	0.00340828	0.0383861
0.0197082	0.0115539	0.0367001
0.0197147	0.00989996	0.0368133
0.0274788	0.0141365	0.0378525
0.00971274	0.0121681	0.0356168
0.0409654	0.00718501	0.0400304
0.0253272	0.0145265	0.0376231
0.0184315	0.0136091	0.0364726
0.0358095	0.0115809	0.0391316
0.0276383	0.00850389	0.0377905
0.0238572	0.00446137	0.037204
0.0309801	0.00694558	0.0384935
0.0322652	0.0128718	0.0386122
0.0235487	0.0091512	0.0373664
0.016893	0.00713109	0.0361965
0.0402991	0.0117844	0.0396522
0.0168251	0.00462383	0.0365129
0.0116987	0.0118851	0.0354742
0.021562	0.00966607	0.0368855
0.0349985	0.01172	0.0389822
0.0503324	0.0156159	0.0412474
0.0327181	0.0124508	0.0386249
0.0269752	0.0162304	0.0377649
0.0136769	0.00975206	0.0358055
0.0348452	0.0113191	0.0389693
0.0333733	0.00649967	0.0385978
0.00446247	0.0158631	0.0348964
0.0419915	0.00133918	0.0397601
0.0351993	0.00655907	0.0390789
0.0271881	0.0154022	0.0377956
0.0450801	0.00040828	0.0407572
0.0339748	0.0138917	0.0388273
0.0514389	0.00878639	0.0412704
0.0309322	0.00944241	0.0384558
0.0228979	0.00478331	0.0372584
0.0281569	0.00922366	0.0379915
0.0134937	0.00338935	0.0356619
0.0299488	0.0141549	0.0381232
0.0336662	0.00708329	0.0387174
0.0407566	0.00969827	0.0398022
0.0434167	0.0129405	0.0401991
0.0361456	0.0113414	0.039154
0.022388	0.0110554	0.0372381
0.0215941	0.0152814	0.037203
0.0357646	0.0135295	0.0389656
0.0409974	0.012178	0.0398053
0.0281335	0.0089995	0.0380361
0.0144324	0.0179305	0.0358764
0.0367221	0.0194522	0.0394268
0.0370799	0.0054004	0.0392978
0.0207892	0.0116429	0.03685
0.0363067	0.00704205	0.0391301
0.0337604	0.0163621	0.0388549
0.0392451	0.0160483	0.0396528
0.0312451	0.00935485	0.0385353
0.0251177	0.0102109	0.0374529
0.0379047	0.00722616	0.0393917
0.0393698	0.0134586	0.0396182
0.0444653	0.0107705	0.0402355
0.0288601	0.010374	0.0380118
0.0404812	0.0121672	0.0397783
0.0470847	0.00862711	0.0406594
0.0273461	0.00445473	0.0380715
0.0166233	0.0057003	0.0360734
0.0163983	0.00812858	0.036173
0.0293513	0.0103464	0.0381963
0.0338538	0.00166143	0.0387646
0.0314403	0.0118531	0.0384832
0.0320697	0.0040448	0.0387069
0.02736	0.0156744	0.0379801
0.0314684	0.0167877	0.0384568
0.0143324	0.0169701	0.0361656
0.0360369	0.00935925	0.0391163
0.026513	0.0167863	0.0378001
0.0339907	0.0168453	0.0388817
0.0398969	0.00909813	0.039691
0.0264678	0.0123243	0.0377127
0.0318577	0.0137574	0.0385527
0.0223593	0.0166361	0.0370872
0.0205489	0.00357635	0.0370131
0.00695071	0.0156369	0.0349514
0.0326752	0.0157492	0.0386449
0.0272956	0.00691848	0.0379946
0.0343801	0.0104101	0.0389663
0.0365869	0.016799	0.0390036
0.0264321	0.0159705	0.0378368
0.0276649	0.00951337	0.0379377
0.0289534	0.0125908	0.0381292
0.041263	0.0105628	0.0399052
0.0413147	0.0157915	0.0396797
0.0336072	0.0103204	0.0388347
0.0181959	0.00817626	0.0363869
0.0300463	0.0189525	0.0381781
0.0294518	0.00834271	0.0382883
0.0514835	0.00386019	0.0417114
0.0420647	0.00787977	0.0399545
0.0280945	0.0084015	0.0379889
0.0338769	0.0041751	0.0386238
0.0270467	0.0147988	0.0377812
0.0370585	0.0157032	0.0393193
0.0379414	0.00751659	0.0392537
0.0435091	0.0144409	0.0403027
0.0384928	0.00478874	0.0394437
0.0272635	0.0105773	0.037935
0.0329132	0.0116393	0.0386745
0.022395	0.00126465	0.0371228
0.0300522	0.00434975	0.0383788
0.0223242	0.00235306	0.0373918
0.0195922	0.00465938	0.036902
0.0333186	0.0152412	0.0386979
0.0191103	0.00551764	0.0368301
0.0220264	0.00883044	0.0371074
0.0135602	0.0152757	0.035942
0.0239948	0.0157399	0.0372325
0.0426498	0.0131979	0.0400487
0.0279477	0.00636358	0.0380518
0.0257041	0.00926663	0.0376638
0.0250619	0.00962211	0.0376596
0.044333	0.000380238	0.0403478
0.0359953	0.00956587	0.0392272
0.0394199	0.00896491	0.0394832
0.0290872	0.0139165	0.0382178
0.0416606	0.0131941	0.040026
0.0200305	0.0102141	0.0367232
0.0294262	0.0130935	0.0382069
0.0398427	0.00138216	0.0397388
0.0406805	0.0122135	0.0397851
0.0191626	0.00893934	0.0367548
0.0418159	0.0100809	0.0400274
0.043919	0.00718287	0.0404765
0.0212716	0.00197922	0.0372465
0.0410018	0.013126	0.0397577
0.0334666	0.015758	0.0388685
0.0257822	0.0137522	0.0375902
0.0354919	0.0113458	0.0390566
0.0222601	0.0112869	0.0371525
0.0297894	0.00780326	0.0382306
0.0448565	0.017374	0.0403581
0.0449241	0.0103438	0.0403605
0.00538456	0.00862269	0.0345667
0.0248391	0.0144222	0.0374078
0.0444115	0.00946075	0.0405019
0.0460237	0.0169441	0.0405304
0.0220138	0.00531041	0.0369382
0.0342304	0.00847496	0.0388299
0.0274293	0.0146654	0.0378393
0.0423292	0.00148288	0.0402164
0.0345378	0.0103907	0.0389405
0.0332898	0.015631	0.0387333
0.0266775	0.0165098	0.037882
0.0354675	0.0165908	0.038927
0.0436849	0.0147409	0.0403324
0.0310202	0.0169764	0.0383575
0.0199152	0.0104537	0.036739
0.0392803	0.00926492	0.0396126
0.017138	0.00675278	0.0362997
0.0298306	0.0110749	0.0382165
0.0398436	0.00869624	0.0397995
0.0241575	0.00701726	0.0374502
0.0231471	0.0148579	0.0373118
0.0424519	0.0123311	0.0400747
0.0299995	0.0150331	0.0381591
0.0366654	0.0138708	0.0391399
0.0410163	0.0141519	0.0398636
0.028901	0.010556	0.0381352
0.0412779	0.00775843	0.0399815
0.00107314	0.0160447	0.0337841
0.028492	0.0115376	0.0380713
0.0335991	0.00255544	0.0389948
0.000996275	0.0124399	0.034444
0.0195997	0.009409	0.0366881
0.0444108	0.0100469	0.0402929
0.0374952	0.0100186	0.0394058
0.0357292	0.00771587	0.0389448
0.039154	0.0127528	0.0395929
0.0189587	0.0137489	0.0364677
0.0509969	0.0120912	0.0412149
0.0342971	0.00168613	0.0390901
0.0449988	0.011712	0.0405705
0.0299575	0.0087635	0.0382045
0.0105027	0.0156423	0.0351471
0.0227033	0.00375052	0.0371724
0.0193817	0.0120723	0.0367102
0.023733	0.00716924	0.0372534
0.0272778	0.00380528	0.0379585
0.0104269	0.0131585	0.035415
0.0266836	0.00790579	0.0377683
0.0385013	0.0166711	0.0394752
0.0485914	0.00610213	0.0410005
0.0381627	0.0141298	0.0394212
0.0242928	0.011045	0.0372881
0.0167991	0.013235	0.0365042
0.0266285	0.00371399	0.0379923
0.037161	0.00116953	0.0394872
0.0357151	0.0163667	0.0391511
0.0280474	0.0114305	0.0379462
0.0361082	0.0110229	0.0391439
0.0336742	0.0106175	0.0387086
0.0382773	0.00397992	0.0394908
0.0367662	0.0173303	0.0392172
0.040849	0.00713334	0.0398951
0.0504043	0.0130181	0.0412271
0.0211427	0.0120524	0.0368052
0.0291224	0.0143458	0.0379972
0.000671946	0.0105119	0.0335857
0.0318002	0.00698348	0.038494
0.0258278	0.0127042	0.0377722
0.0396585	0.00516037	0.0396489
0.0187807	0.0144383	0.0364419
0.0374147	0.00927681	0.0393401
0.0175491	0.00890632	0.0362309
0.0300835	0.0119386	0.0383692
0.0460622	0.00923129	0.0406799
0.0127407	0.00551753	0.0357034
0.0232472	0.00339669	0.0371789
0.028048	0.017218	0.0377934
0.0349573	0.0113698	0.0390523
0.034995	0.00904962	0.0390291
0.0306734	0.0126424	0.0383053
0.0416472	0.0122982	0.0399886
0.0348181	0.0154803	0.0389855
0.0140632	0.0125882	0.0358458
0.042885	0.0124446	0.0402024
0.0199775	0.0116614	0.0368336
0.0359849	0.0157091	0.0391404
0.0419678	0.013031	0.0400424
0.0329097	0.0102467	0.0386477
0.047432	0.0110346	0.0406234
0.0343344	0.0114547	0.0387939
0.0471682	0.0160513	0.040688
0.0327924	0.00776972	0.0387094
0.0251703	0.00562498	0.0374168
0.031284	0.0132282	0.0384852
0.0162599	0.0121862	0.0360395
0.0312367	0.0169115	0.0383838
0.0304291	0.0152604	0.0381947
0.0342224	0.0158008	0.0388379
0.0470725	0.01187	0.0407279
0.021863	0.00819911	0.0369048
0.0339375	0.0122636	0.0387468
0.0100206	0.00826519	0.0355031
0.0340179	0.0138966	0.0388129
0.0329214	0.00784785	0.038812
0.0253946	0.0150621	0.0375024
0.0266849	0.00585497	0.0376158
0.0413843	0.00257152	0.0400516
0.0408187	0.00376816	0.0398578
0.0434694	0.00956046	0.0402852
0.0278332	0.0159186	0.0378039
0.0478417	0.0137485	0.0407372
0.034305	0.0144812	0.0388233
0.0038773	0.0120801	0.0341962
0.0310438	0.012917	0.0384443
0.0344897	0.00407585	0.0387278
0.026723	0.00965584	0.0376749
0.0292813	0.00371537	0.0382909
0.0326383	0.0100638	0.0385384
0.0241504	0.00306689	0.0375674
0.0372162	0.0123336	0.039218
0.0496938	0.0102105	0.0409601
0.0208621	0.0159602	0.0369238
0.0320509	0.00665482	0.0386484
0.0412004	0.00646458	0.0399469
0.0381849	0.00810173	0.0394993
0.0257052	0.00879604	0.0376241
0.0449751	0.00558519	0.0405275
0.0321186	0.00961134	0.038586
0.0328012	0.0123704	0.0386961
0.0306098	0.00476497	0.0381633
0.0264899	0.00275344	0.0376757
0.0433812	0.0135562	0.0403303
0.0268633	0.0116639	0.0379154
0.0254092	0.0102312	0.0375154
0.0236975	0.0136535	0.03731
0.0146444	0.00682387	0.0359471
0.0430548	0.002539	0.040305
0.0251524	0.0114773	0.0374756
0.0323849	0.0160601	0.0385974
0.0296904	0.00836716	0.0381745
0.0305349	0.00811648	0.0384503
0.0382053	0.00367544	0.039582
0.0364817	0.00597085	0.0391663
0.036743	0.00654797	0.0391994
0.0179921	0.0162801	0.0365175
0.0343886	0.0128724	0.0389478
0.012176	0.0123136	0.0356941
0.0346265	0.00645158	0.0387782
0.0333209	0.0167218	0.0385995
0.032011	0.00909932	0.0385028
0.0444848	0.0183256	0.0403454
0.020732	0.0141252	0.0368184
0.0410926	0.0131417	0.0399513
0.0399068	0.00100358	0.039726
0.024899	0.0167613	0.0373421
0.03292	0.0147235	0.0386833
0.043558	0.0144087	0.0403356
0.0378948	0.00981043	0.0393294
0.0321156	0.0136902	0.0385363
0.0446783	0.00297332	0.0403779
0.0408427	0.0158771	0.0398064
0.0304483	0.0147486	0.0383047
0.0455282	0.0146622	0.0406118
0.015002	0.00711948	0.0362084
0.0306883	0.00483547	0.0384398
0.026554	0.0132373	0.0377879
0.029984	0.0125846	0.0382283
0.0308363	0.0144844	0.0383666
0.0283962	0.0156755	0.0380001
0.036232	0.00973074	0.0392631
0.0376454	0.012783	0.0394021
0.0368581	0.0117541	0.0393195
0.0349489	0.00206683	0.0389405
0.027159	0.0130246	0.0377977
0.0256408	0.00566021	0.037785
0.0370609	0.00988508	0.0393005
0.0359467	0.0127337	0.0391143
0.0325732	0.00817301	0.0385039
0.0416239	0.00880063	0.0399317
0.0272856	0.00585369	0.0379873
0.0146265	0.00993813	0.0359455
0.0359526	0.00767487	0.0392095
0.0345424	0.00632455	0.0389844
0.023335	0.0146435	0.037209
0.0432122	0.00940515	0.040233
0.0291512	0.0153859	0.0380166
0.0295006	0.00995896	0.0382591
0.0164453	0.00813095	0.0364433
0.032517	0.00765718	0.0386909
0.0243454	0.0163181	0.0372616
0.017035	0.0139339	0.0361659
0.0194764	0.0149697	0.0367321
0.0236864	0.0161215	0.0373698
0.0218604	0.0168227	0.0368833
0.0214964	0.00936103	0.0371184
0.0134534	0.00497857	0.03601
0.0206734	0.00773298	0.0367949
0.00933248	0.00625916	0.035057
0.0341212	0.0168393	0.0388417
0.0447003	0.00454496	0.0404799
0.0303939	0.0029941	0.0383614
0.0283778	0.0042823	0.0378367
0.0293076	0.0112293	0.0380868
0.0295326	0.0082147	0.0381962
0.0286542	0.00545409	0.0381542
0.0404338	0.0167354	0.0397989
0.0364794	0.00133308	0.0393602
0.0482011	0.0033391	0.0411833
0.0222146	0.0159617	0.03703
0.0240888	0.00915334	0.0374352
0.0410902	0.0092214	0.03982
0.0295428	0.00507478	0.0381004
0.0393287	0.0058854	0.0395947
0.0304703	0.00444771	0.0381392
0.0419709	0.012589	0.0399949
0.0262768	0.0138997	0.0378385
0.0274479	0.00927624	0.0379059
0.0344977	0.0119117	0.0388224
0.0319834	0.00899787	0.0385086
0.0314326	0.00755126	0.0384945
0.0129885	0.0102003	0.0357723
0.0415179	0.00160629	0.0399683
0.0457249	0.00517795	0.0403369
0.0314842	0.00986691	0.0383609
0.0223323	0.00520988	0.0372052
0.0244607	0.0177346	0.0373375
0.033563	0.00729137	0.0387148
0.0324534	0.00869895	0.0386583
0.0327466	0.0133836	0.0386328
0.042012	0.00514247	0.0400823
0.0332537	0.0123332	0.0387676
0.0285673	0.0156143	0.0380531
0.0433533	0.0141736	0.0402095
0.0388062	0.00375173	0.0393245
0.0328161	0.016245	0.0387862
0.0137529	0.0092091	0.0359857
0.0198201	0.0120269	0.0368224
0.0347671	0.0157767	0.0389417
0.0436865	0.00114787	0.040309
0.0347515	0.000313253	0.0386944
0.00467104	0.00638374	0.0347366
0.0445964	0.0090802	0.0405583
0.0416155	0.0125234	0.0399015
0.0419088	0.00340686	0.0402847
0.0384197	0.00658324	0.0394124
0.0303162	0.0110364	0.0381989
0.0444275	0.0106391	0.0404154
0.0254314	0.00728242	0.0376408
0.0530504	0.0109928	0.0418262
0.0284089	0.0123565	0.0380729
0.0201324	0.0127509	0.0369716
0.0264091	0.00692168	0.0377349
0.0398905	0.0136687	0.0396904
0.0116854	0.0130261	0.0354769
0.0296774	0.00758443	0.0380856
0.0265638	0.00962725	0.0378153
0.0355738	0.00718048	0.0391562
0.0450868	0.0169725	0.0406123
0.0257614	0.0152332	0.0376919
0.0329409	0.00859964	0.0387644
0.0338125	0.00969377	0.0388915
0.045429	0.00842072	0.0406075
0.0385172	0.016053	0.0395188
0.0460278	0.0151563	0.0406174
0.0208593	0.0152113	0.0369578
0.0421158	0.00538393	0.0400023
0.0270826	0.0135158	0.0378732
0.0309105	0.0129255	0.0383591
0.0211078	0.00439987	0.0369278
0.0266906	0.0106144	0.0376538
0.0289467	0.000153489	0.0381189
0.0229906	0.00868096	0.0371493
0.0365044	0.0163539	0.0392095
0.00806464	0.0168212	0.0351577
0.0204575	0.0104753	0.0369668
0.0432854	0.0031563	0.0399624
0.0334067	0.0164719	0.0387207
0.0192211	0.00391995	0.0366317
0.0257244	0.0138185	0.0376653
0.0229425	0.00461686	0.0372087
0.0291939	0.00485732	0.0380907
0.0319439	0.014663	0.0385708
0.0348958	0.00140382	0.0390502
0.0309721	0.00891402	0.0384395
0.048028	0.0121224	0.0409879
0.0409296	0.00783634	0.0398857
0.0197204	0.0126232	0.0368447
0.0404173	0.0070441	0.0397757
0.014404	0.0055805	0.0357234
0.02893	0.00914877	0.0380612
0.0368586	0.0138398	0.0391816
0.0217537	0.0119702	0.0371974
0.020224	0.00816933	0.0369576
0.0267224	0.0101466	0.0377975
0.0162445	0.01251	0.0363434
0.0383286	0.0166554	0.0394015
0.0306733	0.00508803	0.0384495
0.0235264	0.0150067	0.0372388
0.021996	0.00960533	0.0371818
0.0505609	0.0109635	0.041293
0.0431083	0.0159318	0.0399146
0.0464262	0.0150916	0.0406725
0.0243987	0.00945439	0.0374797
0.0157932	0.0137525	0.0362768
0.035189	0.0106297	0.0390069
0.0371769	0.0101304	0.039324
0.0260905	0.011396	0.037653
0.0356086	0.00925313	0.0390519
0.0406759	0.0103393	0.0398957
0.0475599	0.0031792	0.040857
0.0414719	0.0133135	0.0398703
0.0218105	0.0133459	0.0369884
0.0443827	0.00925634	0.0404097
0.0424449	0.00618126	0.0400424
0.0179988	0.0112448	0.0365725
0.032977	0.00831158	0.0387229
0.0337099	0.00809763	0.0386675
0.0199906	0.0113968	0.0369486
0.0353912	0.00814886	0.0391084
0.0202839	0.00942179	0.0368956
0.0348356	0.0152644	0.0389304
0.0295036	0.0171847	0.0381563
0.0149829	0.0109871	0.035969
0.0383571	0.00738651	0.0396269
0.0286191	0.0104282	0.0381241
0.0219392	0.0115135	0.0370999
0.0413372	0.00824984	0.0399862
0.0232747	8.74417e-05	0.0375473
0.030734	0.0092456	0.0383684
0.0364515	0.000934278	0.0391714
0.0340228	0.0090567	0.0388655
0.024456	0.00769004	0.0374936
0.0430366	0.00204817	0.0401381
0.0354093	0.00912458	0.0390623
0.0232571	0.010011	0.0372415
0.0278073	0.00625833	0.0379652
0.0327303	0.00648402	0.0386728
0.0218395	0.00546566	0.0371802
0.0344626	0.00926394	0.0387796
0.0326543	0.00600787	0.0386969
0.0397394	0.0155785	0.0396699
0.0324211	0.00728935	0.0386912
0.0281279	0.0111446	0.0379978
0.0107819	0.000806189	0.0352662
0.0172759	0.00903084	0.0363183
0.0408199	0.0135892	0.0398215
0.035237	0.0162732	0.0390335
0.0240898	0.00843055	0.0374774
0.0186853	0.00881774	0.0366926
0.0305917	0.0124189	0.0383881
0.024367	0.0109599	0.0374292
0.0403669	0.0121232	0.0397415
0.0173061	0.00478643	0.0362561
0.0232565	0.00772453	0.0371812
0.0331535	0.0125212	0.0387353
0.0143247	0.013154	0.0359905
0.0154627	0.0011775	0.0363555
0.0345761	0.0171692	0.0388732
0.0355252	0.0126486	0.0390752
0.0382875	0.0138977	0.0393037
0.0476295	0.00482455	0.040875
0.0122852	0.0134123	0.0356914
0.0187676	0.012766	0.0365388
0.0289836	0.0148024	0.0380738
0.035721	0.0146049	0.0391036
0.0251033	0.0148747	0.0375168
0.0359694	0.0125572	0.0391124
0.0277141	0.00125979	0.0380924
0.0216587	0.0133471	0.0369811
0.00716952	0.0123339	0.0347572
0.0138154	0.0135817	0.0360855
0.0339101	0.0120501	0.0388751
0.027206	0.0105712	0.0377747
0.0123335	0.00755642	0.0356407
0.0247812	0.0158055	0.0374025
0.0387168	0.0140294	0.0396112
0.0115937	0.0120907	0.0356514
0.0179007	0.00924785	0.0365967
0.00663271	0.00421305	0.0346879
0.0363997	0.00490493	0.03941
0.0279805	0.0125519	0.0379688
0.0375565	0.00127855	0.0393465
0.0293374	0.00827938	0.0382706
0.0441514	0.00365189	0.0403286
0.0342213	0.00190012	0.0390989
0.0223793	0.015552	0.0370561
0.0432954	0.00782942	0.0402719
0.0362611	0.0105578	0.0392225
0.0284876	0.00691442	0.0381433
0.0376937	0.0153691	0.039451
0.0267795	0.0127957	0.0377453
0.0178686	0.0157959	0.0364922
0.0423362	0.013518	0.0399992
0.0300608	0.0107974	0.0383394
0.0148351	0.00652215	0.0362123
0.0265511	0.00696835	0.0378666
0.0327242	0.00818052	0.0387621
0.0227848	0.016731	0.0371098
0.033778	0.0116184	0.0387171
0.0240461	0.0105954	0.0373165
0.0344886	0.00483344	0.0389003
0.0174383	0.00451412	0.0361965
0.0312389	0.0151919	0.0385012
0.041689	0.0137223	0.0399723
0.0196357	0.00400801	0.0368735
0.0183777	0.0114006	0.0365086
0.023394	0.0100319	0.0373418
0.0284362	0.0104805	0.0380985
0.0142589	0.0171066	0.0362106
0.0445747	0.00122893	0.0403847
0.03938	0.00386249	0.0396405
0.0252049	0.009111	0.0377129
0.0411168	0.0204803	0.0399738
0.0392829	0.0135505	0.0396036
0.0270497	0.0132195	0.0378606
0.0465836	0.0124107	0.0406867
0.0177724	0.0166744	0.0364162
0.0397403	0.0159758	0.0394562
0.020153	0.00772684	0.036936
0.0247691	0.0136367	0.0374621
0.032469	0.0103126	0.0386549
0.0304282	0.0162923	0.0383054
0.0447264	0.0133037	0.0404857
0.0301926	0.0104872	0.038295
0.0356786	0.0118506	0.0391093
0.0312745	0.00666353	0.0385841
0.0228359	0.00654925	0.037355
0.0260525	0.00620886	0.0375574
0.0363792	0.0071152	0.0392566
0.0308154	0.00699798	0.0384314
0.0290794	0.0101963	0.0381555
0.0458119	0.0133723	0.0406866
0.0323101	0.013459	0.0385661
0.0523973	0.00901166	0.0415739
0.033519	0.0112396	0.0387952
0.0200401	0.00702265	0.0368269
0.0318246	0.00754289	0.0386115
0.0295822	0.0096884	0.0382072
0.0269882	0.00774345	0.0379206
0.0239015	0.0101952	0.037456
0.0357947	0.0116328	0.0391276
0.0262189	0.00714352	0.0377738
0.0319773	0.00503287	0.0383802
0.0132035	0.0150207	0.0356889
0.0251699	0.00166711	0.0373514
0.0402639	0.0148786	0.0398567
0.0149397	0.00557781	0.0360325
0.033239	0.00990882	0.0387499
0.0416866	0.00954027	0.039938
0.0283979	0.0102417	0.0379141
0.0223	0.0159615	0.0370625
0.039148	0.0133147	0.0395017
0.0488219	0.0141093	0.0411656
0.00910471	0.00870484	0.0350087
0.0303385	0.00881861	0.0382387
0.0440103	0.00483353	0.040527
0.0437537	0.00981125	0.0404155
0.00714235	0.00622303	0.0349985
0.0282538	0.0136438	0.0379597
0.0242262	0.00328538	0.0375984
0.0453972	0.00417018	0.0403889
0.0263498	0.0158372	0.0377038
0.00884075	0.0133482	0.035298
0.0466114	0.0141424	0.0406745
0.0335692	0.0155695	0.0387553
0.0261905	0.0125383	0.0378339
0.0349715	0.00657273	0.0389031
0.00270651	0.00740893	0.0341584
0.0433748	0.00813085	0.0403619
0.0163817	0.0169854	0.0363712
0.0214747	0.000336771	0.0371672
0.0247798	0.00515251	0.037506
0.0324953	0.0145601	0.0386361
0.0136361	0.0122568	0.0361455
0.0339754	0.0155381	0.0386705
0.0287897	0.0136168	0.0380275
0.0132688	0.0130642	0.0357937
0.02775	0.011458	0.0379016
0.0360997	0.00849579	0.0391752
0.0373582	0.00776001	0.0392838
0.0372953	0.00405417	0.0395292
0.0357283	0.0121285	0.0391027
0.0272143	0.00678245	0.0379677
0.03065	0.0100602	0.0383758
0.043936	0.0118284	0.0401599
0.0339781	0.0163661	0.0388369
0.0191342	0.00618965	0.0365761
0.0249532	0.0125631	0.0376503
0.0266148	0.00922829	0.0378417
0.0220086	0.0121098	0.0371544
0.0441041	0.0112406	0.0402497
0.0107284	0.0107946	0.0352804
0.0330302	0.00947686	0.0388046
0.0087553	0.00197932	0.035266
0.0415169	0.0101747	0.0399565
0.0263823	0.00572481	0.0375706
0.0403811	0.00864385	0.0399104
0.0348121	0.0067682	0.0389729
0.035543	0.000832262	0.0392547
0.0423591	0.0049562	0.0399592
0.0320647	0.0118934	0.0385373
0.0273018	0.00398088	0.0380756
0.022389	0.0104121	0.037125
0.0320153	0.00577729	0.0385985
0.0115807	0.0115436	0.035507
0.011373	0.0130412	0.0356103
0.0351083	0.00255713	0.0391624
0.0133137	0.0115286	0.0357579
0.0407469	0.00410895	0.0399367
0.0369499	0.00162567	0.0395119
0.0293391	0.0073633	0.0382809
0.0323861	0.0107934	0.038602
0.0380835	0.0124599	0.0393359
0.0389385	0.0105363	0.039623
0.0303909	0.0106961	0.0382232
0.0145741	0.0156049	0.0360858
0.0240057	0.007971	0.0373049
0.0193287	0.0156748	0.0365843
0.0348665	0.0144318	0.0389707
0.0371373	0.0128469	0.0393705
0.0261152	0.00359495	0.03785
0.027116	0.00478569	0.0379257
0.0326736	0.00536248	0.0386602
0.0422932	0.0105571	0.039925
0.0425179	0.000210511	0.0403716
0.0195119	0.00872489	0.0368317
0.0208641	0.0155712	0.0368416
0.0302314	0.0165082	0.0382408
0.0271571	0.0136626	0.0377915
0.021618	0.00242634	0.0368407
0.030794	0.0080356	0.0384913
0.028061	0.00569841	0.0380529
0.0350233	0.0114857	0.0390269
0.0171614	0.0143518	0.0363702
0.0227714	0.0121449	0.0371546
0.0251311	0.00629912	0.037443
0.022558	0.00208762	0.0373496
0.0303113	0.00808647	0.0383392
0.0330959	0.00583075	0.0386603
0.039126	0.011412	0.0395061
0.0223466	0.00768509	0.0370464
0.0201834	0.00626852	0.0368119
0.0341856	0.00951407	0.0389532
0.0227105	0.0148268	0.0370673
0.0347363	0.00894374	0.0390059
0.0373844	0.00708334	0.0392943
0.0388198	0.0113277	0.0394823
0.0244629	0.0117853	0.0374496
0.0369379	0.0044275	0.0392742
0.0306286	0.010492	0.0383456
0.04176	0.0122031	0.0400783
0.0426832	0.00739001	0.0399323
0.0321918	0.00722638	0.0386837
0.0169166	0.0134097	0.03652
0.0258269	0.0119029	0.0375926
0.0125802	0.00761325	0.0356574
0.0296943	0.00918523	0.0382382
0.0180296	0.00710647	0.036582
0.0414301	0.0124828	0.0397676
0.0423019	0.0123987	0.0401533
0.0382642	0.00984598	0.0393329
0.0421965	0.00803963	0.0399971
0.0125077	0.0165857	0.0356667
0.0339077	0.0126939	0.0388168
0.0250892	0.0165703	0.0375606
0.0325527	0.00647676	0.0387796
0.0133416	0.0126775	0.0357112
0.016994	0.0130012	0.0363787
0.0335438	0.010078	0.0387648
0.0427601	0.0121346	0.0399968
0.032796	0.0151818	0.038706
0.0288151	0.00735244	0.0382066
0.0308452	0.00927176	0.0384544
0.0306053	0.0140424	0.0383688
0.0300635	0.00598378	0.0382915
0.0387428	0.00460333	0.039603
0.0119298	0.000524989	0.0354911
0.0499408	0.0121532	0.0413108
0.0298819	0.00566127	0.0384182
0.0372901	0.0102294	0.0394181
0.0325749	0.0129623	0.038642
0.0271171	0.0152535	0.0377343
0.0353015	0.0115325	0.0390973
0.0439236	0.00411989	0.0403567
0.0199329	0.0162166	0.0368323
0.0468219	0.0137235	0.0406334
0.0297677	0.00416563	0.038134
0.0292175	0.0149337	0.0380372
0.0364268	0.00691912	0.0392511
0.0273018	0.0102017	0.0379756
0.0513617	0.0133933	0.0415588
0.0207803	0.0151109	0.036983
0.0208111	0.00448623	0.0368059
0.0473098	0.00240476	0.0408246
0.0383596	0.0157538	0.0395239
0.01698	0.00880271	0.0365218
0.0397082	0.0108148	0.0397299
0.0225308	0.00827744	0.0370106
0.0281445	0.0111649	0.0379877
0.0531624	0.0134897	0.0415736
0.0284871	0.00682861	0.038164
0.0171031	0.00165418	0.0365221
0.0372624	0.00676127	0.0393894
0.0284646	0.0130237	0.0379829
0.0280984	0.00400677	0.0380732
0.0327199	0.0135572	0.0386558
0.0318654	0.0081718	0.0385702
0.0385578	0.00702153	0.0395088
0.0345663	0.00718888	0.0389802
0.0344376	0.00936118	0.0388332
0.0336061	0.00913931	0.0387528
0.0343552	0.00629341	0.0389518
0.0472973	0.0122136	0.0406621
0.0374708	0.0125888	0.0393437
0.0357433	0.0117352	0.0391169
0.0350582	0.0147083	0.0390305
0.00533218	0.0115648	0.0346301
0.0246166	0.0144884	0.0375159
0.0233938	0.0132189	0.0373411
0.0349912	0.00997824	0.0390259
0.0265755	0.0140293	0.03768
0.0379248	0.00103451	0.0394076
0.0308916	0.0121432	0.0383119
0.0184102	0.0166194	0.0364327
0.0250762	0.0139239	0.0376682
0.040717	0.00480148	0.0399482
0.0369626	0.0116798	0.0393239
0.0241964	0.0137549	0.0375592
0.0215146	0.0110048	0.0370813
0.0202081	0.0126695	0.036734
0.0225684	0.0135531	0.0371547
0.0276989	0.0133744	0.0379703
0.0421307	0.0122082	0.0399089
0.0345368	0.00156361	0.0390018
0.022429	0.00558202	0.0372792
0.0203058	0.00131345	0.036951
0.0309322	0.0170898	0.0384061
0.0286245	0.00746859	0.0381779
0.0144476	0.0131557	0.036251
0.0358727	0.00890271	0.0391089
0.0346909	0.0124206	0.0389323
0.0180967	0.00561233	0.0366852
0.0140444	0.00873362	0.0360784
0.0160143	0.0164889	0.0360663
0.018481	0.015834	0.0366344
0.0502755	0.0161567	0.0413191
0.020236	0.0117061	0.0367957
0.0233065	0.00892796	0.0373733
0.0360045	0.013548	0.0391694
0.0341678	0.00347978	0.0390427
0.0179187	0.0123768	0.0363162
0.0357957	0.0062085	0.0391472
0.00605378	0.0146664	0.0345717
0.0187316	0.00656347	0.0366962
0.0201073	0.00174993	0.0366062
0.0350307	0.0114823	0.0389923
0.0150627	0.0161779	0.0361003
0.053745	0.0123651	0.0415887
0.0167576	0.0155919	0.0363892
0.0205828	0.00642156	0.0370055
0.0281738	0.00341619	0.0378214
0.0221892	0.00653148	0.0372475
0.0125676	0.0152616	0.035469
0.0315545	0.0145847	0.0385051
0.0324108	0.00770237	0.038636
0.00558017	0.0139724	0.034552
0.0418616	0.0131419	0.0399754
0.0220813	0.0100109	0.0372906
0.0355672	0.00444755	0.0391715
0.0220247	0.016881	0.0369942
0.0399585	0.00996912	0.0396625
0.0407758	0.0157149	0.0397761
0.0130464	0.0108058	0.0359088
0.0330335	0.0107872	0.0387045
0.0353681	0.00911083	0.03905
0.0297598	0.0145952	0.0382469
0.0325106	0.0137452	0.0386178
0.0378501	0.0068232	0.0392354
0.0457405	0.0128686	0.0405273
0.0290337	0.0141028	0.038134
0.0195699	0.0153451	0.0366868
0.0294743	0.00795549	0.0382927
0.0287833	0.0056108	0.0382242
0.0410902	0.00407296	0.0399623
0.0334818	0.00119328	0.0385537
0.0347469	0.0121552	0.0389695
0.0324595	0.0186065	0.0386107
0.0292563	0.0168184	0.0381065
0.0213394	0.00783651	0.0371023
0.0388974	0.0148927	0.0394705
0.0312233	0.00646115	0.0383663
0.0367849	0.0126557	0.0392693
0.0345767	0.0144087	0.038895
0.032703	0.0164758	0.0386205
0.0114164	0.0115175	0.0357438
0.0360037	0.00472588	0.0391368
0.0247531	0.00988637	0.0375274
0.0106743	0.00575663	0.0355424
0.0326195	0.0126231	0.0386394
0.0125446	0.0141087	0.0355652
0.0462481	0.000943972	0.0409246
0.032611	0.00574836	0.0387984
0.0427561	0.00806275	0.040141
0.0206274	0.00477715	0.0367805
0.0393293	0.00591165	0.0395332
0.0296629	0.00119102	0.0384212
0.0165619	0.00689353	0.0362913
0.0166633	0.0040867	0.0361742
0.044067	0.0143413	0.040232
0.0181756	0.00830043	0.0363251
0.0289511	0.016651	0.0380465
0.0377009	0.0117055	0.0394012
0.0325552	0.00663075	0.0387259
0.0238641	0.0143602	0.0374138
0.0157332	0.0116702	0.036351
0.0236991	0.0150572	0.0373838
0.0387852	0.00763774	0.039616
0.0212676	0.0148415	0.0371633
0.0336687	0.00308366	0.0388586
0.0299576	0.0135071	0.0381935
0.00935024	0.0122466	0.0352362
0.0341965	0.00703549	0.0389515
0.0347385	0.00544491	0.0390105
0.036499	0.00782583	0.0392634
0.0223011	0.0153622	0.0370428
0.0222882	0.0117143	0.0370983
0.0224593	0.00857774	0.0372238
0.0379481	0.00750134	0.0394361
0.00546724	0.0111436	0.0349077
0.0324191	0.00853365	0.0387266
0.0269105	0.0107867	0.0378015
0.0320563	0.0103397	0.038599
0.0424387	0.00465775	0.0400901
0.0351826	0.0108135	0.0390829
0.0395879	0.00627361	0.0396817
0.0378667	0.0046337	0.0394926
0.0205056	0.0119658	0.0368261
0.0352136	0.00875318	0.0390001
0.0387368	0.0104386	0.0394748
0.0374653	0.00152901	0.0393422
0.0272517	0.00715518	0.0377413
0.0134216	0.00453885	0.0355659
0.0407491	0.00767862	0.0398202
0.0539951	0.014722	0.041658
0.0157878	0.00662338	0.0360692
0.0314314	0.00721388	0.0385858
0.0190882	0.0151865	0.036726
0.0303555	0.00947755	0.0384053
0.0317086	0.00315285	0.0384894
0.0327865	0.00664343	0.0386499
0.0173243	0.00459658	0.0364776
0.0266182	0.0166257	0.0377586
0.0400839	0.0164366	0.0396872
0.0280782	0.0112302	0.0380125
0.0443181	0.0124856	0.0404218
0.0304043	0.0119729	0.0383389
0.0353995	0.00478461	0.0392101
0.0247226	0.0137631	0.0374875
0.0452892	0.0076304	0.0406462
0.0247215	0.0159217	0.0373455
0.0509276	0.0151903	0.041293
0.0397499	0.005911	0.0396795
0.037899	0.000219908	0.0397866
0.0211163	0.00417517	0.0368541
0.0221118	0.0102847	0.0371604
0.0319864	0.00520382	0.0386731
0.046462	0.00868787	0.0407288
0.040472	0.0116187	0.0398117
0.014136	0.00544724	0.0357897
0.0206456	0.0118422	0.0369355
0.0379524	0.0119693	0.0393466
0.0277663	0.0115336	0.0378452
0.0217622	0.0130343	0.0371081
0.029024	0.00483082	0.0381465
0.0216656	0.0145957	0.0371007
0.0265103	0.0162076	0.0375898
0.0216022	0.0147227	0.0370245
0.0063485	0.0168001	0.0344991
0.0228225	0.00548286	0.037272
0.0390315	0.0168512	0.0395369
0.0174952	0.0100821	0.036359
0.0390691	0.00934151	0.0396232
0.0390323	0.0161852	0.039481
0.031291	0.00867034	0.0384008
0.0207429	0.00235817	0.0370371
0.0382093	0.00755241	0.0396002
0.0261676	0.0164636	0.0376934
0.0257398	0.00461257	0.037498
0.0341019	0.00842797	0.0389312
0.0458828	0.0119152	0.0407038
0.0386405	0.00491733	0.0395366
0.0319934	0.0124406	0.0385127
0.013233	0.0117223	0.0359029
0.00412818	0.00796299	0.0343769
0.0333672	0.0103485	0.0387931
0.0379264	0.0113846	0.039442
0.037617	0.0160325	0.0393467
0.0255224	0.0122974	0.0375645
0.0300276	0.0108495	0.0383556
0.0431593	0.00909835	0.0402216
0.036816	0.00198982	0.0394895
0.0385113	0.00976203	0.0395975
0.0308334	0.00683474	0.038474
0.044281	0.00327168	0.0403177
0.0367178	0.0146187	0.0392045
0.0371163	0.0116775	0.0393138
0.0333235	0.00426169	0.0385453
0.0463641	0.00886465	0.0406562
0.0295682	0.00336491	0.038439
0.0252851	0.0140322	0.0374186
0.0343465	0.0113429	0.03889
0.030792	0.00510838	0.0383364
0.019688	0.00880611	0.0366839
0.0318468	0.0129401	0.0384361
0.0288352	0.0147911	0.0381134
0.0401498	0.0092392	0.0396965
0.0406012	0.00558344	0.0398335
0.0198758	0.00817017	0.03683
0.035898	0.00396008	0.0390778
0.0105019	0.0144579	0.0355128
0.0400453	0.0121322	0.0396872
0.0258096	0.0156877	0.037633
0.0400705	0.00492536	0.0395291
0.0316243	0.0108432	0.0385582
0.0206623	0.0141841	0.0369593
0.0343208	0.0089172	0.0389796
0.0330896	0.00798431	0.0387859
0.0121343	0.0148392	0.0357014
0.0387696	0.00928511	0.0395846
0.0207921	0.00505992	0.0370283
0.0507498	0.0101956	0.041353
0.0471014	0.0102963	0.0405895
0.0364435	0.00565445	0.0393773
0.0310806	0.00399021	0.0386473
0.0359333	0.00954557	0.0389945
0.0279922	0.0101815	0.0379969
0.0215148	0.0161931	0.0368526
0.0337588	0.00565741	0.0388734
0.0364288	0.0164013	0.0391863
0.0350288	0.0118822	0.0389821
0.0235959	0.0145956	0.0373604
0.0086012	0.00549418	0.0349549
0.0315858	0.0134742	0.0384821
0.0299017	0.00643002	0.0383499
0.037371	0.0119041	0.0392596
0.0456016	0.00996863	0.0404542
0.00899324	0.00854464	0.0353503
0.030134	0.00802274	0.038281
0.0344886	0.0170048	0.0388852
0.0360916	0.00792898	0.0392904
0.0212379	0.00797514	0.0370625
0.0333376	0.0154708	0.0386936
0.0267175	0.00944966	0.0378316
0.0303948	0.0055676	0.0384364
0.0368103	0.00997751	0.0391273
0.0354787	0.0131146	0.0391287
0.0371134	0.0118384	0.0393628
0.00131532	0.00881703	0.0341934
0.0423881	0.00565823	0.0401203
0.0281433	0.00927298	0.0378906
0.0305135	0.0155627	0.0384382
0.0398338	0.0159355	0.0396567
0.0314031	0.0117975	0.0383769
0.0279847	0.0145931	0.0379402
0.0299412	0.00933776	0.0382464
0.00839488	0.0142839	0.0352487
0.000508092	0.00630152	0.0344005
0.0316435	0.00881989	0.0385893
0.0463728	0.00880716	0.0407065
0.0213425	0.0114856	0.0368356
0.0539183	0.0026868	0.041877
0.0225316	0.0164081	0.0373273
0.0365965	0.0152366	0.0392215
0.0295038	0.0081251	0.0381468
0.0299834	0.0112581	0.0382903
0.0395355	0.0133485	0.0396462
0.0291355	0.0067789	0.0382506
0.0300163	0.00513009	0.0383575
0.0224597	0.00913033	0.0370243
0.0368002	0.0149828	0.0392195
0.0379185	0.0103321	0.0393519
0.0194825	0.00719038	0.0367834
0.0487593	7.69097e-05	0.0413159
0.0377342	0.0130954	0.039303
0.0390952	0.00969633	0.039618
0.048133	0.0150683	0.0408696
0.0260407	0.00825899	0.0377214
0.0359497	0.00848859	0.0390967
0.0412693	0.00806352	0.0399668
0.0274644	0.0108451	0.0378845
0.0376609	0.00631101	0.0392039
0.0102355	0.00793313	0.0352409
0.0377971	0.00336046	0.0391743
0.0327127	0.010092	0.038706
0.0482095	0.0079963	0.040927
0.0335732	0.0105846	0.0387539
0.0336024	0.00835979	0.0388972
0.0121601	0.0151613	0.0357795
0.0306474	0.0154411	0.0384235
