0.0388339	0.00967549	0.0369366
0.0230759	0.00564285	0.0384967
0.0363342	0.0135815	0.0371197
0.0217936	0.00453951	0.038458
0.0266435	0.00849906	0.0380183
0.0405869	0.00624621	0.0367967
0.0261832	0.00360156	0.0377856
0.0260587	0.0166544	0.0378381
0.0305186	0.0157432	0.0375324
0.0395818	0.0129818	0.0366056
0.0284842	0.014234	0.0378406
0.0425062	0.0103176	0.0365134
0.0255801	0.0112766	0.0381643
0.0281049	0.013029	0.0377058
0.0147097	0.0067806	0.0392999
0.0293569	0.00738604	0.037729
0.03191	0.0106736	0.0373549
0.041418	0.0116711	0.0364648
0.0338217	0.00824033	0.0372859
0.0332529	0.0143941	0.0373447
0.00983842	0.0121872	0.0396026
0.0269252	0.00553488	0.0379163
0.036727	0.00386804	0.0370682
0.0399114	0.00742012	0.0365989
0.0358083	0.016366	0.0368383
0.0428168	0.0132328	0.0362402
0.0244328	0.0148261	0.0382068
0.0213607	0.00924615	0.0384826
0.0364698	0.0161036	0.0370346
0.0233385	0.016271	0.0383444
0.0334699	0.00385632	0.0372755
0.0131818	0.01218	0.0394977
0.0170249	0.0159129	0.038643
0.0294436	0.00891306	0.0377935
0.0344888	0.013161	0.0372173
0.0385771	0.00241916	0.036862
0.0385494	0.016293	0.0369412
0.0422057	0.00315421	0.0366354
0.0463014	0.00976628	0.0361798
0.0329332	0.00947197	0.0373101
3.89796e-05	0.0169974	0.0407626
0.0378954	0.00912902	0.0368796
0.0395716	0.00664194	0.0367913
0.0330116	0.0149976	0.0371874
0.0225777	0.00316849	0.0384133
0.035463	0.0114517	0.0371034
0.0436666	0.0168325	0.0363458
0.0323071	0.00283618	0.0375941
0.035027	0.0108992	0.0371769
0.0368565	0.0145089	0.0369959
0.0286471	0.00396501	0.0377102
0.00588256	0.00438065	0.0397572
0.029579	0.00738683	0.037693
0.0318353	0.0128014	0.0373706
0.0243523	0.00970691	0.03829
0.0400312	0.0111678	0.0366786
0.018517	0.0154939	0.0388369
0.0287481	0.00637817	0.0377127
0.0174717	0.0123329	0.0388164
0.0373472	0.00725568	0.0369532
0.0297379	0.0118884	0.037783
0.0472753	0.00583712	0.0358128
0.033263	0.0118925	0.0374255
0.0234497	0.00298365	0.038392
0.0372504	0.0167198	0.0369249
0.0249204	0.00995283	0.0380271
0.024285	0.0166548	0.038426
0.0330842	0.00840424	0.0373901
0.0294174	0.00641899	0.0377053
0.0255941	0.0137896	0.0380795
0.0357241	0.013535	0.0371124
0.0280561	0.00475553	0.0378795
0.0384778	0.00872388	0.036715
0.0157855	0.0131796	0.0390712
0.0370865	0.00943408	0.0369155
0.0253403	0.00771952	0.0382147
0.0375739	0.0119833	0.036957
0.0121135	0.0155479	0.0395271
0.0352404	0.00812457	0.0372374
0.031328	0.00609745	0.0377306
0.0363414	0.0105297	0.0369914
0.0317113	0.0112261	0.0374924
0.0376221	0.0126168	0.0370136
0.0348336	0.00904264	0.0371578
0.0396123	0.011802	0.036794
0.0436198	0.0075013	0.036298
0.0369741	0.0108004	0.0369763
0.0259117	0.0109454	0.0379717
0.0176148	0.0102486	0.0388458
0.0314487	0.00760247	0.0373397
0.035057	0.0040884	0.0370753
0.0229259	0.00404032	0.0382789
0.0312457	0.00731933	0.0374925
0.0256445	0.00182842	0.0383534
0.0318894	0.0118972	0.0375166
0.0258424	0.0118085	0.0381386
0.0235747	0.0140532	0.0383568
0.0322682	0.0151779	0.0372218
0.0233309	0.00857291	0.0384808
0.0210246	0.0157369	0.0385639
0.0436532	0.0104978	0.0361493
0.0264294	0.00353561	0.0382487
0.0126925	0.0143939	0.0396947
0.0462334	0.00112958	0.0362626
0.0198619	0.00102351	0.0383728
0.0357649	0.0128506	0.0370854
0.0478426	0.0189871	0.0358943
0.0411551	0.0111932	0.0363897
0.0318348	0.0130836	0.0374001
0.0303585	0.00279791	0.0376716
0.0277247	0.00557174	0.0378935
0.0403855	0.0110621	0.0364229
0.0390208	0.0147781	0.0370049
0.0400161	0.00767506	0.0367953
0.024319	0.0146491	0.0383826
0.0447698	0.0126153	0.0362352
0.0322978	0.0154172	0.0376512
0.0347102	0.0107846	0.0373262
0.0270659	0.00325736	0.0378448
0.0100037	0.0148349	0.039768
0.029403	0.00991463	0.0377523
0.030277	0.00254935	0.0376014
0.0230091	0.00919203	0.0384953
0.0280849	0.00894754	0.0378914
0.0195397	0.0159264	0.0387565
0.0239941	0.00917137	0.0381958
0.00614205	0.00978742	0.0399107
0.0163529	0.0147916	0.0389435
0.0382599	0.00630191	0.0367953
0.0250233	0.0162559	0.0383217
0.0360095	0.0159973	0.0368347
0.0392774	0.00389259	0.0366672
0.0204991	0.0123591	0.0384962
0.0476359	0.0114757	0.0360351
0.0324921	0.0149087	0.0375042
0.0438167	0.0139804	0.0364287
0.0459637	0.0118766	0.0362196
0.0256796	0.00991232	0.0380923
0.0261573	0.00673986	0.0380184
0.0372296	0.00680511	0.0371293
0.0417099	0.00901325	0.0366587
0.0202036	0.013644	0.0388149
0.0302645	0.000316528	0.0375695
0.0283359	0.0131133	0.0379792
0.0278452	0.0121969	0.0379417
0.0326404	0.00385989	0.037474
0.0370638	0.0143886	0.0370506
0.039001	0.0100969	0.0369161
0.0403239	0.00823781	0.0366454
0.00552405	0.00863897	0.0400426
0.0302246	0.0158568	0.0376252
0.0435034	0.0144739	0.0364144
0.0173096	0.00448497	0.0391589
0.0213165	0.00757684	0.0386545
0.0224067	0.0157151	0.0385555
0.03504	0.000238171	0.0370508
0.0433011	0.011537	0.0365032
0.0249164	0.0123422	0.0382724
0.0433793	0.00707328	0.036168
0.0137779	0.0169636	0.0392715
0.0343263	0.00699977	0.0372169
0.0319605	0.0114809	0.0375595
0.0142379	0.0078346	0.0392475
0.0269757	0.0158969	0.0379123
0.0398763	0.00640096	0.0366966
0.0325546	0.0105295	0.0374775
0.0442477	0.0150053	0.036382
0.0404005	0.00886649	0.0366029
0.0383495	0.0139855	0.0369893
0.0290268	0.0120317	0.0377883
0.0321158	0.0124698	0.0375873
0.0355759	0.0125998	0.0372012
0.0108802	0.0128665	0.0395773
0.0452868	0.012699	0.0360528
0.0400446	0.0165707	0.0367473
0.0324944	0.0118709	0.0375767
0.0257162	0.0124822	0.038104
0.0245136	0.0138274	0.0382495
0.0227691	0.0132187	0.0384522
0.0409705	0.0098603	0.0366463
0.0434754	0.0134681	0.0364325
0.0206103	0.0132982	0.0386864
0.021423	0.0170481	0.0384985
0.0204551	0.0144485	0.0386581
0.00735893	0.0169597	0.0400807
0.0303466	0.0141692	0.0374514
0.0266818	0.012961	0.0381282
0.0328802	0.00900089	0.0374013
0.0309979	0.00819926	0.0374641
0.000212232	0.0112377	0.0409947
0.0394162	0.000754786	0.0367012
0.0400289	0.00462513	0.0365422
0.0472815	0.0134548	0.0360859
0.0160557	0.00825643	0.0390533
0.0266412	0.00949781	0.0380981
0.030467	0.0107235	0.0376951
0.022552	0.00185373	0.0386058
0.0278071	0.0141648	0.0379512
0.0296058	0.0113202	0.0375815
0.0208324	0.0127564	0.0385662
0.0163205	0.00887263	0.0389811
0.0241411	0.0123338	0.0383903
0.0292554	0.0129233	0.0378979
0.0213471	0.00694896	0.038326
0.0246942	0.00989932	0.0383598
0.0215366	0.00269122	0.0386002
0.0332642	0.017073	0.0374232
0.0393356	0.00535388	0.0369312
0.0285635	0.00530639	0.037752
0.035464	0.00749539	0.0371531
0.0387947	0.00974632	0.0369388
0.02941	0.0132677	0.0376873
0.0307757	0.00286799	0.0375752
0.0263321	0.00704469	0.037925
0.0419204	0.0146571	0.0363109
0.0237349	0.0113573	0.0381661
0.026457	0.00395212	0.037775
0.0431671	0.0132465	0.0362022
0.0288408	0.00811828	0.0377834
0.0152194	0.00742401	0.0393951
0.033408	0.0128545	0.0374188
0.0218748	0.0168102	0.0385131
0.0232977	0.0101443	0.0382944
0.026022	0.0131381	0.0380393
0.0184167	0.00407524	0.0388463
0.0462506	0.00883269	0.0361046
0.0396061	0.00638581	0.0367696
0.0206851	0.00920313	0.0385172
0.000659811	0.0143323	0.040736
0.019832	0.0138092	0.0385401
0.0409108	0.00687099	0.036696
0.0271502	0.0121028	0.0379937
0.0236933	0.00998825	0.0383123
0.0277704	0.0112231	0.0379838
0.0332945	0.00272668	0.0372779
0.0391716	0.0115192	0.036735
0.0419781	0.01694	0.03644
0.0251013	0.0118285	0.0380458
0.0341185	0.0131677	0.0370811
0.0312241	0.0168812	0.0375357
0.0150688	0.00563027	0.0393727
0.0313267	0.00816355	0.0375447
0.0194259	0.0105208	0.0384931
0.0216519	0.00275793	0.0383575
0.0281275	0.00417701	0.0379243
0.0279668	0.0160986	0.0378916
0.0277667	0.00864845	0.0378232
0.0400306	0.000574953	0.0367278
0.0399194	0.0118445	0.0365746
0.0424843	0.0165143	0.0363547
0.0489009	0.0137497	0.0357393
0.0274139	0.0134308	0.037938
0.0233146	0.00322801	0.038372
0.0314253	0.0144997	0.0376439
0.0291482	0.0107354	0.0376375
0.0330697	0.00690655	0.0373846
0.0263632	0.0111648	0.0379095
0.0313052	0.00581423	0.0375247
0.0381558	0.0118694	0.03703
0.0377797	0.00859512	0.036785
0.0397454	0.0131337	0.0365193
0.0291402	0.0129399	0.0378812
0.0338917	0.00528643	0.0372312
0.0223989	0.0145552	0.0386425
0.0315482	0.0122201	0.0373559
0.030124	0.0177765	0.0374323
0.0277086	0.0122385	0.0377606
0.0454422	0.00572154	0.0361172
0.0285959	0.00952512	0.0377906
0.0178711	0.0038267	0.0391085
0.0338563	0.00840992	0.0373061
0.0195109	0.00388315	0.0389042
0.0117019	0.00887513	0.0394902
0.0294592	0.0143633	0.0376634
0.0410914	0.00891523	0.036722
0.00885416	0.00896288	0.0394399
0.0190304	0.0136441	0.0386734
0.0244708	0.000277417	0.0383331
0.027012	0.00431846	0.0379837
0.0192245	0.00328178	0.0387729
0.0245557	0.0088974	0.0382905
0.041351	0.00298341	0.0364637
0.0286309	0.0137677	0.037794
0.0412018	0.0151025	0.0362848
0.0291768	0.000767584	0.0378492
0.0212017	0.00685691	0.0383708
0.0420455	0.0156706	0.0364465
0.041369	0.00566724	0.0364259
0.0342337	0.0102844	0.0372164
0.0323291	0.00300557	0.0374161
0.0307528	0.0101753	0.037472
0.0311824	0.010557	0.037436
0.0304337	0.0157963	0.0374612
0.0453935	0.00406451	0.0359197
0.0151211	0.0072765	0.039261
0.0399403	0.00493285	0.0366986
0.026406	0.00428856	0.0382446
0.0295892	0.00993968	0.037604
0.0373416	0.0127948	0.037068
0.0171139	0.007909	0.0389662
0.0375872	0.000710948	0.03701
0.0297402	0.0137614	0.0377896
0.0284968	0.0118571	0.0378731
0.0361919	0.0140039	0.0369422
0.0367795	0.0142957	0.0369696
0.0295866	0.0164105	0.0377
0.0164777	0.016358	0.038836
0.0501118	0.0121194	0.0357989
0.00439515	0.00902849	0.0401612
0.0414914	0.0128314	0.0366459
0.0328131	0.0105335	0.0374522
0.0531187	0.00780429	0.0352956
0.0418715	0.0130644	0.0364309
0.0210723	0.00874843	0.0386631
0.0310231	0.013247	0.0376877
0.0207377	0.0122305	0.0386239
0.0269729	0.0105814	0.0381232
0.0354125	0.0139955	0.0371388
0.027514	0.00491143	0.0379784
0.0223752	0.00441548	0.0383041
0.0371663	0.00943117	0.0370156
0.0309717	0.00990213	0.0376429
0.0306745	0.00992379	0.0376428
0.0122323	0.00872035	0.0393294
0.0171792	0.0154219	0.0390817
0.0164613	0.0114887	0.0391223
0.0239588	0.00592641	0.0382727
0.0296049	0.00981363	0.0375804
0.030324	0.0112747	0.0377723
0.0371952	0.0147705	0.0367283
0.0262858	0.00340493	0.0379816
0.0370304	0.0171573	0.0368661
0.0222898	0.00580333	0.038453
0.0218136	0.00929845	0.0385753
0.0234426	0.00602385	0.0383336
0.0334579	0.00467378	0.0372064
0.0500579	0.0111369	0.0353903
0.01561	0.0137213	0.0390264
0.0386076	0.0216438	0.0369989
0.0332735	0.0115455	0.0373464
0.0398778	0.00751202	0.0365574
0.0316838	0.0107291	0.0374985
0.0350217	0.0157774	0.0372758
0.0367893	0.0168992	0.0370922
0.0165524	0.0128551	0.0391062
0.038467	0.0157679	0.0368024
0.0217763	0.000392669	0.0383971
0.0354041	0.00855206	0.0369727
0.02848	0.00806953	0.0377183
0.0492622	0.0085725	0.0358726
0.0390987	0.00961892	0.0366955
0.0241835	0.0145337	0.0380208
0.0383955	0.0148397	0.0366227
0.0384102	0.00431249	0.0368976
0.0216093	0.00367238	0.038589
0.0150718	0.0129212	0.0390454
0.0409786	0.00723389	0.0366558
0.0268051	0.0156088	0.0381826
0.0260985	0.0128018	0.0380282
0.0366057	0.0116506	0.0369954
0.0249405	0.0112561	0.0379965
0.0350936	0.00904902	0.03701
0.0159402	0.0122469	0.0391193
0.0442013	0.00572692	0.0363524
0.0279428	0.0137915	0.0379942
0.0325422	0.0082269	0.0373675
0.0316734	0.00671257	0.0374754
0.0165213	0.0136365	0.0390411
0.0172378	0.00109701	0.0389439
0.00472848	0.00724243	0.040398
0.0313539	0.00632632	0.0375778
0.0370701	0.0120767	0.0367605
0.0393192	0.0155797	0.0368295
0.0266532	0.00368079	0.0377392
0.0403826	0.0113715	0.0365628
0.0235029	0.0100012	0.0383871
0.0291277	0.013244	0.0377797
0.0318536	0.0158595	0.0375364
0.0443353	0.00258423	0.036175
0.0382237	0.00623173	0.0368733
0.0305648	0.0151951	0.0377001
0.0453017	0.0151657	0.0360685
0.0431749	0.00827261	0.0363623
0.0119174	0.0139014	0.0394781
0.0123676	0.0150049	0.0395298
0.0415999	0.00375695	0.0365826
0.0306181	0.0109358	0.037482
0.0448365	0.0119871	0.0360915
0.0180579	0.0138396	0.0388374
0.0247079	0.0166906	0.0383374
0.0367546	0.00359254	0.0370564
0.0371241	0.0089188	0.0369219
0.0426975	0.00985831	0.036301
0.03529	0.00567477	0.0370297
0.0189765	0.0117682	0.0388132
0.0463272	0.0170415	0.0357844
0.0239154	0.0138056	0.0383159
0.0381963	0.00324496	0.0368742
0.0222597	0.0145912	0.038558
0.014876	0.00499233	0.0394784
0.0268042	0.0150179	0.0377921
0.0248826	0.00999659	0.0382378
0.0311456	0.00435583	0.0375341
0.0337609	0.00483812	0.037288
0.0243918	0.0175094	0.038246
0.0345743	0.00464326	0.0372622
0.0141556	0.0124086	0.0391613
0.027713	0.0057017	0.0379214
0.0249059	0.0131932	0.0382295
0.0263744	0.0102937	0.0380327
0.0394783	0.0113271	0.0366622
0.046001	0.00126494	0.0362569
0.0345608	0.0147561	0.0373161
0.0369383	0.0132712	0.0371056
0.0377119	0.0100425	0.0368982
0.034478	0.0145065	0.0371198
0.0397852	0.0089787	0.0367017
0.0304313	0.00866991	0.0375279
0.0155476	0.0128439	0.0389854
0.0400345	0.0131413	0.0366929
0.0276604	0.0111949	0.0377929
0.0393926	0.00380065	0.0367663
0.0369623	0.00241551	0.0370312
0.033408	0.00768165	0.0373809
0.033595	0.0137839	0.0372579
0.0333378	0.0115951	0.0371905
0.0318124	0.00627988	0.03748
0.0352791	0.0147097	0.0373547
0.0473053	0.0167266	0.035901
0.0328424	0.00497789	0.0374456
0.0127182	0.00634535	0.0395511
0.0334218	0.00784505	0.0372524
0.0188146	0.00593552	0.038781
0.0243406	0.013396	0.0382541
0.0217517	0.0151528	0.0385287
0.0424007	0.016259	0.0362391
0.0278565	0.0107551	0.0379507
0.0425406	0.00343884	0.0365404
0.0350033	0.0117502	0.0372318
0.0250402	0.00752431	0.0382489
0.0117419	0.0121505	0.039502
0.0322295	0.01583	0.0375432
0.0366937	0.0131649	0.0370993
0.033141	0.00514392	0.0372928
0.0325082	0.0162021	0.037279
0.018084	0.012333	0.0387882
0.0206436	0.00537427	0.0386885
0.0347558	0.000905298	0.0370017
0.0305253	0.00578154	0.03755
0.0227716	0.0031716	0.0382751
0.0425719	0.0057125	0.0365423
0.0495266	0.0160769	0.0356793
0.031606	0.0133212	0.0376127
0.0243949	0.0164347	0.0382532
0.0483197	0.00158915	0.0360635
0.0376696	0.00228572	0.0369848
0.0300378	0.00906151	0.037682
0.0352677	0.0143289	0.0369288
0.0118191	0.010752	0.0393924
0.031553	0.0123818	0.037553
0.0363865	0.0148609	0.0370178
0.0179551	0.00983258	0.03904
0.0315481	0.0110352	0.0375934
0.0206342	0.0109848	0.0387185
0.0256235	0.0108609	0.0381204
0.0361273	0.00165577	0.0371238
0.0308154	0.0164856	0.0375991
0.0298543	0.0111893	0.0376856
0.00942857	0.00275192	0.0399704
0.042378	0.0131248	0.0364222
0.0332808	0.0106379	0.0373403
0.036269	0.00147253	0.0372075
0.0256812	0.00781739	0.0380897
0.0231491	0.00323397	0.0383855
0.0201587	0.0053004	0.0384825
0.0203669	0.0109245	0.0385984
0.0370606	0.0098507	0.036938
0.0236139	0.00793774	0.0383884
0.0394627	0.00127179	0.0368421
0.0376199	0.0108512	0.0368345
0.0354717	0.00398059	0.0371732
0.0271316	0.00611941	0.0379263
0.0393083	0.0138456	0.0368812
0.0360462	0.0136401	0.037166
0.0312727	0.00818328	0.0376219
0.00864453	0.00315429	0.039647
0.024322	0.0119048	0.0381119
0.0268207	0.00363032	0.0379527
0.0334849	0.0132175	0.0371462
0.0379343	0.0114454	0.0370144
0.0226597	0.0148787	0.038543
0.0364064	0.0144651	0.0370571
0.0360151	0.01403	0.0368741
0.0336703	0.00574918	0.0371057
0.0248373	0.012354	0.0382007
0.0201946	0.00824107	0.0387217
0.0423912	0.0165063	0.0362273
0.040177	0.0142304	0.0364059
0.0428198	0.00233099	0.0363373
0.0324125	0.00976032	0.0374141
0.0395137	0.0151609	0.0368337
0.0457961	0.00130105	0.0358287
0.0263135	0.0168726	0.0378054
0.0182477	0.0128097	0.0387195
0.0311988	0.00922932	0.0376533
0.0268062	0.0137415	0.0381444
0.0394633	0.0152399	0.0367101
0.0271671	0.0157344	0.0379412
0.0352408	0.012158	0.0371413
0.0387047	0.0113249	0.0368241
0.0403194	0.0109154	0.0366432
0.0154117	0.0131636	0.0389987
0.0240387	0.0117045	0.0383737
0.0355276	0.0126506	0.0370568
0.0458648	0.00945153	0.0360403
0.0238047	0.0146528	0.0381124
0.0173521	0.0169653	0.0389843
0.0362212	0.0122624	0.0370401
0.0309001	0.00731518	0.03748
0.0358946	0.00660641	0.0370564
0.0218127	0.00287444	0.038434
0.0225637	0.0132168	0.0384682
0.0327072	0.00834026	0.0374569
0.0457731	0.0142055	0.0358942
0.029018	0.0145309	0.0379449
0.0451026	0.0042699	0.0359285
0.0278864	0.0124074	0.0379424
0.0290356	0.0150318	0.0378719
0.0338078	0.00425128	0.0373413
0.0357263	0.0095867	0.0372152
0.0200161	0.00579372	0.0386205
0.0280475	0.0147097	0.0378821
0.0374216	0.011897	0.0371086
0.027165	0.0135833	0.0381093
0.0267262	0.0110622	0.038037
0.0292948	0.0153799	0.0375537
0.0344103	0.00629216	0.0371283
0.0273652	0.0055131	0.0380934
0.0380353	0.0127332	0.0368866
0.0368764	0.0133723	0.0369743
0.0387567	0.0112039	0.0367123
0.0176082	0.0116088	0.0388077
0.0235259	0.0149418	0.0384214
0.0397697	0.00905909	0.0366656
0.0286201	0.00250307	0.037528
0.0396866	0.00759965	0.0368267
0.0301195	0.0121777	0.0375137
0.0516233	0.00997926	0.0354375
0.0302156	0.0101791	0.0377538
0.0252939	0.0107633	0.0382289
0.0246876	0.00110017	0.0380269
0.0210566	0.0162048	0.038602
0.0277937	0.00970355	0.0379678
0.0217125	0.0168611	0.038535
0.0236879	0.00710042	0.0382564
0.0338095	0.00714641	0.0372709
0.0169269	0.00989308	0.0389035
0.0168836	0.00225255	0.0389943
0.0423216	0.00388923	0.0362049
0.0398868	0.00956802	0.0366536
0.0334558	0.00983116	0.037372
0.0350738	0.00377925	0.0372213
0.014517	0.0152643	0.0393003
0.0119327	0.00963877	0.0394631
0.0291552	0.013457	0.037591
0.0384157	0.0119102	0.0368015
0.0241279	0.0136279	0.0382186
0.0237723	0.00882495	0.0383076
0.0324786	0.0139779	0.0375034
0.0478944	0.0105321	0.0358786
0.0423397	0.0206796	0.0363645
0.0260379	0.00960212	0.0381535
0.029877	0.0138755	0.0377596
0.0025667	0.0135314	0.0404236
0.0345285	0.0111842	0.0370504
0.0377161	0.0128502	0.0367975
0.0273868	0.016865	0.0379094
0.0320121	0.00572855	0.0375975
0.041246	0.0104647	0.0366561
0.0235893	0.00957222	0.0384367
0.0354585	0.0153787	0.0369057
0.036186	0.0098583	0.0371881
0.0162062	0.00884577	0.0391705
0.0398482	0.0109946	0.036706
0.0120096	0.00565124	0.0395692
0.0292165	0.0121004	0.0377801
0.0317987	0.0070883	0.0373928
0.0449343	0.0087571	0.0363316
0.0214596	0.00444498	0.0385593
0.028508	0.0108027	0.0378617
0.0333178	0.0135025	0.0373356
0.0334622	0.0159889	0.0374267
0.0369857	0.0172165	0.0370851
0.00720507	0.0110322	0.0399051
0.0208535	0.0102131	0.0386857
0.0262558	0.00312828	0.0382701
0.047186	0.0163131	0.035966
0.0377681	0.0158285	0.0366827
0.0371692	0.0104525	0.0369535
0.0409986	0.01176	0.0365985
0.0306198	0.00917377	0.0375221
0.0297227	0.00116351	0.0377988
0.0338576	0.0119567	0.0374
0.0239241	0.0126058	0.038129
0.0341446	0.00683974	0.0372425
0.0231793	0.00761082	0.0384427
0.0374692	0.00747554	0.0369863
0.0389804	0.00644397	0.0366318
0.040238	0.0018251	0.0366181
0.0338765	0.0108101	0.0372757
0.0126466	0.0139776	0.0396485
0.0249011	0.0126707	0.0380258
0.0412755	0.00909107	0.036641
0.0412153	0.0145739	0.036789
0.0238177	0.00700081	0.0383313
0.0437349	0.0143691	0.0363283
0.0269804	0.0149817	0.0380937
0.0221424	0.00963322	0.0383896
0.0240661	0.0142589	0.0381042
0.016605	0.011901	0.0391056
0.0185012	0.0158743	0.0388733
0.0273413	0.0078961	0.0380487
0.0445216	0.00988837	0.0362857
0.00254384	0.00410426	0.0406339
0.0256926	0.00608535	0.0382045
0.025628	0.0142082	0.0381977
0.0169429	0.00801773	0.0390719
0.0270049	0.00845989	0.0378479
0.0378007	0.010033	0.0370319
0.0326313	0.0108248	0.037328
0.0323729	0.00986405	0.0374715
0.02055	0.00728584	0.0387451
0.0246298	0.011891	0.0380799
0.0220751	0.00740802	0.0386362
0.0382382	0.0146052	0.036721
0.0369456	0.0105303	0.0370342
0.0297025	0.013866	0.0377429
0.0329459	0.00400825	0.0372482
0.0340977	0.00449465	0.0373195
0.0435305	0.0108713	0.0365071
0.0298436	0.00379382	0.0376665
0.0175705	0.00271235	0.0389059
0.0325042	0.00246184	0.0375052
0.0393317	0.0103791	0.036757
0.0387284	0.0163866	0.0368184
0.0273237	0.0108226	0.0379108
0.0345473	0.0144038	0.0373441
0.0323455	0.013607	0.0374903
0.0128761	0.00817933	0.0394244
0.0397089	0.0163484	0.036421
0.035852	0.00704796	0.0372286
0.026319	0.007654	0.0380059
0.0161475	0.0165855	0.0390625
0.0258492	0.0173108	0.038112
0.0332644	0.00442599	0.0372749
0.0432646	0.00922421	0.0362074
0.0326762	0.00956094	0.0374088
0.0329738	0.0113116	0.037364
0.0314761	0.0135207	0.0376162
0.0252474	0.0166871	0.0380844
0.0503786	0.0150297	0.0356172
0.0426004	0.0104908	0.0365506
0.0288331	0.0110251	0.0377929
0.0310995	0.0151206	0.0373752
0.0309216	0.0112761	0.0374268
0.0236262	0.0095405	0.0383248
0.00673358	0.00179641	0.0402505
0.0310679	0.00780086	0.0375275
0.0356543	0.00363212	0.0371103
0.0513574	0.0137806	0.0357437
0.0176613	0.0112006	0.0386351
0.0232965	0.0104624	0.0383969
0.0329682	0.0121186	0.0374561
0.0407168	0.0107603	0.0367243
0.0347819	0.00736918	0.0372041
0.0193835	0.0145339	0.0389194
0.0385394	0.00759693	0.0367157
0.0324649	0.0118145	0.037508
0.0308523	0.00523584	0.0377093
0.0426766	0.0139338	0.0361774
0.0111242	0.00714814	0.0394207
0.0434012	0.0123361	0.0365507
0.00900909	0.0175701	0.0397493
0.0279537	0.0212162	0.0379041
0.0339292	0.00845462	0.0373358
0.044011	0.0139146	0.036284
0.0299423	0.0167731	0.0374759
0.037004	0.0105548	0.0370418
0.0258585	0.0137793	0.0379385
0.038858	0.0109411	0.0368788
0.023115	0.00267299	0.0383602
0.0291369	0.0075287	0.0378608
0.023665	0.00785374	0.0384837
0.0414992	0.00757486	0.0363685
0.0365281	0.00967348	0.0369936
0.0262414	0.0132925	0.038084
0.0351358	0.0130335	0.0372377
0.0279261	0.0106113	0.0379415
0.0237042	0.0116727	0.0383429
0.0269649	0.00899014	0.0380607
0.0450221	0.0123133	0.0361152
0.0372344	0.00785799	0.0368394
0.0286173	0.0132895	0.0378083
0.0248658	0.0115104	0.0382591
0.0446169	0.00340305	0.0362217
0.0500049	0.00697142	0.0354989
0.0170946	0.0103264	0.0386956
0.0336597	0.0104482	0.0371762
0.0194548	0.0026892	0.0386589
0.0321788	0.0140032	0.0374479
0.0111854	0.00782357	0.0395807
0.0271067	0.00487653	0.0380667
0.0369018	0.00186283	0.0369916
0.0398331	0.00382627	0.0367183
0.0481904	0.00393261	0.0358212
0.0399993	0.0157447	0.036834
0.0268265	0.0035597	0.0380466
0.0398221	0.0140641	0.0367545
0.0293038	0.013542	0.0378587
0.0446795	0.00751044	0.0363861
0.0491923	0.0164221	0.0357682
0.0185735	0.0117764	0.0388456
0.034595	0.00465828	0.0371518
0.0385171	0.00508226	0.0370153
0.0339752	0.00373103	0.0374863
0.0256102	0.00948891	0.0381748
0.0531943	0.00878021	0.0350778
0.0238054	0.000544568	0.0384275
0.0130932	0.00365337	0.0394252
0.0360067	0.00642224	0.037138
0.0402436	0.0140747	0.0367236
0.0180301	0.0139578	0.038577
0.0192092	0.00406766	0.0387525
0.0357156	0.00756153	0.0370912
0.0255583	0.0141943	0.0381401
0.0248328	0.00505101	0.0380721
0.0380245	0.00982947	0.0369349
0.0386937	0.00568982	0.036841
0.037058	0.0132371	0.0370931
0.0429711	0.00896868	0.0363359
0.0224697	0.0111016	0.0385709
0.0372772	0.0057704	0.0369251
0.0313245	0.00927412	0.0373842
0.0292206	0.0131734	0.0378404
0.0333962	0.00455197	0.0372811
0.0294325	0.0155939	0.0375246
0.0321796	0.0124077	0.0375806
0.0249076	0.000756854	0.0378602
0.0182478	0.00356703	0.0387263
0.0163635	0.0105579	0.0390416
0.0360951	0.00574233	0.0371616
0.0174543	0.0144065	0.0388548
0.0231987	0.014273	0.0383453
0.0214119	0.0136707	0.0385266
0.0281965	0.0032111	0.0378162
0.0281337	0.0106908	0.0377339
0.024877	0.0085543	0.0382579
0.0251622	0.0167541	0.0381218
0.0228009	0.0109938	0.0384297
0.0206154	0.00369362	0.0383535
0.0112859	0.0167079	0.0396064
0.0432654	0.0126088	0.0364284
0.0294366	0.0185376	0.0377119
0.0351629	0.00748547	0.0372921
0.0196163	0.0109802	0.0388438
0.0276079	0.0116161	0.0379395
0.0352249	0.0193059	0.0371536
0.0150603	0.0154417	0.0392676
0.0262837	0.00566746	0.0379435
0.0179065	0.00323222	0.0386026
0.0400189	0.0121063	0.0367904
0.0317381	0.0147623	0.0374908
0.0342009	0.0150259	0.0373849
0.0318768	0.00380385	0.037462
0.0405313	0.00496815	0.036586
0.0278903	0.0169638	0.0376391
0.0248542	0.00460051	0.0380922
0.0340364	0.0163952	0.0373544
0.0337244	0.0047536	0.037503
0.0273235	0.0127404	0.0380643
0.0422706	0.00953889	0.0365992
0.0254079	0.00227562	0.0382074
0.0320188	0.00498328	0.0374573
0.0389429	0.00843796	0.0367837
0.0271877	0.00512961	0.0379777
0.0445895	0.00504597	0.0360434
0.0466641	0.014419	0.0359297
0.0110057	0.0027605	0.0396047
0.0352145	0.0124979	0.0372701
0.0438663	0.00775438	0.0363196
0.024021	0.0134949	0.0383976
0.0243981	0.00837595	0.0381515
0.0444866	0.0101421	0.036263
0.0344455	0.00276815	0.037317
0.0332658	0.0133066	0.0373402
0.0190304	0.00749312	0.0388222
0.0107587	0.00879176	0.0396439
0.0317641	0.00154398	0.0375103
0.0285206	0.0101749	0.0378247
0.0237849	0.00904958	0.0383374
0.0377475	0.0140966	0.0370086
0.0296418	0.00778216	0.0378839
0.0318383	0.0159289	0.0373833
0.013665	0.0108164	0.0389877
0.0122995	0.00160232	0.0398306
0.0351443	0.0102001	0.0371211
0.0285295	0.0155016	0.038009
0.0348094	0.00343433	0.0371867
0.0366099	0.0148581	0.0367807
0.0189149	0.0120631	0.0386596
0.0311613	0.00305906	0.0375119
0.0390236	0.0137229	0.0368778
0.0278048	0.0075371	0.0379894
0.0169815	0.0155389	0.0390982
0.0476685	0.00911782	0.0357338
0.0284019	0.00413407	0.0378418
0.0357073	0.0158953	0.03722
0.0203588	0.00381589	0.0385798
0.0319122	0.0121279	0.0374334
0.0297359	0.0136679	0.0377057
0.0411019	0.0161091	0.0365462
0.0489029	0.0133954	0.035939
0.0363076	0.012338	0.037034
0.0447707	0.0037884	0.0362011
0.03802	0.0172601	0.0371389
0.0315892	0.00855467	0.0375706
0.000885254	0.00791435	0.0406188
0.0286225	0.00384654	0.0377231
0.0374981	0.0147061	0.0369109
0.0277746	0.00994049	0.037968
0.0317063	0.00552008	0.0374457
0.0250429	0.0137005	0.0383102
0.0326932	0.00725262	0.0372855
0.0324174	0.00625428	0.0373996
0.0210449	0.00324382	0.0386464
0.027777	0.0149068	0.0380662
0.032668	0.0120388	0.0374013
0.0252889	0.0152688	0.0382065
0.0268728	0.0123985	0.038045
0.0356211	0.0164023	0.0370752
0.0208835	0.0101468	0.038668
0.00767171	0.0102982	0.0400551
0.0220718	0.00835438	0.0382965
0.0185913	0.0125992	0.0387503
0.0391529	0.0143959	0.036879
0.0414485	0.00321941	0.0366195
0.0184672	0.0162134	0.0387708
0.0402862	0.0107165	0.0366241
0.0068759	0.000627173	0.0397108
0.0400309	0.00368334	0.0366163
0.0280993	0.0086962	0.0378959
0.0302102	0.0152685	0.0377866
0.03749	0.00188592	0.0369985
0.0293202	0.0124704	0.0378702
0.0168953	0.0140607	0.0386729
0.00622811	0.00780432	0.0400963
0.0243506	0.0143694	0.0380684
0.0303792	0.0122048	0.0376775
0.0337332	0.0151097	0.0373007
0.0142543	0.00816588	0.0390399
0.0278962	0.00227948	0.0381148
0.0284849	0.0113321	0.0379155
0.0271532	0.0119359	0.0379592
0.0197744	0.0141033	0.0386372
0.0159845	0.00245742	0.039081
0.0349768	0.0125324	0.0371778
0.032776	0.00838489	0.037407
0.0361295	0.0143017	0.0370052
0.0223437	0.00151028	0.0383377
0.0386718	0.00746139	0.0368083
0.0375557	0.00711526	0.0368828
0.0221013	0.0114374	0.0383648
0.0360564	0.0138458	0.0370472
0.0272207	0.00423755	0.0381297
0.0349862	0.00857424	0.0371876
0.0204219	0.0166832	0.0386634
0.00629157	0.0126059	0.0401852
0.0187893	0.00782109	0.0388003
0.0210907	0.014698	0.0385958
0.0464278	0.0148812	0.0363058
0.0362697	0.0141362	0.0370248
0.0235311	0.0126621	0.0384906
0.0311659	0.00743021	0.0376316
0.0315289	0.00430174	0.0375041
0.0453062	0.00742022	0.0360949
0.0270507	0.00496086	0.037994
0.0344078	0.0100634	0.03727
0.0254507	0.00971301	0.0381164
0.043589	0.0131596	0.036406
0.0212151	0.0123053	0.0387343
0.032113	0.0070613	0.0374922
0.0481775	0.00525027	0.0357945
0.0170535	0.0140723	0.0389881
0.0419055	0.0121934	0.0364188
0.0356605	0.00841186	0.0370848
0.0317079	0.00527495	0.0375818
0.0439106	0.00794566	0.0362636
0.0472796	0.00857527	0.0358327
0.0369242	0.0148079	0.0370038
0.026385	0.00252502	0.0381808
0.0302255	0.0108006	0.0375207
0.0267538	0.00802642	0.0378711
0.0481294	0.00876943	0.0360543
0.00035376	0.0142346	0.0407692
0.0278761	0.0111972	0.0380024
0.0452815	0.0090347	0.0362791
0.0319273	0.0161451	0.0376978
0.036946	0.00421854	0.0368739
0.0236903	0.0110502	0.0384492
0.0396042	0.00954366	0.036867
0.0396131	0.00428691	0.0367285
0.0410531	0.0123075	0.0365917
0.0324505	0.0112194	0.0372657
0.00965676	0.0139379	0.0396905
0.0326868	0.0114689	0.0374798
0.0367835	0.0161518	0.0369734
0.0211183	0.00407475	0.0385677
0.0405213	0.0157275	0.0364445
0.0264856	0.00777763	0.0379877
0.0354587	0.0138667	0.0372426
0.0190576	0.00418847	0.0388435
0.0232472	0.0136852	0.0384211
0.0238758	0.00834042	0.0383596
0.024856	0.0120582	0.0382016
0.0377358	0.0133223	0.0369721
0.0339671	0.00237048	0.0371696
0.0443873	0.00878756	0.0362912
0.0459603	0.0121845	0.0360652
0.0261771	0.00306736	0.0380292
0.0283157	0.0104196	0.0379371
0.0336427	0.0137899	0.0373032
0.0244226	0.00771831	0.0383767
0.0246396	0.0055033	0.0382611
0.0269447	0.0156351	0.0381111
0.0294466	0.0120182	0.0378386
0.0365471	0.0120949	0.0369268
0.0312469	0.00968893	0.0376465
0.0328456	0.00734527	0.0374026
0.0206647	0.0107465	0.0386177
0.036965	0.0144616	0.0370893
0.0366506	0.0117089	0.0369927
0.0275551	0.0112388	0.0379636
0.0271203	0.00314653	0.0378313
0.0383643	0.0126689	0.0369733
0.0252721	0.00868578	0.0380628
0.0246985	0.0160629	0.0384163
0.0451508	0.012093	0.0360592
0.0191074	0.0139909	0.0386533
0.0195638	0.000775338	0.0388341
0.0305775	0.000918731	0.0375314
0.0368344	0.0115604	0.0368323
0.0230678	0.00781329	0.0384044
0.0255696	0.00107763	0.0380294
0.0277493	0.0040255	0.0379891
0.0330818	0.00290774	0.0373959
0.0203083	0.0157332	0.0386307
0.0262598	0.00999171	0.037939
0.0275339	0.00891742	0.0380085
0.0217148	0.00986003	0.0385601
0.044629	0.014451	0.0361602
0.0417968	0.00774361	0.0363967
0.0318136	0.00106527	0.037731
0.0462167	0.00201508	0.0362717
0.0236409	0.0151932	0.0382861
0.0349814	0.0127903	0.0372358
0.0253092	0.0148732	0.0381713
0.0147474	0.015996	0.0390243
0.0419153	0.00839585	0.0364691
0.0180652	0.0102293	0.0388933
0.0360468	0.0114778	0.0369694
0.0402405	0.0142364	0.0367208
0.0285265	0.00905093	0.0379826
0.0258805	0.00719821	0.0379566
0.0162155	0.0126056	0.038941
0.031838	0.0119052	0.0375938
0.0277202	0.00849203	0.037992
0.0282596	0.0155033	0.037997
0.0227898	0.010187	0.0384087
0.0135414	0.0103239	0.0393452
0.02761	0.00875879	0.0377862
0.02278	0.00683784	0.0385746
0.0304998	0.0109248	0.0376196
0.0215612	0.0115847	0.0385857
0.0430036	0.00700024	0.036243
0.0180975	0.015419	0.0385546
0.0243888	0.014859	0.0382564
0.0374204	0.00968913	0.0369411
0.0286158	0.00500214	0.0377257
0.0366765	0.00403391	0.0369316
0.0249111	0.00340079	0.0381957
0.0251059	0.0159839	0.0381417
0.0290401	0.0132038	0.0378076
0.047308	0.00443894	0.0360882
0.0172923	0.014527	0.0387892
0.0255947	0.0105669	0.0380061
0.0288704	0.00628374	0.0378462
0.0254468	0.00985012	0.0382856
0.0282835	0.0130864	0.0379292
0.0235292	0.0133189	0.0383799
0.0266517	0.0155655	0.0381428
0.0351353	0.0134201	0.0373503
0.0444887	0.0130163	0.0362104
0.0373971	0.00262168	0.0367453
0.032529	0.00636908	0.0375426
0.019834	0.0172451	0.0386997
0.0259648	0.0113423	0.0381361
0.0418698	0.0113283	0.0364836
0.046687	0.00951249	0.0361374
0.0302989	0.0121493	0.0375145
0.0317153	0.0136691	0.0375808
0.0256536	0.00745127	0.0381896
0.0168936	0.00139869	0.0388102
0.0382093	0.0152897	0.0370736
0.0248408	0.0125227	0.0381932
0.0183521	0.0120817	0.0388416
0.0323512	0.0144719	0.0375649
0.0250155	0.00452644	0.0381395
0.0326479	0.00586659	0.0373951
0.0285647	0.00699495	0.0379195
0.0127233	0.00471797	0.0396263
0.0427221	0.00173131	0.0362947
0.0156116	0.00444845	0.0390998
0.0101702	0.0139714	0.0397584
0.0350451	0.00947565	0.037222
0.0405117	0.016323	0.0364419
0.0452628	0.0107795	0.036018
0.0358038	0.00633555	0.0371016
0.00798564	0.0097996	0.0397994
0.0458807	0.0114985	0.0362886
0.0455707	0.0028927	0.0358632
0.027335	0.00750527	0.0379979
0.0310463	0.00873	0.0374572
0.0313067	0.0167881	0.0375207
0.0451963	0.0117222	0.036241
0.0187838	0.01321	0.0388419
0.0266144	0.00510751	0.0381101
0.026153	0.0121081	0.0381126
0.0263011	0.00694125	0.0380068
0.0459412	0.0149292	0.0360593
0.0386192	0.00429678	0.0368347
0.049671	0.00883462	0.0355641
0.01836	0.0116947	0.0387039
0.0385826	0.0138052	0.0365977
0.0359344	0.00623421	0.0372636
0.0210811	0.0117608	0.0385906
0.0353599	0.00129939	0.0371184
0.0236405	0.0150067	0.0382648
0.0268676	0.00582843	0.038078
0.0130464	0.0127299	0.039472
0.0394741	0.00949689	0.0367657
0.02695	0.0105041	0.038005
0.0115214	0.0136481	0.0395839
0.0373196	0.0118901	0.0367402
0.0176872	0.0118232	0.0391093
0.0213694	0.0146312	0.0385641
0.0430349	0.00791532	0.0363967
0.0416474	0.000401337	0.0365541
0.0356942	0.00574711	0.0371399
0.0286265	0.0146799	0.037781
0.0378429	0.0151951	0.0366472
0.0507518	0.00870744	0.0357563
0.0360841	0.00691123	0.0372042
0.0195251	0.0132704	0.0387745
0.0449928	0.0065585	0.0363103
0.0177508	0.0150732	0.038878
0.0211585	0.0134687	0.038563
0.0321571	0.00844299	0.0374014
0.0101544	0.010621	0.0396421
0.0331191	0.0061355	0.03728
0.0299796	0.00333307	0.0376472
0.0165637	0.0138123	0.0388773
0.0153048	0.0132177	0.0391843
0.0373625	0.00347054	0.0370393
0.033871	0.000770522	0.0372517
0.0473495	0.00315526	0.0359104
0.0317358	0.0152991	0.0375025
0.0462375	0.0155678	0.0360151
0.0305726	0.00652785	0.037731
0.0351674	0.00573622	0.0371771
0.0228101	0.00181694	0.038403
0.0304098	0.00899915	0.0376867
0.0411992	0.000345196	0.0365266
0.0189434	0.0114834	0.0389225
0.0369958	0.0102892	0.0371248
0.0519049	0.00390662	0.0356486
0.0427248	0.00488464	0.0364212
0.027033	0.00972375	0.0379977
0.0408449	0.00522543	0.0364385
0.0301001	0.000454345	0.037639
0.0385507	0.0102793	0.0368094
0.0315696	0.0097598	0.0375201
0.0411042	0.00290757	0.0365927
0.0217015	0.00530382	0.0385231
0.0322991	0.013103	0.0372544
0.00415518	0.00707175	0.040236
0.0193106	0.00455066	0.0387514
0.0179803	0.0121145	0.0388714
0.0391914	0.013347	0.0366935
0.0358194	0.00985702	0.0370781
0.0231728	0.0116606	0.0383934
0.0323164	0.00937323	0.0374289
0.0289728	0.0112212	0.0377527
0.0351896	0.0169811	0.0371175
0.0181943	0.016944	0.0388522
0.0503085	0.0124809	0.0355839
0.0320531	0.01502	0.0375434
0.0376436	0.0121844	0.0369734
0.0283688	0.0109055	0.0378812
0.00518068	0.0144751	0.0402019
0.00893898	0.00856848	0.0397799
0.00759437	0.00878746	0.0401585
0.0217411	0.00569682	0.0386364
0.0406842	0.0135992	0.0367411
0.0225158	0.00038729	0.038514
0.0247999	0.00841394	0.0381546
0.0322876	0.00637451	0.0375664
0.0468062	0.00101118	0.0357135
0.0314676	0.0100074	0.0375215
0.0233329	0.0169865	0.0383622
0.0404544	0.00574234	0.036611
0.0202898	0.01672	0.038681
0.046112	0.00990058	0.036242
0.0292458	0.012223	0.0378786
0.0284946	0.00313872	0.0378815
0.0228597	0.00375013	0.0383328
0.0257133	0.0068557	0.0381929
0.0341433	0.0140652	0.0373024
0.0108041	0.00842339	0.039387
0.027414	0.00327491	0.0380394
0.0293425	0.00473819	0.0376558
0.0278787	0.0126115	0.03796
0.0132976	0.00983647	0.0394904
0.0491346	0.00430336	0.0359511
0.0452428	0.00925481	0.036039
0.0395505	0.0115705	0.0366353
0.0204854	0.0100435	0.0387104
0.0388656	0.0156417	0.0368654
0.02886	0.0136649	0.0378042
0.0357564	0.00634284	0.0371079
0.0347038	0.00437405	0.0373018
0.0358607	0.00630473	0.0371378
0.0302219	0.0105341	0.0375186
0.0205636	0.0128777	0.0384876
0.0253482	0.0069154	0.0380712
0.0132213	0.0134592	0.0394406
0.0330638	0.0154364	0.0371516
0.0437864	0.00659972	0.0363086
0.0229622	0.00872299	0.0383891
0.0348189	0.00797354	0.0371827
0.0464452	0.00935083	0.0361319
0.0426518	0.0104006	0.0363097
0.026771	0.0096952	0.038051
0.0337515	0.0155022	0.0373516
0.0264499	0.0104563	0.0379148
0.0427157	0.0108396	0.0362834
0.0360831	0.0109493	0.0371053
0.0352967	0.0127215	0.0369701
0.0367533	0.0140557	0.037059
0.0261739	0.016094	0.0382599
0.0255906	0.00977276	0.0381945
0.0235606	0.0127277	0.0382142
0.0537025	0.00653572	0.0354291
0.0211523	0.0122056	0.0385988
0.0441344	0.00979075	0.036403
0.0527533	0.0088178	0.0352644
0.0371013	0.00399178	0.0370469
0.0275211	0.0145431	0.0377427
0.0246235	0.00442821	0.0383155
0.0397464	0.0178197	0.0367214
0.0440139	0.00668262	0.0362849
0.018963	0.0113387	0.0386966
0.0281021	0.00844171	0.0379606
0.0302203	0.011415	0.037685
0.0309285	0.00960398	0.0376236
0.025983	0.00915179	0.0381455
0.0200733	0.00387576	0.0386055
0.0372307	0.0142305	0.036904
0.0220001	0.0166161	0.0384465
0.0242217	0.0127705	0.0381077
0.0169962	0.0146557	0.0388124
0.0166896	0.00577676	0.0390282
0.0421738	0.0112002	0.0366164
0.019529	0.0142104	0.0386619
0.0191071	0.00684056	0.0387809
0.0332994	0.0134633	0.0372698
0.0264937	0.00816543	0.0379011
0.0362751	0.0135123	0.0370536
0.0437228	0.0123562	0.036156
0.0274786	0.00817119	0.0379527
0.0420253	0.0115309	0.03635
0.00713593	0.00245348	0.039757
0.0375712	0.0144451	0.0369335
0.0321391	0.00692659	0.0374139
0.0261688	0.0126678	0.0381477
0.0389109	0.00423842	0.0369845
0.0300013	0.00754112	0.0377832
0.0314873	0.0135932	0.0374443
0.0152161	0.0152152	0.0392283
0.0229103	0.0101586	0.0384568
0.0247206	0.0104647	0.0381588
0.0404006	0.0148024	0.0367732
0.031568	0.0137197	0.0376281
0.0421865	0.0130321	0.0364876
0.0299995	0.0107936	0.0376932
0.0371018	0.0124923	0.0369466
0.0340063	0.0136859	0.0370768
0.046457	0.0119845	0.0357605
0.0144564	0.018558	0.0393637
0.0314579	0.00837253	0.0375639
0.0296916	0.0154394	0.0378664
0.0197403	0.0117192	0.0387264
0.0411057	0.00968791	0.036529
0.0367109	0.00705475	0.0370161
0.0349256	0.0118238	0.0371761
0.0243344	0.00992306	0.0383404
0.0343477	0.00755424	0.0372814
0.0341667	0.0136529	0.0370882
0.0302954	0.0133166	0.0377422
0.0414081	0.0160085	0.0366847
0.0338341	0.0153498	0.0371742
0.0116105	0.0145915	0.0394782
0.0346534	0.00884075	0.0371698
0.0341825	0.011878	0.0373244
0.0480073	0.0119411	0.0360217
0.0211544	0.01106	0.0384774
0.00423614	0.0108215	0.0402621
0.0380047	0.00221633	0.0369458
0.00117728	0.0162686	0.040778
0.0344428	0.0148445	0.0374195
0.0157756	0.0159743	0.0389287
0.0354525	0.0169862	0.0369778
0.0299923	0.0169124	0.0378061
0.032538	0.00964522	0.0375054
0.0295105	0.0169208	0.0376401
0.028914	0.0152679	0.0378437
0.0524337	0.00298279	0.0355491
0.035308	0.00971074	0.0371356
0.0439211	0.00976642	0.0364243
0.0291748	0.0138959	0.0377724
0.0267105	0.0125912	0.038014
0.00481353	0.0147776	0.0401927
0.0403395	0.00725726	0.0366522
0.0293315	0.00443223	0.0377257
0.0309307	0.0123064	0.0375788
0.0175121	0.00833916	0.0390572
0.0276427	0.0141386	0.0377476
0.0390125	0.0096003	0.0369213
0.0418281	0.00998012	0.0363739
0.042405	0.00398125	0.0364039
0.0352013	0.0117079	0.0372348
0.0363669	0.0117781	0.0368434
0.0351246	0.0124903	0.0371492
0.0234535	0.00359051	0.038298
0.0217362	0.0135697	0.0385136
0.0278224	0.0145363	0.0377056
0.0370841	0.00967868	0.0369149
0.0386984	0.012697	0.0366072
0.0244492	0.011254	0.0383678
0.0193528	0.00459724	0.0386312
0.0283103	0.00852009	0.0379403
0.0385232	0.010024	0.0369245
0.0361003	0.00721196	0.0372024
0.0360156	0.00307935	0.0368959
0.0356945	0.00649677	0.0371114
0.0278306	0.000595972	0.0378155
0.0290811	0.00507448	0.0377756
0.0302069	0.0105813	0.037681
0.0417136	0.00892305	0.0364429
0.0377649	0.00876118	0.0368086
0.0380001	0.00334877	0.0366867
0.0445039	0.0123795	0.0362149
0.0178024	0.00577299	0.0389389
0.0403457	0.0103054	0.0365691
0.0216187	0.00768035	0.0385456
0.0175761	0.0105405	0.0388517
0.0150811	0.0116077	0.0393341
0.0351626	0.0114665	0.0372264
0.0199548	0.0161554	0.0387092
0.0395114	0.00451368	0.0367467
0.0372896	0.0134753	0.0370485
0.0295212	0.0149328	0.0378209
0.0180668	0.00639845	0.0389253
0.043218	0.013713	0.0361162
0.0336974	0.0163287	0.0374012
0.0461666	0.00739711	0.0358686
0.0296449	0.00563885	0.0376956
0.0110186	0.00615023	0.0396101
0.0320974	0.00931285	0.0375779
0.0259363	0.0063563	0.0380179
0.0388309	0.0128518	0.0365974
0.0265709	0.00503047	0.0381036
0.034923	0.0147772	0.0372879
0.0410352	0.0111921	0.0364097
0.0211512	0.00138881	0.0385862
0.0309019	0.0104469	0.0376144
0.0505791	0.0169534	0.0357968
0.00104781	0.00402084	0.0407911
0.0211205	0.012543	0.0385632
0.0323132	0.00797217	0.0372595
0.0292788	0.011084	0.037738
0.0343759	0.00413973	0.0371513
0.0290465	0.0140975	0.0379374
0.0320667	0.007338	0.0374807
0.0351123	0.00874553	0.0371756
0.0389126	0.0112537	0.0366165
0.0156861	0.0143755	0.0390915
0.0257545	0.00375341	0.0380311
0.0159021	0.00698593	0.0390727
0.00431877	0.0137409	0.0404824
0.0386643	0.0119242	0.0367971
0.0452661	0.0103245	0.0363235
0.0228151	0.0158993	0.0385724
0.0249884	0.0146455	0.0381653
0.0210887	0.00128462	0.0388638
0.0304465	0.011894	0.0377283
0.0428215	0.000170402	0.0364308
0.0404205	0.00438035	0.0364178
0.0391318	0.00390688	0.0365702
0.0336936	0.0123437	0.0372975
0.0333773	0.0137227	0.0371367
0.0312325	0.00855634	0.0375245
0.0073492	0.00666878	0.039697
0.0369708	0.0021087	0.0367039
0.0267774	0.000504859	0.0379121
0.0139014	0.00813914	0.0393019
0.0370445	0.00477839	0.0368521
0.0221095	0.0165091	0.0385534
0.0429795	0.0158836	0.0360953
0.0324423	0.0131964	0.0372434
0.0282465	0.011387	0.0378458
0.0328329	0.0116106	0.0374757
0.0383367	0.0118493	0.0367585
0.0442039	0.00944863	0.0363531
0.0358933	0.0101078	0.0369494
0.029257	0.0165079	0.0378799
0.0278932	0.0127702	0.0380095
0.0357541	0.00620948	0.0370558
0.0369278	0.0106106	0.0369807
0.0310053	0.0104653	0.0374524
0.0225565	0.00576627	0.0386201
0.030003	0.0107927	0.0376749
0.0431417	0.0158096	0.0364412
0.0360761	0.00802528	0.0369454
0.0324322	0.0148879	0.0374947
0.0311387	0.00796201	0.0376036
0.0303743	0.00324003	0.0376692
0.0232759	0.00217645	0.038279
0.0360387	0.0127177	0.0369969
0.0092818	0.00506521	0.039961
0.0492829	0.0164419	0.0359007
0.0351172	0.016049	0.0370435
0.0242328	0.01378	0.0383868
0.0183506	0.0080125	0.0388592
0.0198567	0.0158726	0.0387184
0.0333432	0.00536135	0.0373614
0.0228961	0.012664	0.0384375
0.0238814	0.0159507	0.0380308
0.0392286	0.0092505	0.0367211
0.035627	0.0082568	0.0370263
0.0221288	0.00632524	0.0385852
0.0424644	0.0123351	0.0365043
0.0228758	0.0134093	0.0384226
0.0271197	0.0119614	0.0379587
0.0284362	0.0107473	0.0379245
0.0421649	0.00369354	0.0362151
0.0283826	0.0134733	0.0378293
0.0282321	0.0168113	0.0379166
0.0310038	0.0131401	0.0376663
0.0201376	0.0186502	0.0386839
0.0352693	0.0140504	0.0369447
0.0385518	0.0101265	0.0366837
0.0354902	0.00321809	0.0371241
0.0288988	0.00580291	0.0377123
0.0329475	0.0145274	0.0373065
0.0334183	0.00913714	0.0371775
0.0328757	0.0154404	0.0374228
0.0501845	0.00967092	0.0354965
0.0174742	0.0117646	0.0390143
0.0409587	0.00238422	0.0367606
0.0344652	0.00557163	0.0370081
0.00775835	0.00993562	0.0398511
0.0438402	0.00865689	0.0364431
0.0128642	0.0149144	0.0392437
0.0404169	0.0123481	0.0366535
0.0227462	0.0135248	0.0383181
0.0369064	0.00981112	0.0369907
0.0211069	0.00771101	0.0385071
0.0342236	0.0103003	0.0371277
0.0209417	0.00883618	0.0386126
0.0366209	0.00257566	0.0370715
0.0258365	0.00501497	0.0378472
0.0216598	0.0137815	0.0385732
0.0288475	0.0109101	0.0377895
0.0371186	0.00434706	0.03703
0.00988327	0.0146928	0.039653
0.050761	0.0116961	0.0355232
0.0245567	0.0130137	0.0382776
0.0279954	0.0129634	0.0378462
0.0342329	0.0146378	0.037027
0.0456885	0.0116455	0.036208
0.0130352	0.00625863	0.0396611
0.0400199	0.0145276	0.0366364
0.0344446	0.0143821	0.0372868
0.0190999	0.00461889	0.0388128
0.0328327	0.0136222	0.0375019
0.0231137	0.0109759	0.038458
0.0357456	0.0019983	0.0369867
0.0291757	0.00464835	0.0376978
0.0428665	0.010303	0.0363843
0.0277784	0.00333207	0.037885
0.0288824	0.0130687	0.0377767
0.009782	0.00970272	0.0396583
0.0463148	0.0132994	0.035823
0.0441379	0.00518076	0.0362159
0.0191723	0.0105009	0.0387828
0.0296049	0.00771684	0.0377508
0.028379	0.0149384	0.0377873
0.0246067	0.0046547	0.0382401
0.0315464	0.00991949	0.0376685
0.017434	0.0132889	0.0388133
0.0204793	0.0137332	0.0387456
0.0254168	0.0165012	0.0381892
0.0224453	0.0132512	0.0384542
0.015544	0.0104512	0.0391194
0.0220263	0.0178644	0.0386617
0.0322523	0.00770055	0.0373922
0.0303519	0.0139794	0.0377089
0.0186546	0.005372	0.0387381
0.0272193	0.0126889	0.0379801
0.0283576	0.015078	0.0380098
0.0352971	0.00555691	0.0370499
0.031582	0.00993589	0.0375357
0.0267761	0.0134215	0.0380495
0.0206382	0.00967047	0.0384532
0.037494	0.00519695	0.0369745
0.036537	0.00556068	0.0368952
0.041803	0.00878377	0.036657
0.0340364	0.00872922	0.037255
0.0211108	0.0154871	0.0385677
0.0202449	0.00791389	0.0387712
0.0371578	0.0107673	0.037031
0.0374105	0.0162367	0.0367063
0.0297304	0.00859918	0.0378664
0.0132527	0.0152386	0.0393367
0.0211052	0.012804	0.0387006
0.0266122	0.0144068	0.0379555
0.0320827	0.0156026	0.037455
0.0386001	0.00628288	0.0367052
0.0491871	0.00792338	0.0355977
0.0171708	0.0127775	0.0389908
0.0183578	0.0136148	0.0388046
0.031578	0.00876954	0.0375056
0.0184931	0.0118991	0.0389766
0.0340454	0.00907435	0.0372239
0.0240723	0.0116049	0.0384051
0.0325178	0.0155329	0.0372759
0.0124699	0.0142005	0.0393874
0.0296943	0.0136698	0.0378698
0.0408319	0.0127908	0.0367127
0.0422374	0.0128715	0.0363851
0.0191956	0.0157232	0.038457
0.0248252	0.00395243	0.0383986
0.0400915	0.0170261	0.0367788
0.00778099	0.00602567	0.0397697
0.0334953	0.00778414	0.0372063
0.0346946	0.00560255	0.0372165
0.0288585	0.0111387	0.0376565
0.0268368	0.00622221	0.0379214
0.0452737	0.0109262	0.0359708
0.0283186	0.00857869	0.037743
0.00940221	0.00586667	0.0397399
0.013129	0.00365237	0.0392708
0.043934	0.000887701	0.0362207
0.0471149	0.010977	0.0361464
0.022038	0.0103472	0.0383917
0.0273139	0.0106208	0.0377961
0.0407138	0.0168076	0.036622
0.0372453	0.0157545	0.0371719
0.0119216	0.0135048	0.0397622
0.0207245	0.00939864	0.0386439
0.0455219	0.00250272	0.0361093
0.00990204	0.00826344	0.0398498
0.0248382	0.00965482	0.0382657
0.0329944	0.00893386	0.0374585
0.032578	0.00433863	0.0373372
0.0359412	0.012946	0.0371345
0.028168	0.00864218	0.0378808
0.0362457	0.00982725	0.0371895
0.00631447	0.0147519	0.0399163
0.0450991	0.0128056	0.0362486
0.0263863	0.00274473	0.03801
0.0419129	0.00113091	0.0362228
0.0322842	0.0143956	0.037359
0.0298186	0.01071	0.0377242
0.0250349	0.0146154	0.0380112
0.050103	0.0107979	0.0354705
0.0284255	0.00545303	0.0378592
0.025128	0.0130093	0.0381999
0.0311911	0.0104549	0.0374141
0.034781	0.00934381	0.0371699
0.0311444	0.00365033	0.0375268
0.0144582	0.0109915	0.0393457
0.0420004	0.00344111	0.0363464
0.050024	0.00828253	0.0358243
0.0195331	0.00631965	0.0387382
0.0171616	0.0141107	0.0391602
0.042272	0.00169511	0.0362885
0.0167261	0.0098107	0.0390357
0.0325052	0.0162654	0.0372056
0.0443346	0.013443	0.0360693
0.0118517	0.015523	0.0395842
0.0321407	0.00541585	0.0375136
0.0299577	0.0161078	0.0375865
0.0242744	0.0071238	0.0381998
0.0292755	0.0138765	0.0378321
0.0341073	0.00646615	0.0372484
0.0398042	0.00954077	0.0365502
0.0334382	0.00387815	0.0373225
0.034454	0.00839759	0.0372196
0.0418173	0.0139156	0.0364417
0.0268894	0.0161064	0.0379161
0.0348669	0.00705322	0.037185
0.0204913	0.00969416	0.0386269
0.0224898	0.0149775	0.0384087
0.0356466	0.0136126	0.0373058
0.0377399	0.0169426	0.0370163
0.0178974	0.000107527	0.0387284
0.0229336	0.00215135	0.0383278
0.0242589	0.011549	0.0382381
0.0391902	0.015243	0.0368235
0.0190919	0.0081475	0.038872
0.0352537	0.0062254	0.0371669
0.0324916	0.0058271	0.037472
0.0273928	0.0105467	0.0378062
0.025042	0.0148724	0.0383595
0.0276821	0.0160251	0.0378808
0.0171828	0.00982819	0.0390656
0.0306346	0.0151612	0.0377031
0.0206032	0.00475058	0.0386467
0.00869744	0.00987291	0.0396701
0.039843	0.0169722	0.0366206
0.0224242	0.00467701	0.0384146
0.0353364	0.0114927	0.0372885
0.0297257	0.00679632	0.0376637
0.0123344	0.0112263	0.0393339
0.0205749	0.00899203	0.0385615
0.0403186	0.0105389	0.0365652
0.0328703	0.0108209	0.037253
0.0431354	0.0127326	0.0363749
0.0245115	0.0118164	0.0381791
0.0446391	0.00965754	0.0361568
0.0167788	0.00827624	0.0389501
0.0287502	0.00790349	0.0378614
0.0328914	0.0165182	0.037364
0.0178334	0.0158921	0.0391599
0.0309136	0.00115668	0.0375624
0.0280633	0.00855903	0.0377934
0.0321132	0.0140085	0.0372735
0.0300538	0.0100593	0.0376733
0.0322551	0.0111965	0.0374668
0.038934	0.0073138	0.0369321
0.0260277	0.0169732	0.0382688
0.0221553	0.0102946	0.0382592
0.023963	0.00515895	0.0382608
0.0385256	0.0157442	0.0368394
0.0316784	0.0138095	0.0376172
0.0437136	0.0146904	0.0360207
0.0334696	0.000187493	0.0373785
0.0219944	0.0112334	0.0385768
0.0315771	0.00261865	0.0374912
0.0327138	0.00566326	0.0373773
0.0200966	0.0135038	0.0385685
0.043961	0.00737722	0.036378
0.0354443	0.0135094	0.0372449
0.0312162	0.00533523	0.0375333
0.0348257	0.0103771	0.03719
0.0316071	0.017096	0.037389
0.0163419	0.00964508	0.0392208
0.0330551	0.00916894	0.0374009
0.0113656	0.0132356	0.03959
0.0321153	0.00983176	0.037451
0.0310537	0.00430396	0.0374958
0.0394394	0.0131426	0.0367198
0.0398941	0.0103814	0.0364854
0.0347707	0.00920606	0.0370495
0.0214501	0.0147756	0.0383466
0.0124665	0.00931802	0.0394162
0.0103748	0.0101517	0.0394606
0.0330757	0.0106505	0.0374057
0.0282302	0.00883988	0.037909
0.0170029	0.0123199	0.0388515
0.03019	0.0049615	0.0376389
0.0395535	0.00941045	0.0367507
0.0396515	0.0035094	0.0367294
0.0352689	0.00960543	0.0371485
0.0117069	0.00814834	0.039702
0.0134512	0.00883094	0.0392968
0.048467	0.00125724	0.0358922
0.00967122	0.0067212	0.039606
0.0360081	0.01549	0.0368515
0.0253097	0.00933628	0.0379845
0.0212373	0.00508259	0.0387565
0.0382224	0.00606638	0.0368673
0.0156552	0.000250412	0.0391506
0.0177709	0.00125991	0.0389483
0.0468657	0.00914062	0.0358646
0.0414099	0.0151382	0.0366816
0.0354657	0.014129	0.0372262
0.0303172	0.00700595	0.037666
0.00502326	0.00597559	0.0401232
0.0331938	0.0147981	0.0373409
0.0387427	0.0103967	0.0367446
0.0461329	0.0121271	0.0361494
0.0503055	0.0154016	0.0355568
0.0305254	0.00962445	0.0376563
0.0376471	0.00173503	0.0366992
0.0334114	0.00582319	0.0372459
0.0106598	0.0163422	0.0391995
0.0211913	0.00588896	0.0385567
0.0295436	0.0133217	0.0377019
0.0168083	0.0144615	0.0388851
0.0328063	0.0149245	0.0375301
0.032188	0.0133555	0.0375691
0.0429829	0.00869011	0.0364771
0.0279106	0.0103242	0.0378849
0.0277487	0.0154762	0.0379573
0.0230702	0.00805778	0.0384583
0.0237337	0.0034301	0.0382189
0.0407101	0.0132068	0.0367256
0.0523995	0.0151575	0.0354019
0.0385534	0.000631168	0.0365323
0.0469408	0.0101058	0.035932
0.0271489	0.00683557	0.037754
0.0293591	0.00559384	0.0376652
0.0230228	0.00943143	0.0381892
0.0427992	0.0101474	0.0361766
0.0300001	0.00978908	0.0375419
0.020966	0.00801381	0.038596
0.031004	0.00948684	0.0375834
0.0289409	0.00828057	0.0378405
0.0302243	0.0131942	0.0378885
0.0360214	0.0164094	0.0371973
0.0279262	0.0115745	0.03775
0.0135857	0.00804861	0.0393488
0.0402827	0.0137987	0.0366184
0.0340038	0.00938443	0.0372515
0.0294509	0.00356712	0.0378947
0.0240885	0.00375875	0.0382243
0.0292939	0.00242253	0.0376879
0.0149186	0.00365858	0.0394069
0.0217096	0.0128335	0.0385633
0.035467	0.0111757	0.0372247
0.0425255	0.0159478	0.0365672
0.026419	0.0136595	0.0381022
0.0310656	0.00456953	0.037772
0.045391	0.00568902	0.0360727
0.0463068	0.0128922	0.0358662
0.0293083	0.0126939	0.0378115
0.0218424	0.0156245	0.0385303
0.016656	0.0143929	0.0392167
0.0228441	0.0168992	0.0384285
0.0279982	0.00453468	0.0378972
0.0226898	0.0132493	0.0382593
0.0516223	0.00145981	0.0355703
0.0428277	0.0116501	0.0364195
0.0215821	0.00780574	0.0384593
0.0314795	0.00914766	0.0375095
0.0316488	0.00624393	0.0376022
0.00655289	0.0150265	0.0401355
0.0372085	0.0133829	0.0370635
0.0367894	0.00602263	0.0371446
0.0239402	0.0149322	0.0383359
0.0335205	0.00995924	0.0371901
0.0249753	0.0125595	0.0382245
0.0446158	0.000238583	0.0362409
0.0406504	0.00666188	0.036675
0.0350287	0.00912805	0.0373017
0.022769	0.0110811	0.0384167
0.0404583	0.00798658	0.0364446
0.0364178	0.0103285	0.0370977
0.0265876	0.00926273	0.0381003
0.0326888	0.0148152	0.0373539
0.03476	0.0137003	0.0372218
0.0319884	0.0116998	0.0376216
0.0041524	0.0129437	0.0402114
0.0344846	0.00739363	0.0370481
0.00726334	0.00355648	0.0398302
0.0348897	0.00322602	0.0371107
0.0398377	0.00899453	0.0365841
0.0314572	0.0130888	0.0373578
0.0362038	0.00790626	0.0370696
0.038606	0.00484837	0.0368633
0.0287775	0.0156722	0.0379689
0.0421507	0.00725936	0.0363623
0.0196496	0.00736372	0.0386356
0.0282549	0.00827311	0.0377861
0.0208463	0.00837823	0.0385438
0.0383971	0.0105821	0.0368869
0.0364357	0.0043205	0.0369665
0.0232958	0.0033314	0.0383711
0.0355322	0.0114179	0.0370636
0.0247858	0.0110286	0.0382628
0.0443154	0.0105996	0.0362012
0.0246946	0.00280929	0.0384322
0.0185625	0.0127005	0.0388818
0.030857	0.00534561	0.0375254
0.0341024	0.00412171	0.0371804
0.0379104	0.00562715	0.036916
0.0424236	0.00974794	0.0365376
0.0454991	0.0158293	0.0361054
0.0295157	0.0151279	0.0376851
0.0305352	0.0162525	0.0377082
0.0223035	0.0143101	0.0384471
0.0290739	0.00941565	0.0377784
0.0182852	0.00366493	0.0390694
0.0222371	0.0155098	0.0386755
0.0100202	0.0182803	0.039754
0.0435243	0.00526419	0.0361149
0.0202689	0.00881947	0.0388129
0.0256592	0.0126445	0.0381199
0.0172488	0.00385474	0.0390946
0.037374	0.00971357	0.0369701
0.0380776	0.00254676	0.0369201
0.00943938	0.0152657	0.0395909
0.0378701	0.00498628	0.0369318
0.0259377	0.0121634	0.0381529
0.038454	0.00448863	0.0367453
0.0445827	0.00906663	0.0363325
0.00772408	0.0167142	0.0398912
0.0221782	0.015936	0.0386905
0.036995	0.0119697	0.0369681
0.0447524	0.00913381	0.036201
0.0147086	0.00872538	0.0392369
0.0480989	0.0160912	0.0358396
0.0181877	0.00303941	0.038937
0.04037	0.00898643	0.0364941
0.0370864	0.00186726	0.0369781
0.0380194	0.00119896	0.0368812
0.0236428	0.0127634	0.0383134
0.0400569	0.00146433	0.0368982
0.0289331	0.0111239	0.0378741
0.0362647	0.00948569	0.0368998
0.025911	0.0083968	0.038105
0.0275968	0.00284686	0.0379725
0.0455656	0.00866319	0.036012
0.0216558	0.00973808	0.0385878
0.0226936	0.0140751	0.0383951
0.00987068	0.0118526	0.0398303
0.0283312	0.00600097	0.0377843
0.0253888	0.00777863	0.0381483
0.033039	0.0102208	0.0373881
0.025257	0.00505036	0.0382423
0.0201655	0.0152449	0.0387616
0.034107	0.010396	0.0371016
0.04433	0.0167961	0.0360097
0.0313532	2.53934e-05	0.037481
0.0207727	0.00613882	0.0387079
0.00729239	0.0100696	0.0398795
0.0150018	0.0108369	0.0392833
0.0235891	0.0167279	0.0381458
0.0400948	0.0120843	0.0366377
0.0329144	0.00260019	0.0375205
0.0420211	0.008548	0.0363494
0.0359982	0.0159625	0.0369421
0.0178838	0.00888781	0.0388176
0.0413778	0.00630031	0.036562
0.0368202	0.0165791	0.0371035
0.0424132	0.0112735	0.036319
0.0222066	0.0129608	0.03852
0.0269549	0.00186441	0.0379573
0.0316067	0.00543355	0.0377094
0.0414443	0.0137812	0.036496
0.03912	0.00653558	0.0367404
0.0312077	0.00420915	0.0373098
0.0194632	0.00105221	0.038662
0.0170705	0.0134404	0.0388746
0.0471845	0.00717337	0.036002
0.0306662	0.0083915	0.037597
0.0364033	0.00561481	0.0370097
0.0287771	0.00415464	0.0377815
0.0230526	0.00674995	0.0384033
0.0319355	0.00814568	0.03744
0.0268837	0.00340968	0.0377133
0.0163013	0.0131376	0.0392312
0.0332954	0.0145975	0.0374465
0.0437375	0.0043978	0.0364176
0.0465764	0.0151391	0.0361021
0.0434872	0.00175914	0.0360553
0.0343866	0.00831872	0.0371192
0.0364536	0.00492372	0.0368829
0.0165005	0.0146224	0.0389236
0.0221765	0.0103978	0.0384074
0.0350687	0.0143106	0.0370759
0.0320547	0.00982879	0.0375122
0.0247648	0.00842624	0.0382255
0.0107267	0.00641995	0.0396315
0.0364507	0.00876078	0.0371682
0.0139106	0.00686721	0.0393039
0.0149721	0.0120369	0.0393167
0.0377265	0.0108902	0.0369263
0.0281844	0.00752668	0.0377582
0.042146	0.00541438	0.0364647
0.0124016	0.00938496	0.039327
0.0428131	0.0125519	0.0365242
0.0313734	0.00883937	0.0375274
0.0417533	0.0102857	0.0363472
0.0242085	0.0150267	0.0384032
0.0404305	0.00356026	0.0365098
0.0275557	0.00970712	0.037812
0.0331744	0.0130943	0.037355
0.0295269	0.00651365	0.0377814
0.0311666	0.0141744	0.037558
0.0291175	0.00338528	0.0377201
0.0234783	0.0153093	0.038128
0.0378602	0.0107249	0.036907
0.0242213	0.0122561	0.0381017
0.0200057	0.00842303	0.0388084
0.0263902	0.0136056	0.0378633
0.023584	0.00763692	0.0381127
0.0404496	0.0128899	0.036651
0.0154461	0.0101275	0.038846
0.0249692	0.00311654	0.0382725
0.0268227	0.015193	0.038047
0.02902	0.00859905	0.0377496
0.0158686	0.0160517	0.0390639
0.0371232	0.00734179	0.0370123
0.0355252	0.00645059	0.037121
0.0295502	0.010507	0.0376949
0.0254789	0.0182522	0.0381198
0.043918	0.0130028	0.0362103
0.0413969	0.00606844	0.0363785
0.0278227	0.0111237	0.0377586
0.000884092	0.00429025	0.0406116
0.0279814	0.0114932	0.0379382
0.0259458	0.011443	0.0381889
0.027915	0.0151022	0.0379825
0.0224077	0.00506074	0.0384655
0.0190682	0.016986	0.0387483
0.041932	0.0112768	0.036448
0.013199	0.0104159	0.0395213
0.0282936	0.0113906	0.0379819
0.0410991	0.0158246	0.0363846
0.0258457	0.0079105	0.0380461
0.0293862	0.00283037	0.0376192
0.0216784	0.0160281	0.0385374
0.0309627	0.0157023	0.0375833
0.0283978	0.00899028	0.0378566
0.023834	0.00177469	0.0382868
0.0445603	0.00622513	0.0363487
0.0226484	0.0113153	0.0384984
0.0202632	0.0101301	0.0386425
0.0174805	0.0120151	0.0389379
0.0292414	0.016807	0.0378827
0.0336652	0.0111662	0.0373804
0.0397638	0.0149877	0.0367913
0.0246903	0.0158718	0.0379645
0.0394915	0.00588119	0.0366863
0.0336025	0.0104067	0.0371895
0.0268553	0.00894725	0.037914
0.0204649	0.00402718	0.0386565
0.0287203	0.00892543	0.0376398
0.0292531	0.0149726	0.0375791
0.0311764	0.0146107	0.0373806
0.0207973	0.0128955	0.0386394
0.0212688	0.00885116	0.0386138
0.0295831	0.00748022	0.0378095
0.0271596	0.0134627	0.0379854
0.0351691	0.0117331	0.0372868
0.040171	0.0132452	0.0366204
0.0423734	0.0115535	0.0364009
0.0376898	0.00817532	0.0368884
0.0439508	0.00645678	0.0360877
0.0417254	0.00108635	0.0365873
0.0352088	0.00650963	0.037101
0.0410755	0.0142312	0.0363356
0.0342289	0.00537417	0.0371831
0.0331804	0.00990225	0.0373367
0.0345335	0.00308525	0.0372524
0.0192357	0.0101693	0.0387944
0.0302097	0.0174126	0.0376399
0.0268515	0.00639217	0.037964
0.0248719	0.00503967	0.0382045
0.052639	0.00595433	0.0355763
0.0270376	0.00683851	0.0378934
0.0442123	0.0102872	0.0360868
0.0303111	0.00481258	0.0375775
0.0375869	0.0146245	0.0370144
0.0293894	0.0127376	0.0376987
0.0225949	0.0108568	0.0383176
0.0344017	0.0087285	0.0372399
0.0136459	0.00973679	0.0390032
0.0228755	0.00447946	0.0382697
0.0158665	0.00834314	0.0392011
0.0295054	0.0160476	0.0375405
0.013871	0.0116078	0.039476
0.0464849	0.00192388	0.0360686
0.0197272	0.0154726	0.0385178
0.0377285	0.0145043	0.0367006
0.0345476	0.00539747	0.0372985
0.031985	0.0160008	0.0372352
0.043973	0.0104805	0.0364127
0.0357437	0.0138811	0.0368815
0.0316696	0.0108438	0.037611
0.00513256	0.00544755	0.0401905
0.0435339	0.0115235	0.0361292
0.0302921	0.0100853	0.0376434
0.0188196	0.00615455	0.0387877
0.0292598	0.00949519	0.0378094
0.0123746	0.0103818	0.0394253
0.039441	0.00546488	0.036751
0.0304446	0.00588747	0.0376783
0.0389452	0.010626	0.0368896
0.0300591	0.0120999	0.0377751
0.0346436	0.0163817	0.0371849
0.0301681	0.0161781	0.0376327
0.0223954	0.00988588	0.0384439
0.0495468	0.00949093	0.0357765
0.0353098	0.00464318	0.0370442
0.0469514	0.00580928	0.0361198
0.022275	0.00528679	0.0385098
0.0412945	0.0142219	0.0363867
0.00889127	0.0063712	0.0399882
0.0348745	0.0129897	0.0370225
0.0270209	0.00615107	0.0379366
0.0368197	0.0072318	0.0368808
0.00687274	0.00274817	0.0402284
0.0274559	0.012553	0.037831
0.0143077	0.0126764	0.0391784
0.0457459	0.00322947	0.0359382
0.037833	0.0155241	0.0367459
0.0284671	0.00841561	0.0379253
0.0353551	0.0020202	0.0373664
0.0309481	0.0159839	0.0376635
0.0388905	0.0166943	0.0369083
0.0276455	0.00695865	0.0378749
0.0298696	0.012675	0.0375412
0.0397999	0.0106562	0.0367157
0.0370057	0.0117711	0.0371042
0.00670924	0.0122448	0.0398802
0.0397168	0.00161055	0.036656
0.0244413	0.0136029	0.0380694
0.0294404	0.0124619	0.0377949
0.0303544	0.0108349	0.0375288
0.0177908	2.25507e-05	0.0387489
0.0396454	0.013959	0.0368447
0.0495591	0.00723456	0.0358814
0.0491697	0.0140576	0.0356689
0.0363288	0.00597126	0.0370744
0.0311455	0.00665567	0.0375601
0.0315899	0.0169589	0.0376922
0.0154451	0.0092675	0.0391304
0.0212512	0.0133419	0.0387507
0.0362445	0.0103139	0.0370496
0.0247414	0.00611696	0.038122
0.0268459	0.00638747	0.0380672
0.0422111	0.00754254	0.0365347
0.0376537	0.00908027	0.0369729
0.0249394	0.0106048	0.0383283
0.0392505	0.00548029	0.0367033
0.0375336	0.0147297	0.036879
0.0399022	0.0133343	0.0364677
0.0284769	0.00807308	0.037821
0.0160528	0.0136426	0.0391522
0.0293998	0.0148177	0.0377429
0.0486992	0.000582756	0.0355734
0.0330533	0.0152947	0.0374541
0.0343889	0.0115764	0.0372234
0.0384712	0.0151925	0.0365742
0.0288584	0.00681014	0.0377452
0.0139922	0.0047382	0.039213
0.0215488	0.009822	0.0386007
0.0321068	0.0129792	0.0375648
0.0281131	0.00780805	0.0376758
0.0189191	0.00171252	0.0386811
0.0253647	0.014837	0.0381584
0.0309182	0.0115276	0.0375828
0.00758664	0.00864407	0.0399676
0.0429654	0.0162697	0.0365056
0.0224736	0.00113012	0.038426
0.0445565	0.00484955	0.0360913
0.0198242	0.00597349	0.038789
0.0419887	0.0133632	0.0364639
0.0272933	0.00932685	0.037911
0.0347903	0.00647068	0.0372534
0.0398416	0.00903602	0.0367079
0.0454689	0.0110107	0.0359471
0.0400855	0.012243	0.0365509
0.0364969	0.0101352	0.0370284
0.0375542	0.00944699	0.036926
0.0316187	0.00234388	0.0375468
0.0276185	0.0119114	0.0379746
0.0396566	0.00458464	0.0364844
0.00338148	0.015573	0.0403139
0.0357129	0.0113267	0.0371036
0.0234002	0.0161115	0.0384554
0.0292838	0.0117627	0.037878
0.0259009	0.00496394	0.0380984
0.0252957	0.006623	0.0381052
0.0145704	0.00518072	0.0390869
0.0437275	0.0152422	0.0362709
