0.0361813	0.00888491	0.0385924
0.0317223	0.00663988	0.0380754
0.0350743	0.0115353	0.0384228
0.0289308	0.0118834	0.0378654
0.0300311	0.00961652	0.0379239
0.0288399	0.0112637	0.0378335
0.0318357	0.00668	0.0381306
0.0372287	0.0101545	0.0387837
0.0328953	0.0116507	0.0381918
0.0313038	0.0109673	0.0380279
0.029979	0.00877701	0.0379755
0.0225753	0.00991582	0.0372206
0.0334852	0.0112675	0.038277
0.0278443	0.00762798	0.0377509
0.0301375	0.0106984	0.0380145
0.0400927	0.0071959	0.0389319
0.0331807	0.00522179	0.03825
0.0252549	0.0055334	0.0373962
0.0333473	0.00467109	0.0381223
0.0317858	0.00699898	0.0381714
0.0271749	0.0102472	0.0376353
0.0315933	0.0120174	0.0381012
0.0389728	0.0131005	0.0388169
0.0385338	0.0107982	0.0387899
0.0324174	0.0149711	0.0381003
0.0318836	0.00876072	0.0382045
0.0195217	0.0091384	0.0369258
0.0316567	0.00515968	0.0381144
0.0315456	0.00854268	0.0380841
0.0179838	0.0105092	0.0366795
0.0229673	0.00625749	0.037203
0.0110946	0.0100368	0.0361737
0.0286854	0.00642356	0.0378701
0.024565	0.0118909	0.0374271
0.0346323	0.00598393	0.038476
0.0265607	0.0133076	0.0376028
0.032622	0.0101879	0.0381751
0.026184	0.0122955	0.0375489
0.0198878	0.0116378	0.0370002
0.0280065	0.00490908	0.0376918
0.0264702	0.00927176	0.0376318
0.0295709	0.010055	0.0378935
0.0304746	0.00913644	0.0379712
0.0247797	0.00685025	0.0373626
0.0277046	0.00922154	0.0376906
0.019979	0.0131073	0.0369682
0.028349	0.00835104	0.0378471
0.0334539	0.0121605	0.0383492
0.0306642	0.00982436	0.0380062
0.0321002	0.0117664	0.0381554
0.0242475	0.00721854	0.0373729
0.0266036	0.00789782	0.0376391
0.0250134	0.0119545	0.0373701
0.0254362	0.0110895	0.0375275
0.0226747	0.0092912	0.0372005
0.0240397	0.00960667	0.0373684
0.0289601	0.00899524	0.0378418
0.0213145	0.0105873	0.0370912
0.0263128	0.0119622	0.0375996
0.032526	0.0101402	0.0382429
0.0275895	0.0142214	0.0377043
0.0274247	0.00783687	0.037672
0.0273014	0.0145668	0.0376783
0.0211777	0.00915199	0.0370459
0.0273297	0.012106	0.0377169
0.0337553	0.0078567	0.0383983
0.0358214	0.00918997	0.0385598
0.0328927	0.0104048	0.0382317
0.0258213	0.00811688	0.0374925
0.0374079	0.010184	0.0387313
0.0308084	0.00817377	0.038097
0.0227803	0.0118112	0.0371912
0.0239993	0.00883638	0.0373571
0.0351041	0.00734607	0.0385701
0.0304681	0.0122045	0.038029
0.0239676	0.0133136	0.0373515
0.0339999	0.0116873	0.0384503
0.0244393	0.0100469	0.0373799
0.0326634	0.0129351	0.0381548
0.0246544	0.00811592	0.0374672
0.0319466	0.00715903	0.0381798
0.0342237	0.0119346	0.0383658
0.0299518	0.0129199	0.0378597
0.0313317	0.00998366	0.0381226
0.0314772	0.0154699	0.0380836
0.0312338	0.0109781	0.038111
0.0302626	0.0118856	0.0380091
0.0324662	0.00805861	0.038195
0.0320515	0.00963196	0.0381777
0.0321688	0.0161551	0.0380024
0.0345543	0.0125184	0.0385087
0.0320158	0.00934049	0.0381526
0.028259	0.0115113	0.037767
0.0255728	0.0114308	0.0374571
0.0294619	0.0122772	0.0379365
0.0329409	0.00621672	0.0382308
0.0299258	0.00823346	0.0379303
0.017097	0.011911	0.0366875
0.0167611	0.0106396	0.0366292
0.0304205	0.0101462	0.0379687
0.0326296	0.0115372	0.0382552
0.0301689	0.00488678	0.0379203
0.0309361	0.00964935	0.0380416
0.0320456	0.0108025	0.0381133
0.0288826	0.0111698	0.0378426
0.021298	0.0141063	0.0370794
0.0274983	0.0101955	0.0376939
0.0373397	0.0105067	0.0387271
0.0319216	0.00548186	0.0381237
0.0248409	0.0140092	0.0373513
0.0259039	0.0120138	0.0375389
0.0353426	0.0105048	0.0385261
0.0217577	0.010671	0.0371217
0.028425	0.00782673	0.0378123
0.027871	0.0123018	0.0377579
0.0331124	0.00944534	0.0383101
0.0271918	0.00985746	0.0376734
0.0230525	0.0129011	0.0372319
0.0253367	0.00864687	0.0374956
0.0314239	0.00762097	0.0380616
0.0234494	0.00800162	0.037256
0.0280586	0.00956045	0.0377382
0.0353444	0.0106707	0.0384313
0.03385	0.00940972	0.0383234
0.0307507	0.00551971	0.0380654
0.0252387	0.0125219	0.0374419
0.0298457	0.0121115	0.0379522
0.0275736	0.00822258	0.0377041
0.0260324	0.00865117	0.037502
0.0281702	0.0133453	0.0377461
0.0330982	0.0117385	0.0382527
0.031553	0.00981632	0.0381794
0.0356627	0.0113278	0.0384247
0.0283835	0.0110576	0.0378268
0.0218554	0.0120543	0.0372142
0.0233041	0.0141594	0.037392
0.02251	0.011951	0.0370964
0.025673	0.00991099	0.0375649
0.033752	0.00920371	0.0382774
0.018245	0.00645182	0.0368166
0.0235027	0.00846183	0.0373138
0.0282883	0.0082968	0.0377572
0.0331301	0.00866739	0.0382104
0.0290336	0.0122299	0.0378114
0.030393	0.00780433	0.0379668
0.0342681	0.0131428	0.0383014
0.0221026	0.0127865	0.0371929
0.025044	0.0100055	0.0374668
0.0310829	0.0134457	0.0379824
0.0316707	0.0102195	0.0381545
0.0242617	0.0102956	0.0373958
0.0310528	0.00728574	0.038052
0.0236044	0.00465611	0.0372539
0.0258669	0.00925739	0.0375553
0.0208583	0.0103007	0.0370024
0.0218192	0.0140842	0.0371657
0.0330333	0.0120977	0.0382634
0.030073	0.012033	0.0378921
0.0287799	0.00997482	0.0377837
0.0294616	0.0116265	0.0379228
0.0337828	8.31568e-05	0.0382644
0.0330843	0.00790228	0.0382565
0.0276429	0.012629	0.037717
0.0326862	0.00858244	0.0382317
0.0354503	0.0135324	0.0384559
0.0298163	0.00714723	0.0379157
0.0219348	0.0112031	0.0371054
0.0325693	0.00992445	0.0381807
0.0253549	0.0109392	0.0375042
0.0354881	0.00672783	0.0384902
0.031293	0.0113413	0.0380476
0.0309219	0.01058	0.03804
0.0276002	0.0104743	0.037712
0.0199062	0.00910498	0.0369539
0.0319009	0.00833859	0.0382135
0.0313844	0.00964194	0.0381065
0.025263	0.0094154	0.0375272
0.0286743	0.0120254	0.0378942
0.0279121	0.0104561	0.0377582
0.0217481	0.00954707	0.0371609
0.0285035	0.00964024	0.0378004
0.0245919	0.00849535	0.0373787
0.0356182	0.0106613	0.0385348
0.035099	0.00737883	0.0384257
0.0347052	0.0168073	0.0382342
0.0272157	0.011847	0.037696
0.032627	0.0106041	0.0381747
0.0369667	0.00483913	0.0387432
0.0243273	0.0126655	0.0374097
0.0373537	0.0127875	0.0388274
0.0318393	0.0130432	0.0381834
0.0340246	0.00931374	0.0383364
0.0396696	0.0122205	0.0388584
0.0281827	0.00639754	0.0377847
0.0262889	0.00618459	0.0375328
0.0158901	0.00867647	0.0365016
0.0317088	0.0106151	0.038107
0.0293962	0.00612276	0.0378505
0.0332971	0.00824507	0.0382206
0.0374634	0.0139202	0.0386517
0.0255776	0.00983827	0.0375054
0.0343074	0.0106286	0.0383821
0.0258787	0.0099961	0.0376016
0.0357094	0.0128749	0.0384679
0.0232671	0.0121519	0.0372824
0.0280612	0.00518461	0.0377229
0.0347247	0.0125815	0.0383937
0.032652	0.0107639	0.0382105
0.034368	0.0104105	0.0383907
0.0221568	0.0104434	0.0372141
0.034963	0.00380793	0.0386619
0.0264892	0.0100606	0.037614
0.0305705	0.0130124	0.0380422
0.0302453	0.00901863	0.0379708
0.0362731	0.00919633	0.0385598
0.0347113	0.0108631	0.0384087
0.0265989	0.0137433	0.037559
0.0302511	0.00899861	0.0379905
0.0281207	0.00739037	0.037731
0.0298541	0.0124743	0.0379449
0.0234339	0.0156689	0.0372352
0.026672	0.0132423	0.0376373
0.0294941	0.0110412	0.0379
0.0218609	0.00959824	0.0371018
0.0381615	0.00972443	0.0388325
0.0330326	0.00946169	0.0382391
0.027979	0.00801421	0.0377503
0.0281752	0.00925128	0.0377721
0.0340973	0.0130366	0.0384145
0.0366056	0.00741659	0.038647
0.0189221	0.00882255	0.0367937
0.0303787	0.00901086	0.0380312
0.0292841	0.0138152	0.0377959
0.0255848	0.00914323	0.0374739
0.0375277	0.0121154	0.0387341
0.0244422	0.0127242	0.0373799
0.0306279	0.0109075	0.0380171
0.0315713	0.0135345	0.038112
0.033091	0.0132743	0.0381919
0.0313189	0.0090745	0.0380931
0.0257099	0.0114881	0.0374885
0.0268916	0.0096289	0.0376301
0.039407	0.00648782	0.038994
0.0296137	0.00979233	0.0378745
0.0325353	0.0088542	0.038211
0.0379928	0.00843293	0.0387409
0.0356862	0.00735596	0.03846
0.0312502	0.0107102	0.0381132
0.0288734	0.00957449	0.0378325
0.0256417	0.00644517	0.0375229
0.0259296	0.0109781	0.0375487
0.0373751	0.00999274	0.0386182
0.0250151	0.0103384	0.0374397
0.0270505	0.0119809	0.0376878
0.0324012	0.0107319	0.0382354
0.0276968	0.00602168	0.0377591
0.0284167	0.00981269	0.0377703
0.0198788	0.0137146	0.0369374
0.0244945	0.00835498	0.0373409
0.0226176	0.00890931	0.03722
0.0288095	0.0109444	0.037791
0.026024	0.0134246	0.0375802
0.0308291	0.010131	0.0380916
0.0228158	0.012192	0.0371613
0.0239907	0.0105249	0.0372966
0.0320389	0.00945656	0.038198
0.0266825	0.00961896	0.0377117
0.0351157	0.0113823	0.038454
0.0212105	0.0118205	0.0369851
0.0244667	0.0110265	0.0374005
0.0312995	0.0079926	0.0380328
0.0345001	0.0121044	0.0384551
0.0314847	0.0119375	0.0381366
0.0199347	0.0110703	0.0369447
0.0268241	0.0093634	0.0376294
0.037921	0.00771707	0.038763
0.0381509	0.0105281	0.038931
0.0282315	0.00859699	0.0377751
0.0293863	0.00825522	0.0379294
0.025871	0.00807819	0.0375357
0.03362	0.00881188	0.0382614
0.0302571	0.00907761	0.0380392
0.0279308	0.00933349	0.0377953
0.0236837	0.0108309	0.037348
0.0144236	0.012195	0.0363775
0.0266583	0.0112451	0.0376365
0.0262997	0.0109218	0.037513
0.0378717	0.0115784	0.0387348
0.0303402	0.00927736	0.0379775
0.024335	0.0130217	0.0373964
0.0306605	0.0132136	0.0380657
0.0378342	0.0108356	0.038646
0.0324783	0.00696521	0.0381789
0.0276216	0.0106251	0.0376992
0.0254348	0.0108126	0.0374184
0.0359146	0.0129033	0.0386279
0.0360737	0.0106219	0.038492
0.0257429	0.00638678	0.0375344
0.0325255	0.00972412	0.0381683
0.0278404	0.0100023	0.0377481
0.0368456	0.00819568	0.0386213
0.0298809	0.0111438	0.0379405
0.0260272	0.0105857	0.0375215
0.029567	0.011086	0.0378685
0.0270863	0.0102402	0.0376659
0.0364952	0.0114855	0.0386312
0.0245884	0.0102541	0.037409
0.0363473	0.0128737	0.0385512
0.0289792	0.0101923	0.0378163
0.0237355	0.00993274	0.0373246
0.0394747	0.0101655	0.0389437
0.0333389	0.012997	0.0382441
0.0311594	0.00947209	0.0381135
0.0237461	0.0118369	0.0372583
0.0389459	0.00839451	0.0388145
0.0336127	0.00919971	0.0382981
0.0313827	0.00902387	0.0380856
0.031196	0.0113797	0.0381166
0.0282305	0.0130415	0.0376879
0.0284226	0.00957195	0.0377989
0.0352363	0.0110845	0.0385923
0.0288697	0.0123381	0.0377966
0.0356107	0.0104161	0.0385782
0.0378866	0.0081273	0.0386005
0.0276204	0.0119713	0.0377484
0.0299939	0.0102671	0.037912
0.0280339	0.0110549	0.0377481
0.046413	0.00273999	0.0395943
0.0263235	0.0044257	0.0375853
0.0292268	0.0119955	0.0378961
0.0204126	0.0131277	0.0369556
0.0362138	0.0125116	0.0386045
0.0340628	0.0083282	0.0383675
0.0256764	0.00790776	0.0374577
0.0279176	0.00438778	0.0377282
0.0305784	0.0103804	0.0380419
0.0256237	0.0126409	0.0375145
0.0339753	0.0112583	0.0382882
0.0282041	0.00826457	0.0377746
0.0376898	0.0102115	0.0386581
0.032631	0.00617007	0.0382139
0.0309353	0.0126082	0.0379643
0.0394571	0.0125269	0.0389263
0.0309758	0.0104782	0.038078
0.0419821	0.012361	0.0392622
0.0197549	0.00877162	0.036952
0.0392835	0.0146422	0.0387133
0.0260689	0.0110242	0.0375123
0.039256	0.0132584	0.0388338
0.0229741	0.0063391	0.0371943
0.039866	0.00683626	0.0391373
0.0197455	0.00822467	0.0369013
0.0336088	0.00645398	0.0383729
0.0284663	0.0125154	0.0378175
0.0372629	0.00802445	0.0385434
0.0286286	0.00873803	0.0378059
0.0300963	0.011471	0.0379902
0.0256246	0.00848314	0.0374764
0.0237826	0.0119124	0.0373331
0.032967	0.0117076	0.0382461
0.0249833	0.0110739	0.0374443
0.0349362	0.00683709	0.0384136
0.0276861	0.0112431	0.0377236
0.0239594	0.0117098	0.0373353
0.0244597	0.00783594	0.0374415
0.027194	0.0103391	0.0376098
0.0356689	0.00606599	0.0386376
0.0341162	0.010658	0.0383723
0.032041	0.012736	0.038088
0.0247494	0.0122922	0.037407
0.032236	0.00780337	0.0381801
0.0311126	0.00783305	0.0381264
0.0339076	0.00799134	0.0383961
0.0298471	0.0113014	0.0379346
0.0271513	0.00768274	0.0376062
0.0290774	0.00899305	0.0378664
0.0342924	0.0107826	0.0383898
0.0256091	0.00910398	0.0375162
0.0386243	0.00773946	0.0389177
0.0309387	0.0105633	0.0380803
0.0369302	0.0101385	0.0387224
0.0258507	0.010524	0.0375521
0.0286754	0.010363	0.0378033
0.0284501	0.0110609	0.0377486
0.031394	0.0123416	0.0380221
0.0315467	0.00698728	0.0381795
0.0261744	0.00751497	0.0375363
0.0276318	0.0083138	0.0376932
0.0346665	0.0101965	0.0383774
0.0249604	0.0118603	0.0373648
0.0382551	0.00975141	0.0387733
0.0317241	0.00711948	0.0380309
0.0277427	0.0121675	0.03773
0.0345409	0.0135898	0.0384781
0.0344802	0.0106756	0.0383453
0.0245136	0.00578417	0.0373684
0.02932	0.00984694	0.0378739
0.0350806	0.00685365	0.0384587
0.0262042	0.00477139	0.037623
0.0303397	0.0110581	0.0379724
0.0309579	0.00881877	0.038054
0.0368487	0.0122401	0.0387268
0.0325355	0.00962378	0.0382247
0.0312775	0.0117685	0.0380722
0.0258619	0.0121687	0.0375656
0.0267689	0.00951334	0.0376608
0.0282929	0.00983214	0.0377754
0.0328554	0.00835174	0.0381899
0.0319385	0.00664132	0.0382165
0.0304165	0.0087089	0.0379356
0.0220088	0.00912315	0.037144
0.0392675	0.00806324	0.0389248
0.033068	0.00721789	0.0383233
0.0275834	0.012696	0.0377109
0.0330547	0.0129761	0.0382557
0.0271804	0.00879769	0.0377219
0.0251653	0.00700648	0.0374747
0.0294932	0.0112371	0.0379383
0.0254351	0.0143903	0.0375405
0.0256569	0.00895671	0.0374964
0.0296177	0.00849962	0.0379172
0.0365628	0.00863095	0.0385726
0.0266664	0.0119183	0.0376183
0.0258416	0.00895656	0.03763
0.0298148	0.00885981	0.037879
0.0243074	0.0092579	0.0373254
0.0287195	0.00960571	0.0378019
0.0254044	0.00809417	0.0375498
0.0327947	0.0124801	0.0382789
0.02956	0.0119213	0.0379022
0.0236144	0.0110826	0.0373716
0.0328948	0.0122104	0.0382621
0.0303084	0.0108639	0.0379422
0.0273931	0.0109676	0.0376611
0.0275538	0.0133445	0.0376501
0.038145	0.0119954	0.0387254
0.0350813	0.00999252	0.0384906
0.0277822	0.00753386	0.037737
0.0300983	0.0105473	0.0379863
0.0261131	0.0114254	0.0375507
0.0373523	0.00955534	0.0386112
0.0296159	0.0122752	0.0380049
0.0394723	0.0115708	0.0389286
0.0309091	0.00686728	0.0380446
0.0330266	0.0121014	0.0382807
0.0240993	0.00844676	0.0373611
0.0253908	0.00768621	0.0374455
0.0323788	0.0097881	0.0382085
0.0308491	0.00557557	0.0380704
0.0300207	0.00984698	0.0379178
0.0278962	0.0102079	0.0377259
0.0304964	0.00726887	0.0379131
0.0348028	0.00749055	0.0384481
0.0207749	0.0129409	0.0371351
0.031755	0.012861	0.0380914
0.0182025	0.0075645	0.0367025
0.0298663	0.0118724	0.0379466
0.0169345	0.0113877	0.0365671
0.0313436	0.012094	0.0381317
0.0254091	0.0116053	0.0374661
0.0380014	0.011421	0.0388184
0.0331901	0.0141164	0.0382234
0.0369873	0.0112241	0.0386092
0.0370621	0.00988568	0.0387394
0.0293152	0.00719408	0.0378399
0.0269749	0.0107597	0.0376708
0.0208681	0.013291	0.0370042
0.0363139	0.0104814	0.0386551
0.034753	0.011236	0.0383986
0.0335886	0.0111316	0.0384043
0.0306387	0.00822958	0.0379885
0.0322357	0.00955757	0.0381445
0.0268779	0.0109126	0.0375799
0.03214	0.00976828	0.0381528
0.0207152	0.0135458	0.0369276
0.0345968	0.00913072	0.038425
0.0304056	0.00737535	0.0380068
0.0269649	0.011759	0.0376444
0.0263611	0.0145906	0.0375494
0.0353764	0.0124878	0.038447
0.0288424	0.0116221	0.0378003
0.028598	0.0131888	0.0377685
0.0382515	0.0160834	0.0389326
0.0300114	0.00621606	0.0379365
0.0310407	0.0080615	0.038011
0.0224642	0.0107853	0.0372363
0.0314262	0.0118082	0.0381396
0.0236924	0.0106706	0.0372594
0.0200831	0.00987079	0.0369176
0.0307145	0.00835119	0.0381004
0.0280321	0.00915755	0.0377555
0.0260214	0.0104693	0.0376039
0.0308322	0.00879231	0.038055
0.0192486	0.0132722	0.0367616
0.0350511	0.00478052	0.0384933
0.0305674	0.00948034	0.0380191
0.027074	0.00885812	0.037671
0.0218555	0.0114955	0.0371443
0.0327244	0.00880197	0.038267
0.0246232	0.00751149	0.0374682
0.0240158	0.013196	0.0373114
0.0337631	0.0110671	0.0382696
0.0187104	0.00507328	0.0368482
0.0320706	0.0140562	0.038092
0.0279961	0.00721647	0.0377621
0.029392	0.00985859	0.0378567
0.0321281	0.0115925	0.0381544
0.0269064	0.00982272	0.0376497
0.0340781	0.00906811	0.0383658
0.0202944	0.0137408	0.0370545
0.0298026	0.00923389	0.0379293
0.0363632	0.00871399	0.0385719
0.0288355	0.00838717	0.0378423
0.0290879	0.00917265	0.0378327
0.03301	0.0113166	0.0382571
0.0285452	0.0104486	0.037796
0.0280391	0.0121095	0.0377873
0.0240752	0.0101285	0.0373206
0.0314447	0.013066	0.0380892
0.0312533	0.0106934	0.0381013
0.0253555	0.0096846	0.0375008
0.0341411	0.00955835	0.0383243
0.0353595	0.0115805	0.0384746
0.0261476	0.0085779	0.0375412
0.0348644	0.0109608	0.0384524
0.0283701	0.0129937	0.0378
0.0360155	0.00707531	0.0385564
0.0309044	0.00902254	0.0380227
0.0370768	0.00999028	0.0386226
0.0371999	0.0113132	0.0386246
0.0152916	0.00716836	0.0364605
0.0312795	0.00996084	0.0381177
0.0266448	0.00992608	0.037624
0.0328106	0.0103381	0.0382283
0.0234353	0.00980486	0.0372167
0.0255508	0.0132052	0.0374278
0.026284	0.00986122	0.0375388
0.0403145	0.0106284	0.0389038
0.0143938	0.00686437	0.0363807
0.0273564	0.0140414	0.0376435
0.0271162	0.0102081	0.0376922
0.0285121	0.0124047	0.0378128
0.0264369	0.0110213	0.0376032
0.0356968	0.00817814	0.0384864
0.0322492	0.0133174	0.038256
0.0307118	0.00584997	0.0380558
0.0346211	0.0103609	0.0385503
0.0207304	0.0094654	0.0369882
0.0327952	0.0103866	0.0381965
0.0252626	0.0107352	0.0374399
0.0336419	0.00607794	0.0381754
0.0246302	0.0119104	0.0373334
0.0310033	0.0100676	0.0380974
0.0324018	0.00660027	0.038073
0.0291532	0.011923	0.0378818
0.0340279	0.00712173	0.0383612
0.0233013	0.0109486	0.0373098
0.0342017	0.0110496	0.0383232
0.0291453	0.0102045	0.0378899
0.0337586	0.011799	0.0383691
0.0278659	0.00773396	0.0377181
0.0267409	0.00804225	0.0375931
0.0323691	0.00971163	0.0382527
0.0291224	0.0129025	0.0378792
0.0308745	0.00368426	0.0378815
0.0259442	0.0117478	0.0374673
0.0293713	0.0141238	0.0379128
0.0330231	0.00841527	0.038216
0.0254582	0.00832098	0.0374884
0.0352135	0.00876689	0.0384928
0.0383032	0.0115675	0.0386929
0.0256019	0.0102696	0.037469
0.0200155	0.0101226	0.0369442
0.0277174	0.00932237	0.0377293
0.0297842	0.00965573	0.0379327
0.0370123	0.00866192	0.0386456
0.0288164	0.00671151	0.0378135
0.0367697	0.00501769	0.0386124
0.029016	0.00937833	0.0378259
0.030287	0.0100971	0.0379859
0.0315089	0.0112638	0.0380877
0.0232578	0.0102349	0.0372842
0.0378555	0.00950507	0.0386292
0.0423778	0.00857856	0.0391985
0.0327475	0.0100862	0.0382602
0.0352226	0.0106647	0.038409
0.0286989	0.0100611	0.0378104
0.0371145	0.010914	0.0386675
0.0289673	0.00740872	0.0378381
0.0242223	0.0122173	0.0373414
0.0309351	0.0113916	0.0380237
0.0287267	0.0116745	0.0377569
0.0325522	0.00803777	0.0382192
0.0314104	0.0105244	0.0381281
0.0327286	0.00930558	0.0381872
0.0212701	0.0124379	0.0371528
0.0246742	0.0118133	0.0374196
0.0302857	0.00965273	0.0380117
0.0307397	0.00982437	0.0380695
0.0171689	0.00671481	0.0366964
0.0213866	0.00873605	0.0370716
0.0292337	0.0123894	0.0379083
0.025063	0.00779128	0.0374289
0.020568	0.0136555	0.0369624
0.0374638	0.0105531	0.0386983
0.0312309	0.00585499	0.038201
0.0282494	0.014227	0.0377735
0.0279264	0.00923564	0.0377546
0.0340981	0.00963611	0.0384683
0.0248566	0.0103892	0.0374445
0.0298098	0.0115828	0.037996
0.0197197	0.0100876	0.0369293
0.0275438	0.00993427	0.0376762
0.0309493	0.0115592	0.0380117
0.0381988	0.0108994	0.0388367
0.0226092	0.00971622	0.0372467
0.0326653	0.0132945	0.0381256
0.0273819	0.0150332	0.0377447
0.0310941	0.00670289	0.038084
0.0342817	0.0119072	0.0383686
0.0276001	0.00964146	0.0377105
0.027338	0.0125019	0.0376963
0.0348884	0.0107474	0.0383764
0.0218873	0.0104519	0.0370793
0.0308897	0.00997129	0.0380342
0.0326302	0.0126504	0.0381404
0.0317608	0.00967068	0.0381462
0.030697	0.0115103	0.0380063
0.026708	0.0111316	0.0376814
0.0279376	0.00884514	0.0377095
0.0291587	0.0111547	0.0378627
0.0371736	0.0071649	0.0386593
0.0269342	0.0133617	0.0376829
0.0351828	0.010439	0.0385319
0.0356929	0.0103103	0.038569
0.0320392	0.0102192	0.0381978
0.031682	0.0109925	0.0381115
0.0288351	0.00832038	0.0378142
0.0332936	0.0102072	0.0382769
0.0299598	0.0100444	0.0379651
0.0260979	0.00811868	0.0375272
0.0239883	0.0105668	0.0373824
0.0328223	0.0114957	0.0382175
0.0334973	0.0071273	0.0382983
0.0343289	0.010545	0.0383228
0.0316348	0.0137313	0.0382186
0.0283147	0.00758477	0.0378076
0.0321073	0.00987704	0.0381859
0.0323614	0.0111893	0.0382431
0.028176	0.0101696	0.0377316
0.0273123	0.0104438	0.0376799
0.0293459	0.0125344	0.0378983
0.0276738	0.00623619	0.0376887
0.0282315	0.00940379	0.0377725
0.0370303	0.0107661	0.0385744
0.0309534	0.0121308	0.0380413
0.0293242	0.00799852	0.0378801
0.0261272	0.0105605	0.0375295
0.0383032	0.00693364	0.0387512
0.0234495	0.00704512	0.037349
0.0352999	0.0106416	0.0384174
0.0257685	0.0102747	0.0375487
0.0274697	0.00536331	0.0377001
0.033702	0.00836315	0.0382329
0.0313727	0.00507877	0.0381933
0.0310509	0.00975845	0.0381017
0.0366376	0.00905899	0.0386103
0.0322881	0.0119944	0.0381341
0.0303065	0.00771817	0.0380471
0.0251316	0.00931897	0.037506
0.0423461	0.0106335	0.0391989
0.0356946	0.00983685	0.0385506
0.0314049	0.0134023	0.0379922
0.022938	0.0127876	0.0372898
0.0310351	0.00925127	0.0380686
0.0258706	0.0115955	0.0375783
0.0239176	0.0100574	0.037306
0.0324484	0.012072	0.0381886
0.0221723	0.00613069	0.0372592
0.0338603	0.00930498	0.0383542
0.0330827	0.00932564	0.0382435
0.0394364	0.00558754	0.0387955
0.0375223	0.00867326	0.0387273
0.0273919	0.00909683	0.0377113
0.0294318	0.00748949	0.0378566
0.0315999	0.00907933	0.0380798
0.0351419	0.0111792	0.0385495
0.0182991	0.00905105	0.0368702
0.0331612	0.0109578	0.0382221
0.0336334	0.0095765	0.0383587
0.03527	0.010615	0.0385103
0.033164	0.00794392	0.0383755
0.0225864	0.0121083	0.0371417
0.0289573	0.0100164	0.0378042
0.0199536	0.00982049	0.0369061
0.026804	0.0134103	0.0377318
0.0277648	0.013069	0.0376731
0.0216634	0.00965381	0.0370895
0.0308384	0.00749843	0.0379963
0.0318497	0.00542404	0.0381352
0.0294728	0.00941255	0.0379487
0.0358884	0.0102237	0.0385661
0.0328854	0.0151145	0.0381595
0.0359903	0.00956161	0.0386212
0.0349272	0.0130896	0.0383965
0.0268299	0.0113444	0.0376143
0.0383414	0.00887377	0.038713
0.0271197	0.011999	0.0376835
0.0322081	0.0102041	0.0382332
0.0307186	0.00903205	0.0379665
0.0258039	0.0116251	0.0375315
0.0267908	0.0088248	0.0376057
0.0280795	0.00940409	0.0377797
0.0277113	0.00773347	0.0377419
0.0277052	0.0114627	0.0377054
0.0313344	0.00909151	0.0380656
0.0323813	0.010126	0.0381961
0.0350973	0.00708912	0.0383297
0.0308722	0.00960788	0.0380051
0.0254962	0.0135331	0.0374966
0.0308908	0.0126197	0.0379847
0.0275471	0.00861748	0.0376488
0.0280374	0.0112515	0.0377714
0.0303379	0.0114128	0.0379942
0.0307219	0.00855588	0.0380629
0.0304328	0.0132288	0.0379035
0.0229065	0.00947864	0.0371371
0.0378659	0.00788918	0.0388389
0.0290326	0.00817696	0.0378315
0.0160684	0.0113344	0.0366302
0.0298397	0.0124997	0.0378523
0.0318509	0.00945954	0.0381399
0.0317756	0.00591777	0.0381139
0.0312675	0.0127216	0.0381143
0.0304638	0.0130736	0.0380864
0.0319439	0.0130693	0.0381893
0.0271578	0.0126382	0.0377093
0.0296445	0.0112173	0.0379145
0.0185585	0.0105527	0.0367902
0.0282202	0.0127726	0.0378743
0.022482	0.00969484	0.0371931
0.0302093	0.00968463	0.0380062
0.0337513	0.0108702	0.0383807
0.0312892	0.0110724	0.0381437
0.0301245	0.0120742	0.0379562
0.0330977	0.0117467	0.0381973
0.037468	0.00889865	0.0387669
0.0354636	0.00926907	0.0384036
0.0282518	0.0103111	0.0377902
0.0289361	0.00903786	0.0378749
0.0291935	0.0122118	0.037884
0.0340121	0.0124121	0.0383782
0.0295885	0.00987742	0.037907
0.0253915	0.00999293	0.0375187
0.0286962	0.0075931	0.0378659
0.03372	0.0117259	0.0383637
0.0207243	0.0101016	0.0369943
0.0245971	0.00665368	0.0374486
0.0336711	0.0110662	0.0383123
0.0265498	0.0119971	0.0376282
0.0216286	0.012557	0.037191
0.0343626	0.0135354	0.0383072
0.0321203	0.0108556	0.0382065
0.0370087	0.00595844	0.0386888
0.0319179	0.0108359	0.0380933
0.0254458	0.0115963	0.0375145
0.0303254	0.00439769	0.0379384
0.034819	0.0120966	0.0384822
0.0334735	0.0121368	0.0382186
0.0369301	0.0104453	0.03857
0.0319607	0.0100803	0.0381978
0.0308638	0.0122239	0.0379893
0.0321277	0.0124064	0.0381198
0.0330778	0.00913588	0.0382142
0.0243204	0.00757538	0.0373732
0.0328002	0.00945248	0.0382048
0.031094	0.00770978	0.0381269
0.0260337	0.00624775	0.0375253
0.019518	0.00814581	0.03686
0.0229204	0.00992781	0.0372492
0.0344799	0.010843	0.0383594
0.0277926	0.00928004	0.0376966
0.0357242	0.0107265	0.0384544
0.0237567	0.0108152	0.0373095
0.0259398	0.0128004	0.0375309
0.0306338	0.0067215	0.0380939
0.0337146	0.01192	0.0384021
0.0315547	0.0128355	0.0380662
0.0300097	0.0120124	0.0379569
0.0283987	0.00881548	0.0377913
0.0341696	0.0110088	0.038338
0.0288109	0.00968502	0.037803
0.0297982	0.0133348	0.0379866
0.0261101	0.00772928	0.0375616
0.0337362	0.00755586	0.0383012
0.0195952	0.00883048	0.0369398
0.0356078	0.0119606	0.0384829
0.0271637	0.0132885	0.0377114
0.033308	0.0105161	0.0382369
0.0323149	0.00936939	0.0381556
0.0165625	0.0118601	0.0365269
0.0299193	0.00521204	0.0379582
0.0289772	0.00849509	0.0378451
0.0211942	0.00887313	0.037105
0.030075	0.00900799	0.0379649
0.023221	0.011373	0.0372285
0.0318634	0.00971009	0.0381286
0.0353155	0.0111909	0.0385558
0.0324317	0.0058566	0.0382241
0.0353697	0.0109713	0.0385282
0.0292569	0.0080695	0.03786
0.0229003	0.0124391	0.0372686
0.0199587	0.008285	0.0368517
0.0348034	0.0118146	0.0385128
0.0299739	0.0114797	0.0379173
0.022563	0.0142924	0.0372456
0.024682	0.0120514	0.0375136
0.0317725	0.0102462	0.0381704
0.0284588	0.0108534	0.0377657
0.0284726	0.00546318	0.03781
0.0308667	0.0128496	0.0379966
0.0328283	0.00751299	0.0382804
0.0361193	0.00759401	0.0384966
0.0250005	0.0108529	0.0374268
0.0321377	0.00939965	0.0382283
0.0190494	0.0120133	0.0369497
0.0301303	0.00633313	0.0380241
0.0332644	0.00942681	0.0382561
0.0309097	0.0114274	0.0380134
0.0290042	0.00987414	0.0378498
0.0360093	0.00870427	0.0386451
0.0250079	0.0105088	0.0374383
0.0294407	0.00743013	0.0378181
0.0292203	0.00741919	0.0378576
0.036702	0.00309684	0.038508
0.0251085	0.0112096	0.0374936
0.0253914	0.00373623	0.0376254
0.0276295	0.0111562	0.0377408
0.0341415	0.00722895	0.0383303
0.0303707	0.00630031	0.0379607
0.0355669	0.0129265	0.0385729
0.0266849	0.00920557	0.0375838
0.026014	0.0100445	0.037516
0.0303483	0.011604	0.037987
0.0313589	0.0113471	0.0381179
0.0154065	0.00844674	0.0365662
0.0257782	0.0114972	0.0376055
0.0308423	0.0064661	0.0381372
0.0239493	0.00930233	0.0373533
0.0376175	0.0100149	0.0387262
0.0273398	0.00809861	0.0377239
0.023297	0.00755289	0.0372724
0.0245475	0.00940831	0.0374413
0.0310423	0.00716209	0.0380166
0.037817	0.0149257	0.038814
0.0289893	0.0124666	0.0378535
0.0335412	0.00846449	0.03828
0.0294933	0.0129931	0.0379359
0.0316707	0.0106205	0.0380955
0.0312446	0.00541061	0.0380704
0.0303232	0.0101826	0.0379691
0.0228991	0.011197	0.0372464
0.0272426	0.00898534	0.0376954
0.0239597	0.0102618	0.037293
0.0379879	0.0122992	0.0387329
0.0310963	0.0138237	0.0380903
0.0230243	0.0103863	0.0372353
0.0292138	0.00809892	0.037874
0.0260378	0.00537015	0.0374945
0.030005	0.0105581	0.0379287
0.0362625	0.00743173	0.0385096
0.0371464	0.010671	0.0386148
0.0269377	0.00953675	0.0376563
0.0293504	0.00991241	0.0378779
0.0346568	0.00724136	0.0383583
0.024144	0.00756809	0.0374143
0.0367625	0.00976393	0.0385936
0.0378956	0.0104845	0.0387391
0.0355285	0.0104989	0.0384677
0.0332103	0.00635896	0.038273
0.033025	0.0114445	0.0382581
0.0282352	0.00632219	0.037795
0.0343484	0.0103975	0.0385171
0.0290235	0.0106411	0.0378542
0.0334547	0.0069537	0.0382442
0.0362704	0.0103656	0.0385057
0.0238507	0.0117302	0.0373866
0.0261753	0.0103066	0.0375584
0.0240441	0.0115836	0.037358
0.0319498	0.014408	0.0381458
0.0288138	0.010637	0.037822
0.0350172	0.00404379	0.0385735
0.0317	0.00707462	0.0381735
0.0315015	0.00713902	0.038085
0.0255524	0.00887057	0.037529
0.0270085	0.0115116	0.037652
0.0291987	0.00918649	0.0378689
0.0322886	0.00638857	0.0382254
0.0347887	0.00675706	0.0383622
0.0266085	0.00599335	0.0375784
0.0325244	0.0124326	0.0381306
0.0258143	0.00197953	0.0375763
0.0230939	0.0111951	0.0372655
0.0299277	0.00963727	0.0379267
0.0410133	0.0117631	0.0390561
0.0262294	0.00668909	0.0376356
0.0345455	0.0126868	0.0383568
0.0296224	0.0109107	0.0379626
0.036763	0.00963256	0.038623
0.0321848	0.00893589	0.0381336
0.034543	0.0105783	0.0384374
0.0242662	0.0103934	0.0373609
0.0279523	0.00713535	0.0377402
0.0321195	0.0110192	0.0381329
0.035164	0.0136286	0.0385613
0.0310129	0.0102799	0.0380276
0.0273053	0.0092533	0.0376954
0.0399715	0.00847694	0.0389544
0.024362	0.0113369	0.0373007
0.0231622	0.00890427	0.0373108
0.0325851	0.00902757	0.038135
0.0239891	0.00495191	0.0374145
0.0265375	0.0131761	0.0375621
0.0233279	0.0128591	0.0373154
0.0325406	0.00991822	0.0381963
0.0357637	0.0105416	0.0385036
0.0355658	0.0115866	0.0385557
0.0301585	0.0104157	0.0379954
0.023323	0.00862448	0.0372843
0.0330205	0.0128931	0.0383047
0.0315814	0.0128348	0.0381432
0.0403734	0.0122651	0.0388703
0.0289629	0.0122964	0.0378814
0.0326525	0.00977679	0.0382406
0.0284938	0.0114932	0.0378111
0.0329218	0.0102422	0.0382331
0.0306336	0.0133952	0.0379674
0.0269989	0.00824536	0.037669
0.0303531	0.014725	0.0378411
0.0294595	0.00911884	0.0379318
0.0201759	0.00814547	0.0369098
0.0224083	0.0127631	0.0373117
0.0344958	0.00950044	0.0383518
0.0248628	0.00866143	0.0374319
0.0374032	0.0116347	0.0387323
0.0291894	0.0112233	0.0378838
0.0328691	0.011023	0.0382729
0.0250783	0.00837188	0.0374246
0.0309466	0.0130541	0.0380954
0.0269891	0.00683562	0.0376589
0.0292659	0.014538	0.0379072
0.0345015	0.0118651	0.0383903
0.0365993	0.0107741	0.0386847
0.0258724	0.012455	0.0374845
0.0343215	0.0116177	0.0383497
0.0323027	0.00992982	0.0381525
0.0295874	0.00913471	0.0379429
0.0240945	0.00916861	0.0374024
0.0273169	0.00931043	0.0376913
0.0242357	0.0128204	0.0373765
0.0288539	0.00705	0.0378243
0.0336391	0.00918482	0.038308
0.0286697	0.00927	0.0377935
0.0305039	0.00728086	0.0380712
0.0352898	0.0131632	0.0384176
0.0386716	0.0119065	0.0387629
0.0256077	0.0111886	0.037542
0.0290883	0.00987896	0.0378827
0.0289204	0.0123816	0.0378023
0.0296695	0.0111467	0.0379093
0.0262062	0.0103478	0.0375462
0.0208557	0.00814579	0.0370163
0.0298078	0.0111478	0.037939
0.0338692	0.0110548	0.0383453
0.0223273	0.0121728	0.0371076
0.0326239	0.00969909	0.0381866
0.0275825	0.00538217	0.0376819
0.0197622	0.00896698	0.0369092
0.0358955	0.00938501	0.0385564
0.0301563	0.0125704	0.0380304
0.033006	0.0127915	0.0381799
0.0317745	0.00645666	0.0381362
0.0226828	0.00709909	0.0373843
0.0277945	0.0135264	0.0377164
0.0334633	0.0117058	0.0382712
0.0331329	0.0103533	0.0382494
0.0282553	0.00920909	0.037751
0.0315257	0.0103613	0.0380562
0.0319279	0.00728234	0.038043
0.0277934	0.0111874	0.0377449
0.0181918	0.0116214	0.0366129
0.0273798	0.0103746	0.0377013
0.0152925	0.0106149	0.0364543
0.0319014	0.0115836	0.0380954
0.0220396	0.0118679	0.0371685
0.0289064	0.0126247	0.0377621
0.0360887	0.0116421	0.0385378
0.0255786	0.0104004	0.0375079
0.0292139	0.0148354	0.0378758
0.0265591	0.00846619	0.0375856
0.0366609	0.00890858	0.0385418
0.0299206	0.0104043	0.0378965
0.0270651	0.0113486	0.0377355
0.0226103	0.00744912	0.0372245
0.0355315	0.00701067	0.0385276
0.0302105	0.00994955	0.0379402
0.0311498	0.0113614	0.0380437
0.0282594	0.00963019	0.0377719
0.0280126	0.0123566	0.03771
0.0353537	0.009496	0.0385535
0.0271269	0.0110687	0.0376356
0.0367265	0.00991806	0.038581
0.0251901	0.00651995	0.0375165
0.0242509	0.00933712	0.0373859
0.0308315	0.0141292	0.0380381
0.024159	0.0137549	0.0372611
0.0329881	0.0106651	0.0382887
0.0177811	0.0111929	0.0367959
0.0155767	0.00986675	0.0365451
0.0234878	0.00685189	0.0373085
0.0341536	0.0118246	0.0383364
0.0253863	0.01223	0.037413
0.025202	0.0100897	0.0375261
0.029368	0.00950207	0.0379323
0.0308022	0.0106669	0.0380549
0.0241931	0.0112322	0.0372811
0.0289594	0.0123952	0.0378807
0.0330934	0.0107424	0.0383119
0.0282176	0.00664665	0.0378099
0.0376455	0.0142766	0.0386556
0.0269712	0.0124005	0.0376816
0.0332978	0.0113278	0.0383398
0.0279101	0.00789109	0.037732
0.0305877	0.0130369	0.0380412
0.0328178	0.0106404	0.0382297
0.0364369	0.00821381	0.0386431
0.0247265	0.00906737	0.0374679
0.0366363	0.00867377	0.0385559
0.0235181	0.0107974	0.0373467
0.0295598	0.0119945	0.0379103
0.0275974	0.00818883	0.0377006
0.0331628	0.0120494	0.0383501
0.0223302	0.0108713	0.0371826
0.0312599	0.00703161	0.0381005
0.02601	0.0113749	0.0375758
0.0291947	0.0121527	0.0379094
0.0394834	0.0140065	0.0388128
0.0316435	0.0112555	0.0381517
0.0216796	0.0106749	0.0370306
0.0322472	0.0101067	0.0381375
0.0210916	0.0134325	0.0371809
0.0310021	0.00772241	0.0380485
0.0359043	0.00742039	0.0385526
0.0236521	0.0114453	0.0373042
0.0260764	0.00726518	0.0375533
0.0279176	0.0075577	0.0377383
0.0272385	0.0137428	0.0377212
0.0398294	0.011377	0.0389927
0.0293579	0.012889	0.0377996
0.0279749	0.00932157	0.0377362
0.0258858	0.0100814	0.037547
0.0331325	0.00767086	0.0382302
0.0282036	0.00782486	0.0378169
0.0207677	0.00792212	0.0370658
0.0296466	0.0130913	0.0379519
0.0311568	0.0116179	0.0380169
0.0324662	0.0119746	0.038247
0.0271258	0.007828	0.0377271
0.0233224	0.010383	0.0372828
0.0422337	0.0104343	0.0390469
0.0324201	0.011876	0.038283
0.0281019	0.00915583	0.0377565
0.0221767	0.0111199	0.0371856
0.0261827	0.0123127	0.0376577
0.0408008	0.0101041	0.0389783
0.0245537	0.00771822	0.0373885
0.0324296	0.00602173	0.0381386
0.0243324	0.0110286	0.0374001
0.0260369	0.00555171	0.0375789
0.0252366	0.00726068	0.0374353
0.0312665	0.00778669	0.0380467
0.0285546	0.00690974	0.037866
0.0298503	0.0126578	0.0379357
0.0323005	0.0137247	0.038237
0.0306078	0.00960125	0.0380478
0.0281545	0.00719637	0.037782
0.02627	0.00564614	0.0375524
0.0264154	0.0101874	0.0375947
0.03632	0.0100575	0.038531
0.0307184	0.00964414	0.0379765
0.0216808	0.0100692	0.0371066
0.0262131	0.00970987	0.0375966
0.0286196	0.0134024	0.0378304
0.0274887	0.00894526	0.0377127
0.0374681	0.0115332	0.0386806
0.0385205	0.0114064	0.0386836
0.0294727	0.00805715	0.0378373
0.0289019	0.00789596	0.0379072
0.0294408	0.0137144	0.0378535
0.0266193	0.00923467	0.037662
0.0277161	0.003878	0.0376757
0.0360917	0.0126343	0.0386867
0.0282084	0.00688819	0.0377709
0.0348167	0.00842328	0.0383739
0.0298815	0.00733157	0.0379515
0.0329955	0.00865353	0.038228
0.0296512	0.0130428	0.0378837
0.0331766	0.00690083	0.0383205
0.031623	0.0115923	0.0381093
0.0356907	0.0104853	0.0384536
0.0299008	0.0113318	0.0379667
0.0375977	0.0107998	0.0387519
0.0371405	0.00899541	0.0386272
0.0272681	0.00704368	0.0376221
0.0336029	0.0122278	0.038326
0.0211592	0.007386	0.0369467
0.0316242	0.00932751	0.0381435
0.027753	0.0108619	0.0377093
0.0372841	0.00815351	0.038771
0.0293477	0.0118485	0.0379091
0.0317733	0.01232	0.0381108
0.0286735	0.00961231	0.0378158
0.0268015	0.0116363	0.0376537
0.0299244	0.00894241	0.0379341
0.0281595	0.0105882	0.0377491
0.0178527	0.0131263	0.0367903
0.02556	0.013755	0.0375003
0.0351054	0.0100718	0.0384128
0.0306536	0.00548206	0.037978
0.0251186	0.00772701	0.0375001
0.0389419	0.0118334	0.0389356
0.0346715	0.0126873	0.0383658
0.0187816	0.00865835	0.0368061
0.0221581	0.0135713	0.0371397
0.0305321	0.00861842	0.0379861
0.027744	0.00845543	0.0377834
0.0295316	0.0115559	0.0379118
0.025939	0.00724462	0.0375076
0.0305555	0.00961666	0.0380176
0.0276031	0.0113976	0.0377267
0.0359254	0.00972657	0.0385884
0.0326574	0.0103655	0.0381908
0.0356217	0.00882814	0.0385624
0.024061	0.0111181	0.0372757
0.0343048	0.0113859	0.0383322
0.0298174	0.0131896	0.0379456
0.0341746	0.0082544	0.0383343
0.0339651	0.0126143	0.0383148
0.0283348	0.0111783	0.0377875
0.0385407	0.0090887	0.0387243
0.0245847	0.00919981	0.0373552
0.0303835	0.00811117	0.0379875
0.0369247	0.00918601	0.0387302
0.0379424	0.0118941	0.038847
0.0357189	0.00939604	0.038508
0.0308867	0.00788392	0.0380753
0.0287458	0.0127137	0.0378863
0.0322123	0.0076431	0.038175
0.0185351	0.00911177	0.0367639
0.0231227	0.0100868	0.0373237
0.029806	0.00628528	0.0379266
0.0383847	0.0117716	0.0388392
0.0327517	0.0137432	0.0383263
0.028215	0.00827927	0.0377385
0.0227249	0.00755682	0.0372309
0.0228432	0.00669869	0.0372041
0.0304898	0.0132273	0.0379005
0.0362986	0.0116893	0.0385046
0.0245394	0.0102526	0.0373293
0.0279305	0.0119368	0.0377795
0.0291318	0.00841513	0.0378642
0.0318868	0.0129806	0.0382242
0.0352428	0.00859335	0.0384296
0.027743	0.0122935	0.0377388
0.0293252	0.0105844	0.0378485
0.0248164	0.0104106	0.0374572
0.0240494	0.0112091	0.0373599
0.0376321	0.0112212	0.0387073
0.0259632	0.00988999	0.0375576
0.024987	0.0135885	0.037506
0.0322744	0.0121295	0.0381686
0.0302588	0.00939033	0.0380171
0.0251023	0.0107431	0.0374844
0.0268184	0.0132725	0.0375224
0.0268798	0.00945359	0.037577
0.0313724	0.0117024	0.0380712
0.0313555	0.0126007	0.0380075
0.0308164	0.0144292	0.0380458
0.0317126	0.0103085	0.0380862
0.033212	0.0109178	0.0382873
0.0284206	0.00800922	0.0377744
0.0290513	0.0113008	0.0378216
0.029905	0.00515079	0.0379916
0.0311692	0.0123339	0.0380714
0.0179046	0.0130318	0.0365972
0.0318539	0.00888252	0.038148
0.041702	0.00997362	0.0390918
0.029711	0.00871014	0.0379491
0.0252022	0.0112229	0.0374532
0.0316771	0.0118453	0.0380641
0.024411	0.0129214	0.0373833
0.0289145	0.0078163	0.0378195
0.0276664	0.0120938	0.0377314
0.0297973	0.00886024	0.0379142
0.0313447	0.00933694	0.0380345
0.0292653	0.00866731	0.0378486
0.0279858	0.0115482	0.0377281
0.0333359	0.0117102	0.0382429
0.0292495	0.0113237	0.0379006
0.0287511	0.0113964	0.0378349
0.03446	0.00817014	0.038364
0.0285813	0.0122675	0.0378352
0.0342887	0.00897252	0.0383694
0.0343403	0.0125644	0.0383591
0.03437	0.0107429	0.0383639
0.0268294	0.0114228	0.0375721
0.0316849	0.0108889	0.0381882
0.0306259	0.0124768	0.0380172
0.03303	0.00827094	0.0382544
0.0324402	0.0117759	0.0381776
0.0260708	0.00735727	0.0375477
0.0309479	0.0105115	0.0380215
0.0306206	0.00706394	0.0380069
0.0201424	0.0113384	0.0368432
0.0280987	0.00923536	0.0377669
0.0239194	0.0114799	0.0373924
0.0370452	0.0147302	0.0386424
0.0237654	0.0152886	0.0373147
0.0332875	0.0117351	0.0382247
0.0251914	0.00366431	0.03745
0.0212411	0.0105005	0.0370978
0.0334749	0.0132465	0.0382585
0.0211449	0.00531145	0.037007
0.0342146	0.00950651	0.0383525
0.0348028	0.010138	0.0384661
0.0260679	0.00861165	0.0375505
0.0356958	0.0110944	0.0384851
0.0346192	0.0127656	0.0383921
0.0354845	0.00979125	0.0385325
0.0278285	0.00881726	0.0377276
0.0375507	0.00918979	0.0386746
0.0177765	0.0111174	0.0367239
0.0315302	0.0110642	0.0380855
0.0265668	0.00909489	0.0376123
0.0304348	0.0104413	0.0379776
0.028317	0.00753323	0.0377726
0.0277382	0.0104547	0.0377562
0.0284482	0.0119383	0.0378339
0.0280598	0.0106998	0.0377022
0.0349064	0.0112081	0.0384009
0.0248966	0.00973619	0.0374691
0.0263344	0.0102478	0.0375533
0.0331114	0.0124323	0.0382233
0.0311037	0.0115996	0.0381316
0.0259298	0.011169	0.0374818
0.0322196	0.0109882	0.038128
0.0348072	0.0101958	0.0384253
0.0323879	0.0114722	0.0382573
0.0247656	0.0111307	0.0374753
0.0349824	0.0108641	0.0383712
0.0241942	0.00841835	0.0373398
0.0301907	0.0063326	0.0378767
0.0306255	0.0069804	0.0381202
0.0353901	0.0115154	0.0384552
0.0311551	0.0143475	0.0381078
0.0197839	0.00964784	0.036917
0.0313229	0.0129215	0.0381378
0.035507	0.00996656	0.0384108
0.0282402	0.0107198	0.0377973
0.0335307	0.0087442	0.0383005
0.0338648	0.0114591	0.0383951
0.0232284	0.0130844	0.0371764
0.0268784	0.00815112	0.0376212
0.0292959	0.00744375	0.0379028
0.0248767	0.00813829	0.0374243
0.0250004	0.00958042	0.0374477
0.0291142	0.00998321	0.0378636
0.0280837	0.00936885	0.0377624
0.0298018	0.0113953	0.0379103
0.0305693	0.0143493	0.0381257
0.0306671	0.00883583	0.0380099
0.0287511	0.00607766	0.0377332
0.0319592	0.00942256	0.0382004
0.0230087	0.005474	0.0372635
0.0238064	0.0103033	0.0373079
0.0298178	0.0125731	0.0378952
0.0228458	0.00966147	0.0371456
0.0295142	0.0121709	0.0378993
0.0306257	0.00878235	0.0379836
0.0363247	0.0117058	0.0386767
0.030321	0.0125173	0.0379775
0.0255578	0.0126767	0.0375084
0.0272503	0.00981915	0.037683
0.0352176	0.0123998	0.0384256
0.0252669	0.0101815	0.037517
0.0334538	0.011266	0.0383642
0.0271628	0.00869912	0.0376714
0.0253601	0.0117342	0.037489
0.0314024	0.010115	0.0381433
0.0357899	0.00722431	0.0385023
0.0263404	0.012081	0.0375897
0.0277778	0.00819051	0.0377434
0.0376511	0.00586971	0.0387805
0.0306922	0.00697327	0.0380319
0.030633	0.00835468	0.0380043
0.0251793	0.0121027	0.0375226
0.0243903	0.010201	0.0374048
0.0263686	0.0103005	0.0376034
0.0297996	0.0104314	0.0379528
0.0292558	0.0138859	0.0379261
0.0369148	0.00827623	0.0385577
0.0298132	0.0122536	0.0379353
0.0324474	0.0122791	0.0381672
0.0376907	0.0121485	0.0387846
0.0249095	0.00526849	0.0373577
0.0255711	0.00779543	0.0374741
0.0216644	0.0114562	0.037113
0.023041	0.0089002	0.0373713
0.0295478	0.00813903	0.0378823
0.0389638	0.0126967	0.0389079
0.0316723	0.0114983	0.0381042
0.0143162	0.0107334	0.036286
0.0339427	0.00854137	0.0383062
0.0385626	0.00734629	0.0386533
0.0319163	0.0130578	0.0382306
0.0270693	0.0077631	0.0376675
0.0281036	0.00809563	0.0378205
0.0315696	0.00789614	0.0381074
0.0247605	0.00969175	0.037431
0.0292097	0.010226	0.0379237
0.0274144	0.0110417	0.0376695
0.0237202	0.00613422	0.0373802
0.0384081	0.0110283	0.0388421
0.0336014	0.00844353	0.0383677
0.0252902	0.0133432	0.0373563
0.0275969	0.0150232	0.0377072
0.0372985	0.00901813	0.0387842
0.0387939	0.010096	0.0388623
0.0330968	0.00941243	0.0382832
0.0268958	0.0110558	0.0376572
0.0350123	0.0109354	0.0383996
0.0330912	0.0114062	0.0383209
0.0248132	0.00906471	0.0374358
0.0332617	0.0100676	0.0383131
0.0302419	0.00928387	0.0379623
0.029918	0.0108428	0.037919
0.0325054	0.00860765	0.0381728
0.0294892	0.0121132	0.0379339
0.0358239	0.00841127	0.0384948
0.0315456	0.00877697	0.0380769
0.0237643	0.00935266	0.037314
0.0237228	0.0113583	0.0373983
0.0409234	0.0101595	0.0390272
0.0341524	0.00875043	0.0382791
0.0320375	0.0109202	0.0381761
0.0232705	0.0144205	0.0374052
0.034068	0.0118605	0.0383334
0.0383366	0.012048	0.0387184
0.0279526	0.00832281	0.0377623
0.0308171	0.00963318	0.0380741
0.0293109	0.00909857	0.0378899
0.0436203	0.00972989	0.0392149
0.0281328	0.00771195	0.0377539
0.0317724	0.010678	0.0381006
0.0305336	0.0127094	0.0380269
0.0304364	0.0143499	0.0380556
0.0327493	0.0109745	0.0382813
0.0345883	0.0106199	0.0384112
0.0265407	0.00908767	0.0376443
0.027412	0.00974814	0.0376527
0.0303122	0.00995325	0.037945
0.0330339	0.0129591	0.0382572
0.0379518	0.00864236	0.0386169
0.0392026	0.00697504	0.0388969
0.0319929	0.0121983	0.0381419
0.0309446	0.00789509	0.0380497
0.0298239	0.012347	0.0378982
0.0309121	0.0120391	0.0380789
0.0361994	0.0109207	0.0386005
0.0338239	0.00681658	0.0383223
0.0298424	0.0074779	0.0379462
0.0341443	0.00797185	0.0384774
0.0271843	0.0111468	0.0376895
0.0169353	0.0109937	0.0366365
0.0277476	0.00861983	0.0376883
0.023642	0.0074364	0.0372999
0.0333731	0.003238	0.0384993
0.0307823	0.0108015	0.0380647
0.0212225	0.00693075	0.0370715
0.0336602	0.0121007	0.0382691
0.0260474	0.0100251	0.0375541
0.0363481	0.0142746	0.0384672
0.0394989	0.0111867	0.0388661
0.0292207	0.0106379	0.0378657
0.0307412	0.0132294	0.0380289
0.024979	0.00913594	0.0374808
0.0273718	0.0106938	0.0376797
0.0295114	0.0119128	0.0378768
0.0280427	0.0105838	0.0377254
0.0342876	0.00853891	0.0383402
0.0331878	0.0121736	0.0382002
0.0220522	0.0117571	0.0371684
0.0287515	0.00780333	0.0378166
0.0384066	0.00786304	0.0387773
0.0237528	0.00754418	0.0373094
0.0243023	0.00803631	0.0374121
0.0270074	0.0110718	0.0376264
0.0293956	0.00875466	0.0378537
0.022677	0.0111177	0.0372768
0.0330949	0.00906109	0.0382262
0.0242502	0.0114884	0.0373122
0.0336948	0.00486485	0.0382527
0.0288319	0.0113443	0.0378648
0.0331902	0.0103803	0.0382767
0.0279379	0.00750822	0.0377401
0.0353121	0.0115117	0.0384559
0.0379726	0.0102677	0.0388687
0.0327252	0.0111918	0.0382393
0.0328583	0.0121599	0.0382309
0.0236067	0.00965943	0.0372959
0.0245714	0.011572	0.0374414
0.0312655	0.011071	0.0380555
0.0336784	0.0133242	0.0383746
0.0385021	0.0126433	0.0388774
0.0322518	0.00843036	0.0382216
0.0276817	0.0109348	0.0376935
0.0221368	0.0121856	0.0371226
0.0276571	0.0112548	0.0377277
0.0341023	0.00702185	0.0383786
0.0331736	0.0120929	0.0382612
0.0244351	0.0132693	0.0374308
0.0215945	0.0122348	0.03721
0.0279113	0.010613	0.0377328
0.0280504	0.013865	0.0377232
0.0309609	0.00304798	0.0381396
0.0365975	0.0112602	0.0387209
0.0367457	0.0114089	0.0385426
0.0373026	0.00982047	0.0387656
0.0293518	0.012426	0.0378806
0.031857	0.00840629	0.0382008
0.0275123	0.0133871	0.0377447
0.035271	0.00872986	0.0384697
0.0260478	0.0119871	0.0375837
0.0318468	0.0107168	0.0381021
0.0294368	0.00847648	0.03791
0.0342942	0.00833098	0.0383406
0.0297243	0.00970346	0.0379234
0.0280908	0.0059325	0.0377498
0.0412876	0.0117509	0.0392071
0.0330071	0.00718933	0.0382234
0.0358059	0.00809243	0.0385198
0.0302135	0.00886264	0.0379654
0.0363169	0.0128643	0.0385257
0.0279144	0.0129869	0.0377385
0.0325747	0.0104095	0.0381929
0.0309521	0.0104042	0.0380459
0.0344082	0.00875121	0.0382982
0.0292469	0.00964578	0.0379289
0.0365667	0.0121835	0.038598
0.0286834	0.00812662	0.0378423
0.0351999	0.0119141	0.0384263
0.0309976	0.0122477	0.0380755
0.0322544	0.0113522	0.0381685
0.0293442	0.00813039	0.0378833
0.0308456	0.00977952	0.0380614
0.0345143	0.00982108	0.0384467
0.0244144	0.0101331	0.0374461
0.0268629	0.013711	0.0375039
0.0270998	0.00788822	0.0376792
0.0255459	0.0108531	0.0374447
0.0266388	0.00841838	0.0376149
0.0369405	0.00871488	0.0385615
0.029515	0.00537162	0.037841
0.0302907	0.00957712	0.0379508
0.0267648	0.0055711	0.0376348
0.0253538	0.0111562	0.0374894
0.0283215	0.0116102	0.0377978
0.0301302	0.0100561	0.0379411
0.0303374	0.00705237	0.0379638
0.0233366	0.0110277	0.037274
0.0236184	0.013041	0.0372164
0.0267792	0.0143858	0.0375881
0.0261577	0.0106352	0.0375558
0.0271019	0.0113256	0.037666
0.0380955	0.00991804	0.0386753
0.0315256	0.0116165	0.038103
0.0346989	0.00949714	0.0385414
0.0340425	0.010759	0.0383225
0.0310854	0.0121125	0.0381047
0.0343447	0.0080497	0.0383811
0.0379489	0.00938512	0.0388053
0.0332735	0.0109764	0.0382325
0.0273992	0.0081494	0.0376814
0.0374766	0.00587654	0.038606
0.026451	0.00591668	0.0376333
0.0360748	0.00883286	0.0385697
0.042273	0.0121009	0.039131
0.0261781	0.010296	0.0375774
0.0346788	0.0070265	0.0383617
0.0282825	0.00887124	0.0377867
0.0223778	0.00892677	0.0372217
0.0314581	0.012461	0.0380472
0.0305887	0.00978946	0.0379939
0.0168179	0.0114222	0.0367076
0.0318569	0.00878527	0.0381818
0.0289391	0.0120966	0.037839
0.0261572	0.0106896	0.0375862
0.0253161	0.00966705	0.0374863
0.0310509	0.0108751	0.0380483
0.0338665	0.00657644	0.0383795
0.0327429	0.00543315	0.0382713
0.0314814	0.0103202	0.0381352
0.0271162	0.0108769	0.0376864
0.0298291	0.00943221	0.0378986
0.0281623	0.0124751	0.037749
0.0264195	0.0134776	0.0375964
0.0298922	0.00846276	0.0379064
0.0314294	0.0105419	0.0380662
0.0299491	0.00893287	0.0379136
0.0319378	0.0101256	0.0381638
0.0326443	0.0109626	0.0382641
0.0346041	0.0078692	0.0383026
0.0377504	0.00803596	0.0387427
0.0331817	0.0101254	0.0382174
0.0326994	0.00822105	0.0382686
0.0295899	0.0116684	0.0379725
0.0360072	0.00918167	0.0385335
0.0323996	0.0107802	0.0381931
0.0238747	0.0066406	0.0374016
0.0256562	0.0116171	0.0375835
0.0373149	0.0109154	0.0387609
0.033124	0.00598419	0.0382745
0.0270742	0.0105687	0.0376804
0.0272994	0.0124941	0.0376161
0.0207468	0.0102955	0.0368853
0.0300274	0.0100769	0.0379295
0.0369894	0.00830549	0.0385871
0.0416581	0.0086773	0.0392188
0.0352367	0.00927423	0.0385717
0.0323078	0.00194082	0.0382044
0.0272272	0.00744796	0.0376834
0.0338758	0.0106472	0.0383318
0.0335068	0.0126585	0.0383368
0.0330327	0.00428618	0.0381815
0.0192789	0.0104777	0.0369459
0.0246453	0.00689803	0.0374241
0.025686	0.00783338	0.0374964
0.0301879	0.0104369	0.0379519
0.0227739	0.00533737	0.0374002
0.0310082	0.0112848	0.0380376
0.0305131	0.0134344	0.0379969
0.0234173	0.00503459	0.0372961
0.0328826	0.0137758	0.0381332
0.0225334	0.00938794	0.0372261
0.0273208	0.011071	0.0376818
0.0155378	0.0115219	0.036314
0.0348017	0.00895533	0.0384944
0.0268745	0.0115083	0.0376973
0.0275187	0.0123211	0.0377349
0.0337242	0.00765543	0.0383201
0.0230358	0.0105236	0.0372396
0.0350481	0.0098145	0.0384283
0.0288408	0.00946381	0.0378049
0.0324797	0.00948281	0.0382215
0.0364006	0.0112975	0.038659
0.0318214	0.0109556	0.0381915
0.0322613	0.00609456	0.0381391
0.0343905	0.00582858	0.0384876
0.0297594	0.00769149	0.0378905
0.0331278	0.00939339	0.0383331
0.0242242	0.0113844	0.0373903
0.0306298	0.0115583	0.0380043
0.0393083	0.0122269	0.0388385
0.0238488	0.00925224	0.0373694
0.0238078	0.0122477	0.0373189
0.0318049	0.0138093	0.0381566
0.0245162	0.0101944	0.0373697
0.0268184	0.0058701	0.0376717
0.0289207	0.0121352	0.0378877
0.0301164	0.00953981	0.0379501
0.0339765	0.00910434	0.0384526
0.0282257	0.0086716	0.0377771
0.0449493	0.0134373	0.0395157
0.0230327	0.0125953	0.0371538
0.0275209	0.0110848	0.0377672
0.0192018	0.00915413	0.0369227
0.0297911	0.0128107	0.037937
0.0351088	0.00826979	0.0385657
0.0284614	0.00876996	0.0377984
0.0231894	0.011334	0.0372517
0.0255979	0.0117459	0.0375319
0.0338483	0.00937177	0.0383062
0.0294953	0.0100135	0.0378639
0.0330018	0.0109496	0.0382132
0.0310949	0.00750907	0.0381414
0.0223097	0.0146464	0.0370579
0.0370441	0.00859796	0.0386511
0.0295552	0.0143842	0.0379303
0.0309185	0.00925437	0.0380792
0.0259285	0.00949227	0.0375772
0.0249736	0.00826225	0.0374608
0.0313656	0.00919434	0.0381032
0.0291274	0.00668281	0.0378651
0.0329383	0.00724283	0.038295
0.0315154	0.0121919	0.0381222
0.0360946	0.0103933	0.0386312
0.0262832	0.00913789	0.0375669
0.0325932	0.00918576	0.0382714
0.0309483	0.00940457	0.0380105
0.0376669	0.0118793	0.0387839
0.0234969	0.0103548	0.0373335
0.0307027	0.0111014	0.0379667
0.0287023	0.0104086	0.0378613
0.0352414	0.0089692	0.0384647
0.0293134	0.0128047	0.0379285
0.0329327	0.0107988	0.038361
0.0256344	0.00901272	0.03752
0.0320307	0.00595023	0.0382004
0.03701	0.0145546	0.0386382
0.0316176	0.0106108	0.0380676
0.0208726	0.0101239	0.0371097
0.0252522	0.00579345	0.0374921
0.0314037	0.0108451	0.0380635
0.0236439	0.00700785	0.0372703
0.0294865	0.00899602	0.0379605
0.0313071	0.0102633	0.0380593
0.0302936	0.0131601	0.0379392
0.0275234	0.0115826	0.0377309
0.0272175	0.00715861	0.0376782
0.0267579	0.00883354	0.0376786
0.0306144	0.0103996	0.0379928
0.0379869	0.00838955	0.0387369
0.0289977	0.010442	0.0378467
0.0307317	0.0116429	0.0380162
0.022131	0.00698819	0.037273
0.0318237	0.0083161	0.0381258
0.0409843	0.00996845	0.039092
0.0289366	0.0147526	0.0378402
0.0325177	0.00892765	0.0382261
0.0366096	0.00934168	0.038698
0.0272977	0.00502269	0.0377606
0.028833	0.00501006	0.0377877
0.0361414	0.0119217	0.0385549
0.0282894	0.0106768	0.0377699
0.0421798	0.0125798	0.0390835
0.0316505	0.00787885	0.0381055
0.02582	0.00962512	0.0375599
0.0362869	0.00883327	0.0384682
0.0275767	0.009207	0.0376987
0.0348282	0.0124968	0.0384229
0.0243454	0.00893532	0.0373516
0.0232387	0.0111737	0.0373344
0.0264068	0.00906091	0.0375818
0.0313118	0.00808958	0.0380689
0.0281758	0.0120829	0.0377996
0.0373009	0.0113837	0.0387593
0.0289772	0.00925756	0.0378523
0.0239834	0.00971153	0.037367
0.0285449	0.0102304	0.0377597
0.0303301	0.00876782	0.0379976
0.0259636	0.00792592	0.037517
0.0314409	0.0102409	0.0381341
0.0250102	0.00933536	0.0374147
0.0328133	0.00880185	0.0381958
0.026784	0.0116499	0.0376553
0.027652	0.0127722	0.037681
0.0260776	0.00959255	0.0376029
0.0314663	0.0114069	0.0381555
0.0251615	0.00681494	0.0374811
0.029798	0.0113496	0.0379259
0.0342102	0.0121094	0.0383394
0.0335042	0.00968203	0.0383156
0.029685	0.0103857	0.0379277
0.0293459	0.00869722	0.0378716
0.0322922	0.0143483	0.0381726
0.0365503	0.00440735	0.0384105
0.0373498	0.0127554	0.0387472
0.024836	0.0125998	0.0374612
0.0281013	0.00832727	0.0377764
0.0218858	0.00884032	0.0371981
0.0320902	0.00842735	0.0381501
0.0197614	0.00921606	0.036803
0.0292042	0.0100792	0.0378657
0.0323751	0.0139043	0.0382164
0.0292888	0.010393	0.037879
0.0206592	0.00782362	0.0370297
0.0233353	0.00918511	0.0373236
0.0303737	0.00722734	0.037963
0.0273071	0.0108177	0.0377013
0.0334945	0.00500513	0.0382439
0.0238157	0.0131523	0.0372936
0.0263376	0.011529	0.0376189
0.0261248	0.0092455	0.037558
0.0207391	0.0104104	0.0370164
0.0348023	0.0121468	0.0383894
0.0330182	0.0103713	0.0382187
0.036517	0.00944951	0.0385501
0.0255073	0.00895523	0.0375036
0.0365634	0.0131237	0.0385144
0.0395792	0.0096092	0.0387986
0.0264534	0.0101575	0.0376407
0.0294692	0.0119382	0.0378928
0.0377305	0.00665679	0.0388223
0.0244119	0.0104749	0.0374244
0.0311538	0.0106951	0.038062
0.0326994	0.0103913	0.0381726
0.0313232	0.0110483	0.0380653
0.0285941	0.0123585	0.0377655
0.0285318	0.0125039	0.0377593
0.0282864	0.011044	0.0377901
0.032322	0.0105606	0.038173
0.0293811	0.00842694	0.0379515
0.0347626	0.01042	0.0385184
0.0231861	0.0114106	0.0372923
0.0341356	0.0105852	0.0383145
0.0334284	0.00676677	0.0383126
0.0312475	0.00984499	0.0380395
0.0241663	0.0114243	0.0373733
0.0327816	0.0121176	0.0382495
0.0279934	0.0113261	0.03783
0.0355531	0.00721896	0.0385223
0.0257189	0.0156648	0.0374894
0.0309469	0.0124858	0.0380065
0.0260299	0.0104884	0.0375971
0.0327502	0.0114435	0.0382076
0.0378666	0.0140047	0.0387796
0.0315103	0.00992563	0.0380984
0.0244221	0.0115538	0.0373956
0.0345028	0.0148965	0.0383898
0.0294955	0.00836313	0.0379003
0.0354205	0.0100539	0.0385225
0.0319044	0.010508	0.0381013
0.0309456	2.14734e-05	0.038005
0.0262395	0.00771166	0.0376338
0.0256004	0.0112562	0.0375279
0.031391	0.0100152	0.0380819
0.0321083	0.00915827	0.0381233
0.0295267	0.00903525	0.037958
0.0286164	0.0064513	0.0377568
0.0228906	0.00795263	0.0372027
0.0317913	0.0120506	0.0381083
0.0297581	0.00654704	0.0379336
0.0317005	0.00789426	0.0381027
0.0315964	0.00837117	0.0381179
0.0182667	0.0103084	0.0366286
0.0405271	0.0112369	0.039049
0.0313244	0.00921041	0.0380712
0.0349868	0.00803613	0.0384179
0.024378	0.00862463	0.037419
0.0411187	0.0131817	0.0390026
0.0353729	0.0110253	0.0384794
0.0296575	0.010485	0.0378963
0.0265526	0.0115752	0.0376397
0.0239796	0.00875465	0.0373502
0.0347783	0.0125137	0.038409
0.0274083	0.0123299	0.0376508
0.0299214	0.0074287	0.0378845
0.0261626	0.0083758	0.0375558
0.0377331	0.00802588	0.0387054
0.024166	0.00696168	0.0373419
0.0311611	0.0133295	0.0380553
0.0266846	0.0101932	0.0376211
0.0368635	0.0104796	0.0386828
0.0209899	0.0116309	0.0371317
0.0370529	0.00983608	0.0387335
0.0408826	0.0147901	0.0388577
0.0319216	0.0093488	0.0381193
0.0261219	0.00876034	0.0375566
0.0248796	0.0111088	0.0374832
0.0220415	0.0152633	0.0372016
0.03703	0.00537631	0.0387323
0.0319728	0.0123291	0.0381897
0.0355623	0.0103585	0.0384756
0.0254527	0.00945307	0.0375036
0.0284663	0.0078355	0.0378009
0.0214295	0.0111522	0.0369772
0.0353565	0.00923152	0.0384227
0.0290595	0.0125858	0.0378824
0.0295937	0.010019	0.0379065
0.0289561	0.010578	0.0378049
0.0298673	0.0136899	0.0379606
0.0338698	0.0102226	0.0382785
0.023514	0.00933043	0.0372414
0.0420896	0.0117507	0.0391424
0.0282535	0.0130242	0.0377914
0.0349101	0.012145	0.0385344
0.0338542	0.00775569	0.0383331
0.0246129	0.0121579	0.0373271
0.0347305	0.0109696	0.0384017
0.0333786	0.0074235	0.0382628
0.0310331	0.0100601	0.038044
0.027878	0.00735868	0.0377245
0.0265444	0.0103533	0.0375371
0.0243334	0.0114263	0.0373664
0.0265494	0.00642313	0.037566
0.0341726	0.0112292	0.0384027
0.0307278	0.00966825	0.0379984
0.0357686	0.00864069	0.0385895
0.0188677	0.00987639	0.0369791
0.0289658	0.00579365	0.0378054
0.0352903	0.00745416	0.0385854
0.0249613	0.0134336	0.0374619
0.0249017	0.00509845	0.0374199
0.0303674	0.00577923	0.0381079
0.0272367	0.0114674	0.0376167
0.0289156	0.0103076	0.0378432
0.0324049	0.0113521	0.0382383
0.0293668	0.0114418	0.0379428
0.0277782	0.0126984	0.0377403
0.0319774	0.0075469	0.0380537
0.0358771	0.00881121	0.0385113
0.018394	0.0103534	0.0368372
0.0300822	0.0102739	0.0379896
0.0341019	0.00537754	0.0383414
0.0373676	0.0125195	0.0386942
0.0259391	0.0118457	0.0375753
0.0193123	0.00773152	0.0368955
0.0342997	0.00520649	0.0383544
0.027835	0.012449	0.0377495
0.02554	0.00784136	0.0375026
0.0314134	0.0118098	0.0381291
0.0369826	0.00897801	0.0387256
0.0319261	0.00837633	0.0381169
0.029421	0.0102674	0.037919
0.0301457	0.00633504	0.0379389
0.0237783	0.0105435	0.037394
0.0365943	0.0107615	0.0386508
0.0351928	0.00456093	0.0384941
0.0325354	0.00912526	0.0382609
0.0303417	0.00778127	0.0379813
0.0314771	0.0077669	0.0381117
0.0270191	0.00988069	0.0376598
0.0271146	0.0107922	0.0377336
0.0405055	0.0110521	0.0388914
0.0347823	0.00906167	0.0384482
0.0330603	0.0135132	0.0382924
0.0269224	0.0120732	0.0376362
0.0260799	0.00592011	0.0375806
0.0307203	0.00564968	0.0379951
0.0307204	0.00825132	0.038019
0.0257601	0.0111795	0.0375166
0.0306905	0.00838181	0.0380654
0.0252217	0.0102793	0.037495
0.0278559	0.013772	0.037631
0.029469	0.0101827	0.0378935
0.0287921	0.0099401	0.0378421
0.0229814	0.00975591	0.0372986
0.0316941	0.00983948	0.0381685
0.0329087	0.00559215	0.0382239
0.0259342	0.00879757	0.0375486
0.0212913	0.0116428	0.0371381
0.0203033	0.0126837	0.0368529
0.0361419	0.0100899	0.0385968
0.0246742	0.00867997	0.0373934
0.0424747	0.00883317	0.039289
0.0323843	0.00717488	0.0381593
0.033652	0.00677273	0.0382778
0.034306	0.0087346	0.0384009
0.0215494	0.00857242	0.0370736
0.0291511	0.0067522	0.037953
0.0335892	0.00539448	0.0382132
0.0233656	0.00635345	0.037295
0.0397923	0.00981624	0.0388622
0.0252159	0.0117188	0.0373914
0.0309953	0.00878218	0.0380883
0.0273132	0.0132274	0.0376917
0.0260147	0.00968018	0.0375657
0.0363024	0.0111885	0.0386252
0.0321575	0.00993025	0.0381914
0.0344097	0.00880761	0.0384516
0.0334783	0.00886709	0.0382952
0.0283186	0.0117818	0.0377562
0.0338971	0.0103482	0.0383733
0.0367648	0.0054912	0.0386153
0.0328237	0.0101939	0.0381778
0.0278324	0.00827861	0.0377074
0.0297343	0.00761871	0.0378959
0.0282228	0.0122636	0.0377523
0.0269974	0.00788327	0.0376133
0.0247774	0.0102447	0.0373771
0.0312064	0.00914757	0.038083
0.0327907	0.011658	0.0382107
0.0372529	0.00828046	0.0386343
0.0322239	0.011001	0.0382041
0.0328757	0.0117218	0.0382914
0.0221047	0.00980247	0.0371439
0.0265757	0.00747262	0.0376074
0.0264011	0.00659249	0.037579
0.0239136	0.0110683	0.0372864
0.0311215	0.0131745	0.0380583
0.0363222	0.0116019	0.0386338
0.0338701	0.0115878	0.038296
0.0350527	0.0123742	0.0385229
0.0241988	0.00981362	0.0374313
0.0232777	0.0110934	0.0373302
0.0304581	0.00922272	0.0380055
0.0388397	0.0104457	0.0388728
0.0330032	0.00831386	0.0382469
0.0260217	0.0115662	0.037556
0.0278604	0.0110127	0.0377485
0.0367115	0.0123957	0.0386162
0.0265583	0.01341	0.0377073
0.0313429	0.00965819	0.0381381
0.0284354	0.00796012	0.0377953
0.021963	0.012264	0.0372353
0.031731	0.0112606	0.0380892
0.0302736	0.0118555	0.038011
0.0330528	0.00821002	0.0382173
0.0255079	0.0106787	0.0374783
0.0225206	0.011293	0.0372699
0.0295153	0.0121775	0.0379765
0.0251598	0.00920776	0.0374668
0.0313115	0.0103734	0.0380516
0.0307149	0.0113131	0.0379922
0.0310446	0.0122628	0.0380686
0.035493	0.0106417	0.0385952
0.0270442	0.0124646	0.0377599
0.0323608	0.0119428	0.0381691
0.0212629	0.0101264	0.0369833
0.0309801	0.00864387	0.0380565
0.0275797	0.0109596	0.0376863
0.0379944	0.0139732	0.0387218
0.0340938	0.00751705	0.0383702
0.0343473	0.0124314	0.0383402
0.0281605	0.00925544	0.0378495
0.0375258	0.00840534	0.0385801
0.0334187	0.00870901	0.0383049
0.0308331	0.0124612	0.0380718
0.0288539	0.0117304	0.0377932
0.037397	0.0113533	0.0387716
0.0386151	0.0116622	0.0387325
0.0309742	0.0103313	0.0380185
0.034309	0.011369	0.0383388
0.0247617	0.0085252	0.0374609
0.0267387	0.00888017	0.0376221
0.0258162	0.0115479	0.0374594
0.0321208	0.0113426	0.0381506
0.0206358	0.0099105	0.0369006
0.0278766	0.00983001	0.037716
0.0341417	0.00505896	0.0383628
0.0378242	0.0100075	0.038771
0.0341831	0.00947059	0.0384006
0.0373401	0.00894462	0.0387054
0.039552	0.0108896	0.0388283
0.0303294	0.0135365	0.0379562
0.0187565	0.00947931	0.0368593
0.033451	0.00725231	0.0382639
0.0184328	0.00999317	0.0367692
0.0314753	0.00360463	0.0381374
0.0377237	0.00993508	0.0386427
0.0328229	0.00699674	0.0381869
0.027703	0.00846516	0.0377498
0.0362959	0.00890129	0.0385439
0.0337183	0.0106801	0.0382767
0.0313217	0.0098061	0.038113
0.0366749	0.0114038	0.0386088
0.0368275	0.0112406	0.038571
0.0267223	0.011567	0.0376648
0.0334948	0.00899242	0.0382495
0.0196384	0.00974057	0.036902
0.030381	0.00815837	0.0379777
0.0344396	0.0142799	0.0383437
0.0366084	0.00855573	0.0387033
0.0296481	0.0115121	0.0379481
0.0237045	0.01107	0.037258
0.0339539	0.00600726	0.0383369
0.0346215	0.0097524	0.038439
0.0334023	0.0110624	0.0382856
0.0237067	0.0120274	0.0372548
0.0284434	0.00850893	0.0377796
0.0341923	0.0106956	0.0383787
0.0289693	0.0123511	0.0377692
0.0350206	0.0111433	0.038518
0.028375	0.0137554	0.0377434
0.0385158	0.00911558	0.0387313
0.0221071	0.0135157	0.0372241
0.0326528	0.00736535	0.0381861
0.0275095	0.00525465	0.0377137
0.0325359	0.00387868	0.0381316
0.0331087	0.00941061	0.0382335
0.0312798	0.0118556	0.0380596
0.0407502	0.00931667	0.0390625
0.0239945	0.0104186	0.0372842
0.0286223	0.00888199	0.0378144
0.0316041	0.0112105	0.0380947
0.0317808	0.00954921	0.0382061
0.0197654	0.0125204	0.0369407
0.0353317	0.00830762	0.0384954
0.0236845	0.00927018	0.0372237
0.0297927	0.0112142	0.0379205
0.0257345	0.0119262	0.0375111
0.0254902	0.00980928	0.0374733
0.0260695	0.0085074	0.0375351
0.0282967	0.00893569	0.037804
0.0342094	0.00805861	0.0383239
0.0337785	0.00823818	0.0383257
0.0320942	0.0112239	0.0381502
0.0357551	0.0159501	0.0385909
0.019195	0.0145342	0.0368242
0.0232303	0.0107686	0.0373143
