0.0287636	0.0163628	0.0379704
0.0357552	0.00861964	0.0386985
0.0387981	0.00372668	0.0391845
0.0196811	0.00467078	0.0368766
0.0314129	0.0113337	0.0383148
0.03407	0.00695174	0.0386355
0.0193967	0.00900134	0.0370089
0.0388054	0.00692395	0.0390426
0.0341286	0.012582	0.0383924
0.0205588	0.00708954	0.0372337
0.0349797	0.00412897	0.0387088
0.0373859	0.0122079	0.0388566
0.0279613	0.00623582	0.0379964
0.0381502	0.0161187	0.038926
0.0239047	0.000230559	0.0374575
0.0141605	0.00393177	0.0366636
0.0331097	0.000712057	0.0384173
0.036428	0.0144368	0.0387851
0.0170308	0.0126352	0.0368508
0.0309105	0.0134232	0.038235
0.0395482	0.00803223	0.0391952
0.0323068	0.00878244	0.0382857
0.0140484	0.0155888	0.0365255
0.0434753	0.0155754	0.039462
0.0279515	0.0145251	0.0379299
0.0385523	0.01413	0.0389418
0.0389152	0.0167408	0.0390075
0.0338716	0.0120161	0.0384462
0.0224346	0.0127653	0.0373541
0.026874	0.00400593	0.0380291
0.0235547	0.00141722	0.037378
0.0223604	0.00250017	0.0371585
0.0414445	0.00924259	0.0394385
0.0275732	0.0135512	0.037831
0.0159212	0.00989678	0.0366324
0.0442831	0.00298926	0.0397758
0.0409987	0.00977123	0.0391999
0.0216323	0.00804158	0.0371345
0.0236962	0.015077	0.0375211
0.0360703	0.00356833	0.0388783
0.0263143	0.00689405	0.0377723
0.0188649	0.0147322	0.0369605
0.0323292	0.00444778	0.0383486
0.0344474	0.0155767	0.0385243
0.0329239	0.0115543	0.0384241
0.0338408	0.008804	0.0385095
0.0518724	0.00507589	0.0402981
0.0192639	0.0166937	0.0370292
0.0141089	0.00657605	0.0366535
0.0361856	0.015992	0.0387426
0.0313187	0.0061316	0.0381305
0.0380301	0.00633807	0.0389199
0.0410696	0.00628489	0.0392265
0.0153314	0.00609874	0.0367756
0.0279567	0.0168739	0.0379006
0.00839356	0.00951391	0.0362059
0.00592313	0.00140348	0.0357274
0.021217	0.0123559	0.0374168
0.0235552	0.00861559	0.0376271
0.0317226	0.0130339	0.0383231
0.0421863	0.0085658	0.0393022
0.0294521	0.0104012	0.0380819
0.0331384	0.00833212	0.0385309
0.0200075	0.0127196	0.0371509
0.0418436	0.00295807	0.039466
0.036068	0.00342322	0.038797
0.0373439	0.0132312	0.0388847
0.0127515	0.00819694	0.0363192
0.0269708	0.0151427	0.0379181
0.0130972	0.00758085	0.0363528
0.0414553	0.011692	0.0392718
0.0286315	0.0135496	0.0379926
0.0308964	0.0168615	0.0382224
0.0177854	0.00803406	0.0367747
0.0312159	0.011131	0.0382807
0.0322595	0.0161524	0.0383299
0.0262084	0.0168701	0.0376715
0.0394054	0.0094915	0.0391444
0.00769805	0.00524952	0.0359951
0.0248115	0.00285306	0.0375953
0.0415557	0.00860616	0.039312
0.0324835	0.0069449	0.0383862
0.0348096	0.0124244	0.0386226
0.025986	0.0107373	0.0377189
0.0119081	0.0156495	0.0362395
0.0274325	0.0107236	0.037992
0.0318368	0.0101806	0.0383717
0.0343388	0.00719367	0.0384494
0.0119237	0.00926445	0.0362573
0.0328492	0.00805091	0.0383831
0.027544	0.000527058	0.0379862
0.038107	0.00979161	0.0388649
0.0310588	0.00778801	0.0382466
0.0251387	0.0100371	0.0376159
0.0312068	0.00506521	0.0382256
0.0230389	0.0124342	0.0375051
0.0343198	0.013222	0.038533
0.0367651	0.0123892	0.0387821
0.0327335	0.00924308	0.0384304
0.0342526	0.0121463	0.0385602
0.0412662	0.00404945	0.0395312
0.0284904	0.00332776	0.0381154
0.0319177	0.00572819	0.0382806
0.0335571	0.0159749	0.0384685
0.03344	0.0125323	0.0384468
0.0441517	0.00758446	0.0397139
0.0336907	0.00958786	0.0385439
0.0384182	0.00904307	0.0389624
0.0251583	0.0143529	0.0376595
0.018954	0.00321515	0.0370241
0.0311522	0.00609656	0.0383002
0.0372713	0.00978342	0.0388384
0.00233155	0.00703187	0.0350229
0.0215775	0.00524795	0.0371169
0.00354467	0.0165066	0.0355776
0.0360331	0.0128835	0.0387864
0.0256521	0.00899845	0.0375869
0.0350265	0.00164416	0.0385991
0.0200535	0.00421975	0.0370945
0.00591481	0.0113252	0.0356006
0.0238807	0.0129195	0.0374712
0.0199665	0.00630684	0.037221
0.0311249	0.0107969	0.0381563
0.0379304	0.0139827	0.0389579
0.0147282	0.00801778	0.0365457
0.022679	0.00574565	0.0374864
0.0526528	0.00925733	0.0404162
0.02458	0.00181544	0.0375271
0.0422424	0.0111914	0.039346
0.0368101	0.00290658	0.0386576
0.035137	0.00184947	0.0389257
0.0398564	0.0157933	0.0391041
0.00612936	0.00593015	0.0358019
0.0272465	0.00918017	0.0378826
0.0212178	0.010703	0.0372629
0.0346441	0.01192	0.0386614
0.0472731	0.0155886	0.0398756
0.0371251	0.000901893	0.0388587
0.0381221	0.00846554	0.038916
0.0320242	0.0100749	0.0383939
0.0396809	0.00447078	0.039214
0.024966	0.0135384	0.0375658
0.0355822	0.0075122	0.038778
0.00715726	0.0170543	0.0359414
0.0289635	0.00476457	0.0380911
0.0303784	0.0125068	0.038103
0.0448049	0.0157463	0.0396121
0.0352499	0.0132486	0.0386335
0.0324716	0.0102083	0.0384099
0.0249589	0.00581653	0.0374875
0.0402044	0.00843751	0.0391406
0.0160964	0.0134916	0.0368352
0.0283157	0.0125283	0.0379946
0.0202279	0.00931638	0.0372123
0.042135	0.0092268	0.0394307
0.0350469	0.00415039	0.0384897
0.0162373	0.00818759	0.0366712
0.0479457	0.00394896	0.0398916
0.0266032	0.00785811	0.0378233
0.0271786	0.00539497	0.0379601
0.0326822	0.0140621	0.0383731
0.0428625	0.00946577	0.0394013
0.0363525	0.0142443	0.0387518
0.0196962	0.00304523	0.0372502
0.0374051	0.0112179	0.0389053
0.031066	0.0128848	0.0383357
0.0320162	0.00661067	0.0383834
0.0263497	0.00916005	0.0377154
0.0415232	0.00645816	0.0393229
0.0342548	0.009151	0.0386226
0.0277233	0.0135235	0.0379302
0.0209795	0.0119548	0.0371686
0.037281	0.0132306	0.0388405
0.00565959	0.000334775	0.0359148
0.0279843	0.00612944	0.0380902
0.00111441	0.0115861	0.0349068
0.0362755	0.00144493	0.0387758
0.0266735	0.0077646	0.037687
0.0137761	0.0104716	0.0362676
0.0347984	0.0102344	0.0386753
0.0118656	0.0107619	0.0363644
0.0311394	0.000915043	0.0383083
0.0379808	0.0146073	0.0389223
0.0337672	0.01253	0.0385114
0.0265855	0.00495476	0.0378706
0.0316704	0.0127727	0.0383208
0.023067	0.00128872	0.0374842
0.0379653	0.00906907	0.0389882
0.0305944	0.00532703	0.0383513
0.0196697	0.0144793	0.0370145
0.0382256	0.00503053	0.0388288
0.0214082	0.0112889	0.0372554
0.0275949	0.0160476	0.0379151
0.0235739	0.00699356	0.0375013
0.0129262	0.0133549	0.0364498
0.0266413	0.0115143	0.0378113
0.0370955	0.00765765	0.0387303
0.0489691	0.0116099	0.0401994
0.0334316	0.00598784	0.0384529
0.0186131	0.00972551	0.0369386
0.0362507	0.0142013	0.0387518
0.0464209	0.0119525	0.039788
0.0412021	0.0107493	0.0392254
0.0387682	0.00989208	0.0389208
0.0182469	0.00527682	0.0370054
0.0339724	0.00976679	0.0384999
0.0178157	0.00610478	0.036803
0.0340127	0.0154909	0.0385165
0.047941	0.0110007	0.0399878
0.0302057	0.00523855	0.0381704
0.0232008	0.0103384	0.0373922
0.0191866	0.0128012	0.0369947
0.0449941	0.00445404	0.039604
0.0341149	0.00768439	0.038535
0.0299733	0.00953384	0.0381685
0.0318523	0.0164087	0.0383743
0.0258498	0.000164068	0.0378141
0.0240103	0.0122391	0.0376802
0.0404802	0.0122311	0.0392132
0.0333991	0.00940282	0.0384649
0.0253378	0.013841	0.0376817
0.040619	0.0145451	0.0393107
0.0220874	0.00964408	0.0373299
0.0351045	0.01258	0.0386288
0.0273378	0.00255711	0.0380828
0.0308695	0.00969761	0.0381895
0.0226583	0.00941858	0.0374174
0.0311909	0.0113415	0.0382508
0.0137569	0.0107482	0.0364267
0.0432485	0.0153246	0.039436
0.0314741	0.000482933	0.0384498
0.0225755	0.00953189	0.037296
0.0316244	0.00864292	0.038298
0.0453671	0.0155655	0.0396763
0.038717	0.00901931	0.0391053
0.0313958	0.00901671	0.0382651
0.0313369	0.00911	0.0383347
0.0199674	0.000406413	0.0371374
0.0305878	0.00592747	0.0381746
0.0504178	0.0155072	0.0401939
0.0163571	0.0109641	0.0367873
0.0315068	0.00864489	0.0383569
0.0249316	0.0199205	0.0376586
0.0367119	0.00490708	0.0389325
0.0154982	0.00677165	0.0367869
0.038498	0.00266484	0.039079
0.0412417	0.0152211	0.0393774
0.0242345	0.00236963	0.037656
0.0230278	0.00421539	0.037588
0.042291	0.0138513	0.0394494
0.0455261	0.00958742	0.0397748
0.0177688	0.0157477	0.0368418
0.0125703	0.00576944	0.0364286
0.0395064	0.0163169	0.0392128
0.0373975	0.00418197	0.0387294
0.0306567	0.0108926	0.0381524
0.0387126	0.0172796	0.0390172
0.0206682	9.10491e-05	0.0373141
0.0141506	0.0143023	0.0366431
0.0255874	0.0100441	0.0376587
0.0242424	0.00836541	0.0376291
0.0372005	0.00772193	0.0389215
0.0398783	0.0123743	0.0391918
0.0161424	0.0166731	0.0367377
0.0281606	0.00907798	0.0378629
0.0308878	0.0115967	0.0381847
0.0357057	0.00619594	0.0387589
0.0232931	0.00344991	0.0374728
0.0301124	0.00757321	0.0380299
0.0262343	0.00807538	0.0377744
0.0272176	0.0152953	0.0379832
0.029561	0.0116518	0.0380922
0.0372215	0.00974599	0.0387672
0.0184239	0.0107251	0.0369428
0.0286566	0.0116279	0.0379582
0.0149881	0.00270146	0.0365962
0.0267684	0.0152597	0.0378017
0.0288915	0.00813889	0.0380169
0.0303874	0.0115732	0.0381896
0.0295979	0.0079824	0.0381449
0.02773	0.0100149	0.0378475
0.0450384	0.0119638	0.0397038
0.0344626	0.0111734	0.0385503
0.032537	0.00891641	0.0384659
0.00867731	0.0110972	0.0360276
0.0406045	0.00737525	0.0392099
0.0302505	0.0138859	0.0381223
0.0110505	0.00936969	0.0359754
0.0398009	0.00576628	0.0391408
0.0311331	0.00887253	0.0382404
0.0262986	0.00922992	0.0377648
0.051201	0.0113138	0.0403423
0.0384598	0.0169464	0.0391204
0.0152444	0.000539136	0.0366841
0.041479	0.0131691	0.0393453
0.0463672	0.00542604	0.0396389
0.014841	0.0143414	0.0365101
0.0300322	0.0117594	0.0381726
0.0221939	0.01135	0.0372937
0.0436274	0.0194685	0.0393042
0.041733	0.00770355	0.0393298
0.0302587	0.00616111	0.0381921
0.0326624	0.00168617	0.0384798
0.043194	0.00851119	0.0394578
0.0313274	0.0150508	0.0382571
0.0315939	0.00853404	0.0383325
0.0492473	0.00478237	0.0400655
0.0382975	0.0126955	0.0390451
0.0347207	0.0147453	0.0386159
0.0102458	0.00503436	0.0362138
0.040603	0.008975	0.0391571
0.0376365	0.00187568	0.0388269
0.0229993	0.00334204	0.0374475
0.0313259	0.0165889	0.0382258
0.0361538	0.0127873	0.0387529
0.0110361	0.0101571	0.0362752
0.0273464	0.0109933	0.0378772
0.0283578	0.0166648	0.0379401
0.0172951	0.0105058	0.0367658
0.0379988	0.00424262	0.0390655
0.0425911	0.0130719	0.0395179
0.0254029	0.0165933	0.0376355
0.0311136	0.00786484	0.0383502
0.00403318	0.00142809	0.0353355
0.0186776	0.0132858	0.0370099
0.0209007	0.0116183	0.0371451
0.0231504	0.0115065	0.037448
0.0372927	0.0142347	0.0388681
0.0205643	0.00534465	0.0371804
0.0261831	0.0068622	0.037598
0.0480926	0.0143889	0.0400074
0.0171887	0.0135366	0.0367793
0.0268843	0.0104505	0.037765
0.0444898	0.00185972	0.039437
0.0361208	0.000660136	0.0387856
0.040004	0.00929379	0.0391053
0.0202302	0.000325268	0.0371409
0.0495588	0.00715821	0.0398433
0.032221	0.0107208	0.0383865
0.0395952	0.0125492	0.0390784
0.0458031	0.0118723	0.0396746
0.0379263	0.0104632	0.0389858
0.0399111	0.0115758	0.039102
0.0346857	0.0107169	0.0386789
0.0303917	0.0102426	0.0381507
0.0243881	0.00571218	0.0374816
0.0275371	0.0158727	0.0379021
0.0125094	0.0135012	0.0365952
0.0205528	0.00435506	0.0370787
0.0333142	0.0113935	0.0384393
0.0271298	0.0146211	0.0378608
0.0262265	0.0152617	0.0376598
0.0331074	0.0067124	0.03851
0.0355092	0.0139247	0.0387677
0.0252445	0.0117328	0.0376676
0.0308131	0.0113019	0.0381283
0.0393816	0.0120894	0.0390579
0.0351265	0.0114181	0.0386976
0.0281432	0.00764502	0.0380077
0.0264376	0.00289345	0.0375797
0.030089	0.0062959	0.0380717
0.0408119	0.00252612	0.0393672
0.0338747	0.0129621	0.0384948
0.0334155	0.0122865	0.0384381
0.0230048	0.0109898	0.0374539
0.0393287	0.0121815	0.039142
0.0189344	0.0125505	0.0369921
0.0511732	0.00184987	0.040226
0.0473971	0.00957958	0.0398555
0.0307907	0.0022937	0.0384469
0.0361884	0.0160601	0.0387417
0.034347	0.00881986	0.0385663
0.0347411	0.00589669	0.0384709
0.0350711	0.00934576	0.0385138
0.0223462	0.00595379	0.0373013
0.0301139	0.00245025	0.0381193
0.0399066	0.0150392	0.039172
0.030765	0.0138985	0.0382224
0.0242577	0.00627096	0.0374715
0.00230669	0.00896876	0.0355667
0.00523835	0.0155844	0.0357803
0.0297198	0.0150694	0.038082
0.0379431	0.0128872	0.0389573
0.0166877	0.0119789	0.0367118
0.0325357	0.010094	0.0384051
0.0333662	0.0134199	0.0385318
0.0419097	0.00501639	0.039429
0.026573	0.00439302	0.0377757
0.0210786	0.011199	0.0372244
0.037592	0.00578845	0.0387737
0.0325215	0.00288629	0.038352
0.0203945	0.0144844	0.0371596
0.0408207	0.0161414	0.0392162
0.0225313	0.0157378	0.0375487
0.0415701	0.0156354	0.03925
0.0383956	0.0108514	0.0389782
0.043962	0.00785061	0.0395053
0.0457625	0.0115363	0.0396708
0.025491	0.010692	0.0376133
0.0137034	0.0102787	0.036674
0.0259381	0.019674	0.0376367
0.0201207	0.00836663	0.0370297
0.0403645	0.00713779	0.0392679
0.0336329	0.0146632	0.0384843
0.0292378	0.00629684	0.0381181
0.0196239	0.014454	0.0370785
0.046636	0.00374088	0.0397601
0.0277141	0.0164748	0.0377747
0.0223404	0.00989373	0.0373054
0.031313	0.00917664	0.0382532
0.0240236	0.0109629	0.0375909
0.0260112	0.00757527	0.0377331
0.0199223	0.014863	0.0370332
0.0397957	0.00364229	0.0389624
0.0140053	0.0133273	0.0364422
0.0329605	0.000856275	0.0382108
0.0111762	0.00791376	0.0362458
0.0318447	0.0141651	0.0383121
0.0279184	0.00151253	0.0378712
0.0294434	0.0166574	0.0381843
0.0274496	0.0171719	0.038012
0.0418218	0.0141683	0.039281
0.032245	0.0101781	0.0382483
0.0343521	0.0133331	0.0385637
0.021997	0.00707221	0.0372352
0.0227079	0.0135943	0.0372659
0.0353546	0.00840539	0.0386634
0.0303055	0.0118544	0.0381349
0.0381989	0.00860709	0.0389891
0.0302951	0.0106598	0.0381043
0.0223386	0.00990369	0.0374195
0.0176023	0.00974671	0.0367989
0.0400263	0.0146286	0.0391145
0.0350737	0.00449797	0.0386052
0.0288263	0.0109198	0.0380436
0.0263485	0.0153682	0.0376717
0.0293021	0.0115802	0.0380639
0.0456531	0.00821802	0.0397029
0.0257626	0.0120618	0.037669
0.0274613	0.0183394	0.0377883
0.0420493	0.0162105	0.0393329
0.026699	0.0157216	0.0377626
0.0276873	0.0140662	0.0380153
0.02629	0.00307177	0.0377823
0.029282	0.0115275	0.0379767
0.0328871	0.0115271	0.0385113
0.0413338	0.0104388	0.0392581
0.0142895	0.00682769	0.0365964
0.0293388	0.00569919	0.0380569
0.0408398	0.00960844	0.0392297
0.0339547	0.0108286	0.0385624
0.0196631	0.0168584	0.0369963
0.0270037	0.00935703	0.037731
0.0200201	0.00163306	0.0374306
0.0164174	0.0116907	0.0368199
0.0362455	0.0152702	0.0388414
0.0284684	0.00783631	0.0379914
0.0252723	0.00666358	0.0376639
0.0252262	0.0154698	0.0375782
0.0294278	0.00727667	0.038025
0.0315939	0.0164552	0.0382616
0.0384422	0.0108878	0.0389815
0.00856347	0.00920751	0.0357278
0.0268754	0.0134469	0.0378733
0.0241943	0.0158937	0.0375036
0.0395515	0.0135961	0.0391448
0.0235732	0.0151148	0.0374886
0.0379583	0.00341473	0.0387775
0.0158412	0.0102773	0.0366151
0.0314198	0.00967595	0.0381809
0.0448044	0.0136382	0.0395227
0.0323141	0.0124505	0.0382912
0.0285345	0.00383208	0.0379816
0.0225865	0.0139782	0.0373329
0.0343811	0.0166296	0.038588
0.0326411	0.0154694	0.0385024
0.0194181	0.00461854	0.037117
0.022361	0.00628454	0.0374549
0.0151275	0.00603425	0.0367358
0.0267772	0.0124689	0.03778
0.0240107	0.0151275	0.0374849
0.0280423	0.0123712	0.037952
0.0350302	0.0145488	0.0386951
0.0327113	0.0132904	0.0383235
0.013492	0.0137553	0.0363999
0.0280139	0.00701573	0.0379966
0.0337857	0.0124991	0.038481
0.041521	0.0119219	0.0392796
0.0301869	0.0111976	0.0381973
0.0350626	0.0056047	0.0387508
0.0480121	0.00241819	0.0400361
0.0269565	0.00993581	0.0378414
0.02619	0.0165643	0.0376415
0.0406687	0.0132282	0.0391809
0.0400248	0.00758738	0.039021
0.0203467	0.0135123	0.0371431
0.0330992	0.0146687	0.0384489
0.0082685	0.00114159	0.0359455
0.0320407	0.0153129	0.0383524
0.0124227	0.0150415	0.0364095
0.0298428	0.00861535	0.0380292
0.0370267	0.0124234	0.0388162
0.0328573	0.0146459	0.0384032
0.0234566	0.0142802	0.0374189
0.0445383	0.00568051	0.0396952
0.0183825	0.015288	0.0369657
0.0285082	0.0175507	0.0380149
0.040444	0.0142919	0.0391708
0.0478238	0.0139591	0.0399402
0.0298763	0.00398692	0.0381996
0.0138949	0.0117759	0.0364602
0.0332424	0.00393768	0.0385274
0.0217727	0.0178602	0.0372928
0.0345211	0.0159211	0.0385679
0.0233575	0.0129227	0.0374307
0.0415797	0.00806626	0.0392281
0.0203776	0.0062879	0.0372238
0.0187357	0.00347256	0.0368116
0.0460347	0.00425574	0.0398744
0.0261771	0.00597016	0.0378512
0.0235315	0.00545124	0.037488
0.0413962	0.0134725	0.0392514
0.020481	0.0164285	0.0370866
0.037863	0.0087313	0.0389638
0.0394613	0.0144969	0.0390905
0.0141172	0.0109669	0.0364599
0.0152539	0.00874278	0.0366609
0.0137482	0.00921232	0.036598
0.0366482	0.00800776	0.0387199
0.0056964	0.0107745	0.0354185
0.0242254	0.0131038	0.0376083
0.0361876	0.00390322	0.0386051
0.0494475	0.0132062	0.0399659
0.0347416	0.0143573	0.0385833
0.0282752	0.00355115	0.0379558
0.0435511	0.0130271	0.0396235
0.0192845	0.0131934	0.037241
0.034726	0.00367339	0.0386157
0.035285	0.013226	0.0386839
0.0317526	0.0119557	0.0381879
0.0325524	0.00588323	0.0382505
0.0405858	0.012225	0.0393087
0.0273434	0.0162401	0.0378823
0.0341696	0.0151385	0.0385749
0.0141381	0.0101287	0.0367372
0.0287707	0.0139631	0.037995
0.0356174	0.00809254	0.0386704
0.00979385	0.0108831	0.0360843
0.0170555	0.00609414	0.0369055
0.0254534	0.00537412	0.0375688
0.0348072	0.0146251	0.0386413
0.0394415	0.00854289	0.0390626
0.0305018	0.00982127	0.0381887
0.0413855	0.0122367	0.0393051
0.00735531	0.0163306	0.0359647
0.0337866	0.0119735	0.038565
0.0399148	0.0113501	0.0391139
0.0244538	0.00836118	0.0375213
0.0360614	0.0146383	0.0387626
0.0095662	0.0109978	0.0363135
0.0446278	0.0095651	0.03975
0.042026	0.0136167	0.0393311
0.0362975	0.00617878	0.0388711
0.0235332	0.014625	0.0375098
0.0333936	0.00814964	0.0383868
0.0234677	0.0058011	0.0373804
0.0274116	0.0157965	0.0379051
0.0197272	0.00792785	0.0370713
0.0402062	0.0127818	0.0392695
0.0297701	0.00423601	0.0380294
0.0410371	0.0143865	0.0392037
0.0324731	0.0117274	0.0384318
0.0289918	0.016099	0.0379847
0.00857077	0.00784267	0.0360463
0.0335523	0.013466	0.0384973
0.0257487	0.00189203	0.037687
0.0153328	0.00587247	0.0365265
0.0406809	0.00476843	0.0394457
0.0332907	0.0140823	0.0384726
0.0139682	0.0153705	0.0367352
0.0274855	0.0116663	0.0379049
0.0343676	0.0122389	0.0385448
0.0337313	0.0146026	0.0385902
0.0326023	0.0133495	0.0384841
0.033395	0.0124059	0.0384013
0.0338336	0.0109845	0.0385341
0.0346615	0.00355555	0.0385224
0.0246745	0.00670405	0.0376754
0.034103	0.00327955	0.0386477
0.0117318	0.00862227	0.0363166
0.0296489	0.0145728	0.0380433
0.0264161	0.00820076	0.0377806
0.0314527	0.0120959	0.0382834
0.0318956	0.00932017	0.0383886
0.00385624	0.0142485	0.0354109
0.035973	0.0106359	0.0387869
0.0216287	0.01656	0.0372415
0.0415035	0.0158891	0.0394043
0.0362401	0.0137211	0.0388215
0.0283517	0.0142367	0.0379225
0.0340065	0.0100457	0.0384465
0.0308563	0.0112611	0.0382636
0.0464893	0.0138681	0.0397922
0.0423879	0.0131682	0.0393544
0.0299738	0.013725	0.0380693
0.0369278	0.00921799	0.0388296
0.0337154	0.0106166	0.0385245
0.038285	0.00713035	0.0390588
0.0313896	0.00769083	0.0383226
0.0380137	0.00859175	0.039013
0.00847068	0.0126844	0.0359922
0.0260936	0.00799963	0.0377569
0.0261148	0.00850658	0.0378167
0.00864647	0.00174044	0.0356728
0.0415734	0.00766315	0.0393079
0.0386833	0.0167047	0.0389533
0.0362838	0.0121676	0.0388335
0.0311274	0.00958528	0.0382939
0.0485578	0.0119717	0.0399602
0.0128159	0.0115174	0.0363336
0.0308963	0.00988411	0.038275
0.0287851	0.00832076	0.0380625
0.0281647	0.0101286	0.0379339
0.0352333	0.00942507	0.0386491
0.0266733	0.0138095	0.0377598
0.0211123	0.0109746	0.0371922
0.0355579	0.00943878	0.0385959
0.0415214	0.0060552	0.0392361
0.0375608	0.0137633	0.0389057
0.0207694	0.00358552	0.0373536
0.034386	0.013764	0.0385741
0.017484	0.0132498	0.0369022
0.046379	0.00670915	0.0397769
0.0362287	0.0148314	0.0385616
0.0483799	0.0105345	0.0399982
0.0145124	0.0136935	0.0365218
0.0236651	0.0164341	0.0374929
0.0328057	0.0144153	0.0385097
0.0237155	0.0085337	0.0375171
0.0259015	0.000666149	0.0375843
0.0168785	0.00980068	0.0367759
0.0499594	0.0143198	0.0402045
0.0463818	0.00880301	0.0399738
0.0294882	0.0027266	0.0379883
0.0467558	0.0150176	0.0398626
0.0354573	0.00435703	0.0386856
0.028501	0.0155441	0.0379339
0.0268567	0.0054214	0.037664
0.0358957	0.0148994	0.0387031
0.00586232	0.00825556	0.0359489
0.00778193	0.0155129	0.0357616
0.0254046	0.00939366	0.037624
0.0312362	0.0130641	0.0382772
0.0411817	0.0138705	0.0391792
0.0327163	0.00845701	0.0384694
0.0288477	0.0147947	0.0380346
0.0306187	0.00919348	0.0382243
0.0207132	0.00511986	0.0373165
0.0396111	0.00972897	0.0391173
0.0227033	0.0103158	0.0375397
0.0333272	0.0102138	0.0384588
0.0245614	0.0101336	0.037639
0.0227028	0.00434991	0.0375315
0.0352451	0.000198461	0.0388848
0.0342352	0.0137689	0.0385315
0.0169296	0.0117644	0.036825
0.0296487	0.00943334	0.0381069
0.0217665	0.00276717	0.0371015
0.0225496	0.00979624	0.0374197
0.0164806	0.00273963	0.0367749
0.0108538	0.0151134	0.0360571
0.03698	0.00177092	0.0391111
0.0402361	0.0150764	0.0392641
0.0326216	0.0101915	0.0384802
0.020695	0.0113297	0.0372144
0.0131879	0.00777677	0.0363993
0.0227331	0.000470951	0.0374033
0.0367507	0.012209	0.0388391
0.0222336	0.0108514	0.0373495
0.025116	0.00726051	0.0376557
0.0217916	0.00797269	0.0373848
0.0220664	0.0117685	0.0372837
0.0320047	0.0138119	0.0383472
0.0453263	0.00405342	0.0396521
0.0287278	0.0116794	0.0380167
0.0279603	0.013343	0.0378859
0.048165	0.0170737	0.0398921
0.0259841	0.0169339	0.0377463
0.0409061	0.0138361	0.0391924
0.00137565	0.00183009	0.0351866
0.0177295	0.0107683	0.0368563
0.0366479	0.00951151	0.0387863
0.0355351	0.0108744	0.0387774
0.0240365	0.00183271	0.0375789
0.0219836	0.00879186	0.0372172
0.0370887	0.00731443	0.0388742
0.0343706	0.0159351	0.0383837
0.0325254	0.00779384	0.0384868
0.0312964	0.0160254	0.0382306
0.028151	0.00402382	0.0378616
0.0378193	0.00944877	0.038921
0.0239013	0.00609102	0.0373369
0.0269464	0.00846688	0.0378419
0.0373287	0.00916441	0.038885
0.0288223	0.0073115	0.037942
0.0284825	0.0107289	0.0379674
0.0462136	0.00594898	0.03981
0.0294844	0.0133387	0.0381
0.0390507	0.0129399	0.0390117
0.0268543	0.00227129	0.0378472
0.0420369	0.0154079	0.039231
0.0398274	0.0140056	0.0390931
0.0302948	0.014794	0.0381847
0.0342549	0.00834343	0.0386166
0.0331411	0.00398186	0.038458
0.0199712	0.0142392	0.0371047
0.0134719	0.00923584	0.0364054
0.0310489	0.0157633	0.0382027
0.0448892	0.0137579	0.0396226
0.0127732	0.0163749	0.0364725
0.0279602	0.0134692	0.037877
0.0414658	0.0123734	0.0392152
0.040875	0.016546	0.0392993
0.0216176	0.0121271	0.0372432
0.0413934	0.0044399	0.0392581
0.0063624	0.00562165	0.0356099
0.02689	0.00888621	0.0377473
0.0321988	0.00794664	0.0382837
0.0320229	0.00346676	0.0384706
0.0344599	0.0073509	0.0386152
0.0327085	0.0139773	0.0384191
0.0346809	0.00533869	0.038657
0.0363963	0.0158467	0.0387746
0.0299048	7.96628e-05	0.0380912
0.0190955	0.00368463	0.0373047
0.0335667	0.00912997	0.0384846
0.028706	0.00416845	0.0381949
0.0359295	0.00924983	0.0387637
0.0268915	0.00848309	0.0378809
0.0196998	0.00779644	0.0371578
0.0259237	0.0126371	0.037671
0.0282595	0.00481011	0.0379801
0.0409561	0.0148906	0.0392124
0.0473012	0.00467067	0.0398429
0.0301344	0.000935226	0.0381988
0.0342721	0.0160804	0.0384998
0.0416968	0.015338	0.0393071
0.0253917	0.0147332	0.0376713
0.0467082	0.0062093	0.0397068
0.0285528	0.0075754	0.0380025
0.0286791	0.00815624	0.0380362
0.0202894	0.0168587	0.0372812
0.0458242	0.010204	0.039476
0.017795	0.0137503	0.0369629
0.0136258	0.0112386	0.0362522
0.0351877	0.00752333	0.0386266
0.0388443	0.0083596	0.0390995
0.0163085	0.010599	0.0366623
0.0431205	0.00833357	0.0394668
0.0223353	0.0127156	0.0374001
0.0164425	0.0108803	0.0367363
0.036304	0.0165186	0.0387491
0.0204442	0.0113005	0.0371882
0.0253176	0.00774914	0.0376618
0.0432939	0.00327069	0.0395993
0.0459812	0.00797978	0.0397488
0.0452684	0.00170177	0.0396094
0.0167773	0.00723722	0.0368892
0.036814	0.0130596	0.03884
0.0214651	0.00693936	0.037284
0.0410348	0.0127696	0.0392759
0.0247902	0.0139549	0.0375476
0.0364844	0.00507664	0.0388677
0.0216681	0.0161447	0.0373298
0.0118078	0.00456779	0.0362638
0.0406725	0.00964406	0.0391886
0.0485068	0.00829231	0.0401078
0.0230681	0.0115381	0.0373827
0.0439325	0.00630014	0.0396378
0.0353002	0.00175478	0.0387423
0.0332364	0.0120085	0.038375
0.0411917	0.0144241	0.0393294
0.0408402	0.00895158	0.0392032
0.0067373	0.00696173	0.0356513
0.0193062	0.0157442	0.036952
0.0246359	0.0148902	0.037628
0.0136788	0.0158025	0.0363907
0.0204105	0.0152265	0.0371354
0.0286745	0.00543686	0.0381667
0.0468099	0.00882056	0.0397792
0.0350563	0.00766511	0.0385567
0.033841	0.012631	0.0385128
0.0405394	0.00702595	0.0393886
0.0315224	0.0143848	0.0382033
0.0337072	0.00728495	0.0385953
0.0263668	0.0140079	0.0377721
0.00875013	0.0053465	0.0360164
0.0252346	0.0119971	0.0376068
0.0163301	0.0128297	0.0369505
0.0210854	0.0111734	0.037349
0.0230566	0.000898772	0.0377295
0.0316427	0.0096594	0.0382599
0.0316785	0.00798905	0.0381891
0.0257585	0.01227	0.0376759
0.0210675	0.010054	0.0372672
0.0376649	0.011509	0.0388849
0.0254145	0.0161047	0.0376878
0.0283808	0.0045389	0.0378159
0.0353419	0.00901083	0.0387935
0.0315233	0.0092584	0.0381873
0.0309555	0.0114899	0.0381476
0.0329833	0.0043752	0.0382772
0.0298768	0.0119188	0.0381554
0.0346509	0.0124064	0.0386103
0.0338973	0.00908674	0.0384252
0.0216944	0.0119318	0.0371251
0.0403657	0.00506762	0.039032
0.0325753	0.0084245	0.0383139
0.038775	0.0141024	0.0390876
0.0369129	0.00855935	0.0389616
0.0308332	0.00812988	0.0382956
0.0396688	0.000654694	0.0392192
0.026533	0.0126125	0.0377283
0.0253779	0.0165733	0.0376597
0.039459	0.0113726	0.039062
0.0244329	0.00744248	0.0376572
0.0406784	0.00292372	0.0392049
0.0340159	0.0154904	0.0384993
0.038539	0.0116106	0.038969
0.0430987	0.010214	0.039464
0.0340855	0.0173713	0.0385026
0.0365869	0.00866307	0.0387858
0.0362383	0.00789009	0.0387881
0.00983624	0.0119172	0.0362122
0.0132849	0.0133076	0.0364951
0.0347397	0.0101496	0.0385951
0.00794256	0.0112268	0.0360555
0.0357948	0.00722146	0.0386884
0.0433432	0.0159019	0.0395499
0.0412871	0.00874679	0.0393477
0.0345471	0.00641379	0.0385264
0.0224249	0.016259	0.0372841
0.0267012	0.0113509	0.0378002
0.038203	0.00937688	0.0390253
0.0352174	0.010906	0.038705
0.0245971	0.0162055	0.0375977
0.024926	0.0132675	0.0377602
0.00867457	0.00973117	0.0359218
0.0354404	0.00238458	0.0387417
0.0449468	0.0165258	0.0395828
0.0274988	0.00866121	0.0379084
0.0303588	0.00829199	0.0382113
0.0261957	0.0102478	0.037765
0.00298468	0.0103712	0.0355547
0.0268262	0.0198135	0.0378144
0.0334597	0.0114573	0.0384913
0.0325384	0.0140086	0.0384778
0.0330286	0.00387861	0.0383985
0.0401526	0.0114563	0.0389459
0.0225308	0.0144284	0.0373119
0.0301189	0.00410552	0.03823
0.0538924	0.00818579	0.0404759
0.0305216	0.00955659	0.0380884
0.0155343	0.00805734	0.0367647
0.0438858	0.00160041	0.0397329
0.0335523	0.0103105	0.0384405
0.0215159	0.0152354	0.037369
0.0258068	0.0148825	0.0376216
0.024138	0.00673223	0.0377186
0.0279544	0.00639503	0.038026
0.0150581	0.0169188	0.036522
0.0362765	0.0121685	0.0388448
0.0152003	0.0175778	0.0365048
0.028782	0.00905672	0.0378867
0.0514561	0.0110143	0.0403047
0.0255114	0.00711217	0.0375563
0.0327894	0.0118297	0.0384624
0.028025	0.0113367	0.0379589
0.0295728	0.0163783	0.0380974
0.0350568	0.00697872	0.0387154
0.0350457	0.00957671	0.0386339
0.0240241	0.0104134	0.0375249
0.0215291	0.0155013	0.0372081
0.0318265	0.0161245	0.0384215
0.0251492	0.0155	0.037684
0.0344835	0.00927811	0.0384592
0.027357	0.0066074	0.0377631
0.0136324	0.0120458	0.0365334
0.0222619	0.0133285	0.0373481
0.0264956	0.00111125	0.0380238
0.031955	0.00878428	0.038276
0.0349721	0.00432445	0.0386973
0.0453419	0.000672976	0.0400287
0.0371439	0.0143594	0.0388297
0.0313775	0.0154866	0.0383664
0.0212508	0.0117634	0.0372777
0.0398361	0.0144359	0.0391867
0.0371759	0.00867189	0.0389446
0.0429453	0.0121566	0.0394229
0.0234239	0.0161314	0.0374503
0.0426637	0.00867565	0.0394225
0.0260339	0.0118274	0.0376873
0.0103101	0.0075028	0.0359961
0.0255191	0.0153741	0.0376245
0.0317566	0.00578371	0.0382255
0.0306074	0.0120166	0.0382234
0.0197623	0.00737286	0.0369148
0.0460293	0.00413868	0.0400301
0.034868	0.00627307	0.0385109
0.0273689	0.00191115	0.0377278
0.0349345	0.00855577	0.0386199
0.0211815	0.01067	0.0371722
0.0482841	0.00578918	0.0399285
0.0404021	0.0162131	0.039059
0.0215604	0.00609651	0.0371933
0.0259541	0.00596127	0.037602
0.0417086	0.00845684	0.0392485
0.0362356	0.00757906	0.0388188
0.01698	0.00833405	0.03671
0.0260854	0.00817569	0.0377573
0.0306579	0.0101242	0.0381027
0.0391036	0.00921911	0.0391103
0.0280697	0.014148	0.0378996
0.016539	0.00214578	0.0369479
0.0164925	0.0102629	0.0366868
0.0182463	0.0209972	0.0369185
0.0203527	0.00293598	0.0373108
0.0329603	0.0135683	0.0383932
0.0334167	0.0113379	0.0384449
0.030573	0.0124581	0.0382049
0.0315356	0.00922409	0.0382394
0.025832	0.00550699	0.0378235
0.0427391	0.00322189	0.0393544
0.0250623	0.00815255	0.0376468
0.0343726	0.00610428	0.0384619
0.0337361	0.0133558	0.0385609
0.0309776	0.0114463	0.0382288
0.0465141	0.0122307	0.0399266
0.0331255	0.00831469	0.03849
0.0296329	0.0145053	0.0380604
0.0495034	0.00766776	0.0401835
0.013989	0.00573384	0.0365641
0.0236527	0.016212	0.0374382
0.0387375	0.0145887	0.039022
0.0351988	0.0154593	0.0387031
0.039148	0.0126802	0.0390966
0.039711	0.0111434	0.0391027
0.0344964	0.00554423	0.0385889
0.0137582	0.0161987	0.0365661
0.0373505	0.0137125	0.0388296
0.0321688	0.0107274	0.0383766
0.0363284	0.0127429	0.0387702
0.0396947	0.00903988	0.0390709
0.0477465	0.0119687	0.0399068
0.0374333	0.00776061	0.038808
0.0332463	0.0104991	0.038452
0.0245479	0.00294512	0.0376158
0.0288975	0.00718957	0.0379056
0.0316355	0.0129152	0.0383011
0.0106694	0.00970857	0.036125
0.0333098	0.0112945	0.038433
0.0344825	0.0143562	0.0385844
0.0182307	0.00644746	0.0368794
0.0124901	0.0141876	0.036485
0.0188233	0.0122451	0.0369568
0.0280096	0.0137796	0.0378761
0.0278757	0.0165441	0.0379394
0.0393249	0.00962402	0.039108
0.0334583	0.0147646	0.0385447
0.0337194	0.0121973	0.0385296
0.0291115	0.00186233	0.0379468
0.0427668	0.0115772	0.0393781
0.038083	0.0155851	0.0389125
0.0296171	0.0167508	0.0381004
0.0409238	0.015911	0.0392224
0.0292405	0.00989931	0.0381284
0.019403	0.0131423	0.0370077
0.03948	0.014973	0.0391053
0.0328357	0.00749731	0.0384579
0.0196137	0.0128008	0.0370272
0.0211426	0.0116308	0.0371954
0.0442927	0.015311	0.0395192
0.0325756	0.0108047	0.0384733
0.0360577	0.0130708	0.0387169
0.0192654	0.0110281	0.0370388
0.00318077	0.000427582	0.0351646
0.0126327	0.0111995	0.0362964
0.0188736	0.0109022	0.0370042
0.0175249	0.0105182	0.0368392
0.032776	0.0154702	0.038387
0.0271379	0.0155498	0.0378657
0.0234188	0.00971683	0.0373854
0.0231381	0.00437058	0.0375355
0.0338281	0.00229012	0.0387071
0.0294897	0.0102291	0.0381369
0.0318971	0.00416408	0.0381615
0.0491029	0.00339276	0.0400578
0.0340441	0.00812642	0.0385753
0.0184255	0.0059127	0.0369464
0.0402647	0.012909	0.0392017
0.0252935	0.00662126	0.0376884
0.0288287	0.00546219	0.0380264
0.0171224	0.0108565	0.0368095
0.0273966	0.012631	0.0378182
0.0264091	0.0145585	0.0377237
0.0329577	0.0155025	0.0384041
0.0535304	0.014042	0.0405831
0.0192437	0.0117841	0.0371218
0.0237922	0.0147498	0.0375062
0.0210927	0.00509991	0.0372248
0.0425112	0.0026377	0.0396828
0.0254139	0.0110266	0.0376342
0.0194326	0.0121224	0.0368817
0.0460273	0.00330418	0.0397216
0.0339418	0.0133885	0.0385026
0.0414924	0.00888479	0.0393116
0.0341416	0.0118254	0.0385292
0.0241577	0.0156779	0.0374651
0.048745	0.0052076	0.0399732
0.0247252	0.00804579	0.0376803
0.030937	0.008907	0.0381186
0.018436	0.0131045	0.0370337
0.0296574	0.0064801	0.0381179
0.052219	0.0165702	0.0403841
0.0250927	0.0083346	0.0376197
0.0314205	0.0105081	0.0383284
0.0376008	0.00602603	0.0387826
0.0357046	0.00177613	0.0386632
0.0385112	0.00523276	0.039086
0.0415276	0.0131638	0.0393486
0.0159236	0.0107276	0.0366528
0.0291537	0.01607	0.0380327
0.0356566	0.00806043	0.0385908
0.0158396	0.0117507	0.0366587
0.0208685	0.00748425	0.0372994
0.0227517	0.0154121	0.0373523
0.0238529	0.013364	0.0374652
0.0378172	0.012708	0.0389659
0.0358191	0.00880933	0.0386634
0.0303175	0.0104203	0.0381653
0.0394037	0.00894527	0.0390311
0.0085678	0.00558002	0.0358642
0.0193988	0.00549571	0.0371678
0.0201557	0.00658775	0.0373461
0.0402229	0.0132505	0.0389359
0.0305722	0.0136404	0.0380921
0.0212141	0.0129785	0.0372911
0.0414947	0.0142599	0.0392365
0.0340481	0.0117243	0.0383966
0.0335539	0.0064068	0.0385445
0.0280915	0.00576926	0.0380121
0.033663	0.006162	0.0383894
0.0388768	0.0103504	0.0390286
0.0318	0.0065347	0.0383842
0.0236342	0.0153703	0.0374501
0.028696	0.0120295	0.0381086
0.0260181	0.00428182	0.0378088
0.0319837	0.0076831	0.0382645
0.0139373	0.00594861	0.0363414
0.0269458	0.0158456	0.037787
0.0339353	0.00605301	0.0385114
0.0323134	0.00720631	0.038456
0.0193148	0.0086961	0.0371014
0.0443798	0.0132106	0.0396263
0.0454309	0.0167403	0.0396856
0.0335507	0.00800509	0.038394
0.0264276	0.0113185	0.0377846
0.030896	0.011073	0.0382696
0.0095845	0.0122768	0.0358699
0.0267966	0.0104785	0.0379363
0.0208028	0.0140545	0.0372153
0.0230011	0.00837138	0.0374358
0.00624941	0.011166	0.0357821
0.0347135	0.0125257	0.0385843
0.00872211	0.0102782	0.0359339
0.047867	0.00759581	0.0398125
0.0216395	0.0119817	0.0372759
0.0226765	0.00942894	0.0373937
0.0522807	0.0124031	0.0405169
0.0370005	0.00544346	0.0389235
0.0248236	0.00427491	0.0374345
0.011799	0.012557	0.0362274
0.0233541	0.00500542	0.0374626
0.0385775	0.0135691	0.0389803
0.0506867	0.0130507	0.0402887
0.0304177	0.0162615	0.0381655
0.0344631	0.0138036	0.038597
0.0383173	0.0148873	0.0390169
0.0366034	0.0183916	0.0387948
0.0186037	0.0149342	0.0369021
0.0338185	0.00428486	0.0383569
0.0445788	0.00632913	0.0396957
0.0198642	0.00387163	0.0371168
0.0361673	0.00647547	0.0386455
0.0253061	0.00228387	0.0376535
0.032071	0.00479722	0.0383653
0.0300364	0.010203	0.0380956
0.0227941	0.00972192	0.037331
0.0349637	0.0146211	0.0385867
0.0311062	0.013198	0.0382886
0.0174434	0.0142759	0.0367863
0.0170104	0.00849561	0.0368533
0.0138359	0.00743222	0.036411
0.0364515	0.00245342	0.0388645
0.0515517	0.00670012	0.0405659
0.0347941	0.00169473	0.0387007
0.0349807	0.00131783	0.0385955
0.0335383	0.00768031	0.0385263
0.0297303	0.000403814	0.0381648
0.0341864	0.006302	0.0386672
0.031646	0.0158727	0.0383139
0.0315113	0.0121671	0.0382366
0.0228635	0.000694015	0.0374638
0.0256183	0.00991195	0.0377073
0.0244934	0.0127102	0.0376396
0.0246881	0.014298	0.0375268
0.0319236	0.00790955	0.0384034
0.0138688	0.0139899	0.0367297
0.0185739	0.0121244	0.0369978
0.0284208	0.00192664	0.0379552
0.0239643	0.013453	0.0375739
0.0350126	0.00909378	0.0386236
0.0389179	0.0126638	0.0390084
0.0286716	0.00842255	0.0380931
0.0174759	0.0169616	0.0370766
0.0442002	0.0166403	0.0395698
0.0382417	0.00196639	0.0388792
0.0281301	0.0168208	0.038074
0.0295002	0.00724094	0.0381038
0.0323844	0.00639395	0.0384178
0.0337818	0.0129724	0.0385365
0.0216135	0.00898192	0.0373555
0.0264161	0.010416	0.0377234
0.0290763	0.0128664	0.037942
0.031648	0.0163859	0.0383528
0.0250992	0.00531876	0.0376464
0.0283224	0.0152287	0.037989
0.0261648	0.00400924	0.0377642
0.0473471	0.0156123	0.0398349
0.0469705	0.00878505	0.0398197
0.000290684	0.0113746	0.0353988
0.0310092	0.00151522	0.038485
0.0206309	0.0144633	0.0372396
0.0346325	0.0110516	0.0385686
0.0291535	0.00261035	0.0379524
0.0270293	0.0124532	0.037807
0.032397	0.00203158	0.0385129
0.0234254	0.0160817	0.0374543
0.0309992	0.0140494	0.0382443
0.0214862	0.0114853	0.0373421
0.0300164	0.0130724	0.0381778
0.0101234	0.0124178	0.036171
0.0327133	0.00232112	0.0383221
0.0328113	0.0165611	0.0383541
0.0418321	0.00785386	0.0393466
0.0236874	0.012012	0.0374818
0.0343141	0.00616633	0.0384458
0.0154947	0.0041512	0.0367378
0.0325474	0.00466268	0.0382355
0.0352741	0.00969591	0.038651
0.0197649	0.00292556	0.0371121
0.0304705	0.00370516	0.0382311
0.0285647	0.00855152	0.037988
0.0351416	0.00698226	0.0386501
0.0313607	0.00491573	0.0382238
0.031872	0.0120425	0.0384074
0.0358842	0.00687965	0.0387759
0.0380185	0.0140927	0.0389399
0.027382	0.0132373	0.0378983
0.0328739	0.0117513	0.0384384
0.0291539	0.0176914	0.03812
0.0435732	0.00974771	0.039509
0.0221361	0.011506	0.0372718
0.0310444	0.00559748	0.0382886
0.0391399	0.00987399	0.0390393
0.036898	0.0121616	0.038756
0.0302504	0.0172058	0.0381324
0.0304187	0.0126944	0.0381987
0.0446001	0.0159222	0.0397359
0.0219309	0.00886249	0.0372386
0.0366375	0.0142456	0.0387757
0.022097	0.00777137	0.037333
0.0106684	0.00965811	0.0362544
0.0186259	0.014354	0.0369322
0.0319454	0.0157814	0.0382836
0.00847679	0.0153818	0.0358901
0.0300519	0.0125812	0.0382499
0.0162123	0.00487009	0.0368078
0.0285968	0.0130681	0.0379931
0.019379	0.0151816	0.0370985
0.0415113	0.0121299	0.0393975
0.0415533	0.00608617	0.0391619
0.0344267	0.0138964	0.0385438
0.0107325	0.0168688	0.0360104
0.0407362	0.00696722	0.0391223
0.0338788	0.0133412	0.0385228
0.0281613	0.0125811	0.0378614
0.0348885	0.0090071	0.0386703
0.044731	0.0117459	0.0396252
0.045206	0.0073543	0.0396313
0.0225483	0.000660635	0.0376863
0.0435553	0.0111609	0.0395035
0.0238562	0.0108419	0.0375244
0.0195772	0.0129846	0.037248
0.0272133	0.0113652	0.0378692
0.0385968	0.00127806	0.0389161
0.0283822	0.00437784	0.0378195
0.0427215	0.0066751	0.0393228
0.0318861	0.0112363	0.0383069
0.0360449	0.00976221	0.0386924
0.0483259	0.0115585	0.0399193
0.0231682	0.00920897	0.0373953
0.0374249	0.00136405	0.0386531
0.013667	0.0145979	0.0363975
0.00913667	0.0103827	0.0357717
0.0318937	0.00797408	0.0382661
0.0246088	0.00919238	0.0377165
0.0322895	0.010383	0.0383449
0.0311751	0.0129868	0.038207
0.0193894	0.0112996	0.036997
0.0374277	0.00501976	0.0390975
0.0471772	0.0118915	0.0398642
0.0351814	0.0148001	0.0386079
0.0251596	0.013288	0.0376578
0.0413448	0.0113484	0.0392639
0.0250266	0.0145312	0.0376385
0.0311004	0.00124861	0.0381257
0.041403	0.00926803	0.03925
0.0304761	0.00508941	0.0383409
0.0141805	0.0121028	0.0363224
0.034762	0.0136182	0.0386835
0.0202544	0.00892469	0.0370891
0.0212002	0.00492318	0.0372369
0.0358212	0.0161785	0.0387957
0.020398	0.0122236	0.0371373
0.0396798	0.00869394	0.0391186
0.026529	0.0100015	0.03779
0.0328364	0.00414297	0.0382581
0.0196639	0.00841698	0.0371388
0.0286878	0.00546772	0.0380378
0.0302279	0.00964485	0.0381182
0.0302666	0.0128672	0.0381187
0.0374259	0.0168249	0.0388751
0.01611	0.0162311	0.0365951
0.0228398	0.0116771	0.0374083
0.0386401	0.0148807	0.038981
0.0311891	0.00623048	0.038234
0.0286122	0.0130608	0.0380241
0.0250191	0.0145784	0.0376367
0.0486174	0.0165435	0.040119
0.0350468	0.00565312	0.0386999
0.0399044	0.011771	0.0389251
0.0344981	0.0107526	0.0386032
0.0246765	0.00426415	0.0375401
0.0378806	0.00997073	0.0388791
0.0376473	0.0111095	0.0387244
0.0174991	0.0144414	0.0367773
0.0453023	0.00444433	0.0397268
0.0378629	0.0121686	0.0389157
0.0287874	0.0033457	0.0380931
0.0372653	0.00381408	0.0389477
0.0244553	0.0121111	0.0375897
0.0350931	0.0096445	0.038599
0.0368857	0.0163277	0.038809
0.0210483	0.00662864	0.0370874
0.0201539	0.00487273	0.0369341
0.0388122	0.0129318	0.0390995
0.0389708	0.0149046	0.0389997
0.0367834	0.0131315	0.0388294
0.0350201	0.0129114	0.038636
0.0172887	0.00546115	0.0366792
0.0321379	0.0151761	0.0383578
0.0424838	0.00734979	0.0393967
0.030978	0.0165856	0.0382141
0.0228938	0.0124471	0.0374434
0.0490533	0.0103792	0.0401656
0.0320008	0.0139296	0.038344
0.0321003	0.0134732	0.0382841
0.0365202	0.015528	0.0388467
0.0409139	0.0167694	0.0391905
0.0248455	0.0118641	0.0376414
0.0265664	0.00542946	0.037898
0.0482874	0.00847708	0.039946
0.0110522	0.011727	0.0363983
0.0393106	0.0115995	0.0390434
0.0178161	0.0103291	0.0370785
0.0232222	0.0150411	0.037382
0.0279094	0.0118044	0.0378803
0.0235337	0.00485364	0.0373105
0.0322661	0.00277694	0.0382271
0.0290995	0.00633869	0.0379065
0.0134235	0.0106521	0.0363715
0.0363058	0.00829325	0.0388525
0.0279255	0.00976529	0.0378507
0.0417196	0.00792975	0.0392731
0.015661	0.0133179	0.0364871
0.0181265	0.0105155	0.0368899
0.040492	0.00909722	0.039151
0.0268727	0.00916486	0.0377134
0.0312435	0.0163799	0.0383576
0.0381139	0.00490147	0.0389407
0.0453391	2.53383e-05	0.0396035
0.0169167	0.016985	0.0369442
0.0237999	0.0133715	0.0375218
0.0356299	0.00689252	0.0387935
0.0400653	0.00973326	0.0392486
0.0375058	0.00955627	0.0390098
0.0345396	0.0104033	0.0385367
0.0359007	0.0168989	0.0387049
0.0280064	0.0104828	0.0379142
0.0292025	0.01256	0.0380028
0.0316652	0.0106815	0.0382964
0.0408049	0.00697773	0.0392297
0.0310909	0.00887493	0.0382471
0.0318518	0.00662205	0.0383059
0.0368164	0.0116524	0.0388832
0.0250007	0.00720573	0.0376293
0.0302476	0.00376448	0.0382892
0.0332768	0.0111432	0.0385115
0.0273745	0.0138013	0.0378727
0.0353838	0.0152334	0.0384839
0.0295628	0.0151834	0.0381004
0.0412661	0.0016058	0.0392596
0.0273245	0.0122475	0.0379787
0.0265513	0.00602407	0.0378184
0.036276	0.00861635	0.03884
0.0323228	0.0164996	0.0383354
0.0316032	0.0130622	0.038315
0.0483965	0.00857288	0.0399813
0.0323629	0.013052	0.0383861
0.0323499	0.000943464	0.0383282
0.0454814	0.0049613	0.0396775
0.0341003	0.0143184	0.0385432
0.0197385	0.0140009	0.0370824
0.0534832	0.0151662	0.0406033
0.013327	0.00853803	0.0363975
0.00421276	0.00239467	0.0357144
0.0171372	0.0140416	0.0367088
0.0206181	0.00974151	0.0372642
0.044428	0.016242	0.039669
0.0349823	0.00734711	0.0385296
0.0231825	0.011695	0.0375049
0.0282187	0.0130967	0.0378348
0.0315875	0.0127598	0.0382831
0.0435605	0.00894375	0.0394703
0.0374967	0.00833241	0.0388717
0.0310715	0.00961331	0.0382045
0.0337905	0.0102537	0.0385589
0.0269575	0.010711	0.0378733
0.0532642	0.0131528	0.0406596
0.0254339	0.00991924	0.0377176
0.0187003	0.0102187	0.0369658
0.0199898	0.0109459	0.0372525
0.0302901	0.0162027	0.0381233
0.0325971	0.00217859	0.0386372
0.0166405	0.0132633	0.0368103
0.0432388	0.0152135	0.0395477
0.0445774	0.000878552	0.0396815
0.0390064	0.0144557	0.0390843
0.0268281	0.00827095	0.0378912
0.0192138	0.00881487	0.0370232
0.0222695	0.00934359	0.0373528
0.0327955	0.00631726	0.0384601
0.0386455	0.0135164	0.0389498
0.0380932	0.00380023	0.0388976
0.0361709	0.0168476	0.038534
0.0406253	0.0106802	0.0391879
0.0216984	0.0129781	0.037322
0.0246059	0.00132164	0.0376244
0.0354652	0.0141545	0.0387616
0.0290629	0.00874846	0.0380408
0.0242029	0.00982617	0.0374679
0.0189941	0.0107375	0.036976
0.0486857	0.00631668	0.0400009
0.035387	0.0132802	0.0386799
0.0355305	0.0158748	0.038744
0.0392226	0.00224667	0.0388882
0.0203608	0.000904704	0.0372998
0.0164385	0.0137842	0.0368375
0.0247296	0.0105945	0.0376056
0.0192188	0.00736601	0.0368491
0.0263839	0.017955	0.0378387
0.0190322	0.0123477	0.0369628
0.0366301	0.00395809	0.0390357
0.0533784	0.0139553	0.0404275
0.0406709	0.0132888	0.0392466
0.0310141	0.0140939	0.0382158
0.0295173	0.0138419	0.0380931
0.0303693	0.00941188	0.0382133
0.0320016	0.00827185	0.0383246
0.0123526	0.0159009	0.0364557
0.0395398	0.0102065	0.0390777
0.0296309	0.00759709	0.0381135
0.0345085	0.0132295	0.0385853
0.0331507	0.0121829	0.0384388
0.0216986	0.000509268	0.0374632
0.0238102	0.0117208	0.0374564
0.0267455	0.0101116	0.0378111
0.0320981	0.0145893	0.0384286
0.0136422	0.0149114	0.03647
0.0320821	0.0120791	0.038362
0.0326845	0.00897121	0.03844
0.0392442	0.00556236	0.0391577
0.022783	0.00856827	0.0373818
0.0320623	0.00915312	0.0383434
0.0391925	0.0101798	0.0390373
0.0347024	0.0136801	0.0386669
0.0136429	0.00718691	0.0365372
0.0378142	0.0125277	0.0388918
0.047768	0.00981065	0.0400961
0.0372305	0.0127307	0.0388353
0.0468763	0.00918344	0.0399976
0.0203253	0.00300821	0.0374324
0.0288499	0.0077836	0.0379716
0.0423735	0.00876137	0.0392754
0.0211762	0.00683873	0.0372866
0.0187335	0.00959794	0.0369559
0.0296416	0.0126147	0.0381064
0.0255807	0.0103074	0.0376674
0.035877	0.00409191	0.0386517
0.0299422	0.0132282	0.0381409
0.0216888	0.0093049	0.0373037
0.027782	0.01164	0.0379457
0.0142793	0.0130663	0.0366346
0.00518025	0.00826625	0.0357774
0.0416642	0.0120068	0.0392706
0.0191127	0.00333782	0.0371438
0.0402621	0.00710664	0.0390768
0.0284809	0.0089342	0.0380678
0.0330991	0.0128353	0.0384298
0.0180164	0.011972	0.037
0.031946	0.00999101	0.0383247
0.025749	0.00121841	0.0375353
0.0366588	0.00750837	0.0387464
0.0264356	0.00829552	0.037771
0.028867	0.0112229	0.0380071
0.0423639	0.00257504	0.0393641
0.0299281	0.0154694	0.0381176
0.0247363	0.00859945	0.0376039
0.0211888	0.0079418	0.0371689
0.0260535	0.0154189	0.0377526
0.0305602	0.010757	0.0381066
0.03019	0.00596237	0.0380215
0.0218792	0.00803092	0.0372827
0.0441665	0.00683282	0.0395448
0.0318859	0.00859085	0.0382856
0.0397052	0.0114899	0.03915
0.02563	0.0144597	0.037713
0.0393969	0.00687705	0.0392075
0.0240163	0.0105958	0.037513
0.0307259	0.0168281	0.0381373
0.0239101	0.00184294	0.0375528
0.0339901	0.0112331	0.038568
0.0109354	0.0015766	0.0364103
0.0310966	0.00864347	0.0383167
0.0351832	0.00870467	0.0386018
0.0419776	0.0146182	0.039457
0.0288467	0.00793677	0.0380554
0.0254664	0.0182374	0.0376018
0.0371926	0.0123692	0.0389211
0.0308654	0.00870336	0.0381426
0.0461211	0.00248261	0.0398579
0.0275956	0.0156479	0.037919
0.0305052	0.0119655	0.0381115
0.0404859	0.0131591	0.0391644
0.0333331	0.00821859	0.0384111
0.0351031	0.0142451	0.0386432
0.0378524	0.0141605	0.0389017
0.023416	0.0143552	0.037484
0.0202368	0.00370362	0.0369878
0.00611055	0.0117464	0.0356255
0.0228964	0.0081311	0.0374178
0.0326967	0.00489739	0.0383438
0.033187	0.0114657	0.0384067
0.0318404	0.0162561	0.038301
0.0195406	0.0112876	0.0371007
0.0340648	0.00218103	0.038455
0.00976246	0.0148092	0.0360685
0.0362385	0.015068	0.0388026
0.0191826	0.00417964	0.0370207
0.0441975	0.0116705	0.0396465
0.0228644	0.0074545	0.0374242
0.0461178	0.0153724	0.0397955
0.0214971	0.00948907	0.0372445
0.0447687	0.00454584	0.0396002
0.0339417	0.00105497	0.0384863
0.0461029	0.0115304	0.03972
0.0513602	0.00541478	0.0402668
0.035484	0.00306445	0.0387527
0.0315565	0.0079093	0.0382947
0.021198	0.00874967	0.037404
0.00426001	0.00609871	0.035409
0.0261508	0.0150516	0.037745
0.0233648	0.00746609	0.0374368
0.020132	0.011621	0.0371215
0.0121285	0.00892191	0.03655
0.0232263	0.014116	0.0374926
0.0353808	0.0142224	0.0387544
0.0177548	0.00234521	0.0369657
0.0330305	0.0145923	0.0384101
0.0192376	0.0132329	0.0369898
0.036431	0.00310021	0.0387475
0.0319053	0.00909955	0.0384
0.0169597	0.0150584	0.0367334
0.0238122	0.0114978	0.0375626
0.0226088	0.00384748	0.0374002
0.034455	0.00733012	0.0385184
0.00930011	0.00738206	0.0361842
0.0413992	0.00896685	0.0394296
0.0204777	0.00856509	0.0372455
0.0257141	0.0136302	0.0377184
0.0239297	0.0081266	0.037592
0.0280534	0.000538154	0.037686
0.0471513	0.0118339	0.0398353
0.0204038	0.0150687	0.0371356
0.0338168	0.000866213	0.0384736
0.0221121	0.0131688	0.0372402
0.0186727	0.00409833	0.0369668
0.033222	0.0176679	0.038544
0.0276429	0.015609	0.0379173
0.0315648	0.0144838	0.0382701
0.0292286	0.0150203	0.0380846
0.0234937	0.0135719	0.0374827
0.0373594	0.00358061	0.0389167
0.0312921	0.0174752	0.0383359
0.0405301	0.0057807	0.0390793
0.0336771	0.00278189	0.0384248
0.0335528	0.0147692	0.0384266
0.0310121	0.0123833	0.0382245
0.0212725	0.00444674	0.0372996
0.00621304	0.0100603	0.0356939
0.0320325	3.99228e-05	0.0382958
0.0418527	0.0146596	0.0392241
0.0289973	0.0133189	0.0380293
0.0321569	0.0103545	0.0384312
0.023659	0.00799272	0.0376311
0.0235972	0.01047	0.0374621
0.0262288	0.00775812	0.037818
0.0209683	0.0123817	0.0372496
0.0265821	0.0082197	0.0377406
0.014485	0.013217	0.0365028
0.0212039	0.014577	0.0371732
0.0165511	0.0127884	0.0365764
0.0332316	0.0122674	0.0384998
0.0194844	0.0090917	0.0371083
0.03463	0.00876148	0.0386314
0.0445379	0.0141488	0.0395925
0.0369942	0.00422622	0.0387428
0.00580041	0.00869129	0.0358844
0.0304211	0.01351	0.0382281
0.0305338	0.0127196	0.0382113
0.0400417	0.0100994	0.0389526
0.0204861	0.00096233	0.0373762
0.0405092	0.00739315	0.0392041
0.0209702	0.0163374	0.0372781
0.0249223	0.00253703	0.0374131
0.0243918	0.0139528	0.037578
0.0260702	0.0155826	0.0376823
0.0254653	0.00822965	0.0376093
0.0112599	0.0101005	0.0364629
0.0190125	0.00892739	0.0370707
0.0185904	0.00188949	0.0372891
0.0327084	0.0159738	0.0384175
0.0126139	0.00898056	0.0363293
0.0370805	0.00945969	0.0388277
0.0213935	0.00980167	0.0372597
0.0279287	0.0118989	0.0379576
0.0250117	0.00134771	0.0376643
0.0299291	0.00912861	0.0381329
0.0262973	0.0065741	0.0376315
0.037264	0.0129434	0.0387952
0.00254516	0.00687369	0.0352471
0.0282835	0.000261136	0.0382316
0.0323952	0.00685922	0.038493
0.0292796	0.0112437	0.0380519
0.0283742	0.0155717	0.0381003
0.0245889	0.0043693	0.03758
0.0290039	0.00995931	0.0381407
0.0254809	0.00868129	0.0376568
0.0334368	0.00700395	0.0384438
0.0393912	0.00430189	0.0390163
0.0447253	0.00683365	0.0395303
0.0314322	0.0104155	0.0383254
0.0282306	0.00725683	0.0378804
0.0279543	0.0124795	0.0378062
0.035333	0.0120014	0.0386365
0.0401265	0.00272875	0.039253
0.0200065	0.0145322	0.0371075
0.0227341	0.0145118	0.037401
0.0447144	0.00284035	0.0397167
0.0167733	0.0157028	0.0366433
0.029546	0.00952973	0.0380274
0.0182589	0.00777886	0.0370194
0.0223418	0.00688518	0.0374987
0.0218468	0.00359657	0.0373046
0.0203547	0.00503694	0.037159
0.0332257	0.0102199	0.0384111
0.0442558	0.00857613	0.0395461
0.0202952	0.0039638	0.03716
0.0150556	0.00192141	0.0363907
0.036074	0.00901254	0.038678
0.0192364	0.0149158	0.0369899
0.0318125	0.00671209	0.0383011
0.0242063	0.00360854	0.0373912
0.0323216	0.00528337	0.0384231
0.0111779	0.0163976	0.0363476
0.0156692	0.0141306	0.0366421
0.0182555	0.00872867	0.0369213
0.0393256	0.0124952	0.0388683
0.036132	0.00462382	0.0387966
0.0247139	0.0126464	0.037746
0.0178577	0.0135935	0.0368448
0.0168298	0.0087207	0.036878
0.0333086	0.00766547	0.0384706
0.0307827	0.00909543	0.0381218
0.0350328	0.0170607	0.038619
0.0301463	0.0104978	0.0381905
0.0310772	0.0141896	0.0383346
0.0399967	0.0117001	0.0392405
0.0314905	0.0125244	0.0383116
0.0246437	0.00695026	0.0375929
0.0214655	0.00319818	0.0371095
0.0387617	0.00801111	0.0388572
0.0257323	0.0166027	0.0376611
0.0529021	0.00439636	0.04051
0.0381787	0.00570794	0.0389499
0.0251063	0.000330528	0.0373863
0.0112804	0.00758225	0.0361897
0.0341231	0.0125784	0.0386152
0.0245872	0.0159962	0.0377454
0.0127221	0.0140608	0.0364538
0.00638637	0.00877514	0.0356599
0.0323991	0.0113239	0.0384281
0.0159591	0.0111	0.0367446
0.0385783	0.0103401	0.0388172
0.0279508	0.0114596	0.0378042
0.0298517	0.00299059	0.0381931
0.0201356	0.0161893	0.0370494
0.0243925	0.0109012	0.0375567
0.0408387	0.00726685	0.0392349
0.0496876	0.00551602	0.0402151
0.0386916	0.00388058	0.0390535
0.0263999	0.0095456	0.0377873
0.0247873	0.00895999	0.0376765
0.0465422	0.0119828	0.0395208
0.0154168	0.0133001	0.0367402
0.0309262	0.0141813	0.0382406
0.017994	0.0158689	0.036866
0.0303987	0.00907274	0.0381103
0.0262974	0.00679746	0.03763
0.0394007	0.0131945	0.0390835
0.0447192	0.0166351	0.039633
0.0238879	0.0144845	0.0374685
0.0353975	0.00917078	0.0386105
0.0203851	0.0143972	0.0372158
0.0291596	0.0123812	0.0380088
0.0301582	0.00353185	0.0381263
0.0406862	0.0161193	0.0390921
0.0146958	0.0165623	0.0364428
0.0379085	0.00750759	0.0390967
0.0408594	0.00763306	0.0392676
0.0351463	0.00394159	0.0387804
0.0288381	0.00820049	0.0380716
0.0307476	0.00267366	0.038193
0.0303338	0.00792089	0.0382195
0.0132665	0.000902337	0.036621
0.0355837	0.00329834	0.0386592
0.0281139	0.00888732	0.0379479
0.0300542	0.014534	0.038155
0.0377384	0.0102833	0.0389682
0.032952	0.00885858	0.0384293
0.0391007	0.0124392	0.0391492
0.0301266	0.0153305	0.0381784
0.0349287	0.0153968	0.038565
0.0263853	0.0145253	0.0377707
0.0139348	0.00676907	0.036406
0.0452173	0.0119958	0.0396957
0.0115107	0.0131866	0.0363634
0.0374854	0.0120221	0.0388767
0.0250248	0.0109676	0.0375959
0.0322997	0.0146757	0.038334
0.0314327	0.00742397	0.0382089
0.0354623	0.0161674	0.0386539
0.027152	0.0145489	0.037847
0.028594	0.00972263	0.0378828
0.0329014	0.0130192	0.0384418
0.0465481	0.0150318	0.0397552
0.0388917	0.00779924	0.0390013
0.0245796	0.0155043	0.037629
0.032794	0.00956713	0.0384774
0.0188849	0.0119985	0.0369865
0.0213743	0.00346457	0.0372741
0.0338387	0.0157225	0.0385146
0.0245018	0.00826303	0.037606
0.0239927	0.00799069	0.0376062
0.0250309	0.0151098	0.0375778
0.0270729	0.00932082	0.0378663
0.0162378	0.00414598	0.0367175
0.0418449	0.00739991	0.0393613
0.0195581	0.00628492	0.0370593
0.0443539	0.00801578	0.039772
0.0304288	0.00133426	0.0382224
0.014032	0.00611369	0.036446
0.0430795	0.0158178	0.0394094
0.0219774	0.0166956	0.0372525
0.0220304	0.012034	0.037321
0.014735	0.00998829	0.0365567
0.0230734	0.0165227	0.037358
0.0260193	0.0102275	0.0377764
0.0244166	0.015534	0.03756
0.0310376	0.00994106	0.0383212
0.0197173	0.0108089	0.0370803
0.0193573	0.0165218	0.0371248
0.0263484	0.0125801	0.0377626
0.0294361	0.00799522	0.0381637
0.03255	0.0104442	0.0384656
0.0365727	0.00609783	0.0388273
0.00673349	0.00747662	0.0358661
0.0212253	0.0178277	0.0373039
0.0277464	0.0126207	0.0379404
0.0149782	0.000922711	0.0367915
0.0338184	0.0132853	0.0385477
0.0339618	0.0154546	0.0385985
0.0118813	0.0148741	0.0363503
0.035533	0.0145775	0.0386645
0.0334669	0.0159067	0.0384731
0.0457176	0.0129026	0.0394332
0.0410922	0.0128078	0.0392441
0.0300981	0.0100707	0.0382063
0.0346757	0.0127656	0.0386718
0.0458833	0.00523069	0.0399928
0.036141	0.0158283	0.0386988
0.0436354	0.0119404	0.0394602
0.034176	0.00554424	0.0385169
0.0368538	0.0151184	0.0388812
0.0410687	0.0149613	0.0392137
0.0289778	0.00521964	0.0380663
0.041718	0.0146251	0.0393064
0.0321316	0.00907261	0.038273
0.00415595	0.0168049	0.0355006
0.0199755	0.0169173	0.036989
0.0363215	0.00963232	0.0386765
0.0308347	0.00520984	0.0382648
0.0177974	0.00246205	0.0369162
0.0184064	0.0122021	0.0370802
0.0174432	0.00958961	0.0368246
0.0283933	0.00415263	0.0379579
0.0364497	0.00532627	0.038682
0.0395005	0.0127609	0.0388754
0.0388431	0.00965135	0.0390316
0.032336	0.00145904	0.0384449
0.0124883	0.0110737	0.0364242
0.0193384	0.0061143	0.0370464
0.030404	0.00814219	0.0382225
0.000678211	0.0160879	0.0350088
0.0241079	0.0159766	0.0374702
0.0446627	0.00626187	0.0394796
0.0205044	0.0064522	0.0371656
0.0397938	0.0121864	0.0391957
0.00579641	0.0136395	0.0357074
0.0291565	0.0119831	0.038067
0.0195129	0.000888554	0.037238
0.0344519	0.0122591	0.0385665
0.0319055	0.0149723	0.0383278
0.0480339	0.0137036	0.0399274
0.0442235	0.0124195	0.039554
0.0114277	0.0111774	0.0361718
0.0234624	0.0144374	0.0375155
0.0403247	0.00870746	0.0389934
0.0301527	0.0147786	0.0381283
0.0415544	0.00505071	0.0394128
0.0205578	0.00469882	0.037027
0.0235442	0.016001	0.0374014
0.0205127	0.00664466	0.0371764
0.029078	0.0143153	0.0380341
0.017508	0.0010106	0.0368994
0.0265777	0.00950277	0.0377252
0.0432999	0.00728121	0.0394128
0.0199204	0.0153693	0.0370698
0.0436013	0.00952601	0.039473
0.0358728	0.0123677	0.0388051
0.0460648	0.000273034	0.039837
0.035816	0.0100146	0.0387596
0.0415902	0.0105535	0.0393181
0.0341164	0.011044	0.0386127
0.0320153	0.00468497	0.0381868
0.040713	0.0141029	0.039248
0.0432283	0.0103216	0.0394695
0.0314525	0.0111152	0.038333
0.0337172	0.0145385	0.0384823
0.036264	0.00709574	0.0389262
0.0456041	0.00191556	0.0397242
0.0158814	0.0166521	0.0367122
0.0146123	0.0136466	0.0365962
0.0332348	0.00771053	0.0384206
0.0342714	0.0115321	0.0386028
0.0300938	0.0108884	0.0381896
0.0322497	0.00875749	0.0384217
0.0124324	0.00706577	0.0362514
0.0401901	0.0141947	0.0392327
0.0224901	0.00989548	0.0372938
0.0289673	0.00805272	0.0379853
0.026637	0.00775305	0.0377159
0.0379009	0.0142074	0.0388667
0.0165526	0.00890634	0.0366669
0.0269825	0.0112612	0.0378709
0.0172607	0.0115032	0.0368743
0.0408197	0.00778515	0.0392308
0.0385088	0.00494615	0.0388661
0.0258208	0.0167472	0.0377112
0.0289264	0.0171453	0.0380526
0.034153	0.0129625	0.038489
0.0464748	0.00811185	0.0395536
0.0333899	0.016354	0.0384571
0.0310403	0.000757031	0.0384021
0.0293068	0.0130477	0.0380846
0.039387	0.0126552	0.0390551
0.0417787	0.0109707	0.0391016
0.0341831	0.011887	0.0385291
0.0293222	0.0124567	0.0380793
0.0429051	0.010889	0.0394337
0.0382595	0.00562593	0.0389359
0.0239765	0.00466069	0.0377451
0.0357428	0.00580269	0.0387355
0.0336725	0.00403133	0.0385726
0.0177297	0.00183786	0.0366585
0.0282155	0.0156405	0.0378324
0.0298695	0.0106431	0.0381243
0.0350258	0.00137447	0.0384632
0.0206815	0.00837803	0.0373645
0.036876	0.0082938	0.0389698
0.0187833	0.00421016	0.0371266
0.0402748	0.00815687	0.0392724
0.0178539	0.00652193	0.0371362
0.0310842	0.0143486	0.0382544
0.0284007	0.00470586	0.0379593
0.0434862	0.0145621	0.0393811
0.0265619	0.00955061	0.0378041
0.048568	0.0054398	0.0400577
0.0291001	0.0103953	0.0379857
0.040681	0.00166887	0.0392018
0.0235255	0.0114504	0.0373982
0.00440253	0.00789123	0.0354623
0.0457386	0.00153365	0.0399563
0.0339652	0.0067539	0.0384027
0.0264643	0.0109734	0.0378212
0.0414384	0.0168453	0.0393987
0.0208304	0.0115851	0.0372073
0.022674	0.0133911	0.0373338
0.0212399	0.0140115	0.0371975
0.0351422	0.0124903	0.0386562
0.0295836	0.0107179	0.0380947
0.0418368	0.00819308	0.039497
0.0141227	0.00234549	0.0363213
0.0192385	0.0148787	0.0370741
0.0505133	0.0103061	0.0398974
0.030723	0.00777543	0.0382686
0.0124365	0.00870751	0.0362359
0.0466367	0.0165098	0.0397945
0.0286432	0.00983316	0.0378947
0.0108224	0.0112906	0.0361912
0.010533	0.00521654	0.036381
0.0266343	0.0107997	0.0378436
0.0368	0.0165855	0.0387911
0.0266281	0.0103952	0.0377972
0.02604	0.00222261	0.0376778
0.0373281	0.00793653	0.0389824
0.0454223	0.0104972	0.0398228
0.0312639	0.00442031	0.038104
0.0310367	0.00933522	0.0382251
0.0215063	0.00215509	0.0374204
0.030884	0.00475747	0.0382012
0.028574	0.0103327	0.0380418
0.0122176	0.0150645	0.0363259
0.0288763	0.00157928	0.0379942
0.0223813	0.0151369	0.0373825
0.0337903	0.0143328	0.0384664
0.0334398	0.00927736	0.0385512
0.0179058	0.0169274	0.0369617
0.0215358	0.0103207	0.0372927
0.0386327	0.0128371	0.0389828
0.0182352	0.00443839	0.0372098
0.0344474	0.00279539	0.0384844
0.0392245	0.00917099	0.0389649
0.0153354	0.0131254	0.0365812
0.0155226	2.51482e-05	0.0364365
0.0218877	0.00761756	0.0374923
0.0337106	0.0141124	0.0385087
0.0250183	0.0121528	0.037774
0.029405	0.0150853	0.038086
0.0377267	0.00512086	0.0389876
0.0377754	0.0145422	0.038998
0.0406788	0.0134008	0.0392347
0.0278502	0.0130091	0.0378249
0.0331471	0.0120204	0.0384991
0.0262621	0.00534745	0.0376722
0.0468991	0.0134451	0.0398324
0.0469866	0.0136744	0.0398935
0.0399306	0.0113557	0.0391001
0.0415947	0.00566461	0.0391626
0.0149219	0.00954861	0.0367013
0.0270434	0.00187384	0.0378176
0.0196139	0.0135922	0.0370622
0.0268013	0.017721	0.0377772
0.0441648	0.0086317	0.0396343
0.0298206	0.00414012	0.0381541
0.0256356	0.0143383	0.0377127
0.0306605	0.011226	0.0381019
0.0353916	0.00129744	0.0384706
0.0299595	0.0155768	0.0382314
0.0201458	0.0138427	0.0371497
0.0195352	0.0121782	0.0370977
0.0254033	0.0162197	0.0377837
0.0320502	0.00820047	0.0382248
0.0331024	0.013276	0.0384935
0.0188272	0.0119622	0.0369798
0.0147132	0.0136306	0.0366649
0.0332098	0.012827	0.0384247
0.0421814	0.018704	0.0394723
0.0455761	0.0078441	0.0396917
0.0199254	0.00791759	0.0369944
0.0449409	0.00834823	0.0396037
0.0136743	0.0150783	0.0363585
0.0377851	0.00936838	0.038755
0.0266029	0.0118316	0.0378333
0.0212841	0.00968322	0.0371985
0.0350292	0.0123277	0.0386825
0.0171043	0.0137373	0.0368068
0.0428205	0.0151647	0.0394453
0.0340752	0.0117422	0.0385596
0.0293738	0.00950465	0.0380708
0.045569	0.013279	0.0396448
0.0452929	0.00501803	0.0394816
0.0183144	0.0056817	0.0370065
0.0232451	0.00936913	0.0374214
0.0463831	0.00791588	0.0396681
0.0290954	0.01072	0.0381103
0.0098815	0.0108433	0.0360365
0.0370077	0.00705059	0.0389178
0.0237264	0.0116139	0.0374188
0.0484766	0.0165479	0.0396477
0.0282891	0.00543661	0.0379959
0.0236354	0.00853276	0.0375111
0.0264775	0.0151495	0.0378699
0.021153	0.00582393	0.0371784
0.0229805	0.0166741	0.0373134
0.042765	0.0139855	0.0394078
0.0120202	0.0109347	0.0362119
0.0411548	0.011609	0.0392397
0.0172326	0.00907865	0.0370188
0.0354159	0.00247374	0.0386331
0.0330589	0.001927	0.0384065
0.0316729	0.0101892	0.0382832
0.0262698	0.0150955	0.0376894
0.0211557	0.0110585	0.0372351
0.0366022	0.00969472	0.038785
0.0431649	0.0114921	0.0394099
0.0221581	0.00489485	0.0371699
0.0110156	0.011767	0.0362225
0.0297719	0.014433	0.0381185
0.0324794	0.012184	0.0383824
0.0325483	0.0110565	0.0383514
0.0330274	0.00865783	0.0384209
0.020997	0.00855211	0.0371619
0.0384317	0.0100083	0.0389619
0.0344047	0.0098156	0.0386492
0.0276635	0.0113517	0.0379192
0.0180911	0.00692633	0.0369439
0.0294442	0.00396811	0.0380993
0.051658	0.00672191	0.0403922
0.02046	0.0103539	0.0371868
0.0455124	0.0082425	0.039834
0.041984	0.00562553	0.0392209
0.0278525	0.0151246	0.0379469
0.0374509	0.0107628	0.0388733
0.0435545	0.0141379	0.0394909
0.0447682	0.0187522	0.0395755
0.028875	0.0147935	0.0379157
0.0276147	0.0135658	0.0380112
0.0370449	0.0138257	0.0388069
0.037678	0.0098707	0.0388764
0.0309793	0.0140256	0.0381953
0.00182328	0.00888989	0.0353942
0.0314981	0.0136714	0.0382687
0.0377097	0.00672292	0.0387854
0.0539753	0.00324513	0.0404346
0.044861	0.0163596	0.0396459
0.00961054	0.00799023	0.0361548
0.0371126	0.00812372	0.0388028
0.0328238	0.0070338	0.0384695
0.0265939	0.00669112	0.0378854
0.0170952	0.0120585	0.036871
0.032715	0.0128779	0.0384644
0.0337887	0.0133933	0.0386015
0.0341979	0.0153898	0.0385633
0.0118744	0.00979144	0.0364163
0.0310776	0.013214	0.0381828
0.0481472	0.013115	0.0400657
0.0222565	0.00337911	0.0373727
0.0328051	0.0141267	0.0384036
