0.0319327	0.00989081	0.12423
0.0252553	0.00916077	0.10573
0.0339899	0.00814735	0.0647563
0.0267493	0.00974992	0.106045
0.0314112	0.00980908	0.0851996
0.0324541	0.00813701	0.11317
0.0330226	0.0141797	0.0640634
0.0304183	0.007181	0.100383
0.0281093	0.0115926	0.0296054
0.0294678	0.0142889	0.140315
0.026701	0.0133619	0.133204
0.0249155	0.0103293	0.040677
0.0330452	0.00311745	0.181256
0.0324874	0.0134281	0.0473149
0.0316094	0.00786314	0.117819
0.0252667	0.0135176	0.139696
0.0294188	0.0107356	0.0910199
0.0221302	0.00872022	0.164524
0.025172	0.00944824	0.122115
0.0294659	0.0120448	0.1809
0.0322888	0.0129366	0.0463403
0.0202292	0.0100822	0.189578
0.0246901	0.00892989	0.124993
0.031402	0.0131833	0.166209
0.0314321	0.0141418	0.0786785
0.026208	0.0121662	0.142803
0.0334127	0.00885787	0.0429354
0.0306204	0.0131531	0.13082
0.0297997	0.0082623	0.020951
0.0377551	0.0075516	0.0789776
0.0300912	0.0142021	0.0251817
0.036428	0.00599901	0.0472602
0.0284864	0.0109057	0.0607848
0.0294258	0.014122	0.0211433
0.0292548	0.00772249	0.0922828
0.0344763	0.00943209	0.122138
0.0343738	0.00893187	0.0995103
0.028472	0.0119382	0.0255105
0.0269541	0.0101442	0.0896747
0.036165	0.0134971	0.0358336
0.0313037	0.00906356	0.0884882
0.0281809	0.010625	0.178917
0.0260696	0.01043	0.168411
0.0290822	0.0119909	0.0730511
0.0303511	0.0101983	0.166565
0.0271875	0.00940412	0.0036938
0.032936	0.0096193	0.173719
0.0246805	0.0117215	0.134314
0.0351302	0.00927581	0.0516212
0.0332376	0.0112024	0.158617
0.0382391	0.00931736	0.0319951
0.0410646	0.00776248	0.0843022
0.0271701	0.0118014	0.399348
0.029959	0.0139231	0.104126
0.0290029	0.00877285	0.107347
0.0283067	0.0146765	0.0212033
0.0287761	0.0143375	0.257269
0.0272144	0.0118536	0.0161069
0.0251354	0.00822888	0.0124845
0.0305282	0.00911855	0.109871
0.0274581	0.00868577	0.0989426
0.0317509	0.0128636	0.0248229
0.0321824	0.0107899	0.120588
0.0263831	0.00624983	0.0848603
0.0314783	0.012742	0.070637
0.0381888	0.0069722	0.0428935
0.038501	0.0111784	0.0839399
0.0323843	0.00964078	0.0984781
0.0231995	0.0071964	0.0869473
0.0250622	0.00777906	0.10029
0.022936	0.010996	0.0186204
0.0346685	0.0100893	0.025441
0.035912	0.0110389	0.0836877
0.0428105	0.00780264	0.0961589
0.0301407	0.00911043	0.0201717
0.0300717	0.0120218	0.0459373
0.0281924	0.0087384	0.29796
0.0269285	0.00826188	0.0951547
0.0212909	0.00889965	0.00156081
0.033611	0.00920703	0.187363
0.0319355	0.0119013	0.157426
0.0254768	0.0106469	0.0153714
0.0331728	0.00982463	0.117959
0.039008	0.0103271	0.133168
0.033562	0.00914848	0.0587803
0.031887	0.0143662	0.0531885
0.0226137	0.0126809	0.0336861
0.0336538	0.0115738	0.0863302
0.0277018	0.00959498	0.109712
0.0294933	0.0096359	0.021806
0.0218531	0.00945319	0.115496
0.0307124	0.0098184	0.308604
0.0326373	0.00910652	0.0384601
0.0279652	0.0118096	0.131858
0.0240624	0.00721905	0.0184615
0.0255291	0.0114743	0.0925708
0.0331426	0.00533392	0.00790897
0.0301765	0.00680703	0.105289
0.0356387	0.0136624	0.152361
0.0319611	0.0102802	0.0253017
0.0332129	0.010447	0.137404
0.0326918	0.00981981	0.00692527
0.0349303	0.0079562	0.0314027
0.0296317	0.00991128	0.10983
0.0252374	0.00963661	0.0555169
0.0311394	0.00541695	0.0719404
0.0324978	0.0140027	0.0978517
0.0356149	0.00861104	0.0986891
0.0221629	0.0111217	0.0857574
0.0293636	0.0128421	0.131082
0.0235982	0.00766339	0.0663783
0.0332926	0.0108172	0.0890885
0.0204019	0.0119983	0.0373605
0.029401	0.014295	0.110145
0.0360366	0.00629191	0.0787117
0.0231674	0.011261	0.0329765
0.0263771	0.00664091	0.19015
0.0276088	0.00991963	0.180003
0.0300828	0.00949821	0.0212105
0.0277355	0.0110325	0.159468
0.0356808	0.0135398	0.00829796
0.031743	0.0139199	0.0527844
0.0304783	0.0101546	0.0206346
0.0324014	0.00834722	0.0929765
0.0281695	0.0122258	0.0218802
0.0297677	0.00646646	0.0156516
0.0360718	0.0121485	0.0940532
0.0291593	0.0111113	0.10356
0.0313458	0.00822539	0.0337354
0.0301715	0.0109291	0.0405452
0.0280942	0.0128223	0.0794898
0.0234643	0.012173	0.066991
0.0227715	0.00909276	0.0694823
0.0284501	0.0145586	0.0498956
0.0324832	0.0065508	0.163453
0.025887	0.011359	0.0932863
0.0362872	0.00781156	0.102422
0.0276688	0.00451125	0.0974009
0.0322657	0.011579	0.0143697
0.0182145	0.0101467	0.113231
0.0260728	0.0126383	0.0383095
0.0176816	0.0135579	0.0391946
0.0252845	0.0063248	0.0885371
0.0204146	0.0112068	0.0305709
0.0269103	0.00861373	0.12068
0.0253953	0.0130212	0.122375
0.034723	0.0084643	0.132458
0.0319536	0.0110833	0.267104
0.0363648	0.0117252	0.0252083
0.032117	0.0136669	0.0283193
0.0303977	0.0103934	0.126789
0.0285035	0.00677182	0.0933311
0.0334265	0.0119081	0.0895189
0.0306803	0.0133555	0.0249335
0.0282132	0.00761956	0.0475339
0.0258984	0.0063209	0.0110155
0.0316953	0.00963145	0.0496849
0.0347909	0.00981765	0.0565043
0.0268154	0.0124777	0.0581954
0.030214	0.0123062	0.0195284
0.03427	0.0105056	0.0535312
0.0334381	0.00727598	0.101524
0.02458	0.00675982	0.0989988
0.026771	0.0091078	0.117484
0.0200756	0.0106009	0.0407875
0.0257349	0.00693774	0.173514
0.0296066	0.0123246	0.0218314
0.0302492	0.011948	0.0240095
0.0233718	0.00943865	0.0989815
0.0371621	0.0109694	0.0750837
0.0312987	0.010123	0.11204
0.0276602	0.00924574	0.113674
0.0350755	0.00753589	0.0944488
0.0252655	0.013734	0.0804689
0.0342588	0.0108263	0.146425
0.034523	0.0096417	0.240546
0.0290986	0.010179	0.121853
0.0367022	0.0109876	0.0231569
0.0321112	0.0096104	0.036028
0.0213855	0.0105355	0.300581
0.0248067	0.0130016	0.0595952
0.0319467	0.0126539	0.102653
0.0312387	0.0120284	0.0220124
0.0284387	0.0128524	0.0268441
0.0287524	0.0087768	0.0913723
0.0235683	0.0121604	0.0285573
0.0269241	0.0102609	0.0374877
0.0225397	0.0112856	0.066645
0.0270383	0.0122672	0.0172504
0.0343533	0.00854422	0.158359
0.0350625	0.0128031	0.0258699
0.0313755	0.00815397	0.0944048
0.0293822	0.00760405	0.113758
0.0263968	0.00681651	0.0905769
0.029713	0.0113696	0.0889068
0.0329194	0.0110521	0.181508
0.0323842	0.011094	0.165825
0.0341504	0.00851236	0.0842949
0.0336096	0.0108436	0.0987861
0.0285403	0.014064	0.0240888
0.0278021	0.0128148	0.030111
0.0355884	0.0117396	0.167475
0.0344534	0.0117296	0.264679
0.0316969	0.010037	0.158326
0.0275063	0.00945514	0.0207452
0.0244405	0.0104881	0.0549234
0.0359773	0.0132237	0.143342
0.0363661	0.0120782	0.050217
0.0380585	0.00948305	0.235675
0.033572	0.0105717	0.0447152
0.0300009	0.00856502	0.0883378
0.0281321	0.0134248	0.129546
0.0257168	0.00893869	0.121164
0.0347624	0.0145213	0.180675
0.0288483	0.00746123	0.0999842
0.0290063	0.003837	0.011198
0.0338987	0.00915798	0.0920723
0.028892	0.00756466	0.0643981
0.0280243	0.0115027	0.0811472
0.0361347	0.0106024	0.0297551
0.0288895	0.00810221	0.0444309
0.0351305	0.00986006	0.143556
0.0319737	0.0145881	0.0529482
0.0240493	0.00790876	0.112693
0.0192029	0.0121884	0.0832126
0.0244955	0.0107202	0.186393
0.0299153	0.0133156	0.291929
0.0285538	0.0107745	0.0520066
0.0283514	0.0132164	0.0865127
0.0326107	0.0127809	0.114112
0.0335213	0.01167	0.0830633
0.0153175	0.00779819	0.0962428
0.0208277	0.0120731	0.0587358
0.0295531	0.0092277	0.268113
0.0294645	0.0104034	0.0387199
0.0328393	0.0113115	0.154907
0.0258445	0.00747219	0.0680176
0.0327032	0.0108407	0.0375098
0.0264601	0.0100771	0.0383954
0.0350071	0.00824977	0.133415
0.0284	0.011291	0.0635173
0.0340251	0.0112769	0.0976738
0.0259313	0.0128647	0.131477
0.0329496	0.00719877	0.0944841
0.0313623	0.00654695	0.0959382
0.0355845	0.00977928	0.0466058
0.0295785	0.0114027	0.0860892
0.0180209	0.00746108	0.0977674
0.033754	0.0105486	0.110322
0.0211758	0.00887761	0.101466
0.0327033	0.00868367	0.0666993
0.035921	0.0103682	0.0416088
0.0251303	0.00854346	0.176355
0.0319147	0.00887532	0.0357028
0.0247031	0.00674957	0.1846
0.0340342	0.00945633	0.0328078
0.0222477	0.00859541	0.098331
0.0296238	0.00895778	0.17825
0.0280463	0.0139172	0.0317068
0.0296543	0.00905251	0.0422981
0.0296202	0.00918646	0.0385732
0.0334025	0.00925145	0.0930842
0.0318429	0.00864781	0.0804878
0.0275451	0.0117356	0.0880562
0.0291924	0.00525038	0.102369
0.0250277	0.00876978	0.121479
0.0322376	0.0118473	0.0897245
0.0363713	0.0115334	0.0288831
0.0312198	0.0102634	0.00613416
0.032445	0.0119607	0.15415
0.0318352	0.00545912	0.0977429
0.0320507	0.0089518	0.134561
0.0320863	0.00941772	0.179396
0.0257293	0.0114783	0.0204531
0.0246613	0.00892687	0.0897929
0.0321427	0.00752543	0.0791786
0.0298338	0.0109765	0.0838169
0.0344105	0.00860425	0.0748674
0.0316723	0.0100227	0.0948089
0.0270823	0.00860287	0.0353413
0.0209207	0.0114389	0.0563067
0.02664	0.0082276	0.110862
0.0261965	0.0122637	0.0256743
0.0340223	0.0111319	0.0552226
0.0339097	0.00594896	0.0194242
0.0324132	0.0104834	0.0934528
0.0296372	0.0116382	0.0721562
0.0279193	0.006359	0.0894874
0.0310215	0.0102774	0.0376115
0.0293585	0.0146046	0.0397801
0.0276213	0.00924149	0.0239486
0.0381093	0.0105742	0.0443935
0.0310485	0.0125545	0.00385464
0.0349847	0.0117462	0.046187
0.0230493	0.0122887	0.0322618
0.0235971	0.0106674	0.307174
0.0265713	0.00952629	0.162132
0.0257144	0.00821385	0.0118768
0.0302773	0.0105344	0.139317
0.0265571	0.0106311	0.0882756
0.0300818	0.0123989	0.240303
0.0337923	0.010646	0.0374295
0.0347442	0.00739034	0.086983
0.0344904	0.0101161	0.0902538
0.0281498	0.00802757	0.15742
0.0246744	0.0115969	0.0839839
0.0240461	0.00834873	0.0880874
0.0350291	0.00347655	0.0896893
0.0270699	0.0135846	0.0538001
0.0311911	0.00924666	0.184113
0.0320952	0.00776758	0.0831088
0.0318362	0.0072635	0.0586226
0.0261481	0.0135735	0.0348292
0.0267748	0.00993706	0.0283674
0.0283086	0.00913754	0.0452911
0.0351106	0.00850393	0.161708
0.0319622	0.0120039	0.1836
0.0304479	0.0124658	0.0373878
0.0339584	0.01184	0.110007
0.0361261	0.00750013	0.0925507
0.0310665	0.0102586	0.109994
0.0266245	0.0083748	0.0997476
0.0336595	0.00862341	0.09549
0.034445	0.00500178	0.0448597
0.0357559	0.011126	0.104042
0.0304097	0.0110573	0.151748
0.0300503	0.00843255	0.109415
0.0362624	0.0089684	0.0309644
0.0297961	0.00992626	0.132516
0.0342209	0.0122935	0.0953655
0.0323171	0.00926902	0.131343
0.0315575	0.013449	0.0470495
0.0221734	0.0118255	0.0891039
0.0291041	0.00542272	0.171493
0.0257396	0.0119728	0.107075
0.02725	0.00961752	0.119266
0.0302497	0.00771684	0.113087
0.0370438	0.0122559	0.178146
0.02927	0.0111814	0.0261483
0.0333383	0.00816938	0.0416847
0.0200271	0.0123872	0.12748
0.0277514	0.00802601	0.0125347
0.0309979	0.00666953	0.0959897
0.0371904	0.0132087	0.0252398
0.0229449	0.00450462	0.185552
0.0327234	0.00878184	0.0799685
0.0315282	0.0111268	0.12976
0.0343305	0.00961755	0.0846325
0.0362645	0.0131048	0.0410563
0.0350363	0.00789619	0.0497049
0.0367316	0.00739406	0.0639626
0.0307001	0.0114585	0.18366
0.027996	0.0111931	0.0313305
0.028681	0.00801638	0.104895
0.0331859	0.0106045	0.0445279
0.0274647	0.0111212	0.0656134
0.031249	0.00975437	0.0411234
0.0320646	0.011341	0.0278852
0.038714	0.0109963	0.0518647
0.0266254	0.0118873	0.0483938
0.0315841	0.0109856	0.0247807
0.0309201	0.0086423	0.0385506
0.0281604	0.00811683	0.0266125
0.0240952	0.0124761	0.0342093
0.0319884	0.00922577	0.0229646
0.0308739	0.0120228	0.15775
0.025223	0.00971927	0.10482
0.0263535	0.0104692	0.104913
0.0313117	0.0120983	0.0735614
0.0302828	0.0119496	0.0235763
0.0324268	0.0124251	0.182758
0.0279671	0.00988513	0.058701
0.0271546	0.00617478	0.0995916
0.0198642	0.00812834	0.0400795
0.0344764	0.0120128	0.0432893
0.0338906	0.0100833	0.0873707
0.0290778	0.00838367	0.0992684
0.0319174	0.0117645	0.106369
0.0235587	0.0113653	0.0676593
0.0317931	0.00491979	0.266365
0.0332602	0.0154319	0.154755
0.0254803	0.00994841	0.0166591
0.0291899	0.00967972	0.12735
0.0231082	0.0150007	0.0817356
0.0139381	0.00875965	-0.00206601
0.035922	0.0133099	0.0800374
0.0284975	0.010624	0.0353337
0.0210636	0.010063	0.257415
0.0404246	0.00638995	0.0579244
0.0325123	0.00742188	0.0886937
0.0318531	0.00664749	0.323734
0.0304633	0.00918836	0.186508
0.0383142	0.0107889	0.0887257
0.0300938	0.0114934	0.27674
0.031062	0.00866309	0.0393914
0.0392483	0.00879912	0.095029
0.0286393	0.0151914	0.135065
0.0277095	0.0117177	0.0241959
0.0279398	0.00755916	0.166011
0.0211244	0.0117928	0.185658
0.0306994	0.0114213	0.0396437
0.0284648	0.00984596	0.273251
0.0390022	0.00956962	0.144362
0.0291585	0.0103415	0.0223453
0.0262636	0.0152466	0.0203019
0.0246546	0.0105697	0.0239468
0.0284315	0.00633187	0.0957476
0.0298568	0.00971417	0.0336887
0.0350982	0.00710801	0.0110315
0.0267853	0.0119595	0.125699
0.0203388	0.0095543	0.180168
0.0343118	0.0112702	0.24686
0.0290855	0.0115934	0.106054
0.0296764	0.010275	0.0399993
0.029355	0.004876	0.0536297
0.0325836	0.0130364	0.0263339
0.0279263	0.0124197	0.0311834
0.0246149	0.00745766	0.0963165
0.0227982	0.0074742	0.197244
0.0257645	0.0113664	0.122721
0.0344566	0.00991091	0.0584081
0.0314594	0.00879974	0.166373
0.0333015	0.00845206	0.110385
0.0365596	0.00886653	0.052051
0.0263055	0.0133957	0.183545
0.0375892	0.00842461	0.0428823
0.0306677	0.00922786	0.185974
0.0206354	0.0101953	0.166445
0.0379844	0.0102973	0.0181598
0.022081	0.0108651	0.0686524
0.0347519	0.0112941	0.104831
0.0281109	0.0115567	0.130719
0.0347168	0.0103548	0.15578
0.0251508	0.00579877	0.042511
0.0299177	0.00623667	0.109135
0.0232759	0.0103314	0.123737
0.0249385	0.00526504	0.1037
0.0293502	0.012397	0.0305295
0.0381206	0.0106138	0.129735
0.0279366	0.0109606	0.0320774
0.0296767	0.0110562	0.0403272
0.0211633	0.00686054	0.0412538
0.0349658	0.00935688	0.0289363
0.0326801	0.0104279	0.0343331
0.0286095	0.00912517	0.0694223
0.0226461	0.00709246	0.094526
0.0199627	0.0108893	0.125366
0.0327033	0.0102052	0.0484772
0.0234797	0.0121159	0.118517
0.0238864	0.00748261	0.0897712
0.0315069	0.0126041	0.0224875
0.0297436	0.0126133	0.0865709
0.0299502	0.00983276	0.0211168
0.0324325	0.0103706	0.140601
0.0305376	0.0127789	0.129303
0.0294833	0.00959295	0.171588
0.0294967	0.0125944	0.0247802
0.0230746	0.00793458	0.0274097
0.0294676	0.0111316	0.0297164
0.035071	0.00838087	0.0177393
0.0228862	0.0109936	0.163998
0.0335928	0.0123358	0.133852
0.027401	0.0108975	0.0242489
0.0333155	0.0124725	0.02502
0.0277219	0.00812617	0.109267
0.0304514	0.0108714	0.129132
0.0295449	0.00767057	0.105771
0.0294095	0.0132664	0.0263067
0.0284507	0.00933329	0.125883
0.0410575	0.00866692	0.161906
0.0252608	0.00848168	0.0617284
0.03133	0.00704257	0.0219688
0.0316724	0.00928802	0.0547287
0.0354302	0.0136915	0.153403
0.0266002	0.0140619	0.0174867
0.0295099	0.0060458	0.0915266
0.0307858	0.00838767	0.0993088
0.0307215	0.0105175	0.08558
0.021705	0.011371	0.0818293
0.0256517	0.0135578	0.133384
0.0180151	0.0114902	0.0764976
0.026629	0.0136836	0.264597
0.0302774	0.00901331	0.108088
0.0371065	0.00337023	0.153388
0.026454	0.00910547	0.104101
0.0261493	0.00816025	0.166002
0.0346372	0.010294	0.147523
0.0342643	0.0115873	0.0503923
0.0257276	0.00877256	0.0110655
0.0332707	0.0103472	0.0798787
0.0306552	0.0103099	0.0224395
0.0280544	0.0101852	0.0246792
0.0304967	0.0097207	0.156559
0.0307911	0.00691361	0.10289
0.0262553	0.0121904	0.187901
0.0344117	0.00579698	0.105682
0.0279124	0.0110081	0.124174
0.0271003	0.00984473	0.0173077
0.0361307	0.00615085	0.162991
0.0367335	0.0117479	0.0827902
0.029843	0.00784823	0.0836861
0.0306323	0.00834519	0.10772
0.0291542	0.0101314	0.0977762
0.030796	0.00804468	0.0985734
0.0341817	0.0131416	0.0426371
0.0248213	0.0134636	0.0791541
0.0251693	0.0117599	0.00393756
0.0286829	0.0123784	0.07437
0.0387627	0.00950277	0.0270383
0.0322238	0.00972471	0.0066378
0.0237458	0.0112071	0.0664912
0.0287395	0.00699141	0.0971919
0.0200599	0.0115186	0.0914072
0.0230414	0.0133048	0.0387597
0.0346319	0.00896436	0.0985109
0.0342709	0.0110215	0.0285991
0.0281375	0.00655474	0.167437
0.0261225	0.0140006	0.138492
0.0323559	0.0128019	0.040946
0.033608	0.0106707	0.12709
0.0326246	0.0123426	0.0760175
0.0324464	0.00683498	0.080634
0.0275961	0.0109986	0.0742839
0.0297271	0.0132075	0.0466889
0.0331381	0.0100082	0.0795372
0.0338969	0.00982005	0.0529464
0.0287314	0.0118946	0.0269588
0.0350967	0.0106228	0.0299058
0.0282453	0.0119092	0.121448
0.0341663	0.0129571	0.0293412
0.0342492	0.0118588	0.0723797
0.0313826	0.0130174	0.0227984
0.0263663	0.00927557	0.163109
0.0285412	0.00966551	0.0191724
0.0249735	0.0119618	0.126093
0.0360524	0.0136709	0.0508712
0.0338904	0.0082382	0.0194004
0.0231809	0.0111849	0.0659492
0.0336625	0.00983142	0.12363
0.0305959	0.0101387	0.0797027
0.0337719	0.00644131	0.161255
0.0328805	0.0107776	0.102243
0.0234428	0.0110668	0.0313912
0.041311	0.00971222	0.0382681
0.0329061	0.0116591	0.080061
0.0235213	0.0090033	0.0983073
0.0243279	0.0139571	0.0800397
0.0325214	0.0102435	0.172814
0.0354419	0.0130711	0.15567
0.0353741	0.00912672	0.167067
0.0277504	0.00837122	0.108504
0.030046	0.0100834	0.181769
0.0328382	0.0097595	0.0230579
0.0236247	0.00870497	0.0596691
0.0244589	0.00539259	0.101789
0.0292956	0.0113355	0.00419122
0.0316794	0.00452752	0.0183692
0.032	0.00859319	0.0536137
0.0285944	0.0110371	0.0290401
0.0336754	0.00868587	0.128569
0.0337889	0.0111405	0.019876
0.021641	0.00780685	0.0643761
0.0315534	0.00990811	0.0608573
0.0231873	0.0155538	0.0324166
0.027372	0.00758782	0.0455671
0.0229629	0.00999259	0.184046
0.0199291	0.00698409	0.110452
0.0300006	0.0123625	0.0255097
0.0302048	0.0103207	0.128135
0.0274194	0.00818389	0.189299
0.0325787	0.009067	0.0838572
0.0236387	0.00703254	0.0227628
0.0265311	0.00831603	0.0149502
0.0362724	0.00673338	0.0348212
0.0302599	0.00938809	0.00494739
0.0263958	0.0119068	0.0392962
0.033718	0.0146885	0.0386979
0.0313747	0.0116829	0.155165
0.0355911	0.0118691	0.151146
0.0240745	0.0121531	0.0520571
0.033734	0.0122694	0.0404393
0.0365574	0.0122649	0.155839
0.0311833	0.0105072	0.0759187
0.0283534	0.00912679	0.130581
0.0345697	0.00940314	0.0929303
0.0343835	0.010277	0.158593
0.0379376	0.0128494	0.15665
0.0257484	0.0120496	0.0210924
0.0339472	0.0101509	0.241527
0.0292971	0.00964563	0.0140511
0.0286526	0.0114713	0.049036
0.0408647	0.0103934	0.0385239
0.0236222	0.00746354	0.00261219
0.0358037	0.0115143	0.0291627
0.0209629	0.00799199	0.103062
0.0292256	0.0118557	0.0989625
0.0203993	0.0106422	0.127835
0.0303361	0.00844892	0.043056
0.0204692	0.0108729	0.0717854
0.0306766	0.0133713	0.0258192
0.0300388	0.00953058	0.0984264
0.028956	0.0103938	0.0955919
0.0266535	0.00928013	0.168231
0.0249631	0.0114092	0.0206835
0.0271264	0.0114856	0.128828
0.0342554	0.0109844	0.0432933
0.0267399	0.00755235	0.0218201
0.0340686	0.0127924	0.0407839
0.026083	0.00782182	0.272683
0.0361381	0.0118042	0.0284494
0.0213799	0.00718834	0.108976
0.0330876	0.0129037	0.157389
0.0300317	0.0119776	0.32982
0.0304401	0.0103928	0.0648126
0.0293377	0.011387	0.162177
0.0322058	0.0107995	0.0214087
0.0316121	0.0130532	0.184845
0.0296097	0.0114487	0.048757
0.0233012	0.00714618	0.161333
0.0359296	0.0121754	0.167348
0.023146	0.00965539	0.0979
0.0243878	0.0113913	0.00197875
0.0231318	0.0100529	0.0937954
0.0364026	0.0110626	0.026804
0.036342	0.0116798	0.136087
0.0250531	0.00449784	0.103952
0.0306183	0.00540528	0.0976245
0.0332313	0.0111318	0.170153
0.0284335	0.0140398	0.0798665
0.0358915	0.00879007	0.0920277
0.0294256	0.00724053	0.0426268
0.0348124	0.00955608	0.0183826
0.0231465	0.0116842	0.0313946
0.0318556	0.0100082	0.134922
0.0330878	0.0116191	0.0488778
0.0311574	0.00889398	0.468589
0.0270561	0.0094873	0.175609
0.0367842	0.0080926	0.0508939
0.0373701	0.0121159	0.0278822
0.0387867	0.00717585	0.0311921
0.0340679	0.00506094	0.0421554
0.0356742	0.00855461	0.151259
0.028437	0.00911322	0.0197135
0.0217301	0.0110767	0.0375302
0.0296872	0.00789139	0.0607641
0.0206837	0.0103185	0.140491
0.0310955	0.010534	0.115368
0.0363412	0.0101771	0.0503883
0.0263654	0.00946336	0.0943477
0.0260649	0.0131723	0.0280487
0.032317	0.0115306	0.106897
0.0388186	0.0114511	0.0335268
0.0325331	0.0118328	0.176045
0.0319407	0.0105685	0.0458356
0.0234699	0.00814514	0.0781757
0.034278	0.0116796	0.0413591
0.0329272	0.00820069	0.0233162
0.0279016	0.00962543	0.0249313
0.0310557	0.00577186	0.0744129
0.0301237	0.00720332	0.0206581
0.0292645	0.00696055	0.0367836
0.0288017	0.00658598	0.0861858
0.0305912	0.0127623	0.149347
0.0343161	0.0103955	0.0546107
0.0253514	0.0058239	0.0539877
0.0307749	0.00355655	0.0808417
0.0253528	0.0112163	0.0752291
0.024202	0.0105193	0.0890105
0.033465	0.00821819	0.175934
0.0299521	0.0111732	0.0976439
0.02795	0.00932725	0.0239069
0.0329379	0.0137627	0.103296
0.0319894	0.010458	0.150291
0.0217362	0.0105707	0.037228
0.028473	0.00838586	0.0221519
0.0289959	0.00934607	0.0205363
0.029413	0.0126222	0.0818156
0.0259512	0.0106515	0.0918101
0.0283363	0.0106408	0.138529
0.0257984	0.0121198	0.0221625
0.029217	0.00699236	0.0491393
0.0282143	0.0095402	0.0532726
0.0365879	0.00872084	0.0917623
0.0279299	0.00833693	0.0555991
0.0298068	0.00994227	0.0999417
0.0279049	0.0124131	0.0221208
0.032788	0.0119218	0.0231418
0.0313964	0.00863401	0.0860498
0.0312827	0.0110265	0.00296974
0.038213	0.00549344	0.07423
0.0347339	0.013075	0.0326736
0.0361567	0.0113667	0.0437885
0.0265893	0.0127907	0.107471
0.0310749	0.0131122	0.108522
0.0268563	0.0109981	0.154906
0.0339453	0.0108106	0.0284341
0.0341139	0.0104845	0.0919467
0.0282356	0.00668927	0.0229692
0.0312107	0.00536833	0.157146
0.0369103	0.00838035	0.0712022
0.0319118	0.0105571	0.0758522
0.0227489	0.0101503	0.110778
0.0274841	0.0108303	0.0187811
0.0227595	0.00545435	0.116
0.0309429	0.00655316	0.0677609
0.0324208	0.0061228	0.0397321
0.0222645	0.0076052	0.105756
0.0251249	0.00972574	0.107654
0.0368979	0.00929256	0.0188924
0.0309473	0.0133102	0.150341
0.0220782	0.0114223	0.0390383
0.0363249	0.00825037	0.10087
0.0302552	0.013227	0.118085
0.0197988	0.0128554	0.151443
0.0331712	0.0117971	0.0810457
0.0307312	0.0109651	0.0940878
0.0309534	0.00706199	0.00715309
0.0260135	0.0104534	0.0963883
0.0325539	0.0113765	0.169996
0.0318492	0.00675453	0.065266
0.0156283	0.00808846	0.0280078
0.0304106	0.00897445	0.0858368
0.02583	0.00413611	0.0923107
0.0255152	0.011352	0.120447
0.0319882	0.00547294	0.0648422
0.0349298	0.0111334	0.18736
0.0242775	0.00683561	0.0942686
0.0269722	0.00880624	0.071327
0.0261377	0.0103628	0.115181
0.0311021	0.0107234	0.123427
0.0250837	0.0121942	0.125068
0.0389386	0.0080047	0.0149579
0.0283993	0.00836697	0.184575
0.0336123	0.00973431	0.150276
0.0281563	0.014084	0.0201041
0.0312691	0.0121982	0.0349641
0.027972	0.00895014	0.0596941
0.03573	0.0100668	0.164942
0.0289951	0.0119137	0.137614
0.0334151	0.0115275	0.00600587
0.0321877	0.00993028	0.0855599
0.0268789	0.0109851	0.0417677
0.0281304	0.0112744	0.160358
0.0340494	0.0127351	0.170646
0.0337063	0.0131717	0.0302025
0.0351902	0.00892458	0.120631
0.0323307	0.0134579	0.166085
0.0284757	0.0109068	0.0340757
0.0267965	0.0080665	0.101181
0.0322636	0.00703086	0.0893166
0.0267916	0.00996705	0.26415
0.030613	0.0084983	0.0384204
0.0331799	0.00866859	0.0830636
0.0294188	0.0150084	0.178849
0.0255601	0.0115007	0.0630941
0.0335916	0.0139551	0.0248617
0.0297677	0.0123706	0.133153
0.026436	0.0138003	0.112855
0.0318923	0.00840899	0.157825
0.0412271	0.0101153	0.0380172
0.0322916	0.0112145	0.127754
0.0283838	0.0124592	0.433319
0.0317439	0.0121898	0.160928
0.0326184	0.00905072	0.136321
0.0334582	0.00864947	0.0782332
0.0248332	0.00909761	0.0333411
0.0278768	0.0047257	0.0853947
0.0311503	0.0102364	0.081007
0.0362874	0.011194	0.0890105
0.0292384	0.00737005	0.0191294
0.029525	0.0120091	0.132292
0.0314934	0.00464637	0.042822
0.0332151	0.0114121	0.172424
0.0329831	0.0111977	0.16963
0.0298909	0.0111347	0.0186824
0.0267338	0.0116312	0.180551
0.0349168	0.00895893	0.0434096
0.0281774	0.0108602	0.0342494
0.0265829	0.0134031	0.0192563
0.0329646	0.0103494	0.058624
0.0259234	0.00937526	0.0643532
0.0228236	0.0114811	0.115944
0.0275523	0.0071652	0.259582
0.0350761	0.00955653	0.0413741
0.027025	0.0122836	0.142295
0.0282763	0.0121545	0.115537
0.034673	0.0111156	0.0264398
0.0338382	0.0111202	0.0237123
0.0298826	0.00930994	0.102607
0.0345931	0.00771838	0.0168504
0.0267561	0.00956829	0.0593325
0.0324036	0.0127829	0.0566853
0.0347109	0.0116877	0.184044
0.0278827	0.00800377	0.0909825
0.0359009	0.0100928	0.0508054
0.0285971	0.0142233	0.142037
0.0334822	0.0109996	0.0261927
0.0272046	0.00822314	0.114073
0.0346759	0.0064962	0.0120296
0.0250065	0.0083827	0.0213741
0.0281209	0.0107421	0.0945159
0.0263009	0.0123856	0.0216768
0.0230589	0.0119672	0.00207678
0.0240526	0.00818869	0.0282021
0.0356348	0.00897232	0.0432788
0.0395562	0.0103216	0.0773478
0.0358873	0.01206	0.0898018
0.0322767	0.013079	0.149487
0.0316098	0.0106254	0.127925
0.0418828	0.0138472	0.0829371
0.0315248	0.0139341	0.0398932
0.0316058	0.0103696	0.132424
0.0261446	0.00739301	0.165093
0.0312395	0.0120024	0.0259623
0.0323493	0.0120774	0.130098
0.028658	0.0128207	0.196546
0.036695	0.009434	0.0158369
0.0301247	0.00709864	0.0207417
0.034743	0.00985659	0.0225515
0.0382137	0.0106564	0.134416
0.0293599	0.00927044	0.111924
0.0315136	0.00905996	0.00659946
0.0211542	0.0053459	0.113085
0.0298943	0.0105003	0.175111
0.0219853	0.0101468	0.0781138
0.0307123	0.00866898	0.0371946
0.0371452	0.0141517	0.147048
0.0295408	0.01183	0.105932
0.0290044	0.00947047	0.105073
0.0186574	0.00749532	0.121715
0.0285196	0.0105021	0.0800042
0.0312977	0.0114251	0.0928333
0.0328642	0.0115213	0.0277039
0.0339861	0.0127144	0.0500897
0.0294912	0.0129878	0.0521003
0.0284383	0.00641666	0.0170572
0.0352296	0.0135113	0.042726
0.0319915	0.010201	0.0885851
0.0257503	0.0143446	0.0808744
0.0276841	0.00912458	0.106278
0.0372063	0.0109578	0.0462785
0.0310742	0.00878399	0.0224863
0.0275745	0.0108189	0.133894
0.0311198	0.00780212	0.272017
0.0281574	0.0128649	0.24728
0.033245	0.0110455	0.0321414
0.0311079	0.00792295	0.162054
0.0191205	0.00945068	0.129998
0.0265504	0.00812501	0.113853
0.0323059	0.00910448	0.0852518
0.0296584	0.0109154	0.0623711
0.0259807	0.00988938	0.107535
0.0344677	0.0130011	0.0267178
0.0398952	0.0093413	0.0911359
0.0324368	0.00936536	0.0538345
0.0290036	0.00608815	0.101646
0.0333617	0.00865929	0.0987544
0.0377328	0.0118251	0.0734716
0.024498	0.0108954	0.174172
0.0193307	0.0118601	0.0293481
0.0296825	0.00827592	0.0846681
0.0359557	0.00568299	0.153139
0.0330092	0.0108015	0.0213763
0.0361249	0.0124784	0.0190325
0.0333573	0.00866853	0.0982824
0.0343737	0.0118852	0.090495
0.0291246	0.00966794	0.0192766
0.0297222	0.00811995	0.166248
0.0311321	0.0134759	0.133135
0.0216234	0.00769552	0.120545
0.0263754	0.0109601	0.256376
0.0375875	0.00912611	0.0575348
0.0300041	0.0121098	0.157154
0.0306363	0.0128684	0.0987597
0.0333373	0.0097153	0.00835271
0.0351152	0.00921462	0.093873
0.0249019	0.014374	0.0254764
0.0237895	0.00964765	0.037594
0.0296472	0.0100723	0.0908578
0.0342091	0.00825022	0.175822
0.0310136	0.0103355	0.0565455
0.033101	0.00698359	0.153151
0.0302051	0.00885345	0.0588987
0.0294238	0.00538165	0.0159882
0.0355229	0.0101065	0.0285253
0.02667	0.0120243	0.016114
0.0369484	0.0135772	0.0449853
0.0259226	0.00995631	0.265113
0.0305706	0.00948049	0.121107
0.0229313	0.00554234	0.175073
0.0317995	0.00427684	0.0845931
0.0270666	0.00733462	0.0877405
0.0225801	0.0107424	0.121003
0.0359031	0.0085866	0.0153115
0.030839	0.00926777	0.112684
0.0258898	0.00995809	0.162896
0.0337733	0.00873279	0.13381
0.0232177	0.0116431	0.185343
0.029349	0.0135736	0.0709344
0.0273642	0.00763682	0.17176
0.0308345	0.0109803	0.0304975
0.0336105	0.011543	0.0877324
0.0317497	0.0122896	0.087017
0.0237803	0.00901325	0.069934
0.0284281	0.0122498	0.0560095
0.0368106	0.00641436	0.0852986
0.0292863	0.00822207	0.192938
0.0373752	0.00993236	0.0254281
0.0259015	0.0108732	0.0294465
0.0252769	0.0108024	0.164131
0.0268763	0.010921	0.0891793
0.0338168	0.0100531	0.119156
0.033046	0.00694701	0.0201818
0.0319393	0.0133225	0.13236
0.0320797	0.00962663	0.0393446
0.0375191	0.0121595	0.142485
0.0375096	0.00834755	0.126162
0.0339946	0.0121358	0.0898862
0.0252148	0.0083779	0.0947331
0.0249984	0.0110777	0.114024
0.0307354	0.00692225	0.112627
0.0244235	0.00930879	0.112186
0.0279286	0.0122526	0.0910749
0.0274129	0.00968429	0.0323524
0.0291744	0.0108265	0.0581061
0.0397868	0.00856194	0.0137412
0.0299746	0.0105546	0.141574
0.0299395	0.0137296	0.0491374
0.0301629	0.0105315	0.0936978
0.0342974	0.0130964	0.0162718
0.02448	0.0125635	0.192872
0.0379609	0.00908291	0.0323786
0.0276895	0.00649188	0.092148
0.0335517	0.00968684	0.0167256
0.0299335	0.00946415	0.0388909
0.0323371	0.00827832	0.0170496
0.0293215	0.0141622	0.0720843
0.0361298	0.0126624	0.261349
0.0315163	0.00971829	0.0513655
0.033402	0.0133497	0.0319153
0.0301253	0.0089817	0.256882
0.0238575	0.00866951	0.283476
0.0291794	0.0107055	0.0823385
0.033538	0.00716645	0.0619295
0.031696	0.0123894	0.0261684
0.0314997	0.010586	0.108209
0.0249964	0.00561794	0.0902101
0.031933	0.00851662	0.151074
0.0300271	0.00858431	0.062069
0.038525	0.00758995	0.0651452
0.0324159	0.0104572	0.0130604
0.0262012	0.00817128	0.104768
0.0238832	0.0100981	0.0924463
0.0291913	0.0106118	0.0813542
0.026839	0.00620296	0.012096
0.0302155	0.0078541	0.111902
0.0205894	0.00974042	0.0145348
0.0259959	0.00899697	0.0458511
0.0278314	0.0103071	0.0290451
0.0243486	0.0101544	0.00222171
0.0314522	0.0112444	0.141371
0.0328839	0.00971292	0.25149
0.0321429	0.00731405	0.120351
0.0305862	0.010758	0.0996191
0.0325721	0.0101387	0.128117
0.024345	0.0111568	0.0332049
0.0286577	0.0116957	0.110805
0.033478	0.0116273	0.0557111
0.0397546	0.0110617	0.180221
0.0187453	0.0107359	0.0766566
0.0343751	0.00995225	0.0790214
0.0396502	0.00813728	0.117375
0.0291141	0.00994708	0.0217438
0.029542	0.0105749	0.120362
0.0328494	0.00854861	0.0621444
0.0296991	0.0118871	0.0282582
0.0311879	0.0082569	0.169952
0.0299811	0.0135999	0.146754
0.0215388	0.00996289	0.105398
0.0329922	0.0100318	0.0362105
0.0293423	0.012236	0.0991854
0.0335599	0.00793745	0.0557183
0.032352	0.0117141	0.110794
0.0307256	0.00763223	0.0703118
0.0363059	0.00852972	0.0847831
0.0221822	0.00672704	0.0697263
0.0335521	0.0127509	0.0359284
0.0371922	0.00579131	0.114193
0.0247179	0.00792223	0.0643998
0.0336022	0.0109083	0.047551
0.0311707	0.00942201	0.0440662
0.0239464	0.0106381	0.193986
0.0359401	0.00941186	0.178534
0.0257683	0.00759642	0.0489147
0.0394654	0.00984797	0.136456
0.0311414	0.00626205	0.0742811
0.0308079	0.00556386	0.0470191
0.0287335	0.00824681	0.0877147
0.0341323	0.00775283	0.129426
0.0314364	0.00197637	0.0682886
0.0324373	0.00973795	0.0624228
0.0344549	0.00947353	0.155325
0.0397478	0.0100965	0.0170497
0.0311333	0.00889699	0.100793
0.0265282	0.00923695	0.0384093
0.0306892	0.0101911	0.117685
0.0225596	0.00848976	0.196383
0.0328283	0.0115167	0.170309
0.0339247	0.0128108	0.0485916
0.0271162	0.0128961	0.0747624
0.0302578	0.00926608	0.131499
0.0319523	0.010201	0.126253
0.0255275	0.00928929	0.0369478
0.0308941	0.0113739	0.180453
0.0309066	0.00836371	0.0181386
0.0333831	0.00830177	0.0370694
0.0381077	0.0132437	0.0280266
0.0287956	0.0106865	0.0761189
0.0378853	0.00528042	0.119004
0.0383691	0.0107279	0.0550102
0.0357965	0.00992903	0.0575348
0.0273693	0.0106308	0.107339
0.0263636	0.00872065	0.265855
0.0313684	0.0107671	0.0261412
0.024799	0.00863008	0.0280814
0.0239587	0.0125428	0.13563
0.0236153	0.0105913	0.11922
0.0268788	0.0131527	0.124456
0.0307916	0.0089832	0.0856163
0.0281227	0.0110247	0.0328524
0.0337261	0.0111334	0.0425364
0.0260719	0.0130677	0.122895
0.0302865	0.00940493	0.151459
0.0315995	0.011607	0.0929624
0.0298352	0.0145629	0.0671982
0.0287651	0.0128715	0.0540196
0.0303398	0.0100641	0.0388392
0.040267	0.0110406	0.0738874
0.0406922	0.0118693	0.0210054
0.0275924	0.0104005	0.100614
0.0315358	0.00636212	0.0918608
0.0232743	0.0109002	0.0921228
0.0239244	0.00731054	0.118338
0.0321275	0.0127626	0.180364
0.0280778	0.00963547	0.0208749
0.0346324	0.00597728	0.0643116
0.0371224	0.00938409	0.029763
0.0274045	0.00810901	0.0166968
0.0254375	0.00969364	0.107156
0.0281449	0.00920613	0.160373
0.0282747	0.00805054	0.0407914
0.0318328	0.0069825	0.171641
0.0255779	0.0122805	0.0839523
0.0240185	0.0107897	0.118939
0.0319302	0.0111329	0.122967
0.0269525	0.00871978	0.108742
0.0344213	0.0096366	0.0507293
0.0317403	0.0077431	0.107441
0.0254515	0.00867364	0.0674252
0.0296426	0.00966929	0.155123
0.0328598	0.0142747	0.153153
0.0393099	0.0103337	0.0791239
0.0256442	0.00913379	0.0184876
0.0343678	0.00604369	0.0155167
0.0360517	0.0077948	0.0556952
0.0278132	0.0104165	0.100107
0.032286	0.00511378	0.0717525
0.0329239	0.0109792	0.122783
0.0233497	0.0135442	0.0267746
0.0290499	0.0111734	0.019579
0.0243437	0.0117472	0.120998
0.0301782	0.0114518	0.101757
0.0295698	0.0103212	0.0819318
0.0283358	0.00771181	0.0237921
0.019583	0.0122724	0.137666
0.0287117	0.0106994	0.0225217
0.0352021	0.00670578	0.0137225
0.0305965	0.0117909	0.118249
0.030385	0.015386	0.159386
0.0277943	0.00567187	0.0690965
0.0372321	0.00993863	0.258433
0.02799	0.00230809	0.0714013
0.0273177	0.0117273	0.0871183
0.0300087	0.005464	0.0477109
0.030161	0.00746305	0.0403207
0.0306872	0.0132002	0.171721
0.031341	0.0106692	0.118518
0.0337473	0.0099268	0.0159933
0.0318375	0.0114081	0.0867455
0.0286253	0.00851868	0.122968
0.0318216	0.0158143	0.159641
0.0358935	0.012207	0.0696097
0.0261066	0.00891001	0.0212615
0.0289297	0.0116045	0.00516041
0.0385509	0.0110994	0.0101585
0.0235824	0.0127726	0.0338029
0.0261948	0.00728688	0.102277
0.023128	0.00745737	0.0930114
0.0333519	0.0110805	0.154708
0.0243066	0.0100082	0.0302448
0.030938	0.00937222	0.0894805
0.0293399	0.0113206	0.107815
0.0226746	0.0086061	0.0280816
0.0269115	0.0104389	0.0834391
0.0338405	0.00607893	0.0103092
0.0197552	0.00788462	0.0945059
0.0232298	0.0086506	0.0770003
0.0239961	0.0114735	0.0412033
0.0306215	0.00772143	0.0965819
0.0369492	0.012498	0.071639
0.0286142	0.0106578	0.130412
0.0309919	0.00820241	0.160026
0.0263932	0.00680975	0.103732
0.0389109	0.00537576	0.0955595
0.0284348	0.0107549	0.0287431
0.0289448	0.00979675	0.0989549
0.0280981	0.00820589	0.0482118
0.0276309	0.0111263	0.0304628
0.0297116	0.00853879	0.0610855
0.0300451	0.00785606	0.104719
0.0300205	0.0106705	0.0916113
0.0287247	0.00985878	0.162858
0.0343647	0.00950836	0.0377189
0.0219363	0.00684853	0.0214783
0.0340796	0.00847641	0.0905758
0.038363	0.0122453	0.0924832
0.0323628	0.009389	0.0394858
0.0293788	0.00920673	0.11441
0.0313937	0.00880969	0.183251
0.0266923	0.00902707	0.0166035
0.0272646	0.00931211	0.00433286
0.0143602	0.00607952	0.121038
0.0384669	0.00521826	0.00923309
0.0345468	0.0126632	0.153844
0.0269205	0.0107029	0.174908
0.0290744	0.00766901	0.100564
0.0324526	0.00651644	0.102674
0.0298709	0.0127342	0.172257
0.0362308	0.00722629	0.112919
0.0368079	0.0126139	0.0227817
0.0334372	0.00923855	0.0167787
0.0326015	0.0125004	0.0573892
0.0301428	0.00800071	0.0621681
0.0301147	0.00816834	0.158424
0.0337455	0.0079592	0.166663
0.0322064	0.0109848	0.0313384
0.0337498	0.0114378	0.025529
0.0326593	0.00906411	0.0413919
0.0222871	0.0105833	0.013326
0.02509	0.00871118	0.300741
0.0353959	0.00874998	0.0560023
0.0341844	0.010988	0.107822
0.0276573	0.0136267	0.138205
0.0332813	0.0147946	0.166989
0.02763	0.00896076	0.0873062
0.0311604	0.00913925	0.19579
0.0377415	0.011012	0.0790176
0.0352062	0.0102863	0.0903175
0.0334681	0.0072394	0.0686529
0.022575	0.00824477	0.0291046
0.0280658	0.013762	0.114325
0.0367915	0.0106272	0.0747818
0.0289709	0.00994323	0.0620973
0.027959	0.0113954	0.0931498
0.0325864	0.0100035	0.0316789
0.0317142	0.0073777	0.0228369
0.0228297	0.00810357	0.0117511
0.0322609	0.0063996	0.178999
0.0290636	0.011207	0.0778154
0.0242438	0.00587831	0.115654
0.0334133	0.0138224	0.156565
0.0307496	0.0105825	0.114005
0.0284963	0.0126221	0.0052769
0.0319241	0.0101716	0.023494
0.0305645	0.0111198	0.137139
0.0210421	0.0100167	0.190039
0.0253219	0.0110864	0.0833043
0.0280956	0.010321	0.079821
0.0392225	0.012133	0.0312008
0.029899	0.0151814	0.0375305
0.0274707	0.011146	0.0526966
0.0385669	0.0105061	0.0555763
0.0275228	0.00741784	0.0911392
0.0248307	0.0103091	0.110755
0.0355094	0.0116584	0.0996466
0.0318172	0.00972293	0.05875
0.0247036	0.0122092	0.0157659
0.0374547	0.012037	0.0987659
0.0348462	0.00784051	0.0298229
0.0311314	0.0109077	0.022673
0.0216607	0.00962208	0.0892461
0.0296518	0.00720412	0.0604075
0.0253517	0.01008	0.171964
0.0352033	0.0097197	0.0236273
0.03038	0.00469501	0.0135146
0.0269263	0.00859943	0.0174924
0.0249762	0.0112369	0.128521
0.0249723	0.00969305	0.168571
0.0335578	0.00815421	0.0432929
0.0291738	0.0105939	0.0651316
0.0246874	0.0114217	0.0781254
0.0286245	0.0121588	0.0383011
0.022697	0.00846895	0.0888138
0.0361589	0.00444066	0.103182
0.0237792	0.0123873	0.0150212
0.0353489	0.0114838	0.021986
0.0259273	0.00797699	0.0721794
0.0217999	0.00864272	0.169986
0.0321122	0.0113963	0.160166
0.0379579	0.013117	0.109308
0.0258797	0.010245	0.295404
0.0384714	0.0111796	0.157745
0.0333297	0.0127241	0.0873096
0.0342681	0.010445	0.141254
0.0235326	0.0121967	0.0919022
0.0273769	0.0120792	0.0200727
0.0288822	0.00849133	0.105888
0.031	0.0116475	0.0579907
0.0251594	0.0115623	0.160736
0.0257301	0.00938147	0.115842
0.0341605	0.0094332	0.0609562
0.0335846	0.0138522	0.106262
0.0278809	0.0109486	0.0634036
0.0326094	0.0121838	0.029753
0.0365665	0.00638825	0.117651
0.0310599	0.0145188	0.0198188
0.0352815	0.0116117	0.146075
0.0340913	0.0122896	0.0260129
0.0360465	0.00939597	0.116707
0.028723	0.0113463	0.0487636
0.0293186	0.0100472	0.0840256
0.0297488	0.0121883	0.0310134
0.0328292	0.0114677	0.110783
0.0296313	0.0113377	0.115286
0.0332948	0.00572603	0.0621358
0.0334801	0.0125286	0.0431338
0.0307168	0.00920141	0.0616117
0.025258	0.0064965	0.110907
0.0311783	0.0138555	0.250516
0.0326863	0.00735688	0.0914507
0.0291247	0.00920531	0.100275
0.0364231	0.0091463	0.093873
0.035186	0.0102717	0.0198644
0.0375777	0.00951673	0.043238
0.0322877	0.00742306	0.108934
0.0280662	0.010063	0.0646983
0.024505	0.0109836	0.0160952
0.0257127	0.0102796	0.0660579
0.0323449	0.0116549	0.0437415
0.0302994	0.00789907	0.00525557
0.0246362	0.010852	0.185287
0.0368344	0.0101996	0.0830039
0.0258671	0.00950961	0.0622277
0.0298772	0.0112745	0.0309667
0.0308959	0.00776101	0.063303
0.0300221	0.00792799	0.108235
0.0256949	0.0112489	0.0766134
0.0343479	0.01058	0.0261145
0.032208	0.0116579	0.0907059
0.0293556	0.010233	0.08627
0.0322485	0.00694482	0.100606
0.0351327	0.00817018	0.107752
0.0283866	0.0109719	0.117908
0.0315538	0.00860852	0.0875544
0.0299875	0.0124203	0.148013
0.0304197	0.0138149	0.0484326
0.0240884	0.00770373	0.103562
0.0338667	0.00949423	0.0242052
0.0319188	0.00983248	0.0233308
0.0257802	0.00747266	0.0636213
0.0337134	0.0118589	0.0737281
0.0399521	0.0130936	0.0215895
0.0282965	0.0113516	0.106036
0.0285397	0.00855684	0.104978
0.027521	0.0114923	0.112762
0.0284812	0.00806765	0.15518
0.0219497	0.0100323	0.115285
0.031158	0.0130249	0.0235428
0.0204981	0.0137964	0.0163445
0.0354118	0.00947429	0.0201562
0.0229086	0.0114367	0.183401
0.0297626	0.00813105	0.181446
0.0296621	0.0125532	0.0808213
0.0289506	0.0103337	0.0278224
0.0370943	0.00542414	0.0658199
0.0363986	0.00899092	0.129615
0.0309533	0.0115563	0.0840035
0.0347188	0.00540673	0.174143
0.0246653	0.0114989	0.135736
0.0307392	0.0104713	0.0525214
0.033311	0.00576346	0.0840222
0.0343163	0.0121519	0.0426791
0.031973	0.00904344	0.255925
0.0235978	0.00766546	0.178263
0.0236503	0.0112514	0.195391
0.0327744	0.01231	0.0762646
0.0213018	0.0106814	0.0372869
0.0285036	0.0123324	0.0273462
0.0265834	0.0119529	0.0275289
0.0333908	0.0106631	0.0579493
0.027438	0.00998071	0.0219141
0.0349264	0.00912962	0.0595224
0.0333573	0.0124465	0.14552
0.0276653	0.00949811	0.0418302
0.0343318	0.00712656	0.100468
0.0353997	0.00918324	0.0873556
0.0277514	0.0112172	0.0223004
0.0376439	0.00810249	0.0795802
0.0374863	0.00999478	0.0909001
0.0251112	0.0101071	0.0270075
0.0260877	0.00652579	0.182211
0.0317233	0.00867518	0.0970527
0.0317099	0.0134691	0.316906
0.0240326	0.0103666	0.0164586
0.0318895	0.0119931	0.0967763
0.0295139	0.00955471	0.11344
0.0320944	0.0107753	0.00618488
0.0264034	0.00951833	0.0228995
0.0297224	0.00724732	0.0201221
0.0340861	0.00802215	0.0813328
0.0219638	0.0136171	0.0644402
0.0250445	0.0107718	0.121527
0.0307992	0.007372	0.0220818
0.0320105	0.00955115	0.175634
0.0265308	0.00905898	0.0843822
0.0298526	0.00990459	0.0837622
0.0328548	0.00997823	0.102077
0.035936	0.0138184	0.161704
0.0247465	0.0106041	0.128385
0.0291777	0.008788	0.0208695
0.0370561	0.00608721	0.0533549
0.0323779	0.00988833	0.0190997
0.0261208	0.0140457	0.0292799
0.0353038	0.0104157	0.126519
0.0359068	0.00772908	0.0956484
0.0384934	0.00890205	0.0981276
0.031779	0.00892491	0.0326934
0.0305956	0.0075799	0.0926241
0.0275743	0.00793545	0.0412021
0.0310733	0.00808775	0.0214952
0.0400957	0.0143621	0.0731375
0.0267494	0.00728487	0.0375782
0.0394648	0.00941803	0.0163899
0.0324658	0.0112264	0.0834095
0.0316198	0.0122181	0.184533
0.0320878	0.00679042	0.0168322
0.0307832	0.0123612	0.141549
0.0318749	0.011844	0.148968
0.0237892	0.0136722	0.0382502
0.0387478	0.0101046	0.0380628
0.0250749	0.00973535	0.0643611
0.0369002	0.00870917	0.137651
0.0278698	0.00724484	0.19404
0.0318981	0.00680848	0.16853
0.0264617	0.0149115	0.13552
0.0261001	0.00796882	0.0943531
0.0258294	0.0092014	0.292621
0.0337326	0.00966701	0.0963972
0.0336774	0.013577	0.0806169
0.0365879	0.00910476	0.0429304
0.0361388	0.00932146	0.191602
0.0269291	0.0089523	0.0162806
0.0325435	0.00804134	0.0576506
0.0260031	0.0107686	0.188256
0.0319843	0.00815153	0.0965814
0.0281741	0.00780908	0.090749
0.0307252	0.0137243	0.0825923
0.030777	0.013758	0.133135
0.0226562	0.00919825	0.115342
0.0267817	0.0108919	0.160734
0.0257029	0.00537217	0.0912503
0.0218612	0.00731922	0.105614
0.033179	0.00743777	0.157941
0.0333731	0.0101602	0.0235868
0.0257555	0.00980196	0.00192974
0.02193	0.0100491	0.0625671
0.0300539	0.00506971	0.0467135
0.0299996	0.00881615	0.130141
0.0298693	0.00794803	0.0234341
0.027489	0.012956	0.0217364
0.0226441	0.0114645	0.16202
0.0337869	0.0100509	0.023451
0.0192934	0.0100634	0.0897929
0.0261353	0.0119907	0.0787729
0.0273099	0.00856027	0.179025
0.0282625	0.00916315	0.0335195
0.028081	0.0111028	0.115365
0.023663	0.0119375	0.0360663
0.0353792	0.0100269	0.0294628
0.0324926	0.00797431	0.116269
0.0297241	0.00976936	0.0776342
0.033067	0.00682512	0.0152338
0.0212286	0.0109832	0.16349
0.027216	0.00919932	0.181701
0.0240402	0.0127799	0.198076
0.0345728	0.0116744	0.100129
0.0265819	0.00865351	0.0259376
0.0208454	0.0118075	0.0592789
0.0269942	0.00733543	0.109552
0.0258515	0.0125582	0.0315865
0.0367887	0.00970407	0.00858625
0.035484	0.0100757	0.174867
0.0327275	0.00896762	0.0872661
0.0283712	0.00984105	0.0857338
0.0263922	0.0104342	0.0212676
0.0294464	0.00956009	0.183175
0.0273316	0.00448305	0.173616
0.0288793	0.0125242	0.104456
0.0273335	0.00964708	0.106101
0.0275492	0.00926026	0.0355621
0.038176	0.0131472	0.0908314
0.0301562	0.0101095	0.0828717
0.0227731	0.0116153	0.0625904
0.0367782	0.0114766	0.14529
0.0295068	0.00857116	0.317849
0.0323162	0.0125332	0.159533
0.0170075	0.0126633	0.135292
0.0361955	0.00974409	0.0963348
0.0192054	0.0073008	0.0898195
0.0276451	0.00915602	0.112083
0.030333	0.0120572	0.254678
0.0317507	0.00857455	0.184361
0.0319982	0.00178517	0.0574602
0.023253	0.0120284	0.0344785
0.0360969	0.00880125	0.0416985
0.0247797	0.0144753	0.0340114
0.0265096	0.00754183	0.0223052
0.0289084	0.0116336	0.0769628
0.0286775	0.00848142	0.0360844
0.0227053	0.0095648	0.0202182
0.0256371	0.0100427	0.079842
0.0367518	0.0137685	0.0935628
0.0293093	0.00929535	0.161402
0.0345107	0.0107502	0.102569
0.0271949	0.00889508	0.104697
0.0288275	0.00794044	0.0154164
0.0246204	0.0110425	0.0378874
0.0260725	0.00507601	0.0258516
0.0305474	0.00598596	0.0656075
0.03354	0.0124126	0.0346773
0.0343569	0.00517908	0.178399
0.032389	0.011941	0.0988942
0.0290874	0.0126702	0.116338
0.0342452	0.0077414	0.112979
0.0270893	0.00965922	0.266036
0.0319003	0.0137408	0.100756
0.0289816	0.0107825	0.258417
0.0309635	0.00740097	0.0551626
0.0252032	0.0090507	0.058996
0.0405284	0.0129228	0.165176
0.0364212	0.00778832	0.0962301
0.0245045	0.00313037	0.0822627
0.0359287	0.00914285	0.0385435
0.0305146	0.0118618	0.166995
0.0240469	0.0105173	0.0370869
0.0227705	0.010505	0.0386052
0.0276965	0.0107444	0.167675
0.0259767	0.0134216	0.26837
0.0286613	0.00990663	0.256884
0.034552	0.00805596	0.0859951
0.0298578	0.00508342	0.0168211
0.0327868	0.00759834	0.0886874
0.0158369	0.00847719	0.0300883
0.0235581	0.00908853	0.103252
0.0236514	0.00878525	0.0884456
0.0306707	0.0109664	0.037705
0.0263596	0.0123178	0.0572114
0.032616	0.00847055	0.0235889
0.0279969	0.0126574	0.134874
0.0279709	0.00957634	0.0947704
0.0282697	0.0084053	0.108838
0.0276375	0.00807225	0.113531
0.0294591	0.0078079	0.0104131
0.0273342	0.0137357	0.193068
0.0197406	0.0112979	0.0856873
0.035306	0.0115903	0.10451
0.0387747	0.0115984	0.0315102
0.022894	0.0100756	0.0674838
0.0285334	0.0129708	0.126394
0.024237	0.00788212	0.0201768
0.0280595	0.0119303	0.0596527
0.0264891	0.0106606	0.0639768
0.0269618	0.00307808	0.184766
0.030998	0.00532047	0.0781215
0.0283849	0.0130223	0.0325084
0.0323313	0.00865037	0.0966999
0.0288162	0.012102	0.0225195
0.0325645	0.00792327	0.121291
0.0377825	0.00951626	0.152377
0.0314718	0.0126635	0.0533467
0.0339774	0.00737071	0.0884413
0.0287401	0.00855316	0.0138478
0.0269704	0.0101363	0.118849
0.030088	0.0129691	0.135334
0.0335595	0.0121863	0.261509
0.0167312	0.00440843	0.0238413
0.0267017	0.0125536	0.170727
0.0323682	0.012945	0.0229991
0.0278024	0.00383477	0.0252032
0.0323007	0.0114823	0.0232145
0.0284558	0.00832117	0.0691696
0.0314721	0.00613269	0.0918157
0.0376075	0.0117881	0.0994138
0.0360837	0.0108678	0.162887
0.0340338	0.0109404	0.0798076
0.0216365	0.00805472	0.0249589
0.0282766	0.00951525	0.0243434
0.026354	0.00897874	0.124425
0.0323987	0.0112723	0.173963
0.0230415	0.00840966	0.276125
0.0355022	0.00921856	0.0899439
0.03221	0.0105083	0.0850412
0.0295459	0.00754344	0.0267672
0.034125	0.0144396	0.0315143
0.0403195	0.00360909	0.00531308
0.0323442	0.0113339	0.0895472
0.0293272	0.00818696	0.102583
0.0263777	0.0130155	0.0742066
0.0340889	0.0109088	0.0243194
0.0232786	0.0109795	0.0925049
0.02582	0.00797631	0.100961
0.0358781	0.0118244	0.0277585
0.0286969	0.00901693	0.080093
0.0380332	0.00781338	0.0538347
0.0377451	0.00964871	0.146006
0.0289543	0.00837354	0.0224386
0.0247394	0.0100452	0.014951
0.0302192	0.0103064	0.0527703
0.0211955	0.00681549	0.0398299
0.0318258	0.00614685	0.014848
0.0260829	0.0124651	0.0268645
0.0337884	0.0122968	0.0150749
0.0312212	0.00923631	0.0868733
0.0281896	0.00813764	0.0653306
0.0371917	0.00850865	0.0507218
0.0328752	0.0133493	0.0393835
0.0281989	0.00974239	0.120612
0.0260787	0.00954168	0.11354
0.0290914	0.00519048	0.188979
0.0313897	0.0123807	0.0273678
0.0310711	0.00747066	0.0593866
0.0348581	0.0129556	0.191676
0.0304437	0.00966755	0.0203332
0.026516	0.00744662	0.037374
0.0322183	0.00828242	0.0826226
0.0320499	0.00999611	0.000998011
0.0280625	0.0140843	0.00429356
0.0299201	0.0113013	0.0903615
0.0258779	0.00621329	0.0935453
0.0378984	0.0116074	0.0369905
0.0257485	0.00922048	0.039139
0.0330017	0.0113847	0.131969
0.029548	0.0102683	0.0267721
0.0340977	0.0100461	0.0608993
0.0206797	0.0105126	0.0338267
0.0419501	0.0151613	0.0790644
0.033538	0.0119915	0.0418355
0.0353932	0.00862666	0.0165105
0.0237311	0.00998521	0.181194
0.0260867	0.012177	0.0726143
0.0325754	0.00526258	0.0660098
0.0240869	0.0105357	0.170898
0.0311053	0.0136551	0.0313268
0.0283449	0.00877675	0.0555744
0.0363245	0.00944475	0.0308097
0.0319915	0.0117595	0.0891016
0.031115	0.00878995	0.335421
0.0289649	0.0103973	0.0604219
0.0192747	0.00386648	0.0171307
0.0377107	0.013652	0.0226242
0.0323888	0.00991794	0.0351146
0.0246077	0.0118196	0.247513
0.0236848	0.014395	0.00445535
0.0315986	0.00715124	0.0655888
0.0277198	0.0123411	0.117984
0.0371256	0.00809899	0.0331283
0.0313075	0.0104104	0.095559
0.0309482	0.00797403	0.0625367
0.0352744	0.0097097	0.0198923
0.0335768	0.00992075	0.0243455
0.0256612	0.00681288	0.051557
0.0289768	0.0113091	0.0741686
0.0332681	0.0115417	0.0924925
0.0298174	0.0079048	0.171219
0.029387	0.0122253	0.0750278
0.0308665	0.00655013	0.0731954
0.0265836	0.0134593	0.022094
0.0172548	0.00975237	0.123769
0.0326296	0.0111504	0.0883779
0.020728	0.00935392	0.103141
0.022666	0.00673337	0.0224022
0.0312541	0.00863704	0.123515
0.028162	0.0122487	0.13127
0.0330073	0.0110095	0.054004
0.0237402	0.0111038	0.0253115
0.027519	0.0125143	0.162316
0.0244653	0.0100449	0.0828639
0.0364457	0.0114772	0.0807633
0.0286832	0.00786914	0.108601
0.0317644	0.010244	0.0597247
0.0328114	0.01293	0.151028
0.0305296	0.00745803	0.0583633
0.0267338	0.0111347	0.0881966
0.0315374	0.01294	0.0504293
0.0300976	0.0120262	0.0251237
0.0229906	0.0107281	0.285566
0.019595	0.00900083	0.0878096
0.0375421	0.0102602	0.027079
0.0321532	0.00790399	0.0426208
0.0323052	0.0122056	0.0227016
0.0256513	0.0113936	0.0790064
0.0241484	0.00898495	0.0980638
0.0341388	0.00911038	0.103443
0.0275631	0.0147991	0.117192
0.0309059	0.0123951	0.147574
0.0254114	0.0135227	0.13884
0.0347208	0.00949495	0.282732
0.0279328	0.0110655	0.0936083
0.0393174	0.0115569	0.0772998
0.0262308	0.00887323	0.0211336
0.0229249	0.00823805	0.175295
0.0316975	0.00900925	0.0150726
0.0285853	0.0116848	0.132938
0.0293309	0.00807492	0.184098
0.0338097	0.00652651	0.109562
0.0323886	0.0124758	0.024963
0.0295648	0.0122045	0.0253377
0.0239854	0.0117559	0.0271856
0.028682	0.0150089	0.023218
0.0275452	0.00886692	0.0978148
0.0341898	0.0101598	0.0372119
0.0289452	0.00812533	0.101981
0.0311364	0.0133837	0.0181307
0.0313345	0.0104791	0.0588186
0.0221576	0.0133525	0.144515
0.0227786	0.00824021	0.108037
0.0269076	0.0116438	0.0849639
0.029054	0.0121927	0.0864456
0.0303471	0.00849691	0.0869691
0.0316082	0.00792252	0.0871389
0.0290147	0.0113169	0.0940888
0.0281306	0.00807355	0.182126
0.0391848	0.00789299	0.0615794
0.0330759	0.00911984	0.03937
0.0243475	0.0135754	0.0708337
0.028213	0.00848276	0.0157901
0.0383938	0.0117732	0.0288333
0.0236062	0.0116177	0.031126
0.0252901	0.0102445	0.0277575
0.0337013	0.00680691	0.173906
0.0347355	0.0139819	0.151568
0.0290488	0.0114742	0.0265069
0.0316187	0.0108923	0.0267755
0.026629	0.0101963	0.115836
0.0328469	0.0115098	0.0371864
0.0316543	0.00582045	0.0618809
0.0203862	0.0090607	0.0241978
0.0306825	0.00692078	0.014207
0.0315807	0.0079576	0.0539232
0.0336152	0.0104438	0.0547488
0.0316045	0.0121244	0.0517263
0.0247143	0.00735449	0.0211644
0.0355625	0.0112587	0.0251709
0.0213889	0.0101013	0.0149331
0.0293126	0.00699229	0.103093
0.0266942	0.0103754	0.055798
0.0363803	0.0142651	0.259403
0.0285452	0.0107274	0.0185157
0.030385	0.00588175	0.0996769
0.0314818	0.0111533	0.0564817
0.0322088	0.00531719	0.0517005
0.034705	0.00896064	0.0988094
0.0281811	0.0107626	0.0349693
0.0313801	0.0126054	0.049376
0.027867	0.00828834	0.0363359
0.0261411	0.00735889	0.0034211
0.0300779	0.012082	0.0966866
0.0179282	0.0112901	0.0717229
0.0370724	0.0110926	0.0743355
0.022443	0.0120343	0.256569
0.035125	0.0118223	0.0329508
0.0311021	0.0109787	0.0886009
0.0328204	0.0116632	0.0465353
0.03579	0.0076147	0.130841
0.0357138	0.0112661	0.0512052
0.0256491	0.0100007	0.102773
0.0349528	0.0134297	0.07084
0.0231363	0.00849135	0.0224119
0.028533	0.00956081	0.0876075
0.0320581	0.00489226	0.00797897
0.0355532	0.00895056	0.165656
0.0362177	0.00802555	0.17716
0.0314676	0.00718557	0.0969771
0.033234	0.00577834	0.110131
0.0373399	0.0132784	0.0163099
0.0305995	0.00970988	0.02087
0.026852	0.00794772	0.0897522
0.0381593	0.00898972	0.144054
0.0344156	0.00861446	0.0883853
0.0294002	0.0118493	0.0521638
0.0387114	0.0112589	0.153055
0.0270714	0.00965643	0.108421
0.0236418	0.00980955	0.105613
0.0318241	0.0132467	0.0321845
0.0274037	0.0108993	0.0877487
0.0298311	0.0135011	0.0293629
0.0285989	0.00827821	0.0224257
0.0355811	0.0155488	0.0156639
0.0300891	0.0101991	0.0761988
0.0261142	0.0102213	0.164381
0.0329792	0.0119172	0.0260875
0.0257479	0.0105547	0.180556
0.0250963	0.00930254	0.0826801
0.0370704	0.0118323	0.0747602
0.0333451	0.00998954	0.0319303
0.0308995	0.00743245	0.0989989
0.034111	0.00938548	0.047164
0.0275016	0.00956817	0.0600328
0.0271075	0.00861882	0.113431
0.0284632	0.0125437	0.031895
0.0375121	0.00957431	0.301124
0.0331329	0.0107318	0.150842
0.0353337	0.0108163	0.128463
0.0291432	0.010938	0.0784361
0.017354	0.0101742	0.178536
0.0259554	0.00757648	0.100543
0.0321964	0.0135676	0.176721
0.0347261	0.0111157	0.0758524
0.0289874	0.0131838	0.150585
0.0307951	0.0107381	0.135823
0.027875	0.00511178	0.106329
0.0288309	0.00763234	0.101774
0.0312631	0.0120791	0.168496
0.0334198	0.00770126	0.0176151
0.0331896	0.0103823	0.0927232
0.0283477	0.00893439	0.0971435
0.035216	0.00783977	0.0769831
0.0296058	0.0123845	0.119532
0.0326597	0.00982711	0.159064
0.0298978	0.00732194	0.18152
0.0260152	0.00927448	0.10567
0.0320613	0.0141159	0.149743
0.0163183	0.0103607	0.0383637
0.0225316	0.00968267	0.120369
0.0301443	0.0108793	0.0230657
0.0217511	0.0117426	0.134148
0.0382051	0.0112476	0.0774809
0.0343667	0.0105046	0.0749823
0.0361092	0.0127676	0.177175
0.0355147	0.0104877	0.333532
0.0283736	0.00731947	0.093133
0.0299276	0.00938619	0.0957739
0.0274888	0.009794	0.0339317
0.0249205	0.00779478	0.0219322
0.0304751	0.00820358	0.0920707
0.0325863	0.0122998	0.0525106
0.0260215	0.0111778	0.0030332
0.0264416	0.00977296	0.278808
0.0332913	0.0111458	0.180621
0.0247535	0.0113675	0.113927
0.0231837	0.010347	0.174878
0.0300618	0.0118054	0.0841325
0.0356105	0.0101844	0.0811313
0.024331	0.00797271	0.0941189
0.0227188	0.0129375	0.124941
0.0244214	0.00973709	0.0875021
0.0208532	0.0102782	0.0288477
0.0325789	0.0104164	0.084144
0.0270054	0.010711	0.0181333
0.0220045	0.0100887	0.164307
0.0349128	0.0105232	0.154128
0.0298378	0.00736476	0.0871565
0.0239102	0.00738892	0.0891291
0.0244401	0.0135243	0.0614686
0.0340743	0.011401	0.154641
0.0322034	0.0115561	0.0485281
0.0357042	0.00713398	0.047196
0.0257086	0.00650764	0.188266
0.0311986	0.0101671	0.0868318
0.0270711	0.0101219	0.0188045
0.0335206	0.012421	0.176149
0.0230215	0.00895393	0.0113191
0.0382628	0.0101241	0.144496
0.0290767	0.0109298	0.091885
0.0326775	0.00774049	0.0868864
0.0356771	0.00698514	0.00649655
0.0275911	0.00754806	0.327827
0.0295386	0.0157452	0.0271775
0.0319724	0.0106936	0.0471662
0.0216487	0.0132141	0.0303547
0.02667	0.0147309	0.0207923
0.0298147	0.00813798	0.0213132
0.0331024	0.00745669	0.0373893
0.0283602	0.00962411	0.0518923
0.030187	0.0129953	0.0428368
0.0235922	0.00893683	0.121755
0.0382806	0.0102034	0.0456334
0.0271596	0.0118965	0.305197
0.0328236	0.0125275	0.147858
0.0346079	0.00975252	0.0238324
0.031951	0.0117861	0.0571303
0.0347966	0.00823723	0.0988692
0.0215651	0.00970206	0.076458
0.0275818	0.0090926	0.160572
0.021839	0.0121834	0.0901505
0.0335805	0.00848465	0.0310172
0.0283262	0.0120847	0.121769
0.0349535	0.0137147	0.0788986
0.0345196	0.0132389	0.106296
0.0282577	0.00915554	0.0638304
0.0299225	0.00742144	0.0388535
0.0285241	0.00887127	0.103522
0.0363127	0.00465279	0.054932
0.0266577	0.00998578	0.107329
0.0244767	0.0115171	0.0939209
0.0249794	0.0104286	0.0217908
0.030195	0.0139859	0.107676
0.0324871	0.0109105	0.105182
0.0286022	0.0102212	0.0224696
0.0209403	0.00922028	0.168539
0.034518	0.0145408	0.0205443
0.0241681	0.0118913	0.0662816
0.0267514	0.0104736	0.124966
0.0304723	0.0100465	0.0329925
0.0221068	0.00798252	0.201798
0.030001	0.0117369	0.100833
0.0273115	0.00763982	0.105538
0.0287788	0.0077079	0.155636
0.0324593	0.0117626	0.0820697
0.0351959	0.00949381	0.121831
0.0353851	0.00918599	0.0985545
0.0283482	0.010243	0.105992
0.0384386	0.0120905	0.102562
0.0353152	0.0104528	0.0781066
0.0286083	0.00712301	0.0707003
0.0275116	0.00969714	0.0978541
0.0297865	0.00846775	0.106949
0.0299876	0.0106491	0.0990847
0.0313657	0.00736935	0.0199935
0.0309557	0.00823133	0.0836354
0.0283486	0.0035554	0.169946
0.030205	0.0050042	0.0509742
0.0320941	0.00805102	0.174953
0.033836	0.00819319	0.0409744
0.0369787	0.00822546	0.354692
0.0283798	0.00886314	0.167699
0.0368705	0.0103344	0.125621
0.0313292	0.0120121	0.0589161
0.0223563	0.0108231	0.0420133
0.0306816	0.0108775	0.0594869
0.0331416	0.00867597	0.104431
0.0205058	0.00996871	0.0265086
0.0251596	0.0106826	0.127712
0.0349405	0.00956069	0.16324
0.0292428	0.00921384	0.0578139
0.0284146	0.0126155	0.059653
0.0347071	0.0111086	0.161561
0.0314813	0.00923765	0.158007
0.0302559	0.00900521	0.0848142
0.0326341	0.0101317	0.0818084
0.0343496	0.00886651	0.0804012
0.0391701	0.0063325	0.0657045
0.0228389	0.0117469	0.0376085
0.0335714	0.0124711	0.154025
0.0269237	0.00952193	0.0670277
0.0304534	0.0116833	0.0232818
0.0255679	0.00688274	0.0685441
0.0308931	0.0107206	0.0392967
0.0313907	0.00959796	0.0902455
0.0244215	0.0129209	0.0646683
0.0254052	0.00573402	0.0749826
0.0309885	0.00656703	0.0477564
0.0350469	0.0095659	0.018879
0.0309497	0.00647261	0.0880121
0.0208627	0.00930461	0.112181
0.027938	0.0112556	0.0562103
0.0295921	0.00818353	0.0476313
0.0325553	0.0108775	0.107403
0.0320791	0.00567351	0.0416973
0.0311608	0.00982955	0.0277625
0.0270396	0.00928609	0.0185352
0.0266411	0.0116974	0.0792635
0.0283857	0.00967306	0.0236069
0.0333207	0.0108858	0.0348879
0.027051	0.0124975	0.14312
0.0361012	0.0142427	0.0986403
0.0259975	0.00987405	0.10122
0.0277072	0.0104404	0.0907531
0.0298768	0.0121014	0.157018
0.0307591	0.011206	0.115512
0.0336931	0.0122755	0.151372
0.028872	0.00840476	0.101204
0.034713	0.00753203	0.121087
0.033285	0.0124049	0.148496
0.0249752	0.00546857	0.0917643
0.0364499	0.00768747	0.0485184
0.0307144	0.0105172	0.038981
0.0301399	0.0118671	0.105447
0.0337702	0.00878763	0.0951938
0.0314227	0.01196	0.0779716
0.0348671	0.00782235	0.032082
0.0299984	0.00887188	0.101566
0.0366279	0.0109898	0.264067
0.0304894	0.0135412	0.15573
0.0356498	0.00541965	0.161285
0.0325864	0.013055	0.0219896
0.0343052	0.0109608	0.096849
0.0332771	0.0138615	0.0682938
0.0335521	0.0121247	0.157041
0.0332777	0.0113447	0.0387666
0.0365304	0.0101063	0.0509803
0.0290687	0.010873	0.020416
0.026492	0.0131609	0.145072
0.0268328	0.0126504	0.0351851
0.0278479	0.0104766	0.115888
0.0354191	0.00646373	0.0690681
0.0321042	0.00912698	0.186564
0.0343588	0.0063474	0.0807334
0.0278329	0.0118585	0.131181
0.0281302	0.0113041	0.0245596
0.0198483	0.00921121	0.164726
0.0303017	0.0115403	0.0310413
0.0321811	0.00877329	0.156361
0.0364702	0.00760342	0.0997645
0.0319655	0.0106989	0.0772817
0.0293731	0.00959845	0.104803
0.0322355	0.0105768	0.0365547
0.0342796	0.00801989	0.123283
0.0231183	0.00657831	0.102454
0.0355366	0.0107537	0.148918
0.0287546	0.00984919	0.0211425
0.0369704	0.0102173	0.0195173
0.0322361	0.00919645	0.0811076
0.0231876	0.00987308	0.0203471
0.0356556	0.00957946	0.13864
0.0361127	0.0121497	0.0295833
0.0294516	0.00927166	0.0186777
0.0303215	0.0092348	0.128271
0.0276785	0.00912187	0.0256476
0.0290501	0.00734599	0.0423963
0.0333755	0.0124594	0.0279397
0.0287775	0.00857088	0.113095
0.0261733	0.00982501	0.0410784
0.0281964	0.00610533	0.0503389
0.0288458	0.0112106	0.0133497
0.030842	0.0111708	0.0255268
0.0336326	0.00571543	0.070362
0.0336322	0.0104188	0.0902673
0.0284667	0.0118391	0.122416
0.0257941	0.00930161	0.0220775
0.0305282	0.00737717	0.097581
0.0289581	0.00829797	0.100111
0.0311137	0.012831	0.0782996
0.0315248	0.0107722	0.0064373
0.0305863	0.00779392	0.0396568
0.0258996	0.0120575	0.0203283
0.0355831	0.0124442	0.0264623
0.0293027	0.0120134	0.0735118
0.0188527	0.0110355	0.115329
0.0352149	0.00991902	0.00737249
0.0226926	0.007934	0.165373
0.0244992	0.0115978	0.0299521
0.0228548	0.0118267	0.19093
0.024981	0.00891806	0.0731533
0.0329455	0.00504295	0.105026
0.0363585	0.00935246	0.089068
0.0199107	0.0102257	0.06739
0.0351752	0.0102301	0.0463538
0.0335141	0.007285	0.0869727
0.0332856	0.00997267	0.133881
0.0357641	0.0122255	0.158755
0.0322814	0.0083196	0.0584514
0.0239359	0.00801483	0.085082
0.0323913	0.00980412	0.110737
0.0243827	0.0112244	0.068932
0.027388	0.00995452	0.0792784
0.0330586	0.00979182	0.120874
0.0332807	0.012754	0.178055
0.0306587	0.0042517	0.0970595
0.0338355	0.00867557	0.0964544
0.0287817	0.00847291	0.0211377
0.035961	0.0126018	0.0391869
0.0304789	0.00856212	0.0847685
0.0330875	0.0118701	0.105165
0.0286639	0.0117561	0.0902802
0.0298792	0.00561249	0.104052
0.0286397	0.00908661	0.0815877
0.0297181	0.0104079	0.182049
0.0245995	0.0118703	0.190192
0.0282801	0.0114621	0.0838103
0.0266294	0.00811023	0.0472482
0.0326589	0.0122346	0.00661937
0.0233407	0.0128684	0.180096
0.0392865	0.0090712	0.0752654
0.0282728	0.0126543	0.180817
0.0337369	0.00960887	0.121984
0.0360677	0.0100716	0.126515
0.032644	0.00983051	0.054549
0.0268506	0.013638	0.156144
0.0198386	0.012164	0.0580961
