0.0222242	0.0130787	0.0371831
0.040516	0.0112809	0.0394121
0.0329788	0.0159685	0.0386594
0.0387176	0.0121482	0.0392416
0.0283665	0.0150272	0.0381178
0.0251048	0.0121039	0.0376954
0.0347768	0.0125301	0.0387856
0.0207439	0.01254	0.037078
0.0257461	0.00557631	0.0377621
0.035885	0.00819656	0.0388262
0.0335984	0.0113194	0.0384454
0.0417807	0.00851903	0.0394257
0.0262481	0.00435317	0.0377305
0.0371535	0.00870252	0.0389493
0.014636	0.0163224	0.0364286
0.0470193	0.0113198	0.0399267
0.0386394	0.0121596	0.0391539
0.0392052	0.00349561	0.0392112
0.0415733	0.0071015	0.0396118
0.0216592	0.00395767	0.0372066
0.0145806	0.014052	0.0365876
0.0325939	0.0122548	0.0385572
0.0477463	0.00384793	0.0403765
0.0354355	0.0141231	0.0387761
0.0189166	0.00570417	0.0369658
0.0248124	0.00830182	0.0376357
0.0293997	0.0021165	0.0382592
0.0345878	0.0144948	0.0387832
0.0355584	0.0112202	0.0387969
0.018677	0.0092461	0.0368614
0.0398675	0.0169466	0.0392723
0.0338621	0.0124492	0.0386584
0.0224642	0.0133745	0.0373022
0.0255591	0.0037778	0.0377284
0.0499891	0.0103475	0.0399634
0.0189455	0.0176168	0.0370216
0.0131064	0.0129764	0.0363897
0.0412628	0.00973155	0.0394315
0.0254078	0.0157957	0.0375607
0.0234977	0.00128224	0.0372897
0.0444037	0.0108724	0.0398473
0.0443746	0.00632264	0.0397361
0.0452275	0.0172824	0.0394391
0.0362305	0.0157585	0.0387796
0.0385204	0.0138747	0.0390031
0.0254779	0.00902211	0.0377354
0.0224223	0.00566314	0.0373757
0.0400792	0.00343239	0.0394794
0.0343358	0.0156474	0.0387594
0.0286667	0.0123933	0.0380016
0.0299033	0.0149608	0.0382644
0.0254223	0.0123235	0.0376761
0.0188266	0.00905894	0.0371069
0.0378203	0.00604903	0.039036
0.0388795	0.00837607	0.0391258
0.0369084	0.007968	0.0389756
0.0522645	0.0153401	0.0406612
0.0446399	0.00718471	0.0396253
0.0337951	0.0053421	0.0386411
0.0491458	0.0150972	0.0403428
0.0221806	0.0147417	0.0373947
0.0272555	0.0120161	0.0377744
0.0311583	0.0124796	0.0383948
0.0510283	0.00661924	0.0406805
0.0350634	0.0159008	0.0388054
0.0318226	0.0135742	0.0384638
0.00187535	0.000676602	0.0349876
0.0505478	0.00756666	0.0404986
0.0317018	0.00399902	0.0382662
0.0517393	0.0154235	0.0409031
0.0283915	0.00588486	0.0381418
0.0279166	0.01149	0.0379781
0.0225545	0.0111761	0.0373337
0.0256798	0.0102349	0.0376925
0.0328928	0.00848219	0.0383814
0.0451181	0.000303464	0.0398889
0.0426424	0.00736649	0.0394231
0.0283578	0.0112786	0.0380499
0.0353497	7.49413e-05	0.038785
0.0402282	0.00876723	0.0390459
0.000330217	0.0163519	0.0350365
0.0329702	0.00842196	0.0387619
0.0165805	0.00126104	0.0365844
0.0264747	0.0154549	0.0376505
0.0507359	0.00589636	0.0408469
0.032343	0.0153023	0.0382276
0.0397242	0.00728711	0.0390129
0.0325591	0.000763091	0.0385451
0.0335115	0.00931321	0.0384475
0.0402525	0.0106814	0.0395211
0.0355685	0.0102155	0.0385869
0.0212522	0.00784964	0.0372628
0.022522	0.00576395	0.0373775
0.0319369	0.014638	0.0382861
0.0369518	0.00824385	0.0390128
0.0364622	0.0141798	0.0390328
0.0351275	0.00707538	0.0385751
0.0360242	0.0127953	0.0388046
0.019714	0.0145335	0.0370288
0.0360733	0.0119229	0.0388407
0.02067	0.0101983	0.0371635
0.0145302	0.011248	0.0362898
0.0245987	0.00711959	0.0374834
0.0471487	0.00407906	0.0400712
0.0268012	0.0154531	0.0378221
0.0240909	0.0107963	0.0375721
0.0407551	0.00446964	0.0392628
0.0183582	0.0109823	0.0368981
0.0294666	0.00303601	0.0380231
0.0249834	0.0154094	0.037564
0.0333156	0.00840545	0.0386308
0.028754	0.0166502	0.0380176
0.0523853	0.00577614	0.0405921
0.0422083	0.00805911	0.039673
0.042565	0.0125019	0.0395917
0.0294153	0.011881	0.0381269
0.022896	0.00362448	0.0373762
0.0214778	0.0106468	0.0372223
0.0238132	0.00676315	0.0375631
0.0505856	0.0198051	0.0399259
0.0290849	0.0103901	0.0380865
0.0356185	0.0105727	0.03906
0.0124182	0.00926251	0.0363849
0.0237438	0.00346567	0.037476
0.0311134	0.00824157	0.038375
0.0297098	0.00984339	0.0381558
0.00197338	0.0136622	0.0351412
0.0317658	0.00514674	0.0383866
0.0184586	0.0150105	0.0369876
0.0296759	0.00397548	0.0383116
0.0173403	0.0102204	0.0368455
0.0120961	0.0117064	0.0362101
0.0392365	0.0136866	0.0389022
0.0295231	0.00812751	0.0382262
0.0303753	0.0159676	0.0381156
0.0261641	0.00596528	0.0378455
0.0165671	0.0109605	0.0368066
0.0280443	0.0145927	0.0379646
0.00566893	0.00702952	0.0353773
0.0335597	0.0121528	0.0386335
0.0112452	0.00123481	0.0359142
0.0421551	0.0169643	0.039328
0.0201282	0.0121106	0.0369933
0.0387385	0.0087065	0.0389048
0.0368614	0.00580066	0.0390967
0.0264755	0.00760273	0.0378165
0.0214494	0.00400674	0.0372541
0.0214887	0.00311969	0.0372621
0.0279996	0.00543268	0.0380498
0.0308714	0.011344	0.0382548
0.0234481	0.0118447	0.0373353
0.0437914	0.00606038	0.0399725
0.0249328	0.00824484	0.0378212
0.0313278	0.0125148	0.038323
0.02763	0.0115211	0.0380069
0.0130364	0.0102093	0.0364523
0.0268961	0.0140424	0.0377879
0.00991403	0.0148738	0.0360912
0.0351624	0.0159832	0.0388964
0.0401467	0.0154306	0.0393129
0.037032	0.0119843	0.0389753
0.0358211	0.00943658	0.0387842
0.0228986	0.00513432	0.0373472
0.0390996	0.014373	0.0392894
0.0258261	0.0128802	0.0379046
0.0225062	0.0130704	0.0374165
0.0301484	0.0174095	0.0382037
0.033616	0.0130227	0.038568
0.0360895	0.0152221	0.0387998
0.0379632	0.00859252	0.0391311
0.0134232	0.011529	0.0363904
0.0325162	0.00388648	0.0383536
0.0377959	0.00895095	0.0389973
0.0416929	0.00984102	0.0395355
0.0292939	0.00864715	0.0381479
0.0336986	0.0123891	0.0385357
0.0117383	0.0139923	0.0362468
0.0335683	0.00875806	0.0386546
0.0386161	0.0144184	0.0392127
0.0202247	0.0132833	0.0370738
0.0490362	0.00821891	0.0405293
0.0332075	0.0146598	0.0384416
0.0360218	0.00479757	0.0391324
0.0241741	0.00377223	0.0375692
0.0455557	0.013273	0.0398484
0.0358778	0.0174364	0.0388096
0.0452701	0.00849866	0.0398415
0.0316536	0.011803	0.0382292
0.0325083	0.0149605	0.0385437
0.0378011	0.0107699	0.0391395
0.0259359	0.0154142	0.0377089
0.0345728	0.00682502	0.0386867
0.0332113	0.00771277	0.0386717
0.0267778	0.0118697	0.0380183
0.0447284	0.0107998	0.0394563
0.0143496	0.00630961	0.0366854
0.0309087	0.0132942	0.0382845
0.0141477	0.00330559	0.0363191
0.0272315	0.0118592	0.0377738
0.035882	0.0143286	0.0388165
0.0355608	0.00368973	0.0389183
0.0114041	0.0164841	0.0360877
0.0151005	0.0130771	0.0365345
0.0397319	0.0120134	0.0391608
0.0250085	0.0134082	0.0375707
0.0307351	0.00882699	0.0382404
0.0243148	0.00975682	0.0377409
0.0386063	0.00334445	0.039332
0.0293534	0.0101228	0.0380694
0.0377795	0.0111781	0.0390048
0.017036	0.00944565	0.0368951
0.0247948	0.000300288	0.0378117
0.0160006	0.00640893	0.0367866
0.0489298	0.0121105	0.0403017
0.028876	0.0147809	0.0381772
0.0390968	0.00983627	0.0392971
0.0349631	0.0108725	0.0386254
0.0221609	0.00860587	0.0374007
0.0191015	0.00828859	0.0370907
0.026982	0.00957417	0.0378482
0.0349616	0.0180372	0.0385492
0.01177	0.01473	0.0362094
0.0249783	0.00714843	0.0375966
0.0276758	0.00901338	0.0378519
0.0250615	0.0168398	0.0376228
0.0266661	0.0127453	0.0377779
0.0470174	0.0147089	0.0400786
0.0300105	0.0065416	0.0384201
0.0367317	0.00984279	0.0389963
0.0349055	0.000687461	0.0388515
0.0311379	0.0146338	0.0385154
0.0412455	0.00901273	0.0395513
0.0401798	0.0050834	0.0394079
0.0257421	0.0176638	0.0376513
0.0187974	0.00839731	0.0369419
0.0310589	0.0132233	0.0382124
0.034449	0.0108616	0.0387533
0.0340845	0.0139245	0.0384917
0.0281809	0.0109327	0.0379562
0.0177205	0.0123527	0.03686
0.0498257	0.0115501	0.040218
0.0356888	0.0121426	0.0386751
0.0418967	0.0155554	0.0395041
0.0423271	0.015087	0.0397501
0.0348327	0.000116677	0.0388531
0.0358726	0.00819155	0.0387087
0.0202484	0.00229921	0.037149
0.0417848	0.00855607	0.0397176
0.0439491	0.0124812	0.0400194
0.0287807	0.00787685	0.0379292
0.0327531	0.0134127	0.0385315
0.0171148	0.00212518	0.0368133
0.0448569	0.0153699	0.0397845
0.0322675	0.0162741	0.0382822
0.0325197	0.0169457	0.0383741
0.0344349	0.00442187	0.0386743
0.045334	0.011781	0.0398314
0.0304017	0.0131403	0.0382279
0.0491669	0.00422066	0.0405609
0.0310061	0.0137495	0.0382291
0.0352552	0.0120045	0.0387913
0.0267125	0.00417552	0.0378431
0.0254707	0.00745539	0.0377152
0.0386403	0.00062551	0.0392068
0.0463501	0.00933963	0.0399563
0.0319543	0.00412181	0.0384729
0.0377899	0.0082507	0.0389322
0.0300927	0.013819	0.0382793
0.0228119	0.0110067	0.037427
0.0330482	0.00807446	0.0385999
0.0334251	0.00977977	0.0385461
0.0269557	0.00741068	0.0378093
0.0282706	0.00626301	0.0379896
0.0320368	0.0142318	0.0382653
0.0390832	0.00233473	0.0392564
0.0322041	0.00609836	0.0383162
0.0414374	0.0051366	0.0395574
0.0272922	0.0130581	0.0378453
0.0502253	0.011866	0.0402786
0.0344712	0.00817666	0.0387633
0.0319342	0.0137779	0.0383766
0.0272257	0.000520287	0.037761
0.0462365	0.000687581	0.0402796
0.0197839	0.0104783	0.0370864
0.0338753	0.0035106	0.0386063
0.0169339	0.013746	0.0367719
0.0319304	0.0107812	0.038325
0.037982	0.0121947	0.0390566
0.010979	0.00463727	0.0361411
0.0401276	0.00995656	0.0393145
0.019497	0.00703676	0.0368169
0.0209764	0.00034284	0.0371967
0.0237147	0.00344672	0.0375816
0.0330306	0.016634	0.0383671
0.0105429	0.0129391	0.0361494
0.0118382	0.00867476	0.0363833
0.0472272	0.0100908	0.0403093
0.0362532	0.00159985	0.0391804
0.0335558	0.0113701	0.0383833
0.0266511	0.010796	0.0378222
0.0161177	0.000793701	0.0368535
0.0246698	0.00890067	0.0376866
0.0254123	0.008379	0.0376947
0.0181309	0.00593691	0.0369997
0.0367967	0.00923986	0.0390886
0.0314177	0.0134075	0.0382005
0.0149045	0.0103931	0.0366412
0.0174325	0.0181269	0.0368321
0.0478404	0.00735292	0.0402085
0.0413342	0.00946152	0.0394646
0.0473098	0.0153505	0.040334
0.0106076	0.0121023	0.0361482
0.0325179	0.0100509	0.0384635
0.0305884	0.00196373	0.0382671
0.0219451	0.0148303	0.0372231
0.0327359	0.0154194	0.0384316
0.0406223	0.0119364	0.0396322
0.0300181	0.010449	0.0381817
0.0315504	0.0116383	0.0382918
0.0180365	0.0145316	0.0368689
0.0161238	0.0158124	0.036338
0.0381109	0.00038223	0.0390329
0.039394	0.0085291	0.0393348
0.0248811	0.0122405	0.0375829
0.0412518	0.0102216	0.039403
0.0231503	0.00617623	0.0375696
0.0289336	0.0091901	0.0380654
0.0149669	0.00961143	0.0366525
0.0228635	0.01304	0.0373393
0.0260212	0.0127975	0.0375935
0.00974969	0.00698564	0.0357233
0.0381756	0.00564109	0.039078
0.0371097	0.0100551	0.0390271
0.0122901	0.0126415	0.036354
0.020943	0.00829795	0.037282
0.0369433	0.00728947	0.0389351
0.0519994	0.00549249	0.0402028
0.0187552	0.0116779	0.0368126
0.0282927	0.0140037	0.037927
0.0170467	0.0066936	0.0367571
0.0343162	0.00523902	0.0386714
0.0320054	0.00884205	0.0384142
0.0310694	0.0127023	0.0382776
0.0184439	0.0148225	0.0368476
0.0220387	0.00936177	0.0373371
0.0272783	0.0167035	0.0378472
0.0270579	0.0133664	0.0378435
0.0293258	0.00741305	0.0380179
0.0454332	0.00611702	0.0398488
0.038299	0.0105439	0.0391378
0.0298103	0.00811225	0.0382438
0.032144	0.014572	0.0385077
0.0312742	0.00955135	0.0383428
0.0307383	0.0126332	0.0382271
0.0166325	0.00693659	0.0367092
0.0257282	0.0131566	0.0376737
0.0366721	0.00879926	0.0390209
0.0174552	0.015636	0.0366561
0.0437988	0.0142849	0.0398225
0.03254	0.00634226	0.0383521
0.0320945	0.00850426	0.0384842
0.0301055	0.0109445	0.0381992
0.0354405	0.0131722	0.038785
0.0472798	0.00949296	0.0402323
0.0269037	0.0059704	0.0378006
0.0337457	0.0156868	0.0385823
0.0403747	0.0140947	0.0395219
0.0533827	0.00130378	0.0408387
0.0268588	0.0062299	0.0378547
0.0308157	0.0189249	0.038256
0.0275609	0.000597383	0.0378013
0.0200927	0.0109052	0.037119
0.0317762	0.00321218	0.0382767
0.0246919	0.0126459	0.037685
0.0418661	0.0152921	0.0394577
0.0344461	0.0113669	0.0386775
0.0374551	0.00701394	0.039066
0.033259	0.0110667	0.0384839
0.027246	0.0133502	0.0378944
0.0427706	0.0147977	0.0396944
0.0508655	0.00591691	0.0404494
0.0276172	0.0102462	0.0377893
0.0271512	0.00482017	0.0378359
0.0407832	0.00566304	0.0392559
0.0405545	0.00670389	0.0393337
0.0337773	0.00405422	0.0386856
0.0218718	0.0150616	0.0371405
0.050101	0.0117086	0.0402364
0.0352727	0.00688585	0.0387597
0.0264059	0.0162643	0.0377175
0.0305982	0.0154702	0.0384436
0.0241293	0.00492035	0.0375708
0.051548	0.0114495	0.0403993
0.0320321	0.00921228	0.0384298
0.0299261	0.00270228	0.0384072
0.00344964	0.00902147	0.0353107
0.0341996	0.00885343	0.0386662
0.0315793	0.0093715	0.038378
0.0350733	0.0018883	0.0388473
0.0495627	0.00672209	0.0407017
0.0271035	0.0127198	0.0378732
0.027746	0.0119018	0.0379216
0.0194713	0.0110439	0.0370324
0.0324911	0.00803834	0.0385728
0.0164143	0.0158745	0.036639
0.0246696	0.00108954	0.0375896
0.0173301	0.016282	0.0367137
0.0289966	0.00723105	0.0381918
0.0349767	0.0129376	0.0386306
0.0399709	0.0125803	0.0391041
0.0410292	0.00919704	0.0396968
0.0412162	0.0115775	0.0392415
0.0461758	0.00473868	0.0399485
0.025649	0.0126714	0.0377654
0.036424	0.00134788	0.0388955
0.0283375	0.0146726	0.0379001
0.0417538	0.00915813	0.0397824
0.027127	0.0105077	0.0378275
0.0266358	0.0122176	0.0378211
0.0376263	0.0100598	0.0390373
0.00917291	0.0089684	0.0358637
0.00751322	0.00808484	0.0356041
0.0194232	0.00819475	0.0371182
0.0316136	0.00969783	0.0383828
0.0411506	0.0107766	0.0393266
0.0297899	0.0106201	0.0380971
0.0155445	0.00833592	0.0367262
0.0286868	0.00271225	0.0380889
0.0228403	0.0129324	0.0373589
0.0400084	0.00682437	0.0393323
0.0359386	0.0133888	0.0388495
0.0442647	0.0111304	0.0397851
0.00551724	0.00869903	0.0351789
0.02753	0.0127349	0.0381044
0.0328625	0.0167557	0.038579
0.0439168	0.00435212	0.0399288
0.0324798	0.00756915	0.0387076
0.0294687	0.0175705	0.0381534
0.0387053	0.0129809	0.0392546
0.0288732	0.0103208	0.0380368
0.0330161	0.0134083	0.0387377
0.0356586	0.0100776	0.0387724
0.0256758	0.0132136	0.037571
0.0377404	0.0121346	0.0390127
0.0220966	0.0161904	0.0372947
0.0474793	0.0165813	0.0398853
0.0206277	0.0134888	0.0371125
0.0417854	0.00595052	0.0392229
0.03124	0.0117231	0.038331
0.0141073	0.0145153	0.0364994
0.0251514	0.0112453	0.0376543
0.0157817	0.0108322	0.0367194
0.0235604	0.00459753	0.0375035
0.042656	0.0132143	0.0397554
0.0254558	0.0177713	0.0376633
0.0241937	0.0102801	0.037514
0.0231455	0.00812875	0.0376104
0.046823	0.016426	0.039969
0.0481803	0.0156497	0.0399725
0.0449657	0.0125738	0.0396961
0.0408132	0.010511	0.0392436
0.035615	0.0133037	0.0387861
0.0452179	0.00418196	0.0400737
0.0445793	0.0168936	0.0396374
0.0236715	0.00546957	0.0375151
0.0268038	0.00739739	0.0379608
0.0257864	0.00405339	0.037629
0.0283021	0.0129076	0.0380122
0.0387021	0.00657607	0.0391527
0.0394007	0.0166072	0.0392229
0.0290792	0.0104717	0.0381147
0.0377586	0.00809917	0.0390773
0.0246103	0.0104938	0.0376011
0.0409268	0.0171758	0.0395092
0.0447679	0.00574695	0.0398472
0.0294775	0.00871643	0.0382376
0.0364708	0.01542	0.0388512
0.0236328	0.0133271	0.0374328
0.0429401	0.0162787	0.0396178
0.0443905	0.0105883	0.0397383
0.0352771	0.0117815	0.0387809
0.0211361	0.0130403	0.0372697
0.0272659	0.0133664	0.0379866
0.0217999	0.00736408	0.0372841
0.0428386	0.0096568	0.0399044
0.0392288	0.00829695	0.0390817
0.0286134	0.0125607	0.0379946
0.0128039	0.00307291	0.0365247
0.0282976	0.0112981	0.0380038
0.0307655	0.0165956	0.0382396
0.0331025	0.000946255	0.0383665
0.0337724	0.00815468	0.038435
0.0359846	0.00303628	0.0389752
0.0275985	0.000660384	0.0378865
0.0251098	0.0130698	0.0377158
0.0303913	0.0084238	0.0382556
0.0322317	0.00459598	0.0385211
0.0346209	0.0161024	0.0385369
0.0256993	0.00644623	0.0378468
0.0432406	0.00313767	0.0399854
0.0250673	0.0147309	0.0378039
0.0244489	0.00563373	0.0377426
0.00563477	0.00438871	0.0356472
0.0284003	0.00857355	0.0380453
0.0103042	0.00836641	0.036192
0.0356774	0.00698104	0.0387519
0.03687	0.00134034	0.0391098
0.0376247	0.0154932	0.038731
0.0126735	0.00582537	0.0364138
0.0300789	0.0112445	0.0381337
0.0216038	0.0134512	0.0372204
0.0172702	0.0085518	0.0367447
0.033483	0.00694485	0.0385082
0.0317324	0.00757508	0.0383837
0.026667	0.00393572	0.0377984
0.0126706	0.00941254	0.0360436
0.0423973	0.016547	0.0393975
0.0403795	0.00444611	0.0393949
0.0298406	0.00918145	0.0380495
0.0248349	0.0161934	0.0375018
0.0211651	0.00689887	0.0371597
0.0120877	0.0088762	0.0361085
0.0252855	0.00968012	0.0378537
0.0321453	0.011994	0.0385013
0.020125	0.00871017	0.0371227
0.0274892	0.00900877	0.0379903
0.0374312	0.0104876	0.039087
0.0320801	0.00751246	0.0383749
0.0330995	0.009397	0.0385231
0.0415634	0.00972201	0.039536
0.0250088	0.0147213	0.0377221
0.0177768	0.010691	0.0369153
0.0324569	0.0119586	0.03849
0.0194034	0.00449888	0.0370993
0.0283331	0.0119378	0.0381066
0.0225718	0.0122402	0.0371943
0.0387124	0.0153561	0.0391487
0.0353247	0.0153709	0.0385121
0.0390289	0.0082621	0.0389364
0.035346	0.00199641	0.0387529
0.0266511	0.00042739	0.0380008
0.0316908	0.01138	0.0384197
0.0351235	0.00597813	0.0388254
0.0183855	0.00192601	0.0368045
0.0489207	0.00738224	0.0405159
0.0268644	0.0139426	0.0377853
0.0279361	0.0101209	0.0379334
0.0145822	0.0144332	0.0363438
0.0345879	0.014051	0.0385554
0.0399521	0.00958805	0.039341
0.0258894	0.00847697	0.0378143
0.0331715	0.0137464	0.0385039
0.0363523	0.0122081	0.0389614
0.037831	0.0059059	0.0391164
0.0253858	0.0101217	0.0376939
0.0360314	0.0136508	0.0390117
0.0316694	0.010126	0.0383848
0.0320995	0.0144105	0.0384072
0.0378778	0.00709696	0.0391278
0.0300865	0.00441818	0.0381971
0.0225007	0.012004	0.037223
0.0236066	0.0138796	0.0375465
0.0278321	0.00563229	0.0379456
0.0397301	0.00423989	0.0394045
0.0202032	0.00788547	0.0370926
0.0301247	0.00934617	0.0382631
0.0256189	0.000873394	0.0375586
0.0231211	0.0127474	0.0375011
0.0147999	0.0113767	0.0365672
0.0356441	0.0126792	0.0387649
0.0249468	0.0142394	0.0376333
0.0250489	0.011661	0.0378153
0.0376314	0.0109452	0.0389442
0.0353556	0.00611942	0.0390512
0.0312708	0.00949308	0.0383985
0.033359	0.00991321	0.0385485
0.0366632	0.0117699	0.0389361
0.0163147	0.010584	0.0366569
0.0407669	0.000197099	0.0396768
0.0437255	0.00777853	0.0396759
0.0245705	0.00861308	0.0374966
0.0210185	0.00268151	0.0371335
0.0394728	0.0160993	0.0393004
0.0051961	0.00792854	0.0356586
0.0306267	0.00981216	0.0382977
0.0293784	0.0121908	0.0381593
0.026157	0.0147778	0.0376875
0.0395983	0.0115942	0.0392522
0.0195311	0.0163694	0.0370876
0.0499415	0.0155813	0.040157
0.0333692	0.00611189	0.0385434
0.015892	0.0115812	0.0366337
0.0364689	0.00783522	0.0386959
0.0204857	0.0109889	0.0371071
0.0449353	0.0169025	0.0401148
0.0364903	0.00948756	0.038774
0.0238181	0.0130915	0.037447
0.0238853	0.00649151	0.037477
0.0333463	0.0109549	0.038694
0.0488845	0.0146465	0.040125
0.0283782	0.0104821	0.0379781
0.0301418	0.00620307	0.0382664
0.0364314	0.0131697	0.0389598
0.0453627	0.00529076	0.0400598
0.0209104	0.0130333	0.0371149
0.013376	0.00745028	0.0362335
0.0314456	0.0139586	0.0381561
0.0119104	0.00772792	0.0362966
0.027296	0.0149925	0.0380014
0.0251157	0.00379229	0.0375101
0.0456141	0.00448013	0.0399146
0.050559	0.0149602	0.0404
0.0284587	0.0139061	0.0379888
0.0313565	0.0167524	0.0381752
0.038117	0.00434105	0.0392529
0.0244861	0.00969894	0.037617
0.0315028	0.00237314	0.0382521
0.0220835	0.00902797	0.0373148
0.0268673	0.0146824	0.0377761
0.0413916	0.0116147	0.039509
0.0306032	0.0151654	0.0383422
0.0410217	0.0144917	0.0393817
0.0307615	0.0135048	0.0383965
0.0292839	0.0145095	0.0380569
0.0306376	0.00748454	0.0383184
0.0366862	0.0126518	0.0388358
0.0335034	0.00956183	0.0386135
0.0164249	0.0137063	0.0366612
0.0234921	0.00206887	0.0375048
0.0367865	0.0127465	0.0386784
0.0146747	0.0131037	0.0364623
0.0366433	0.0151073	0.0390095
0.0160331	0.00825822	0.0367236
0.0443679	0.00764438	0.0398053
0.0287482	0.00414918	0.0379426
0.0294202	0.00267635	0.0382052
0.0378606	0.0168394	0.0391114
0.0128601	0.00997026	0.0362805
0.0432183	0.0136413	0.0394945
0.030664	0.00930219	0.0382147
0.0357756	0.00370681	0.0388092
0.00866147	0.00958641	0.0358245
0.014136	0.015424	0.0363912
0.0170124	0.0148551	0.036734
0.0407383	0.0162143	0.0393117
0.0203173	0.0148708	0.0370548
0.0281436	0.0105277	0.0380834
0.0341946	0.00821091	0.0386262
0.0280468	0.00332517	0.0380758
0.044887	0.0124791	0.0398497
0.0451925	0.00882018	0.0395194
0.0326904	0.0127238	0.0383819
0.0228947	0.006492	0.037345
0.0251386	0.00514604	0.0376024
0.0266628	0.00626629	0.0378329
0.0311845	0.0115843	0.0383001
0.0293513	0.0112153	0.0381712
0.0299785	0.00652568	0.0380893
0.0223413	0.0137033	0.0373986
0.0378887	0.00182558	0.0390107
0.0195323	0.00236939	0.0370627
0.0274056	0.00624813	0.0379124
0.0360826	0.0183367	0.0389892
0.0196995	0.0133117	0.0370046
0.0281866	0.0102171	0.038017
0.0407743	0.0169503	0.0394911
0.0321861	0.0094151	0.0384055
0.0331485	0.0169998	0.0386815
0.0340416	0.00720147	0.0386357
0.0378997	0.0112107	0.0391434
0.0427691	0.0145985	0.0394318
0.0295991	0.00578572	0.0382756
0.0375145	0.011472	0.0388718
0.0320169	0.00955252	0.0386442
0.0382029	0.0134025	0.0388065
0.0392438	0.0165981	0.0389918
0.0382271	0.0105486	0.0392714
0.0205441	0.0110785	0.0372382
0.0271298	0.0136637	0.0378635
0.0379831	0.0050224	0.0389686
0.0434752	0.00866983	0.0397062
0.0361934	0.00995882	0.0389434
0.03247	0.0132396	0.0382611
0.00112782	0.0169551	0.035199
0.0360345	0.017456	0.0389363
0.0326004	0.00872071	0.0384944
0.0227338	0.00771532	0.037438
0.0385431	0.0167884	0.0391936
0.0234376	0.0126816	0.0374141
0.0511048	0.0134342	0.0405391
0.0265948	0.0117213	0.0379049
0.0293757	0.0154673	0.0380811
0.0324814	0.0105396	0.038288
0.0366644	0.0101309	0.0388754
0.0376227	0.00280401	0.0390025
0.0307587	0.0101886	0.0382435
0.038136	0.00462078	0.0391506
0.0401384	0.00850979	0.0395162
0.0348309	0.0107189	0.0386121
0.0218896	0.0103301	0.0373017
0.0385881	0.0165054	0.0392017
0.0248183	0.00596586	0.0376046
0.038305	0.0144557	0.039279
0.0193757	0.0110838	0.0370355
0.0379795	0.0171438	0.0388626
0.026298	0.0157807	0.0378686
0.0249973	0.0137046	0.0375683
0.0344302	0.0110055	0.0386301
0.0186979	0.00893254	0.0370369
0.0357562	0.0133207	0.0386792
0.0292613	0.00423943	0.0381506
0.029993	0.0144802	0.0382644
0.043635	0.0101622	0.0397086
0.043122	0.013107	0.0397253
0.0327781	0.0061769	0.0387491
0.027038	0.000566709	0.0378829
0.0384595	0.00822478	0.0391248
0.0258076	0.014949	0.0376732
0.0110154	0.000431681	0.0361287
0.040597	0.00261136	0.0392208
0.035543	0.0129586	0.0387673
0.0273626	0.00846593	0.0379982
0.0378901	0.00699484	0.0392191
0.0392487	0.00825563	0.0389579
0.0157317	0.00695277	0.0365255
0.0281265	0.0152119	0.0378675
0.0472398	0.00813133	0.0400023
0.0199159	0.00905443	0.0371601
0.0109283	0.0151242	0.0361895
0.0390049	0.0107831	0.0393652
0.0313326	0.00681262	0.0384034
0.0149471	0.0150658	0.0363817
0.0124173	0.00535647	0.0362569
0.0184951	0.0152774	0.0368376
0.0223594	0.0149852	0.0372709
0.0336812	0.00863849	0.0385908
0.0312362	0.0113488	0.0383161
0.0180052	0.00943756	0.0366427
0.0271167	0.0160794	0.037868
0.03277	0.00994952	0.0385308
0.0351253	0.013939	0.0386095
0.027828	0.0115139	0.0379961
0.0222244	0.00571664	0.0371532
0.0162946	0.0123919	0.0366589
0.0395553	0.0159041	0.0394288
0.0303488	0.00244905	0.0380852
0.0040347	0.000688844	0.0356686
0.0332617	0.0119165	0.0386862
0.0104102	0.0118592	0.036135
0.0155265	0.0160283	0.0364966
0.0248834	0.0148092	0.0377377
0.0391833	0.0117687	0.0390337
0.023206	0.0119903	0.0373015
0.0320908	0.0147241	0.0383761
0.0458633	0.00468049	0.0401187
0.0305385	0.0153403	0.0382394
0.0271702	0.00391336	0.0378462
0.0435153	0.010709	0.0394801
0.0341551	0.0153858	0.0386269
0.0298263	0.00876919	0.0381625
0.0508784	0.00135104	0.040385
0.0354928	0.00119793	0.0390638
0.0364483	0.0143011	0.0389013
0.0352086	0.0111255	0.0387516
0.0217521	0.0113069	0.0372569
0.0159234	0.0122104	0.0363715
0.00976303	0.0116262	0.0359381
0.0347662	0.00476027	0.0389016
0.028354	0.00845815	0.0379153
0.024787	0.0105547	0.0376923
0.0388525	0.00674235	0.0389352
0.0342033	0.00190093	0.0386638
0.0240622	0.0133535	0.0375152
0.0449506	0.00795339	0.0399689
0.0298355	0.0121022	0.0381366
0.0304544	0.00729497	0.03821
0.0144642	0.00898229	0.0365783
0.0343812	0.0151039	0.0387619
0.0120706	0.0143397	0.036143
0.0216276	0.0101153	0.0373082
0.0238869	0.0152261	0.0372871
0.0286876	0.0107893	0.0380396
0.0210638	0.0116152	0.037035
0.0418963	0.0108633	0.039694
0.0320943	0.00995579	0.0384068
0.0352249	0.00243014	0.0386386
0.0385702	0.00781112	0.0390162
0.0414528	0.0138107	0.0395408
0.0424806	0.0090546	0.0396977
0.000644651	0.00835341	0.0349507
0.0290219	0.00959666	0.0380199
0.0237798	0.0164035	0.0374637
0.0326339	0.00873517	0.0384636
0.0201141	0.00158527	0.0370696
0.0185753	0.0102502	0.037049
0.0349828	0.0125032	0.038807
0.0322205	0.0165662	0.0384068
0.0479228	0.00929443	0.040127
0.0271724	0.00482089	0.0378363
0.0378066	0.00928887	0.0392159
0.0291144	0.0143759	0.0379532
0.0363702	0.0100582	0.0388731
0.0429185	0.0165269	0.0393576
0.0389147	0.00541258	0.0391769
0.0227594	0.0105554	0.0374264
0.0312846	0.0113606	0.0383379
0.0213692	0.00742288	0.0373413
0.0365554	0.0147233	0.038745
0.0157075	0.0148328	0.0366281
0.0222219	0.0123957	0.0373434
0.0478079	0.00704403	0.0400895
0.0310513	0.0145977	0.0383965
0.0372442	0.00628338	0.0390216
0.0304155	0.00440545	0.0383025
0.0339967	0.00969189	0.0385853
0.0375506	0.00895331	0.0391909
0.01153	0.010866	0.0361287
0.025268	0.0112801	0.037524
0.0228634	0.00454257	0.037492
0.026018	0.0162772	0.037679
0.0350414	0.012916	0.0386969
0.024233	0.00855279	0.03752
0.0257619	0.00912516	0.037818
0.0323747	0.0161042	0.0385896
0.0106769	0.0114396	0.035748
0.0289308	0.00291677	0.0382911
0.0251505	0.0143189	0.0376431
0.0375136	0.00777113	0.0389952
0.0248186	0.0125323	0.0376111
0.00937048	0.0159959	0.0358459
0.0458113	0.00932293	0.0401311
0.0235899	0.00981104	0.0374239
0.0121073	0.010289	0.0361319
0.0345265	0.00303207	0.038688
0.0411961	0.0125332	0.0394442
0.0481034	0.00769169	0.0402262
0.0351898	0.0136985	0.038839
0.0200185	0.00906749	0.0371521
0.00770828	0.013595	0.0357917
0.0352642	0.00871046	0.0388027
0.0246426	0.0143026	0.0376764
0.0248244	0.00411111	0.0376847
0.0262995	0.00786452	0.0378632
0.0172711	0.00982977	0.0365473
0.0368039	0.0108194	0.0389343
0.0465685	0.00541096	0.0399495
0.0289189	0.00914111	0.0380445
0.0474515	0.0111532	0.0401819
0.0210886	0.0123676	0.0371827
0.0292628	0.0139007	0.0380706
0.0215678	0.0145601	0.0373628
0.0291625	0.00513555	0.0379808
0.0328782	0.000269147	0.038788
0.0221469	0.0117714	0.0373004
0.0289698	0.00500453	0.0379922
0.0284422	0.0155329	0.0380043
0.0383109	0.00718474	0.0391719
0.0357186	0.0159523	0.038893
0.0385734	0.00582404	0.0391982
0.0252904	0.0149979	0.0376633
0.0243238	0.0138654	0.0376358
0.000301125	0.0113471	0.034977
0.0300415	0.00573724	0.0381871
0.0370309	0.0088569	0.0389963
0.0188357	0.0167968	0.0370074
0.0318918	0.00899018	0.0383756
0.0372776	0.00351647	0.0389743
0.0203095	0.00391023	0.0372158
0.0224207	0.00463515	0.037259
0.0411751	0.00795156	0.0395479
0.0491546	0.0133848	0.0401668
0.0270154	0.010521	0.0377519
0.0371523	0.00820573	0.0391333
0.045096	0.0160912	0.0398537
0.0336649	0.00250931	0.0384884
0.0218522	0.0085679	0.037214
0.0364763	0.00493175	0.0389358
0.0224255	0.0130346	0.0373433
0.0240742	0.000284981	0.0377611
0.0091008	0.0077473	0.0356316
0.0207467	0.0136842	0.0372198
0.036424	0.0155983	0.0389673
0.038586	0.0041636	0.0392707
0.0249676	0.0138204	0.0377073
0.014486	0.0107624	0.036512
0.0293565	0.0134549	0.0381971
0.0336588	0.0113291	0.0386499
0.036681	0.0158	0.0390104
0.0370096	0.00470838	0.0390722
0.035592	0.0124947	0.0385659
0.0251126	0.0125859	0.0377373
0.0196805	0.00952277	0.0370674
0.0295801	0.0119339	0.0380806
0.0172476	0.00323688	0.0366546
0.027199	0.00185558	0.0378388
0.0395014	0.0114317	0.0392538
0.032239	0.00561677	0.038319
0.0358155	0.0122852	0.0388131
0.0236615	0.00444811	0.0374936
0.0341622	0.00459451	0.038718
0.0280552	0.00662792	0.0379809
0.0330603	0.00870728	0.0386199
0.0428977	0.0152857	0.039712
0.0212381	0.0100051	0.0372671
0.0372566	0.00410989	0.0389056
0.0325614	0.0142208	0.0385448
0.0329865	0.0176541	0.0383602
0.000295295	0.0161925	0.0351582
0.0411878	0.00988476	0.0394835
0.0304377	0.0140299	0.0381055
0.0319557	0.00538774	0.038657
0.0224518	0.0116771	0.0375151
0.0402602	0.0105809	0.039292
0.0284396	0.0133364	0.0380113
0.0344692	0.00821367	0.0386687
0.0340302	0.0133961	0.0387122
0.0279468	0.0136619	0.0380299
0.0197236	0.00986468	0.0369273
0.0393314	0.00989905	0.0391823
0.0428939	0.0153465	0.0397122
0.0328111	0.0121692	0.0384567
0.0229933	0.0142759	0.0372694
0.0269406	0.00220062	0.0378108
0.026502	0.00754675	0.0379226
0.0334211	0.001568	0.0385522
0.0280031	0.011686	0.0378306
0.0348765	0.0141532	0.0388056
0.036282	0.0129619	0.0387883
0.0315036	0.00519355	0.0385251
0.0153586	0.00915888	0.0367399
0.0320834	0.0145523	0.0382692
0.030051	0.0111916	0.0381561
0.025773	0.0144884	0.0376333
0.0337202	0.0134228	0.0385481
0.0360666	0.0149729	0.0387825
0.0369911	0.0101519	0.038824
0.0287372	0.0133037	0.0380321
0.00971585	0.00739201	0.0359078
0.0292872	0.0113889	0.03822
0.0283554	0.00768601	0.0380306
0.0173192	0.00690246	0.0368799
0.0482692	0.017884	0.0399372
0.0280235	0.000230427	0.0378732
0.0153557	0.0104516	0.0363079
0.0320667	0.000539045	0.0385259
0.0183769	0.00433077	0.0371357
0.00568171	0.00556156	0.0357469
0.0276918	0.0135091	0.0379331
0.0404814	0.0090778	0.039635
0.0312423	0.0041835	0.0383747
0.0433478	0.0169028	0.0398501
0.03727	0.00908855	0.0389867
0.0459586	0.0157117	0.0398003
0.025225	0.00419236	0.0376666
0.0292161	0.0176265	0.0380835
0.0337195	0.0144754	0.0384725
0.0277863	0.0109832	0.0378735
0.0392888	0.0152874	0.0392885
0.0346633	0.00586517	0.0389718
0.0349009	0.00658885	0.0387133
0.0295928	0.0038246	0.0381535
0.0274683	0.00075207	0.0379067
0.0430642	0.0076288	0.0396651
0.0413215	0.0102286	0.0396562
0.0354489	0.00545251	0.0388935
0.0389259	0.00635557	0.0392284
0.0509895	0.00852191	0.0404418
0.0216596	0.0123624	0.0372313
0.0418556	0.00644208	0.0397301
0.036135	0.010296	0.0389348
0.0219289	0.0120036	0.0373197
0.0338062	0.00752174	0.0384445
0.0281763	0.0102971	0.0380372
0.0345804	0.00220425	0.0388117
0.0277325	0.00529775	0.0381616
0.039684	0.014664	0.0391627
0.0464582	0.0162906	0.040035
0.0286684	0.00521675	0.0381922
0.0391377	0.0126945	0.0394598
0.0337564	0.0103746	0.038591
0.0399086	0.00099251	0.0393508
0.0181214	0.0109759	0.0368964
0.017003	0.0110369	0.0367719
0.0139241	0.0131129	0.0363784
0.0298441	0.00907844	0.0380439
0.0474858	0.012247	0.0400197
0.038834	0.00193111	0.0391689
0.0397312	0.0114499	0.0390944
0.0364862	0.0132292	0.0389859
0.0205974	0.0151417	0.0371297
0.0293906	0.0101861	0.0380524
0.0495214	0.00836596	0.0405285
0.0408679	0.0122406	0.0390733
0.0390884	0.00120868	0.0393442
0.0215812	0.0137442	0.0372469
0.0350743	0.0116118	0.0388158
0.0276809	0.0136182	0.0381155
0.0174487	0.0126463	0.0368273
0.0431	0.0142362	0.0396205
0.0248635	0.00617962	0.0377199
0.0381097	0.0147543	0.0390507
0.0306	0.00937856	0.0382689
0.0292086	0.0114442	0.0379664
0.0289742	0.0150827	0.0380446
0.0369296	0.00391791	0.0389493
0.0314462	0.00928703	0.0384036
0.022347	0.00662718	0.037345
0.0238032	0.00842667	0.0374492
0.0355097	0.0120176	0.038949
0.0430896	0.0117698	0.0398708
0.0121609	0.0135412	0.0363053
0.0338296	0.0129581	0.0384929
0.045021	0.0101413	0.0401137
0.0228571	0.0128178	0.0372671
0.0265283	0.0105616	0.0377211
0.0193176	0.0122965	0.0369913
0.0391637	0.00539925	0.0393806
0.0428982	0.00556502	0.0395947
0.0184707	0.0107405	0.0369326
0.0302918	0.0101735	0.0381896
0.0111285	0.015639	0.03619
0.0367185	0.0124318	0.0389465
0.0245187	0.00683588	0.037668
0.00946832	0.00047276	0.0355332
0.0299142	0.0146385	0.0380824
0.0247042	0.0144016	0.0375556
0.0385002	0.0105323	0.0391163
0.0184708	0.0132632	0.0366635
0.0278063	0.00911868	0.0379627
0.0285594	0.0132335	0.038108
0.0260902	0.016871	0.0377322
0.03606	0.00319755	0.0388519
0.0275514	0.0164857	0.0377626
0.0384238	0.000721493	0.0393198
0.0330005	0.0115725	0.0384973
0.0349535	0.00491069	0.0390068
0.0358138	0.00434957	0.0388528
0.0261266	0.00167721	0.0376627
0.0351535	0.012111	0.0386187
0.0332998	0.00521133	0.0385441
0.0360409	0.0043467	0.0389823
0.0366106	0.0104257	0.0390698
0.0507632	0.00992675	0.0400408
0.0278094	0.00779293	0.0379875
0.0171667	0.00682515	0.0369138
0.0365206	0.00122031	0.0390718
0.0407763	0.00939254	0.0393886
0.0238434	0.0071968	0.0374547
0.0383372	0.00189692	0.0391739
0.0300046	0.00542409	0.0382933
0.0198279	0.00783407	0.0369638
0.0350905	0.00494045	0.0387448
0.0279508	0.00898881	0.0381705
0.0499364	0.0112863	0.0402331
0.0274418	0.00455966	0.0379425
0.036693	0.0135881	0.0388206
0.0350782	0.0156477	0.0388212
0.00833298	0.00942304	0.0357866
0.0427673	0.014112	0.0395614
0.0207885	0.0126514	0.0371358
0.0242846	0.0109494	0.0375025
0.0291205	0.0115683	0.0380696
0.0287634	0.0146292	0.038134
0.0225683	0.00620704	0.0375572
0.0165393	0.00437063	0.0368597
0.0203637	0.0166731	0.0368337
0.0324953	0.00690124	0.0383256
0.0196529	0.0124678	0.0369359
0.0332176	0.0055062	0.0385927
0.0337097	0.0147231	0.0386695
0.0237604	0.0159702	0.0375048
0.0339937	0.0100253	0.0386453
0.0483226	0.0120088	0.0403654
0.0198719	0.0070171	0.0369424
0.0409513	0.0118923	0.0396749
0.0357173	0.00403941	0.0388699
0.0303725	0.00626092	0.0381824
0.0277428	0.00627047	0.037963
0.00779123	0.00961344	0.035939
0.0320519	0.01026	0.038433
0.0284309	0.0163148	0.0380251
0.0408137	0.00302091	0.0396123
0.0285072	0.0126802	0.0379511
0.0195824	0.00850228	0.0371942
0.00701822	0.0108601	0.0357166
0.0423289	0.00432803	0.0396112
0.034669	0.00597754	0.0388021
0.0241755	0.0119757	0.0374052
0.0273122	0.0107381	0.0378972
0.0373281	0.00872889	0.0391563
0.0272578	0.0104684	0.0377537
0.0309645	0.015469	0.0381396
0.0438036	0.0129916	0.0394808
0.0283848	0.0179876	0.0381281
0.035444	0.014466	0.038732
0.0353273	0.0047357	0.0387717
0.0378741	0.0102531	0.0390561
0.0402936	0.00442139	0.0394105
0.0250357	0.00956413	0.0375864
0.0246039	0.00668672	0.037682
0.0353974	0.0125195	0.038791
0.0515216	0.0127094	0.0405876
0.0376289	0.0105015	0.0390819
0.0196426	0.0182103	0.0367286
0.0101601	0.010017	0.0361608
0.0427603	0.0159955	0.0396125
0.0145395	0.00743687	0.0364867
0.0224863	0.0096592	0.0372925
0.0284322	0.0175213	0.0380945
0.0386562	0.0166202	0.0392659
0.0216885	0.00908897	0.037105
0.0354643	0.00140832	0.0387857
0.0272996	0.0142546	0.0379915
0.0307619	0.0116255	0.0381138
0.0308783	0.00709692	0.0383591
0.0413752	0.00764617	0.0394595
0.0227472	0.0110566	0.0374189
0.0365608	0.0103617	0.0388602
0.0465126	0.0104134	0.0398879
0.0215999	0.0166397	0.0373844
0.0298848	0.0116239	0.0382058
0.0182206	0.0106323	0.0369251
0.0137088	0.00134689	0.0366198
0.0395623	0.0147656	0.0391838
0.0334977	0.0105382	0.0386265
0.0159804	0.00666434	0.0365558
0.0489192	0.000107337	0.0401793
0.000171198	0.015966	0.0350218
0.0428635	0.0115289	0.039654
0.0379025	0.015648	0.0392347
0.0355497	0.00497662	0.0388373
0.0482731	0.00897516	0.0400957
0.0365839	0.0103695	0.0389779
0.0282712	0.0117702	0.038032
0.0395232	0.00334629	0.0394407
0.0292416	0.0151775	0.0381909
0.0249831	0.00829891	0.0375979
0.0363771	0.0064036	0.0388092
0.00946478	0.00340504	0.0361606
0.0218525	0.0129285	0.0373048
0.0368258	0.00108274	0.0387734
0.03766	0.0150908	0.038992
0.0423691	0.0109874	0.0395098
0.0457813	0.00862398	0.0402524
0.0370018	0.00891528	0.0389844
0.0266919	0.0120328	0.037742
0.0339276	0.0164617	0.0386954
0.0377731	0.00140195	0.0388847
0.0255654	0.0168534	0.0376172
0.0316691	0.00908832	0.0382252
0.0369585	0.0147311	0.0389216
0.0389831	0.0164043	0.0391102
0.0306642	0.0111978	0.0382271
0.0351737	0.0124197	0.0388077
0.0151117	0.0126479	0.0366473
0.030654	0.0149169	0.0383864
0.0220306	0.00742553	0.0373113
0.0315534	0.01377	0.0383488
0.0293808	0.00709981	0.0382238
0.0138121	0.0141908	0.0363639
0.033238	0.0141935	0.0384521
0.0351633	0.00970842	0.0387567
0.0360994	0.0105627	0.0386344
0.0165217	0.00674775	0.0368124
0.0402442	0.00461862	0.0393988
0.0372943	0.0121521	0.038891
0.0230828	0.0110588	0.0373858
0.0293888	0.00898764	0.0380978
0.03129	5.66247e-05	0.0384197
0.0378518	0.0137872	0.0389374
0.0279853	0.00912398	0.0379747
0.0197158	0.0123578	0.0369129
0.0477472	0.0130656	0.0399723
0.0208847	0.0127332	0.0370932
0.0193793	0.00765679	0.0370264
0.0375774	0.00982122	0.0389745
0.0390313	0.0129426	0.0391248
0.0179352	0.00897733	0.0367335
0.00934377	0.011008	0.0359421
0.0356663	0.0111665	0.0386939
0.0226945	0.0100998	0.0372361
0.0338199	0.0115272	0.0386582
0.033664	0.00445843	0.0385782
0.0382763	0.008595	0.0389794
0.0194763	0.00921865	0.0370087
0.0437193	0.000399104	0.0398338
0.0214797	0.00266489	0.0373677
0.0384685	0.0128351	0.0391903
0.0311582	0.00530878	0.0382915
0.0270489	0.00832122	0.0378828
0.0207565	0.0155796	0.0372592
0.0107762	0.0121236	0.0360401
0.0393281	0.00211365	0.039428
0.036658	0.0136957	0.0391601
0.0307759	0.0167519	0.0382807
0.0323709	0.0103615	0.0382792
0.0331203	0.00547829	0.0386072
0.0353484	0.00488013	0.0386634
0.020966	0.00946901	0.0372465
0.0118052	0.0131514	0.036254
0.0289783	0.0161584	0.0379955
0.0328302	0.0126164	0.0383601
0.0374019	0.0118872	0.039074
0.0362876	0.00415003	0.038879
0.0349419	0.00783513	0.0387223
0.0323572	0.0124598	0.0383504
0.0269464	0.0144749	0.0377897
0.00624516	0.0135119	0.0356199
0.0220404	0.0100248	0.0373682
0.0209416	0.0136193	0.0371892
0.0199902	0.00258565	0.0372765
0.0241268	0.00593193	0.0374248
0.0256652	0.0126992	0.0377474
0.0528234	0.00713486	0.0407443
0.0462766	0.00775876	0.0399562
0.035231	0.013482	0.0386474
0.0382762	0.0147136	0.0392579
0.0208085	0.0063172	0.0371645
0.0172503	0.0132353	0.0368164
0.0340044	0.00693856	0.0385081
0.0189496	0.00977054	0.036949
0.0114674	0.0129975	0.03622
0.0284046	0.00676301	0.0380171
0.0225818	0.00715444	0.0373894
0.0195836	0.0121811	0.0370621
0.0414293	0.0117416	0.0396621
0.0371928	0.0111413	0.0389872
0.0247706	0.00942185	0.0377965
0.0154938	0.0171899	0.0364609
0.0353934	0.0137887	0.0389056
0.0295769	0.0134748	0.0381399
0.045179	0.0120092	0.0398906
0.0288757	0.0139049	0.0381589
0.0244438	0.00584546	0.0375126
0.0285913	0.0143297	0.0379323
0.0217986	0.0117905	0.0372505
0.0454553	0.00760318	0.0398309
0.024583	0.014986	0.0375647
0.0162964	0.0137103	0.0367627
0.027321	0.00605793	0.0378667
0.0413317	0.0163097	0.0392015
0.0315799	0.00520995	0.0382551
0.0316909	0.0147107	0.0384503
0.0366323	0.00202934	0.0387691
0.0254836	0.0117833	0.0377029
0.0263868	0.0074605	0.0377267
0.024162	0.0192893	0.0375136
0.0265679	0.012159	0.0376715
0.0258879	0.0123305	0.037685
0.0245957	0.00410636	0.0376582
0.0273018	0.00429425	0.0378553
0.014486	0.0106408	0.0363833
0.0348901	0.00712248	0.0387224
0.0369282	0.0113562	0.0389939
0.0260846	0.0161063	0.0378901
0.0367403	0.0107777	0.0388724
0.0170022	0.00152416	0.0366748
0.0224527	0.0114532	0.0373249
0.0333759	0.00731763	0.0385438
0.0266681	0.00984228	0.037825
0.0199269	0.0148438	0.037011
0.0337331	0.000866366	0.0385809
0.0232839	0.012151	0.0375056
0.0257372	0.0127851	0.0376639
0.0383326	0.0119047	0.0391412
0.0403211	0.0166316	0.0394647
0.0308286	0.0169676	0.0383562
0.0327906	0.0137344	0.0384969
0.0349183	0.00542677	0.0389032
0.0237349	0.00591011	0.0375774
0.0271094	0.00511927	0.0378857
0.0185508	0.00411383	0.0371591
0.0262725	0.0120902	0.0377613
0.0345257	0.0032678	0.0389663
0.0257616	0.010074	0.0376708
0.0251028	0.00851528	0.0377344
0.0213646	0.00598488	0.0372645
0.0299908	0.00182063	0.0383816
0.0292192	0.0113334	0.0380476
0.0318481	0.00349447	0.03848
0.0365377	0.01256	0.0386558
0.0350571	0.0153038	0.0385938
0.0283802	0.00938232	0.038006
0.0283015	0.0115848	0.0380308
0.0308865	0.00818684	0.03816
0.0479285	0.0106218	0.040091
0.0268546	0.0148045	0.0377831
0.0224319	0.0141079	0.0373186
0.0337457	0.0147364	0.0387008
0.0269102	0.00698974	0.0378
0.0454776	0.00562333	0.0399229
0.0386856	0.0102091	0.0391427
0.0417692	0.00887297	0.0395747
0.026511	0.00834355	0.0378092
0.0261816	0.00255959	0.0379721
0.0380779	0.00849422	0.0391303
0.0372119	0.00657072	0.0391387
0.0258278	0.014329	0.0376797
0.0481442	0.0113731	0.0401061
0.0368552	0.00312691	0.0389477
0.011728	0.0123641	0.0362554
0.0322903	0.0116793	0.0384171
0.0304205	0.016853	0.0383357
0.0321717	0.00580741	0.038407
0.0227936	0.00863816	0.0374252
0.0148538	0.00765905	0.0363252
0.00651346	0.00684727	0.0356894
0.032362	0.0146267	0.0383603
0.0290512	0.00102491	0.0381714
0.035543	0.0124967	0.0387183
0.0247127	0.00948398	0.0375528
0.0297865	0.00664392	0.0383019
0.047952	0.00957811	0.0402698
0.0323866	0.0127782	0.0384557
0.0276917	0.0153518	0.0379227
0.0187945	0.015194	0.036803
0.0304881	0.0205328	0.0383181
0.0352789	0.0148923	0.0388317
0.0424278	0.0122309	0.0396176
0.0315655	0.00926427	0.0383393
0.0186656	0.0144587	0.0370119
0.0266914	0.00575019	0.03771
0.0196918	0.015192	0.0370811
0.0312262	0.0128184	0.0383236
0.0407108	0.0101699	0.0392336
0.0284552	0.0124515	0.0379669
0.0267778	0.00213888	0.0380691
0.0288753	0.014171	0.0380578
0.0163979	0.0136491	0.0366135
0.0290911	0.00639192	0.0380863
0.0355403	0.0102012	0.0385845
0.027963	0.0144345	0.0379648
0.0386667	0.00893707	0.0391333
0.0274242	0.00468457	0.0379599
0.00717892	0.0100398	0.0357857
0.0295615	0.0166911	0.0380482
0.0406798	0.016051	0.0395134
0.0383985	0.0141834	0.0391831
0.0459055	0.0156602	0.040061
0.0113771	0.00398753	0.035785
0.0316003	0.0137965	0.03844
0.0312476	0.00887433	0.0383816
0.0159971	0.0137827	0.036741
0.0196746	0.0111035	0.0370599
0.0276331	0.0144451	0.0380083
0.0205617	0.0162211	0.037074
0.0207261	0.0123601	0.0372572
0.0231541	0.0121125	0.0373695
0.0366115	0.0126981	0.0391609
0.00474054	0.0137078	0.0349947
0.0358997	0.00698653	0.0391115
0.0393792	0.0111626	0.039242
0.0374683	0.00392685	0.0388926
0.0352003	0.0124092	0.0388108
0.0341135	0.0152071	0.0386233
0.0350952	0.00906786	0.0387874
0.022475	0.00771596	0.0374157
0.0134536	0.0110701	0.0364
0.0182618	0.0031934	0.0369092
0.0352824	0.0106008	0.0387587
0.0243884	0.0075834	0.0375275
0.0400023	0.00651657	0.0394231
0.0426431	0.00822763	0.0397222
0.0218561	0.00371199	0.0373098
0.0162068	0.00768625	0.0366265
0.0234233	0.00969662	0.0373334
0.023609	0.00510837	0.0374271
0.0505949	0.0143901	0.0404564
0.0276841	0.00857229	0.0379129
0.0240891	0.00921552	0.0375005
0.0452958	0.0118319	0.0398272
0.030822	0.0156196	0.03832
0.0250573	0.0128163	0.037535
0.031078	0.0102391	0.0385292
0.0428812	0.011775	0.039811
0.0232476	0.00476481	0.0374665
0.0169225	0.0136788	0.0368225
0.0383199	0.0162837	0.0389415
0.0464812	0.0132212	0.0401423
0.0347458	0.0117668	0.0388595
0.0401355	0.0089316	0.039312
0.041258	0.0137106	0.0390961
0.0324996	0.00218849	0.038373
0.0245336	0.00629023	0.037571
0.0237282	0.0125024	0.0374937
0.0274573	0.0128861	0.0379666
0.0248414	0.0169899	0.0376177
0.0305569	0.0153663	0.0381192
0.0295398	0.0143153	0.0380031
0.0433946	0.0125412	0.0396838
0.0334265	0.00642984	0.0385806
0.0164097	0.0122081	0.036765
0.0202909	0.00934975	0.0371434
0.0184103	0.00889397	0.036976
0.0194136	0.00234204	0.0369299
0.0516825	0.0105244	0.0401226
0.0406074	0.00311536	0.0395177
0.0238421	0.013711	0.0374648
0.0267807	0.00134343	0.0379093
0.042905	0.00712375	0.0398666
0.0156025	0.0110952	0.036629
0.0254034	0.0146954	0.0377541
0.0164898	0.0133278	0.0367857
0.0259473	0.0096329	0.0377422
0.0309345	0.00427391	0.0382969
0.0324406	0.00592467	0.0385387
0.0170719	0.00686902	0.0368862
0.0256901	0.0074042	0.0377512
0.0357154	0.00913443	0.0388577
0.012187	0.011993	0.036256
0.0192023	0.00739369	0.0369884
0.0148363	0.00752659	0.0365147
0.0175364	0.00651939	0.0365715
0.0234201	0.00584521	0.0374533
0.0232974	0.0150596	0.0374331
0.0435811	0.0167621	0.0398791
0.0465299	0.00714019	0.0402297
0.0355488	0.0109616	0.0385769
0.0294554	0.00835487	0.0381316
0.0188102	0.0168706	0.0370933
0.0357088	0.00834372	0.038809
0.046309	0.0104718	0.0400153
0.0243928	0.000552093	0.0374005
0.0360936	0.00388829	0.0390146
0.0357177	0.0127478	0.038947
0.0252379	0.00803731	0.0376125
0.0382593	0.0160508	0.0388992
0.0306501	0.0101124	0.0382862
0.0370128	0.0125242	0.0388707
0.0329919	0.0125293	0.0383173
0.0383163	0.012497	0.0391438
0.0258067	0.0106246	0.0378023
0.0342376	0.0125307	0.0385927
0.0169883	0.0138659	0.0367138
0.0230693	0.011492	0.0375886
0.027561	0.00972167	0.0378472
0.0472941	0.0137605	0.040153
0.0411688	0.0114198	0.0394319
0.0363872	0.0137171	0.0388971
0.030144	0.00513355	0.0382054
0.0166324	0.00423447	0.036728
0.0271561	0.00774622	0.0378153
0.0186007	0.0125012	0.0368975
0.0233196	0.0149519	0.0375271
0.0427811	0.0061185	0.0393168
0.0238947	0.00844423	0.0375212
0.0329595	0.0166702	0.0383515
0.0352606	0.00883518	0.0388553
0.0233456	0.0130856	0.0375204
0.0385542	0.0103566	0.0391802
0.0170992	0.00319919	0.0369232
0.0267816	0.0152855	0.0376966
0.0140546	0.00929244	0.0364464
0.0292144	0.0151261	0.038069
0.0283616	0.0152525	0.0380047
0.0421815	0.000601734	0.0397099
0.042119	0.00188198	0.0396957
0.0401949	0.0160526	0.0392527
0.0294619	0.00958272	0.0380094
0.0208644	0.00985862	0.0370524
0.0211731	0.00824641	0.0373043
0.00510465	0.0143305	0.035103
0.0421931	0.00884504	0.0395492
0.0420763	0.0042111	0.0395131
0.0123842	0.0115462	0.036276
0.0417296	0.0103665	0.0396207
0.0306655	0.00899623	0.0382335
0.0169593	0.0113619	0.0367638
0.0281736	0.0116499	0.037866
0.0335722	0.0156572	0.0387942
0.0433517	0.00276953	0.0395421
0.0483319	0.00866695	0.0403879
0.028499	0.00424622	0.0380478
0.0451554	0.00776371	0.0395267
0.0428222	0.0039974	0.0395807
0.0400891	0.0136173	0.039223
0.02064	0.0109508	0.0370855
0.0478347	0.00708125	0.0403575
0.0231603	0.0113223	0.0375242
0.0443095	0.0162771	0.0398718
0.0188511	0.0165371	0.0370079
0.0349739	0.0160468	0.0385816
0.0158954	0.00864282	0.0367229
0.0368911	0.00715114	0.0390562
0.00337911	0.0157694	0.0353907
0.0261901	0.00962177	0.0377211
0.0203118	0.00859162	0.0371956
0.00995465	0.0114521	0.0361272
0.0304961	0.0160508	0.0383697
0.0389948	0.013843	0.039169
0.0432772	0.0114595	0.0398973
0.030678	0.0142997	0.0383383
0.0162021	0.00479029	0.0367632
0.0263467	0.0131714	0.0378722
0.0429879	0.00445194	0.0395102
0.0327696	0.00762466	0.0385942
0.0346145	0.0102314	0.0387135
0.0290815	0.00579086	0.0381659
0.0421028	0.0113644	0.03949
0.0386176	0.0109398	0.0391408
0.040895	0.0157419	0.0393994
0.031503	0.0124249	0.038361
0.0366338	0.0153756	0.0389751
0.0308884	5.90291e-05	0.0383285
0.0294336	0.00189932	0.0382101
0.0375819	0.0142659	0.0391927
0.0275465	0.00998563	0.037843
0.0378043	0.0108083	0.0390625
0.0175282	0.00327098	0.0369692
0.0444404	0.00742293	0.0397229
0.0233514	0.0125208	0.0375181
0.035158	0.00986035	0.038834
0.0324898	0.014317	0.038424
0.0183503	0.00225767	0.0366532
0.03896	0.0143761	0.0391824
0.0225368	0.0106333	0.037363
0.0308276	0.0137875	0.0381578
0.0401009	0.0134898	0.0393913
0.0192405	0.00738405	0.0368825
0.0394349	0.00351663	0.0391182
0.0157258	0.00350523	0.0366344
0.0251437	0.00411497	0.0375437
0.0272817	0.00805251	0.0377637
0.0339785	0.0126808	0.0386061
0.0281614	0.00325782	0.0379476
0.0161326	0.0141742	0.0365783
0.0287037	0.0136996	0.0378964
0.0320334	0.0111181	0.0384637
0.0342039	0.0104702	0.0386425
0.0263902	0.0137618	0.0377826
0.0464684	0.00500291	0.0402189
0.0302302	0.0166357	0.0383932
0.0154696	0.00853281	0.0364191
0.0313058	0.0115688	0.0383248
0.0169336	0.00743207	0.0368647
0.0367009	0.0140889	0.0390077
0.0347893	0.0100261	0.038843
0.0312794	0.0138665	0.038305
0.0333688	0.0128516	0.0387796
0.0299314	0.0145458	0.0381744
0.039116	0.0119702	0.0391678
0.0308757	7.39898e-05	0.038445
0.0382525	0.0122448	0.0392631
0.0296031	0.0113609	0.0380954
0.0391168	0.00774496	0.0391715
0.0283439	0.0157461	0.0378791
0.0175221	0.012593	0.0365945
0.0339479	0.011776	0.038582
0.0309054	0.0113088	0.0381508
0.0237962	0.0110571	0.037514
0.0220455	0.01006	0.0373215
0.0360907	0.0130836	0.0387161
0.0386138	0.00866842	0.0391098
0.00953218	0.00948741	0.0359688
0.0382026	0.0105615	0.0390143
0.016266	0.0116512	0.0366734
0.0361564	0.0127005	0.038935
0.028149	0.00808651	0.0380225
0.0476405	0.017287	0.0399719
0.0533077	0.00680159	0.0408094
0.0337463	0.00945209	0.03862
0.0245999	0.0136056	0.0375618
0.031464	0.00450777	0.0384123
0.0527823	0.00814935	0.0409626
0.0174016	0.0103712	0.0367512
0.0442628	0.00874695	0.0399674
0.0219543	0.00636459	0.0373816
0.0430613	0.00689928	0.0396072
0.0448787	0.0131725	0.0399567
0.0192381	0.0133996	0.0368603
0.0424871	0.013671	0.0397304
0.0376183	0.013554	0.0391975
0.0400494	0.0168976	0.0392934
0.0447474	0.0115942	0.0400779
0.037771	0.0104961	0.0390633
0.0335248	0.0132045	0.0385284
0.0309271	0.016046	0.0382291
0.0297281	0.0130964	0.0380168
0.021961	0.00838949	0.0373547
0.0233024	0.0122384	0.0373127
0.0244849	0.00751372	0.037627
0.0292263	0.0164781	0.0380749
0.0168275	0.0152083	0.0365869
0.0221837	0.0135505	0.0373149
0.0341694	0.00345911	0.0387781
0.0200875	0.00826066	0.037192
0.0182455	0.0154017	0.0368803
0.0416579	0.0103098	0.0392975
0.0294586	0.00984346	0.0380645
0.0163333	0.0111557	0.0366926
0.0438845	0.00431461	0.0399096
0.0166389	0.0127621	0.0366999
0.0487726	0.0105715	0.0403087
0.034857	0.0138312	0.0385837
0.0532865	0.00910454	0.0406272
0.0126333	0.00449856	0.0362837
0.0395406	0.00986235	0.0393039
0.0155583	0.00591616	0.0364377
0.0364971	0.00968223	0.0388528
0.0385888	0.0152598	0.0390749
0.0275444	0.0135407	0.037893
0.0344477	0.0159912	0.0387165
0.0411235	0.0123932	0.0394851
0.0313501	0.00857172	0.0383274
0.0151595	0.0100899	0.036489
0.0371006	0.014867	0.0388207
0.0524265	0.00500374	0.04056
0.0262578	0.0148918	0.037871
0.0270417	0.0131692	0.0379334
0.0251318	0.0160678	0.0376189
0.0178323	0.0102776	0.0368735
0.0384588	0.00999389	0.0391428
0.0300077	0.0163519	0.0381545
0.0248753	0.00913114	0.0377269
0.0297981	0.0134236	0.0380458
0.0358143	0.0105582	0.0388802
0.0266378	0.00480932	0.0377161
0.0273206	0.0078583	0.0379049
0.025061	0.00269482	0.0376944
0.0230266	0.00227484	0.0374672
0.0274019	0.0111697	0.0380926
0.0421215	0.00328884	0.0395232
0.030225	0.0114079	0.0380783
0.0402067	0.0113022	0.0393617
0.00905352	0.0107343	0.0359012
0.0123557	0.0104497	0.035942
0.0304511	0.0137512	0.0380923
0.0433279	0.00330981	0.0395376
0.0387967	0.00164243	0.0390236
0.0210245	0.00460719	0.0372027
0.0407787	0.00235733	0.0393599
0.0382648	0.013636	0.0388099
0.0378458	0.016722	0.03923
0.0334428	0.00592891	0.0386123
0.0204657	0.00800107	0.037232
0.041677	0.0138425	0.0394854
0.0360768	0.0164819	0.0389046
0.044884	0.0137013	0.039681
0.0311162	0.0121689	0.038227
0.0187645	0.0134287	0.036949
0.020253	0.0139186	0.0370224
0.0251588	0.012581	0.0377413
0.0207892	0.00736521	0.0372399
0.0301844	0.00858299	0.0382604
0.0356702	0.0167067	0.0386589
0.0261851	0.0109436	0.037758
0.0276612	0.00989962	0.0381322
0.027241	0.0108316	0.0378888
0.0398189	0.014216	0.0392776
0.0224555	0.0124279	0.0373625
0.0292299	0.00808281	0.0380705
0.00620026	0.00499549	0.0351355
0.0362546	0.00954578	0.0387683
0.0305005	0.0131941	0.0382985
0.0260232	0.00902218	0.0377552
0.0372045	0.0107979	0.0389787
0.0520316	0.0127543	0.0404203
0.0236837	0.00361244	0.0375267
0.0328888	0.0127453	0.0384856
0.021941	0.00919904	0.0373669
0.0141805	0.0118035	0.0364772
0.0320203	0.0159992	0.0381899
0.0337979	0.0130447	0.0388326
0.0421046	0.00769368	0.039548
0.022451	0.00730279	0.0373578
0.0382705	0.014497	0.0388019
0.0440118	0.0128578	0.0397556
0.0398354	0.00647669	0.0392584
0.03602	0.0137258	0.0388004
0.011769	0.0065646	0.0358437
0.0238819	0.00922642	0.0373753
0.0242738	0.00516246	0.0375227
0.0395883	0.0136769	0.0392161
0.0204138	0.0047732	0.0371924
0.0388081	0.00831155	0.0392431
0.0347569	0.0162243	0.0384494
0.0081853	0.00671283	0.0358949
0.0357608	0.0119155	0.0388788
0.0247897	0.0120002	0.0375771
0.0380866	0.0108829	0.0391482
0.0220157	0.00968594	0.0373268
0.0438682	0.00776568	0.0397483
0.0328534	0.00897935	0.0384766
0.019437	0.0181391	0.0368884
0.0352062	0.0140868	0.0386834
0.0305591	0.00314271	0.0383543
0.0178597	0.0108459	0.0369845
0.0305524	0.0121597	0.0382623
0.0344657	0.00564418	0.0387758
0.0292318	0.0156606	0.0379297
0.0380111	0.00377189	0.0392046
0.030089	0.00702275	0.0381672
0.0263244	0.00516607	0.0378582
0.0316748	0.0164742	0.0383439
0.0148177	0.0145383	0.036561
0.0279332	0.0139094	0.0379729
0.0445146	0.0111586	0.039834
0.0333831	0.0126823	0.0384201
0.0412464	0.0176665	0.0393888
0.036958	0.0167866	0.0390246
0.0151967	0.0102615	0.0366701
0.0368185	0.014187	0.038776
0.0414312	0.0163313	0.0394093
0.0243747	0.00828558	0.0376574
0.0411128	0.0108106	0.039477
0.0384217	0.0132296	0.0392852
0.021313	0.0126425	0.0370865
0.035694	0.00560531	0.0388902
0.0329514	0.0120127	0.0385032
0.0314632	0.00887964	0.0383853
0.0358381	0.0132586	0.0387364
0.0282155	0.00729698	0.0380258
0.0378648	0.0154377	0.0391194
0.0262099	0.00580939	0.0378046
0.0266187	0.0164157	0.037787
0.0195907	0.00690889	0.0370401
0.0265894	0.0162413	0.0377246
0.048332	0.0127761	0.0402399
0.044805	0.000698406	0.0398861
0.0320318	0.0183852	0.0385521
0.041392	0.0127315	0.0395052
0.0205493	0.00782011	0.0371923
0.0214564	0.0120793	0.0371621
0.0330401	0.00698754	0.0385403
0.0203374	0.00512946	0.0371557
0.0352672	0.0133278	0.0388881
0.0212368	0.00838746	0.0372366
0.0204278	0.0147294	0.0368928
0.0247648	0.00932375	0.0375634
0.0174811	0.0122808	0.0366602
0.0359195	0.00612497	0.0388655
0.0284252	0.00272475	0.0380969
0.0249366	0.00871429	0.0375783
0.022508	0.0154423	0.0372958
0.0240774	0.0126753	0.0375289
0.0269532	0.0161582	0.0377675
0.0346556	0.014546	0.0387545
0.0148588	0.000248287	0.0367073
0.0400899	0.0132581	0.0393955
0.0511343	0.00162524	0.0405133
0.0231751	0.0113882	0.037391
0.0221135	0.0126714	0.0372523
0.0382138	0.0162738	0.0392165
0.0502918	0.0117061	0.0402636
0.0357313	0.00938287	0.0389618
0.0385132	0.00929651	0.0392951
0.0161691	0.0105227	0.0366866
0.0455669	0.010108	0.0398506
0.0262949	0.00290451	0.0376707
0.0258091	0.0109104	0.0376273
0.0281231	0.01208	0.0379819
0.040566	0.0106492	0.0390593
0.0328306	0.0118	0.0385175
0.0354818	0.00743781	0.0388866
0.0383367	0.00745041	0.038879
0.0434911	0.00756656	0.0396994
0.0415938	0.0105201	0.0394319
0.0466829	0.0040781	0.039913
0.0300108	0.00841375	0.0382672
0.0372411	0.0127664	0.039074
0.041719	0.00654285	0.0393603
0.0327251	0.0157712	0.0383726
0.038135	0.0138019	0.0390847
0.030367	0.00154059	0.038175
0.0185766	0.00535987	0.0370391
0.0144144	0.0164075	0.0364012
0.0487265	0.00204443	0.0403003
0.0362204	0.0104928	0.0391242
0.0236559	0.00649323	0.0373689
0.028507	0.0071374	0.0380297
0.0474424	0.0140504	0.0401288
0.0244539	0.0159489	0.0375209
0.0317688	0.0048082	0.0384578
0.033043	0.0148441	0.0383751
0.0268603	0.00860868	0.0377971
0.0233524	0.0124991	0.0375282
0.0274198	0.0135557	0.0377752
0.0279229	0.00854793	0.0379735
0.0276634	0.0091458	0.0378415
0.0150629	0.0125872	0.0365587
0.03815	0.00860382	0.0393627
0.0291334	0.00895516	0.0381278
0.0266462	0.0122269	0.0379122
0.0279183	0.0127362	0.0379575
0.0314061	0.0155489	0.0382051
0.0327146	0.0123148	0.0385545
0.0346794	0.00881614	0.0387858
0.0189086	0.0078486	0.0370596
0.0382462	0.0063509	0.0390589
0.0255266	0.00632865	0.037783
0.026081	0.00942245	0.0376878
0.0143186	0.0110892	0.0365651
0.0403724	0.0129018	0.0393947
0.0316819	0.00579565	0.0384124
0.0227821	0.00293708	0.0375331
0.0305911	0.0111457	0.0382471
0.0391045	0.00903303	0.039291
0.0398068	0.0146302	0.0391161
0.043739	0.0052105	0.0397118
0.0225738	0.00569431	0.0374238
0.038807	0.0109377	0.0393334
0.0112991	0.0144125	0.0360863
0.0250176	0.0128898	0.0376339
0.0210076	0.013783	0.0372778
0.0423691	0.0147414	0.0394902
0.00249685	0.00821361	0.0346919
0.0413422	0.00204974	0.0392188
0.0259595	0.0136982	0.037736
0.0212846	0.0107412	0.0372634
0.043641	0.00248881	0.0396747
0.0404713	0.00954976	0.0390611
0.0265611	0.0128007	0.0378059
0.00441227	0.0118411	0.0353947
0.0325161	0.0104284	0.0385217
0.0306208	0.0132762	0.0384567
0.0417279	0.00315406	0.0393691
0.041062	0.00365568	0.0397259
0.0252999	0.0158087	0.0377581
0.040136	0.00910083	0.0393537
0.0340804	0.0172273	0.0384772
0.0178876	0.0107417	0.0369704
0.0358645	0.00844072	0.0386331
0.0172196	0.0121419	0.0365361
0.0287896	0.00978736	0.0381247
0.026222	0.0170031	0.0378923
0.0389832	0.0130667	0.0392308
0.0431915	0.00599634	0.0396625
0.0353953	0.0138118	0.0387707
0.0383418	0.0152981	0.0392078
0.0469255	0.00416074	0.0399548
0.0106131	0.00910807	0.0361971
0.0447676	0.014505	0.0399365
0.028054	0.0113537	0.0379917
0.0185546	0.0151442	0.0370158
0.0202488	0.0163769	0.0369958
0.000680377	0.0105654	0.0349301
0.0235418	0.000894632	0.0377309
0.038494	0.0127391	0.0391244
0.0166041	0.0130576	0.0368046
0.0183792	0.0131644	0.0368266
0.0348118	0.0129242	0.0385903
0.0306272	0.0169684	0.0380478
0.0477018	0.0163187	0.0400883
0.0148457	0.00586745	0.0365218
0.00946072	0.0104549	0.0359494
0.0405477	0.00784006	0.0394649
0.0286927	0.00640124	0.0380818
0.0363942	0.00818047	0.0390452
0.0345633	0.00937233	0.0387107
0.027735	0.0111611	0.0379435
0.0259842	0.00337693	0.0377632
0.0340507	0.0126153	0.0386187
0.0355273	0.00859146	0.0387068
0.0288103	0.0109133	0.0379212
0.0310745	0.0143721	0.0382705
0.0029401	0.00599873	0.0350651
0.0303819	0.0170829	0.0383569
0.0307	0.014348	0.0382875
0.0105678	0.00233411	0.0360636
0.026192	0.0137628	0.0375991
0.0489485	0.0136302	0.0403714
0.0231438	0.0126006	0.037393
0.026963	0.0112256	0.0380445
0.0235319	0.0118495	0.0374884
0.0265695	0.0155039	0.0377433
0.0404553	0.0109724	0.0392447
0.0215467	0.00954085	0.0371272
0.0191351	0.0122073	0.0369436
0.0305861	0.00853664	0.0381285
0.0285398	0.00931316	0.0380394
0.0289651	0.0105167	0.0381518
0.0339679	0.000175726	0.0386146
0.0330003	0.00729779	0.0385449
0.0362965	0.00629668	0.0390393
0.0418534	0.0129966	0.0395087
0.0456026	0.0066303	0.0400736
0.046643	0.00272322	0.0400114
0.0413938	0.016018	0.039446
0.0422114	0.00223237	0.0397918
0.0248905	0.0129788	0.037794
0.0223974	0.0123925	0.0373645
0.0343645	0.0149876	0.0387634
0.0221383	0.0113695	0.0371454
0.0336722	0.00795168	0.0385815
0.0391066	0.00862032	0.0391469
0.0397068	0.0156354	0.0392035
0.0373412	0.00928297	0.0390883
0.0135758	0.00632121	0.0363784
0.0365509	0.0118887	0.0388336
0.0307652	0.00560553	0.0381574
0.0284448	0.0169864	0.0379151
0.0390795	0.0137065	0.0390075
0.0373894	0.00409731	0.0390455
0.0518615	0.0100096	0.0406659
0.0478153	0.0159744	0.0400992
0.0281142	0.0116645	0.0380223
0.0301306	0.00457368	0.0381735
0.0107366	0.015764	0.0357614
0.0417472	0.0111742	0.0393819
0.0204071	0.0146721	0.0371122
0.0288294	0.00415888	0.0379516
0.0320044	0.0168074	0.0383811
0.0251405	0.0111279	0.0376637
0.0338218	0.00894448	0.038624
0.038149	0.0150993	0.0389247
0.0246084	0.00711056	0.0376789
0.0258124	0.0066899	0.0376645
0.0335838	0.00794079	0.0385204
0.0185005	0.0148456	0.0367876
0.035932	0.0114313	0.0387034
0.0310187	0.00908396	0.0382837
0.0435849	0.00624511	0.0397458
0.0363128	0.0134683	0.0387416
0.0196029	0.0167724	0.0370442
0.0358557	0.0168347	0.0386727
0.0290718	0.00282388	0.0381513
0.0257723	0.0076793	0.0377376
0.0287595	0.0102032	0.038083
0.035025	0.00405559	0.0387377
0.025093	0.0131943	0.0376271
0.0316953	0.0108215	0.0383919
0.0272314	0.0135585	0.0379575
0.0422131	0.000741068	0.039596
0.0202156	0.0111584	0.0371527
0.0329914	0.0146768	0.0385973
0.0503752	0.00902306	0.0403888
0.0372752	0.0100782	0.0388584
0.037416	0.0132114	0.0390078
0.0398791	0.00554718	0.0392653
0.0153153	0.00902887	0.0365612
0.0379481	0.0115464	0.039152
0.00031318	0.0133004	0.0350634
0.0242248	0.0131691	0.0375313
0.0356364	0.0147527	0.0387987
0.0362047	0.0117155	0.0388844
0.0161408	0.00189552	0.0368918
0.0349817	0.0191989	0.0385769
0.0453335	0.00930398	0.0396715
0.0157554	0.0156392	0.0366394
0.0307637	0.0069059	0.0384034
0.0236511	0.00504061	0.037376
0.0381017	0.00984759	0.0392467
0.0488695	0.0108765	0.0403131
0.0326741	0.0126727	0.0383377
0.0426464	0.0165129	0.0397677
0.0235296	0.00579591	0.0374712
0.0282458	0.00816209	0.0380365
0.0458586	0.0159933	0.0401663
0.0322925	0.011568	0.0384166
0.0197985	0.012575	0.0371175
0.0323482	0.0152741	0.0383084
0.0397159	0.0135761	0.0393231
0.0173738	0.00815292	0.0367994
0.0223239	0.0160407	0.0374258
0.0435375	0.0141807	0.0395324
0.0131048	0.0107129	0.0364505
0.0142213	0.010166	0.036379
0.0231804	0.00880222	0.0373877
0.041415	0.0063515	0.0393282
0.0196819	0.0115543	0.0370552
0.0310567	0.0102917	0.0382776
0.0311702	0.0155838	0.0384154
0.0288057	0.0149754	0.0380187
0.0338339	0.0114869	0.038682
0.0343702	0.00995475	0.0388123
0.044402	0.0107149	0.0397334
0.0382265	0.00522711	0.0390874
0.0389374	0.0162358	0.0390588
0.0214414	0.0102639	0.0371148
0.0170444	0.00672677	0.036613
0.0380259	0.00865349	0.0391031
0.0144395	0.0133646	0.0363293
0.035407	0.00906571	0.0388171
0.032475	0.00363077	0.0385561
0.0173628	0.00539709	0.0369572
0.0196759	0.00927404	0.0370775
0.0103836	0.0100184	0.0361886
0.0253763	0.0113602	0.0375367
0.0409637	0.00306329	0.0394599
0.0245907	0.00785098	0.0377167
0.00364977	0.0156247	0.0351402
0.0393978	0.00650501	0.0393078
0.0438388	0.0114428	0.0395942
0.0247671	0.0140017	0.0376177
0.032075	0.0127971	0.0383176
0.0101852	0.00575265	0.0362055
0.00539189	0.000481493	0.0355111
0.0370475	0.0120688	0.0388628
0.0312544	0.0129185	0.0384024
0.0165626	0.00334933	0.0367165
0.0236795	0.0137611	0.0376479
0.0316143	0.0113247	0.0382853
0.0250964	0.0115886	0.0374999
0.0263445	0.0133866	0.0377419
0.0284128	0.00456439	0.0378995
0.0373992	0.0125176	0.0389849
0.0384902	0.013406	0.0391247
0.033978	0.00910537	0.0385456
0.0442296	0.00385985	0.0399069
0.0214363	0.00856889	0.0371784
