0.027221	0.0011836	0.0378302
0.025009	0.0126846	0.037489
0.0224376	0.0155852	0.037365
0.0358852	0.0126189	0.0387873
0.0353493	0.00512192	0.0387056
0.0295674	0.011276	0.0380915
0.0386951	0.0134228	0.0390537
0.0229128	0.0128851	0.0373189
0.0305842	0.0054932	0.0381801
0.0384101	0.011243	0.0390414
0.02255	0.0178268	0.0373853
0.0367386	0.0051996	0.0389589
0.0359228	0.0114871	0.0389403
0.0217572	0.00106857	0.0374491
0.030464	0.0151237	0.0380589
0.0451994	0.0172696	0.0397596
0.0356137	0.013211	0.0387527
0.0379845	0.00730104	0.0390504
0.0449666	0.00441079	0.0398823
0.0274835	0.012749	0.0377813
0.0287143	0.0114842	0.0379975
0.0284248	0.0115071	0.0380736
0.0522889	0.00646342	0.0407972
0.0186637	0.00161885	0.036792
0.0324497	0.00651766	0.0384174
0.0261016	0.00717613	0.0376272
0.0172204	0.000758261	0.0366219
0.0337996	0.00717685	0.0384799
0.0380105	0.00530744	0.0389615
0.0321821	0.0141066	0.0384105
0.0355413	0.0138909	0.0387483
0.0320866	0.0105898	0.0382739
0.0186825	0.0127321	0.0367641
0.0401312	0.00870079	0.039408
0.0516478	0.00929576	0.0407155
0.0264126	0.0168778	0.0377699
0.0144186	0.00948892	0.036578
0.0368873	0.0107062	0.0388821
0.0359362	0.00730758	0.0389233
0.0350791	0.0133606	0.0386041
0.0405647	0.0105473	0.0392706
0.037883	0.0107108	0.0390448
0.0360592	0.0148347	0.0388064
0.0235037	0.00269388	0.0370743
0.0348194	0.00766003	0.0387402
0.0276239	0.0102638	0.0379598
0.00355196	0.0135129	0.0354853
0.0421672	0.000572674	0.0397769
0.0374609	0.0110664	0.0389209
0.0353076	0.00204195	0.0387921
0.0381436	0.0136961	0.0390578
0.029047	0.0111174	0.0380987
0.0187143	0.0093853	0.0369601
0.0368767	0.0179522	0.0389673
0.0311164	0.000196089	0.038269
0.0452891	0.0115208	0.0398787
0.0536882	0.0163674	0.0408713
0.0380809	0.00465786	0.039132
0.0330395	0.013283	0.0384657
0.0309074	0.00953488	0.0382372
0.0198348	0.0112684	0.036994
0.026959	0.0137183	0.0378031
0.0320633	0.009389	0.0384189
0.0517629	0.00750984	0.0404535
0.0156686	0.0151024	0.0364265
0.0259488	0.0131741	0.0377372
0.0254126	0.0068387	0.0376838
0.0449517	0.00988199	0.0398266
0.0311139	0.0118373	0.0382191
0.0472717	0.0101775	0.0399517
0.0159189	0.00949141	0.0364377
0.0304512	0.0124057	0.038208
0.0291199	0.0122709	0.0380928
0.0362926	0.0146103	0.0389012
0.0285351	0.0129951	0.0379224
0.0346227	0.00177165	0.0387932
0.0336721	0.0102119	0.0385079
0.0224053	0.0141328	0.0371901
0.0351754	0.0169716	0.0388659
0.0363907	0.0134751	0.0388623
0.0119527	0.0139097	0.0361865
0.0264027	0.010894	0.0378435
0.029687	0.00691658	0.0382513
0.0264628	0.00717912	0.0376963
0.0485901	0.00894073	0.0400651
0.0328475	0.0127687	0.0384735
0.0402202	0.0112088	0.0392132
0.030731	0.012915	0.0381906
0.0417297	0.0112953	0.0394015
0.0234676	0.0153944	0.0375141
0.0349638	0.0143448	0.0388384
0.0218177	0.012761	0.0371117
0.0328089	0.0069626	0.0385693
0.0392121	0.00970017	0.0391182
0.0379121	0.00581927	0.0390472
0.0435978	0.00465456	0.0397741
0.0252946	0.00458297	0.0377063
0.0288621	0.0144711	0.0380593
0.0293706	0.0123978	0.0379934
0.0300976	0.00735916	0.0381652
0.0375124	0.0098732	0.0389326
0.0288538	0.0130761	0.0380598
0.0293871	0.0108444	0.0379714
0.0409663	0.00510131	0.039428
0.0226857	0.0089652	0.0372764
0.0182618	0.0141358	0.0368697
0.0251313	0.00794091	0.0375578
0.0180844	0.00902647	0.0367603
0.0364904	0.00222516	0.0388427
0.0359599	0.0138261	0.0389475
0.0296563	0.00960852	0.038134
0.0166396	0.0127971	0.036755
0.0434806	0.0114459	0.0397205
0.0365275	0.0131316	0.0389274
0.043391	0.000638215	0.0397456
0.0234712	0.00658197	0.0372986
0.0281769	0.00831368	0.0378504
0.0319177	0.0127802	0.0383685
0.0307402	0.0139918	0.0382272
0.0454509	0.00993613	0.0398307
0.0276212	0.00571026	0.0379742
0.0321101	0.0112233	0.0383836
0.0291717	0.00881368	0.0381299
0.0178085	0.00747571	0.0367184
0.0424609	0.00972127	0.0396734
0.0348592	0.0161839	0.0387242
0.00322036	0.00840314	0.0351936
0.0255026	0.015522	0.0377167
0.0257968	0.0168452	0.0377309
0.0220161	0.00896967	0.0373833
0.0247085	0.0161792	0.0375558
0.0195914	0.0015199	0.0368232
0.0386224	0.0119295	0.0391351
0.0362488	0.0131559	0.0388748
0.037675	0.00869044	0.0391352
0.0260613	0.00658415	0.0376346
0.0066797	0.0033669	0.0355917
0.0189356	0.0161384	0.036764
0.0219406	0.0109788	0.0373777
0.0263017	0.00673814	0.0378268
0.0145064	0.0144701	0.0363179
0.040777	0.00643918	0.0391608
0.0288466	0.0116938	0.0381161
0.0453791	0.00622906	0.0398855
0.0354173	0.01575	0.0387878
0.0332471	0.00735485	0.0384411
0.0189653	0.00404288	0.036907
0.0180504	0.00475704	0.0370201
0.0307157	0.0088489	0.0382348
0.0324632	0.0131244	0.0383191
0.0175595	0.0116487	0.0366514
0.0407865	0.00489159	0.0392834
0.0220038	0.00628673	0.0374277
0.0341893	0.012197	0.0386271
0.0156541	0.0113831	0.0364649
0.0248637	0.0157588	0.0377864
0.0462101	0.0109727	0.039892
0.00896932	0.0146997	0.0358722
0.028385	0.0092179	0.0379433
0.0283708	0.016396	0.0380346
0.0404451	0.0111642	0.0392594
0.0164624	0.00904487	0.0364973
0.0333664	0.00794357	0.0385187
0.0466524	0.0148362	0.0398695
0.0299381	0.016312	0.0381459
0.0316045	0.0111623	0.0382177
0.0298954	0.0167632	0.0380865
0.0361552	0.0158044	0.0387378
0.0352004	0.0154827	0.0386159
0.0253888	0.00669812	0.0377135
0.0275027	0.007877	0.0378652
0.0355101	0.00984822	0.0387686
0.0274363	0.0128374	0.0378538
0.0410385	0.0180531	0.0393009
0.0334578	0.0112348	0.0384872
0.0439528	0.00958487	0.0397537
0.0172013	0.0154279	0.0368312
0.0353854	0.0109215	0.0388301
0.0417247	0.0122735	0.0395177
0.0233088	0.0111531	0.0373072
0.0419702	0.00648669	0.0394491
0.0271629	0.0155163	0.0377905
0.0246796	0.00379957	0.0375907
0.0261904	0.00528414	0.037795
0.0343944	0.016555	0.0386714
0.0369309	0.00407854	0.0390604
0.0410754	0.0169949	0.0392266
0.0156622	0.00996372	0.0364669
0.0300597	0.0113551	0.038135
0.0347863	0.00467436	0.0386599
0.0270662	0.0145484	0.0378083
0.0376907	0.0091956	0.0391189
0.0274654	0.00133583	0.0377321
0.0390802	0.0119425	0.0391573
0.050273	0.0042484	0.0406159
0.0252937	0.0127265	0.0377074
0.0328184	0.0105811	0.0384878
0.00976409	0.006882	0.0358808
0.0299232	0.00663733	0.038141
0.0426317	0.0108389	0.0397158
0.0277198	0.010119	0.0380095
0.0151661	0.00994875	0.0363557
0.0152747	0.0108432	0.036699
0.0181201	0.0157671	0.0369599
0.0372308	0.0110743	0.0390921
0.024512	0.0123683	0.0374572
0.03407	0.0115188	0.038764
0.0388838	0.0047303	0.0392127
0.0279215	0.00710511	0.0378612
0.0285254	0.0113782	0.0379207
0.038655	0.00598065	0.0390651
0.0371593	0.00522023	0.0389211
0.0128865	0.0109943	0.0361004
0.0286941	0.0103532	0.0379285
0.0258379	0.0149601	0.0377347
0.034457	0.0019098	0.0386463
0.0408488	0.0139379	0.0394461
0.0298021	0.00978366	0.038029
0.0175054	0.00694698	0.0366052
0.0300465	0.00924068	0.0382139
0.0360493	0.0137787	0.0387517
0.0199527	0.0148862	0.0369666
0.0350411	0.00925445	0.0388082
0.0324154	0.0048519	0.0383934
0.0270256	0.0144277	0.03774
0.0317751	0.00972721	0.0382962
0.0456317	0.00678112	0.0398775
0.0233587	0.00501446	0.0375395
0.0399206	0.013128	0.0392796
0.0210806	0.00302206	0.0371039
0.0317014	0.0167737	0.0384663
0.0406283	0.0121445	0.0393105
0.036559	0.00684845	0.0388879
0.00933249	0.00755636	0.0357362
0.0167085	0.010692	0.0366374
0.0261138	0.0112292	0.0376941
0.0275245	0.0129463	0.0379336
0.0344718	0.0165313	0.0388057
0.0278532	0.012651	0.0379706
0.00713217	0.00608409	0.0356118
0.0402298	0.00863887	0.0392694
0.0335939	0.0110022	0.0386283
0.0447234	0.0147964	0.0397165
0.0382362	0.0164707	0.0392731
0.0462388	0.0123098	0.0399901
0.0220404	0.0155547	0.0373219
0.014504	0.00161141	0.0364453
0.0327843	0.0179872	0.038378
0.0412048	0.0140891	0.0394428
0.0261176	0.0102677	0.0376597
0.0216687	0.0100966	0.0371748
0.0355478	0.00181159	0.0388782
0.0430462	0.0131776	0.0396501
0.0146672	0.0139732	0.0364
0.0284313	0.0169766	0.0380238
0.0375789	0.00833927	0.0390558
0.0281417	0.0110083	0.0378553
0.0293148	0.0145416	0.0379938
0.0428534	0.00321752	0.0398168
0.0333491	0.00804546	0.0384734
0.0275165	0.0163286	0.0377093
0.0247778	0.0152392	0.0376439
0.0163886	0.00764833	0.0366009
0.039122	0.000594315	0.0391385
0.0385787	0.00609122	0.0392198
0.0387245	0.0151507	0.0391304
0.0268924	0.0124862	0.0377396
0.0399216	0.0167098	0.0392935
0.0255317	0.00825256	0.0377706
0.0422999	0.0115313	0.0396235
0.0350621	0.0037614	0.0388206
0.0355545	0.00412585	0.038818
0.0256061	0.0116389	0.0376053
0.0415024	0.00896275	0.0395221
0.0309958	0.00814689	0.0382045
0.0374057	0.0157495	0.0391572
0.0402446	0.00231303	0.0393738
0.0319069	0.0160601	0.0382525
0.0392696	0.00894404	0.0391236
0.0269375	0.0129663	0.0378993
0.0332864	0.0096847	0.0386551
0.0160065	0.00353192	0.0368011
0.0297482	0.00679125	0.0382206
0.0325766	0.00709086	0.0385623
0.0418314	0.0105238	0.0394976
0.0135468	0.0120593	0.0363636
0.0347863	0.00565353	0.0385277
0.0433743	0.0128403	0.0397438
0.0233807	0.0131071	0.0373713
0.0426149	0.00896285	0.0395138
0.0357696	0.00845306	0.0388461
0.00288453	0.012255	0.0346886
0.0177246	0.00020207	0.0367213
0.0411159	0.0142557	0.0395831
0.0151943	0.00217946	0.0364853
0.00967865	0.0122484	0.0357262
0.0455458	0.0111486	0.0398287
0.0221592	0.0053765	0.0372367
0.0436431	0.00909503	0.0396995
0.0161491	0.0135439	0.0366841
0.0200641	0.0125473	0.0370272
0.0292111	0.0131723	0.0379953
0.0341876	0.0175276	0.0386514
0.0177108	0.00729733	0.0367543
0.0368879	0.00621716	0.0389436
0.0341797	0.0105606	0.0386545
0.0138394	0.0122451	0.0364654
0.0194576	0.0079881	0.0369092
0.0220609	0.0052244	0.037231
0.0430836	0.0182831	0.0396787
0.0355388	0.0081986	0.038808
0.0186732	0.0144192	0.0368832
0.0382591	0.0133135	0.0391298
0.0267336	0.000650549	0.0378576
0.0281569	0.013413	0.0380265
0.0414824	0.0108305	0.0393605
0.0294338	0.00895242	0.03812
0.0310006	0.00120288	0.0381327
0.0444646	0.0101448	0.0397169
0.0160299	0.0104116	0.0364868
0.0304604	0.00784317	0.0380562
0.02964	0.00254601	0.0380835
0.0340764	0.0126035	0.0386737
0.0393302	0.0154947	0.0391797
0.0383974	0.0148493	0.0389761
0.0325612	0.00728603	0.0384549
0.0328381	0.00882974	0.0384052
0.022966	0.00435039	0.0373165
0.0341218	0.0146695	0.0385346
0.0360933	0.0150177	0.0388686
0.0220831	0.00765482	0.0369909
0.0381262	0.0087666	0.0390398
0.0350789	0.00682742	0.0386532
0.0168615	0.0103051	0.0367012
0.0242434	0.00921258	0.0374081
0.0319251	0.00857814	0.0383861
0.036909	0.01727	0.0388776
0.00724825	0.0124557	0.0355625
0.0255085	0.00868319	0.037628
0.0172776	0.00793924	0.0367126
0.0330558	0.0106004	0.0384893
0.026818	0.00822612	0.0376947
0.0237562	0.0149266	0.03732
0.0249158	0.00950532	0.0377119
0.036937	0.0115438	0.0390869
0.0338566	0.0117284	0.0387439
0.0331988	0.004104	0.0385387
0.0361085	0.00549728	0.0388561
0.0414097	0.0108829	0.0394793
0.0224978	0.00521946	0.0371475
0.02915	0.00921234	0.0379817
0.0304923	0.00453105	0.0381006
0.0294952	0.0157227	0.0380573
0.0373683	0.00598291	0.038908
0.0299277	0.00732379	0.0382122
0.032682	0.0109447	0.0384721
0.0386005	0.00844736	0.0392434
0.0321053	0.00719892	0.0383803
0.0356684	0.00500272	0.0387536
0.0319101	0.0155622	0.038289
0.0232255	0.0120221	0.0375019
0.0213475	0.0143357	0.0370703
0.0257867	0.00871535	0.0376776
0.033582	0.0069129	0.0384395
0.0300054	0.00998181	0.0381804
0.0266195	0.0114895	0.0378503
0.0471438	0.0116377	0.0402644
0.00497893	0.0150548	0.0352514
0.00875589	0.00881571	0.0359496
0.02466	0.0152002	0.0376389
0.0266112	0.000759565	0.0379284
0.0299233	0.0100153	0.0381488
0.0336942	0.0141844	0.0384491
0.0292265	0.0156416	0.0379895
0.0335556	0.0132137	0.0386749
0.0394515	0.0127843	0.0393823
0.0180762	0.00445258	0.0367546
0.0275525	0.00909438	0.0378495
0.0362927	0.0117407	0.0387823
0.0501301	0.0121173	0.0403175
0.0481765	0.00259957	0.0403118
0.0338432	0.0120234	0.0386021
0.0192406	0.0100413	0.0368983
0.0366667	0.00680625	0.038905
0.0308109	0.0115819	0.0383506
0.0269801	0.00436462	0.0375309
0.0286962	0.0120063	0.0380624
0.0424498	0.0151756	0.0395724
0.0349764	0.00954808	0.0388412
0.0185473	0.0188294	0.0368047
0.037831	0.0164541	0.0389266
0.0358176	0.00233872	0.0388532
0.0434985	0.0137589	0.039702
0.0328097	0.00777912	0.0383903
0.0342401	0.00128773	0.0387235
0.0165744	0.00905844	0.0368158
0.0316475	0.0122158	0.0383349
0.0200156	0.00900109	0.0369418
0.0314518	0.00898884	0.0384396
0.0489687	0.00691785	0.0403334
0.0282664	0.014786	0.0380072
0.0312086	0.0150381	0.0382652
0.0257496	0.0135628	0.0375727
0.0241539	0.0113543	0.0375559
0.0304309	0.0152413	0.0382095
0.0328531	0.0091516	0.0384388
0.0125795	0.0171215	0.0359865
0.038028	0.00993249	0.0389921
0.0323394	0.0089198	0.0384227
0.0336828	0.00939663	0.0385067
0.0448294	0.0125783	0.039673
0.040073	0.0158517	0.0391927
0.0446445	0.00766921	0.0398079
0.0174845	0.0163582	0.036806
0.0386342	0.00701231	0.0389379
0.024005	0.0160785	0.0373237
0.0518803	0.013079	0.0406654
0.0290719	0.0151752	0.0380524
0.0324006	0.0144002	0.0384432
0.0333585	0.000991453	0.0383624
0.0318843	0.0111357	0.0384176
0.0119883	0.0125908	0.0362738
0.0226086	0.0175225	0.0372569
0.0355973	0.00795424	0.038789
0.0358544	0.0128079	0.0388033
0.0343366	0.00351522	0.0384853
0.0192871	0.0112943	0.0368901
0.0287933	0.0116366	0.0381108
0.0380913	0.0114447	0.0388986
0.045648	0.00667522	0.040004
0.0385686	0.0126182	0.0391069
0.0378797	0.00974808	0.038969
0.0168096	0.00878511	0.036843
0.0230452	0.0121316	0.0374186
0.0390436	0.0119554	0.0392946
0.0393918	0.00760313	0.0391886
0.032699	0.00689156	0.0384773
0.00712315	0.0117539	0.0357632
0.0379107	0.00738056	0.0390967
0.0296856	0.00772277	0.0382269
0.0382453	0.0136518	0.0390719
0.0330258	0.00785997	0.038523
0.0243799	0.00332366	0.0375799
0.0329376	0.0134114	0.0384619
0.0231122	0.00871504	0.037503
0.0349214	0.0140957	0.0388895
0.0252016	0.0136533	0.0377983
0.0507556	0.0112506	0.0403056
0.0391591	0.0106829	0.0391125
0.0143888	0.0182746	0.0364825
0.0232787	0.00678602	0.0374616
0.0374832	0.00028353	0.0389531
0.0284225	0.00897004	0.0380465
0.0413359	0.0169472	0.0392695
0.0420929	0.0166071	0.0397259
0.0282761	0.00475857	0.0377042
0.0314056	0.010617	0.0383071
0.0371013	0.0164748	0.0388403
0.029097	0.00971376	0.0380231
0.045931	0.0149117	0.0397321
0.0315136	0.00123517	0.0381717
0.0224706	0.0115412	0.0374297
0.0434856	0.0153847	0.0398425
0.0422753	0.0154156	0.0394342
0.0334868	0.00183364	0.0386305
0.023803	0.00500581	0.0373246
0.0334384	0.00395055	0.0387026
0.0317495	0.0160272	0.0383346
0.038792	0.0102533	0.0391086
0.0217181	0.0122451	0.0371317
0.00955242	0.0110032	0.0357898
0.0230332	0.00702811	0.0374746
0.0255222	0.0163077	0.0376765
0.0329921	0.00544462	0.0383954
0.0430249	0.00163546	0.0395812
0.0256517	0.00678293	0.0375889
0.0404359	0.0155768	0.0393614
0.0330451	0.0128606	0.0384369
0.0387855	0.0129482	0.039018
0.0309864	0.00886856	0.0383652
0.0324004	0.00461458	0.0383821
0.0262357	0.00803043	0.0376916
0.0255746	0.00419406	0.0375668
0.0259462	0.00765456	0.0377654
0.0420563	0.00537012	0.0396339
0.0343132	0.0105391	0.038649
0.0323706	0.0150541	0.0383178
0.0164707	0.00545046	0.0368546
0.0228643	0.00923906	0.037315
0.0258332	0.0169765	0.0375098
0.020956	0.0141188	0.0372416
0.0327231	0.0101623	0.0384479
0.0363	0.00405244	0.0387021
0.0204965	0.00576701	0.0371562
0.0217384	0.0119478	0.037134
0.0416048	0.00355107	0.0393855
0.0304767	0.00798532	0.0383273
0.0383866	0.016929	0.0391179
0.0263698	0.00332812	0.0378547
0.0409659	0.00535087	0.0393573
0.0354426	0.011229	0.0387982
0.0282886	0.00746424	0.038068
0.0207885	0.00337812	0.0371465
0.0345414	0.0102551	0.0386957
0.0162441	0.0086114	0.0366962
0.0367424	0.00460637	0.0390344
0.0345374	0.00244096	0.0387116
0.0266592	0.0122813	0.0379424
0.00812614	0.0130673	0.0358679
0.0340548	0.0150374	0.038598
0.0298041	0.012648	0.0380368
0.0223284	0.0144702	0.0373195
0.042575	0.00845292	0.0397051
0.0275194	0.000949423	0.0378717
0.0408958	0.00640927	0.0393378
0.023344	0.00898602	0.0375465
0.0434885	0.00977858	0.0395825
0.0388408	0.0147307	0.0391096
0.0105746	0.0114232	0.0359084
0.030404	0.0108278	0.0381847
0.0328156	0.0110585	0.0384228
0.0235882	0.00698734	0.0373668
0.0383647	0.00437931	0.0391513
0.0250684	0.0132008	0.0375787
0.0205581	0.00700789	0.0372302
0.0354104	0.0078543	0.0388759
0.0443448	0.00973134	0.0397028
0.0390117	0.00890786	0.0391046
0.0401935	0.00827034	0.0393742
0.045754	0.0115391	0.0400462
0.0332798	0.0115046	0.0384376
0.0209059	0.0126814	0.0373036
0.00479968	0.0154697	0.0351652
0.0364509	0.0066194	0.0388949
0.0300784	0.0124731	0.0381051
0.0170131	0.00805631	0.0367103
0.0416125	0.00760501	0.0394088
0.031113	0.0133102	0.0383076
0.0363324	0.00700213	0.0388488
0.0297879	0.00448994	0.0380184
0.030478	0.00845216	0.0382638
0.0257779	0.00460339	0.037734
0.0331315	0.00159642	0.0384084
0.0206651	0.0100685	0.0370666
0.0450964	0.00864299	0.039966
0.0335282	0.00410062	0.0385128
0.0159305	0.0150346	0.0364407
0.0395259	0.00981591	0.0391476
0.041336	0.0129721	0.0393388
0.0457382	0.0107043	0.0401118
0.02054	0.0112967	0.0370614
0.0213242	0.0159473	0.0370453
0.0411427	0.00456093	0.0393903
0.0202758	0.00742928	0.0370241
0.0381003	0.00821082	0.0391839
0.0427963	0.0137609	0.0396361
0.014756	0.0110247	0.0363871
0.0317829	0.0136971	0.0384694
0.0253977	0.00849785	0.0375896
0.0346421	0.0111424	0.0388251
0.0190094	0.00984066	0.0369247
0.0161284	0.00948695	0.0365944
0.0333302	0.00793409	0.0385069
0.035652	0.00351238	0.0387593
0.033749	0.0107542	0.0385745
0.0359264	0.00895242	0.0388583
0.0321834	0.00156504	0.0383462
0.031392	0.0148353	0.0383387
0.0163603	0.0133462	0.0367083
0.0239596	0.0129026	0.0376494
0.0264159	0.0109409	0.0377916
0.0261828	0.010888	0.0377005
0.0311566	0.0121729	0.0383152
0.0436274	0.0104752	0.0395746
0.0279384	0.00679354	0.0379453
0.0339608	0.0156902	0.0384832
0.0379942	0.0111531	0.0389857
0.0261728	0.00932475	0.037701
0.0387388	0.00322085	0.0391545
0.0443188	0.00271716	0.0396973
0.0256126	0.00559892	0.0373854
0.0233148	0.00875475	0.0373193
0.0260752	0.00245395	0.0376813
0.0226785	0.00757674	0.0372098
0.0280147	0.0104122	0.0378506
0.0294166	0.00848945	0.0380873
0.0336672	0.0163542	0.0383834
0.0283271	0.013768	0.0379604
0.0218879	0.014859	0.0372134
0.0477084	0.0139019	0.0400655
0.04041	0.00570157	0.0394305
0.0284577	0.00660354	0.0379186
0.0341936	0.00555317	0.0386564
0.0262002	0.00932835	0.0377657
0.049584	0.0106903	0.0402609
0.0508242	0.00975951	0.0402189
0.0294186	0.0122546	0.0380464
0.0186881	0.00475173	0.0369989
0.0334212	0.0144348	0.0386663
0.0404843	0.0138857	0.0392441
0.0328168	0.0134348	0.0386476
0.0257935	0.00762924	0.0376399
0.00949661	0.00537398	0.0360852
0.0344842	0.00749963	0.0386892
0.0358642	0.00412932	0.0389051
0.0241726	0.0116929	0.0375017
0.0246819	0.00835977	0.0376398
0.0194924	0.0138618	0.0368743
0.0344591	0.00941192	0.0387382
0.0198713	0.00856804	0.0370273
0.0508733	0.0123249	0.0404072
0.0375832	0.0158222	0.0390534
0.0318057	0.0102351	0.0383522
0.0354336	0.0158139	0.0387996
0.0153664	0.00967342	0.0362636
0.0274375	0.00750327	0.0378208
0.029359	0.00680822	0.0380793
0.0280517	0.0102331	0.0377762
0.00829194	0.0123369	0.0357594
0.0361458	0.0153305	0.0387579
0.0312584	0.01641	0.0383333
0.0326888	0.0146807	0.0383878
0.0322063	0.0127244	0.0383917
0.0257443	0.00678362	0.0376122
0.0307538	0.00844582	0.0383367
0.0398195	0.00992875	0.0393886
0.0237295	0.0107858	0.0374
0.0224037	0.0155432	0.0372879
0.0223546	0.00741501	0.0373684
0.0334967	0.0156582	0.038521
0.0315793	0.00447327	0.0383154
0.0389034	0.0113452	0.0390822
0.0103455	0.0124044	0.0361044
0.0351621	0.00901106	0.0386757
0.00443937	0.0109909	0.0351089
0.0413252	0.00998534	0.0393081
0.0346494	0.000730229	0.0388949
0.0251371	0.00980622	0.0377446
0.0341645	0.016817	0.0385062
0.0284539	0.0150637	0.0379216
0.0456275	0.0105805	0.0398195
0.00746004	0.00419702	0.0356406
0.00923535	0.0148985	0.0356207
0.0276268	0.0151874	0.0380867
0.0223726	0.00179528	0.0374792
0.0218596	0.0168459	0.0373347
0.0264015	0.0017208	0.0376748
0.0379826	0.0123916	0.0390968
0.0313734	0.00618564	0.0383551
0.0524496	0.0110834	0.0408164
0.045435	0.00203003	0.0399858
0.0267612	0.00797092	0.0377592
0.0278581	0.00557678	0.0378679
0.0202852	0.00342588	0.0371192
0.023458	0.0130398	0.0375228
0.0329998	0.00782022	0.038517
0.0270156	0.0107664	0.0377639
0.0342849	0.0126714	0.0385486
0.0258833	0.0126004	0.0375941
0.0369206	0.00606157	0.0388829
0.0318717	0.00805225	0.038405
0.0379045	0.00821969	0.0390014
0.0373596	0.014229	0.0388321
0.0260827	0.0120993	0.037814
0.0291661	0.00856195	0.0380988
0.0479822	0.0107625	0.0399263
0.0223053	0.00971657	0.0373727
0.0402066	0.0169973	0.0395211
0.0294514	0.0126665	0.0380847
0.0421077	0.0110952	0.0394236
0.0481553	0.00281238	0.0403811
0.0283812	0.0133147	0.037905
0.0434765	0.0103702	0.0394603
0.0295235	0.00713471	0.0381236
0.0365918	0.00907049	0.0388886
0.0353786	0.0127645	0.0387225
0.0412074	0.0135377	0.0392769
0.0177313	0.0146388	0.0368224
0.0434191	0.0132836	0.0395062
0.0420084	0.0131789	0.0393615
0.0481326	0.00882641	0.0401508
0.0439475	0.00535068	0.0396089
0.0293683	0.00783164	0.038098
0.0108072	0.0154569	0.0358865
0.0336653	0.00962317	0.038679
0.0292213	0.00724834	0.037967
0.00924647	0.00846173	0.0359545
0.0433153	0.0119958	0.0397381
0.017444	0.00613848	0.0367963
0.0483065	0.0162714	0.0402696
0.0297378	0.00857231	0.0381097
0.0291229	0.0145981	0.0379186
0.0250268	0.00928103	0.0375783
0.0315378	0.0152467	0.0383708
0.0392889	0.0109476	0.0391721
0.0339179	0.0124117	0.0385936
0.0273931	0.00145236	0.0377374
0.0301677	0.0124022	0.0382526
0.0252157	0.00411182	0.0377532
0.0284086	0.0126164	0.0381426
0.0318263	0.0125619	0.0383173
0.0303659	0.0108747	0.0382342
0.039841	0.00776528	0.0393059
0.0202621	0.0131024	0.0371768
0.0343627	0.0139475	0.0386186
0.0294541	0.0169099	0.0381062
0.0121695	0.00866244	0.0361823
0.0357769	0.0117086	0.0388037
0.0172938	0.00462696	0.0367911
0.0421775	0.0141392	0.0394675
0.0182211	0.00332291	0.0369592
0.0226952	0.0162159	0.0372767
0.0424776	0.00594578	0.0397313
0.0434662	0.0160617	0.039538
0.0258953	0.0110084	0.037642
0.0319831	0.0026751	0.0384261
0.0416835	0.0118103	0.0394274
0.0269195	0.00200823	0.037798
0.0139238	0.00955548	0.0364833
0.0358803	0.000988779	0.038861
0.038812	0.00770387	0.0389589
0.0212291	0.00605416	0.0370253
0.0217548	0.00304198	0.0371513
0.0355815	0.00910473	0.0388157
0.0161141	0.00777785	0.0365281
0.0385785	0.0140112	0.0393005
0.0356015	0.0116548	0.038762
0.0288745	0.0106387	0.0380047
0.0245124	0.015954	0.0374142
0.0354944	0.0110972	0.0388401
0.028453	0.00565297	0.03813
0.02626	0.0120112	0.0376752
0.0247318	0.00369041	0.0376634
0.0329155	0.017069	0.0384023
0.0271648	0.0139991	0.0378211
0.0271434	0.0112971	0.0377583
0.0324133	0.0110205	0.0384715
0.0218449	0.0104147	0.0373037
0.0294372	0.0129065	0.0381967
0.0300059	0.00810605	0.0381549
0.0458798	0.00599522	0.0399042
0.0307926	0.0143049	0.0381683
0.024799	0.00312415	0.0375826
0.00912245	0.0163609	0.0359749
0.0309433	0.0165372	0.0383263
0.0156648	0.0100156	0.0362108
0.0128537	0.00292465	0.0361699
0.0291905	0.00377419	0.0380333
0.00716849	0.0127768	0.0355561
0.0298895	0.0158862	0.0382543
0.0308439	0.0129164	0.0381556
0.0321263	0.00740898	0.038337
0.0201509	0.0143017	0.0370822
0.0321178	0.00727485	0.0383891
0.0367799	0.00884308	0.0390178
0.0269983	0.0140198	0.037809
0.0199251	0.00778151	0.0371502
0.0475413	0.00750936	0.0400881
0.0351183	0.0137316	0.0386448
0.033385	0.0109223	0.0385281
0.0433594	0.00890611	0.0397568
0.01739	0.000797495	0.036779
0.037051	0.0141185	0.0389312
0.0390336	0.0153425	0.0390923
0.0138874	0.0125709	0.0364566
0.0122986	0.012586	0.0358762
0.0126536	0.0110697	0.0364323
0.0452311	0.0140972	0.0397095
0.022495	0.00600959	0.037439
0.0387744	0.0123006	0.0392093
0.0276929	0.00439016	0.0378427
0.033955	0.00307454	0.0384943
0.0243527	0.0117664	0.0374595
0.0514209	0.00638051	0.0406916
0.0315621	0.0167447	0.0382429
0.0304782	0.013652	0.0381589
0.0188291	0.00751687	0.0368256
0.0387943	0.00784036	0.0390615
0.0133037	0.0158795	0.0362433
0.0336757	0.0129259	0.0386264
0.0196811	0.00596164	0.0366444
0.0198009	0.00912734	0.0369734
0.019286	0.0112328	0.0370346
0.0382964	0.0111474	0.0390617
0.0407074	0.00290284	0.0394449
0.0436275	0.00374488	0.0397747
0.0511012	0.00202308	0.0404829
0.0305734	0.00562333	0.0381578
0.0366444	0.0102617	0.0388223
0.00901384	0.00973515	0.0356931
0.0339824	0.00808887	0.0384784
0.0244775	0.0101297	0.0375081
0.0163928	0.00986295	0.0366192
0.0225798	0.00726698	0.0370378
0.0315754	0.0101463	0.0382531
0.03539	0.006274	0.0387695
0.0409369	0.0120636	0.0394141
0.0435363	0.0087412	0.0397897
0.0338013	0.00779926	0.0385181
0.0469021	0.0063201	0.0399059
0.0352456	0.0152556	0.0387771
0.0381344	0.0116286	0.0391987
0.0404184	0.0102448	0.0394617
0.0380658	0.00741858	0.0391759
0.0278157	0.00932887	0.0380012
0.0211979	0.0128194	0.0370533
0.0307283	0.00822997	0.0382436
0.0363667	0.0174051	0.0388863
0.0318863	0.0144902	0.0383141
0.0256376	0.0110864	0.0375976
0.0330781	0.006728	0.0385353
0.0315583	0.0143911	0.0382744
0.032997	0.00696599	0.0384653
0.0246786	0.00491691	0.0377284
0.0300655	0.00963353	0.038294
0.0409359	0.0037544	0.0395827
0.0211128	0.00902041	0.0370966
0.0200515	0.0142996	0.0368587
0.0300425	0.00665614	0.0381294
0.0295813	0.0123059	0.0380979
0.0253089	0.0125625	0.037608
0.0217235	0.0149421	0.037176
0.0288599	0.00689558	0.0380472
0.0403821	0.00530464	0.0393466
0.0174122	0.0164557	0.0366296
0.0309229	0.011664	0.0382491
0.0213007	0.0137675	0.0370996
0.0283347	0.0111582	0.0381174
0.0293715	0.0101363	0.0380635
0.0158521	0.0119112	0.0364395
0.0390478	0.0083024	0.0391613
0.0234269	0.00857273	0.0373361
0.0260905	0.0128827	0.0378081
0.0441009	0.00483561	0.0398297
0.0423973	0.00543248	0.0396714
0.0421252	0.00636626	0.0395118
0.0436302	0.0112072	0.0396068
0.0286885	0.0151784	0.0380659
0.0147448	0.00741571	0.0366327
0.0245818	0.00790385	0.0374889
0.0247538	0.0117438	0.0377251
0.0344018	0.00139261	0.0384723
0.0327387	0.0173232	0.0385105
0.0187327	0.0108619	0.0368436
0.0220155	0.0127038	0.0371767
0.0415102	0.00156309	0.0396849
0.0313415	0.00485139	0.0381676
0.0442152	0.0110242	0.0396689
0.0284431	0.0142445	0.0380286
0.0113777	0.000459985	0.0363575
0.03631	0.0130618	0.0389004
0.0381147	0.016854	0.0391608
0.0293331	0.0149132	0.0380818
0.0388811	0.0100767	0.0390562
0.0324348	0.0206044	0.0382908
0.0333851	0.0107802	0.0384727
0.0341845	0.00673636	0.0384682
0.0294036	0.015256	0.0379363
0.0262774	0.00776367	0.037691
0.0351142	0.00280527	0.0385458
0.0203206	0.0171439	0.0372927
0.000141115	0.00763374	0.035054
0.0324253	0.00718426	0.0384669
0.0366613	0.0102963	0.0388461
0.0140254	0.0129473	0.0363219
0.029856	0.0118578	0.0382441
0.0315055	0.00196998	0.0382361
0.026021	0.00249305	0.0376454
0.0288953	0.0122111	0.0380436
0.0325427	0.0104114	0.0384423
0.0484561	0.00563799	0.0399576
0.0242586	0.00905022	0.0375475
0.043721	0.00834344	0.0397024
0.0338213	0.0147211	0.038559
0.00362134	0.0074369	0.0349853
0.0258533	0.0117825	0.0376994
0.0321307	0.0123329	0.038305
0.0278631	0.0139243	0.0379611
0.0341045	0.000859296	0.0387845
0.0276067	0.0119918	0.0378775
0.0266705	0.0100001	0.0376908
0.0378168	0.0106596	0.0389735
0.048242	0.00371905	0.0403435
0.0245638	0.00106666	0.0374416
0.0298621	0.0123768	0.0380487
0.0303106	0.0122181	0.0382394
0.032396	0.0147208	0.0384115
0.047678	0.00739004	0.0400357
0.0365431	0.00401255	0.0390666
0.0305553	0.0146104	0.0380766
0.0311357	0.00757052	0.0382306
0.0223354	0.0136077	0.0373013
0.0232272	0.015488	0.0372499
0.014653	0.0085275	0.0364798
0.0359142	0.00309936	0.0388527
0.0408951	0.0136218	0.0392376
0.0208618	0.00375398	0.0370221
0.0311664	0.0143724	0.0382769
0.0185834	0.00486433	0.0370697
0.0350672	0.00306268	0.0386775
0.0335975	0.0144427	0.0387463
0.032982	0.00882316	0.0384724
0.04367	0.0134436	0.0397727
0.0238598	0.00609294	0.0375363
0.0409225	0.0169694	0.0395103
0.0320771	0.00833054	0.0384057
0.0402099	0.0163719	0.0394157
0.00962865	0.0166962	0.0358242
0.0305605	0.0141524	0.0382985
0.032606	0.011543	0.0384003
0.0346821	0.0109762	0.0386838
0.0385984	0.00896162	0.0390348
0.00683075	0.0168515	0.0353893
0.0143392	0.0109048	0.0365575
0.0387426	0.0113597	0.0390875
0.0247572	0.0169436	0.0374966
0.0224528	0.00863546	0.0374545
0.0186136	0.0101361	0.0368173
0.0420469	0.0100144	0.0394857
0.0439482	0.0143942	0.0399204
0.0366841	0.0110855	0.038869
0.0176167	0.015211	0.036704
0.032932	0.00850552	0.0384652
0.0359131	0.013177	0.0387829
0.041993	0.00555933	0.0396144
0.0403197	0.0132873	0.0393806
0.0325302	0.0165761	0.0386525
0.0355323	0.0121581	0.0387461
0.032089	0.00746341	0.0384864
0.029246	0.0079814	0.0380286
0.0391383	0.0116469	0.0391053
0.0260784	0.0149253	0.0377071
0.016766	0.0168185	0.0364847
0.0303585	0.0109064	0.0381054
0.0331807	0.0117623	0.0384399
0.0280332	0.00685405	0.0378825
0.0300969	0.0118522	0.0381707
0.00931281	0.00597583	0.0357216
0.0345042	0.0127491	0.0386338
0.0398901	0.00327506	0.0392441
0.00678986	0.009329	0.0357722
0.0439791	0.0169951	0.0397756
0.0318759	0.00161489	0.0383035
0.0224224	0.00331077	0.0374637
0.0241729	0.00241355	0.0376976
0.0181389	0.00500428	0.0367853
0.0208702	0.00779165	0.0370023
0.035329	0.0162786	0.0386394
0.045329	0.000787564	0.0399755
0.0252022	0.00386873	0.0373131
0.0401776	0.0156192	0.0391524
0.0264056	0.0101467	0.037782
0.0226761	0.0156297	0.0374222
0.0148127	0.0146804	0.036646
0.0180172	0.014546	0.0368197
0.0345064	0.0162276	0.0385444
0.033109	0.0166571	0.0383196
0.0416198	0.0165756	0.039452
0.0231976	0.0139519	0.0373718
0.0381005	0.00807925	0.0388874
0.0350755	0.0056315	0.0388457
0.0282386	0.00365412	0.0380523
0.0450873	0.00857636	0.0399473
0.0417021	0.00500386	0.0396549
0.0323237	0.00875348	0.0384248
0.0413899	0.0061251	0.039518
0.0280526	0.000709153	0.0379617
0.0176551	0.0153476	0.0366804
0.0289125	0.00934162	0.038089
0.0323894	0.0109658	0.0383533
0.0283471	0.0149386	0.0378902
0.0193716	0.0107001	0.0368577
0.0251542	0.00670169	0.0375856
0.0301696	0.000269562	0.0381828
0.013386	0.004367	0.0365169
0.0343572	0.016361	0.0388536
0.0340404	0.0136334	0.0386226
0.0373274	0.004212	0.0388919
0.023938	0.0113544	0.0374425
0.0430757	0.00927928	0.0397053
0.0314686	0.0143279	0.0383534
0.0149227	0.00450186	0.0366748
0.0268916	0.00831972	0.0377899
0.0203345	0.00376788	0.0372441
0.0341107	0.00954377	0.0386642
0.0457213	0.0157536	0.0398613
0.0410655	0.0124284	0.0393226
0.044749	0.0129385	0.0397386
0.0374321	0.00756772	0.0390198
0.0236687	0.00191011	0.0374835
0.0371567	0.00800865	0.0388671
0.0377109	0.0130774	0.0390619
0.0404717	0.0134102	0.0393571
0.0293495	0.012847	0.0381607
0.0235239	0.0104919	0.0373708
0.0315375	0.0125601	0.0383996
0.00473684	0.016954	0.0354683
0.0236496	0.00820397	0.0374098
0.032141	0.0161011	0.0385143
0.0196106	0.0073756	0.0371583
0.0333671	0.0160713	0.0385653
0.0283376	0.0106938	0.0379393
0.033949	0.0109235	0.038604
0.0333727	0.00501125	0.0386041
0.0385431	0.00408876	0.0392257
0.0281324	0.0020217	0.0379858
0.000724579	0.00342487	0.0349106
0.0322283	0.00870079	0.0385093
0.03456	0.0036518	0.0386194
0.0361224	0.0122772	0.0388398
0.0173254	0.0155002	0.0367035
0.0344126	0.00644314	0.0385787
0.039152	0.0123905	0.0392018
0.0120028	0.0169998	0.0363261
0.0310564	0.0070862	0.0382757
0.0248695	0.00966749	0.0377106
0.0338222	0.00733608	0.0386123
0.037825	0.0114563	0.0388701
0.00511666	0.0158245	0.0351218
0.0401742	0.00961932	0.039353
0.0305544	0.0152446	0.0381409
0.0310796	0.0131812	0.038239
0.0331757	0.0133984	0.0385984
0.00250685	0.000532923	0.035193
0.0311198	0.014956	0.0382746
0.0266745	0.00693123	0.0378138
0.0300011	0.013751	0.0381459
0.0289682	0.0159223	0.0380978
0.0315512	0.0118492	0.0383577
0.0155021	0.00670109	0.0365316
0.0338076	0.00825687	0.0386862
0.0395334	0.00477928	0.0392752
0.0288609	0.0150232	0.0379612
0.0357922	0.01164	0.0387689
0.0350726	0.0141132	0.0385892
0.0445331	0.00550606	0.0397273
0.0419474	0.0170055	0.0395646
0.0179511	0.00397264	0.0367758
0.0241774	0.0111284	0.0374833
0.0286787	0.00808405	0.038008
0.0264452	0.00951765	0.0376134
0.0410466	0.00906293	0.0393868
0.0408897	0.0103367	0.0394459
0.0379629	0.0122055	0.0389481
0.0123455	0.00645041	0.0361916
0.0321771	0.00874384	0.0383048
0.0377205	0.0061829	0.0390045
0.0189048	0.00345656	0.0367364
0.0371728	0.00731942	0.0389013
0.0250112	0.0133464	0.0376006
0.0320692	0.0115178	0.0384037
0.0279644	0.0125177	0.0378586
0.0230434	0.00916506	0.0373359
0.0400729	0.00959272	0.0393401
0.035368	0.00322406	0.0388104
0.0378475	0.00578266	0.0389614
0.0343256	0.0113462	0.0387257
0.0318403	0.0104126	0.0383905
0.0380102	0.0148347	0.0388956
0.0253342	0.00128551	0.037693
0.0212347	0.015532	0.0370385
0.0211479	0.0147058	0.0371397
0.0409445	0.0160885	0.0394081
0.0134779	0.00446185	0.0362092
0.0147702	0.00584364	0.0363638
0.0344413	0.0113846	0.038607
0.0339817	0.00846779	0.0385368
0.0194505	0.00494951	0.0370763
0.0349881	0.00607337	0.0386454
0.0387102	0.00943677	0.0389581
0.0415802	0.0115063	0.0393474
0.0285301	0.00862865	0.037988
0.0433944	0.00808905	0.0396296
0.0327499	0.00707417	0.0383493
0.0397661	0.0116711	0.0391573
0.00861086	0.013084	0.0355635
0.044374	0.0126317	0.0396471
0.0354996	0.0134094	0.0388004
0.00162422	0.00663542	0.0348691
0.0314363	0.00916911	0.0381672
0.0313902	0.0157623	0.038354
0.044072	0.00940686	0.0397565
0.0403633	0.0146203	0.0393192
0.0203521	0.00527754	0.0370595
0.00401455	0.0125148	0.0354229
0.0463263	0.0024995	0.0400017
0.0246394	0.00564857	0.0376669
0.0370692	0.00326948	0.0389131
0.0243252	0.0109878	0.0376191
0.0427813	0.0052806	0.0396191
0.0275634	0.01438	0.037812
0.0313085	0.00967322	0.0383306
0.0452714	0.0154869	0.0398109
0.0275583	0.0124126	0.0378731
0.0397245	0.0165824	0.0391497
0.039837	0.0104994	0.0390759
0.0264212	0.0108447	0.0378
0.0368832	0.00707423	0.0388598
0.0335293	0.0125699	0.0385439
0.031467	0.00545857	0.0382742
0.0338739	0.0160809	0.0384929
0.0394847	0.0160825	0.0392545
0.0370173	0.0118773	0.0388944
0.024358	0.0148526	0.0374696
0.00285192	0.011566	0.0350876
0.0328759	0.0143095	0.0384958
0.0197987	0.0119455	0.0370947
0.0210629	0.0130495	0.0371009
0.0299399	0.0147936	0.0382363
0.0372306	0.0159071	0.0389834
0.0298774	0.00161895	0.0381183
0.0260016	0.00488661	0.0376594
0.0382086	0.013177	0.0390861
0.0312712	0.0132815	0.0381855
0.0326514	0.0135743	0.0385097
0.0402174	0.00633169	0.0390968
0.0382561	0.00916418	0.0389052
0.0376843	0.0150269	0.0388757
0.0449233	0.0042205	0.0398918
0.0254194	0.0153651	0.0376339
0.0357924	0.0058806	0.0387599
0.0204703	0.00786869	0.0370358
0.0178106	0.00432579	0.036887
0.0407263	0.0132611	0.0392749
0.0363652	8.44825e-05	0.0387446
0.0186676	0.0021406	0.0368366
0.0381121	0.0172715	0.0389775
0.0244238	0.000199799	0.0375063
0.0248633	0.0157532	0.0375451
0.0383624	0.0176392	0.039286
0.0333255	0.0045583	0.0384925
0.0447446	0.0135431	0.0396812
0.0415176	0.00863457	0.039453
0.0303836	0.0121886	0.0382315
0.0373007	0.00246726	0.0389389
0.0317717	0.0137955	0.0382818
0.0268845	0.0121917	0.0379002
0.0275937	0.0137315	0.0379348
0.0084917	0.0063425	0.0356445
0.0101715	0.0169819	0.0360476
0.0422721	0.00785822	0.0394182
0.03479	0.0129307	0.038705
0.038577	0.0144821	0.0391426
0.030588	0.0112004	0.0382431
0.0308041	0.0116569	0.0382177
0.0362877	0.0049674	0.0389044
0.0341133	0.0123172	0.0386999
0.0414382	0.00166229	0.0394107
0.035745	0.00380302	0.0387508
0.0271272	0.0125356	0.0378399
0.0244155	0.00427285	0.037595
0.0460757	0.0150915	0.0401513
0.0306798	0.0152667	0.0382388
0.0267527	0.00149988	0.0374618
0.0120214	0.0121091	0.0363038
0.0311505	0.0126756	0.0383258
0.019338	0.00932793	0.0371114
0.0376517	0.0157749	0.0391527
0.0258406	0.0121647	0.0376261
0.0278676	0.00964256	0.0379491
0.0374832	0.0146891	0.0389624
0.0437853	0.0148527	0.0397859
0.0343963	0.0130357	0.0385578
0.0225904	0.0150981	0.0374161
0.0316109	0.010501	0.0382166
0.027367	0.00632895	0.0379518
0.0273362	0.0110133	0.037899
0.0203375	0.00805428	0.0372317
0.0340278	0.00611594	0.0385791
0.0288814	0.00782832	0.0379266
0.0330885	0.00973039	0.0385256
0.0156726	0.0126306	0.0364967
0.0459412	0.00754955	0.0399244
0.0217086	0.0144202	0.0372547
0.0172543	0.00554913	0.0367024
0.0367099	0.0108185	0.0388804
0.0451364	0.0161321	0.0398625
0.0297657	0.00753518	0.038118
0.0150187	0.001136	0.0366407
0.0314145	0.0113489	0.0384668
0.0199513	0.00584128	0.0372099
0.0340258	0.0143101	0.0386117
0.0378336	0.0123954	0.0389471
0.0430064	0.00848552	0.0395905
0.0251988	0.00164975	0.0376715
0.0441401	0.00191792	0.039733
0.0301745	0.00460738	0.0380471
0.040462	0.0120537	0.0394632
0.0341424	0.00407954	0.0386934
0.0354399	0.00911009	0.0386954
0.0189448	0.0163662	0.0369578
0.0195335	0.0108902	0.0368665
0.0403865	0.0037105	0.0392477
0.0393802	0.00014011	0.0391669
0.0290922	0.0155864	0.0381073
0.0255264	0.00445167	0.0375944
0.0352407	0.00868807	0.0386871
0.0216345	0.0105724	0.0371622
0.0138932	0.0125278	0.0363934
0.0140414	0.0117082	0.0365704
0.0393766	0.0169757	0.039068
0.0161485	0.0121142	0.0366351
0.0367645	0.006093	0.0389212
0.0360955	0.00575841	0.0388498
0.033891	0.011966	0.038506
0.0382076	0.0149091	0.0390421
0.0424242	0.0114025	0.0395443
0.0125207	0.0135027	0.0363363
0.0330606	0.0112351	0.0384602
0.0241511	0.00859884	0.0376171
0.00704957	0.00597809	0.0356675
0.0386964	0.00891691	0.0390649
0.0321787	0.016508	0.038532
0.0427908	0.00259406	0.0395207
0.047258	0.0083054	0.0401717
0.0345525	0.0106774	0.0388068
0.0371364	0.0166331	0.0389409
0.0199128	0.00855278	0.0369926
0.02314	0.00856641	0.0375066
0.0355804	0.0110402	0.0388295
0.0243637	0.00950169	0.0374808
0.00844119	0.00626029	0.035764
0.020707	0.010304	0.0370525
0.0378881	0.00618573	0.0391444
0.0138266	0.00792532	0.0365287
0.0392151	0.00744988	0.039276
0.0395473	0.0149639	0.0393179
0.0157588	0.0116842	0.0364755
0.0211137	0.0147332	0.0371928
0.0394782	0.0101955	0.0392345
0.0222665	0.00711024	0.037391
0.042678	0.0113057	0.0395113
0.0341366	0.0120375	0.0385551
0.0241013	0.000721685	0.0376569
0.0291423	0.0138408	0.0379404
0.0300305	0.0144619	0.0381784
0.0331023	0.00962459	0.0384901
0.0246815	0.0149848	0.0376363
0.0314694	0.0152969	0.0383145
0.0367369	0.0115153	0.0388692
0.0335343	0.00850551	0.0384068
0.0270699	0.00576987	0.0379103
0.0184506	0.000363768	0.0368795
0.04002	0.000660923	0.0392428
0.0344203	0.00848303	0.0385862
0.0203745	0.00985735	0.0368014
0.0243869	0.0142738	0.0374104
0.0350903	0.0151411	0.0388684
0.0362577	0.00540734	0.0388107
0.00730279	0.000591876	0.0353142
0.0290331	0.00960981	0.0380707
0.0183027	0.0134005	0.036845
0.0297718	0.00925239	0.0381328
0.0432003	0.017379	0.0397113
0.0217715	0.00812623	0.0372683
0.0212606	0.00979692	0.0371327
0.0258073	0.00360865	0.0376227
0.00938978	0.0112764	0.0356917
0.0352413	0.00557824	0.0388252
0.0263536	0.0163225	0.0378054
0.0272136	0.0193666	0.0378221
0.0301765	0.00629419	0.0382488
0.0250545	0.0159975	0.037664
0.0314347	0.011236	0.0383413
0.0368536	0.0115451	0.0389834
0.0338414	0.0150471	0.0385899
0.0184009	0.00604401	0.0367254
0.0235732	0.0162414	0.0375269
0.0244645	0.0123465	0.0375
0.0347339	0.00410144	0.0387249
0.0474076	0.00997024	0.0402467
0.0281967	0.00258583	0.0380162
0.0200014	0.0125591	0.0371539
0.0294257	0.00101595	0.0382364
0.0344744	0.00876111	0.0386435
0.0315756	0.00750128	0.0383236
0.0301175	0.00634705	0.0381762
0.0361495	0.00651066	0.0389373
0.0249889	0.00200632	0.0374879
0.0146514	0.000613356	0.036352
0.0371978	0.00991189	0.0388915
0.0318114	0.0121298	0.0383769
0.00690563	0.00839594	0.0355195
0.0354525	0.0100023	0.0387005
0.0282038	0.00945373	0.0379734
0.0374368	0.0108671	0.0388237
0.0362889	0.0141137	0.0388777
0.03032	0.00701347	0.0383194
0.0345505	0.0119808	0.038696
0.0367732	0.0174529	0.0389878
0.0416325	0.010776	0.0396019
0.036694	0.0132577	0.0389451
0.0217021	0.0105784	0.0372246
0.0296636	0.0100673	0.0381341
0.013822	0.0103798	0.0364838
0.0481362	0.00741706	0.0402744
0.0388198	0.0134706	0.0391756
0.018804	0.00830661	0.036858
0.0367723	0.0156158	0.039118
0.0398125	0.000626276	0.0391543
0.017322	0.00893758	0.0368213
0.0344547	0.0150474	0.0386709
0.0354601	4.60168e-05	0.0386527
0.0338456	0.0107043	0.0385586
0.0201509	0.00863412	0.0369619
0.0197494	0.00646083	0.036687
0.0205688	0.0142223	0.0371933
0.0335365	0.00928329	0.0385007
0.0232123	0.000156513	0.0374472
0.0322826	0.00904524	0.038364
0.0413055	0.0120412	0.0395821
0.0242592	0.00816675	0.0375469
0.0180572	0.00840766	0.0369977
0.0273245	0.00952967	0.0378963
0.0293266	0.0111873	0.0379902
0.029273	0.0151843	0.0381564
0.0255361	0.0118198	0.037598
0.0275861	0.0161602	0.0378402
0.0373678	0.0101467	0.0389096
0.0304147	0.0082032	0.0381995
0.0349687	0.00352616	0.038621
0.0272858	0.00614442	0.0378048
0.0252441	0.0164511	0.0376796
0.0282104	0.00894959	0.0380766
0.0318213	0.0145819	0.0382806
0.0277976	0.00898515	0.0378928
0.0281196	0.000468736	0.038018
0.028765	0.00548925	0.0380101
0.011149	0.0101348	0.0360841
0.02809	0.00689347	0.0379552
0.029167	0.0132389	0.0379627
0.0227652	0.0124951	0.0374142
0.0352863	0.0035877	0.0388872
0.0428474	0.00864909	0.0396571
0.000752057	0.00904397	0.0348636
0.0357159	0.00935325	0.038734
0.0401454	0.0146476	0.039437
0.0493912	0.0111506	0.0403588
0.0479903	0.0157882	0.0401463
0.00825381	0.00376961	0.0357344
0.0221763	0.0167929	0.0372116
0.0379369	0.00518146	0.0390472
0.0246298	0.0127558	0.0375329
0.0275127	0.00467005	0.0379577
0.0314381	0.0168157	0.0383024
0.0193857	0.0113887	0.0370546
0.0238975	0.0161637	0.0374015
0.0287535	0.00989401	0.0380592
0.0388085	0.0140322	0.0391256
0.00108661	0.0113486	0.0344134
0.0286101	0.0108389	0.0379792
0.0379926	0.0108189	0.0390343
0.0391665	0.0102466	0.039083
0.0292431	0.0105865	0.0381673
0.0292006	0.0145951	0.0380645
0.0370632	0.00893722	0.0388812
0.0125436	0.00307605	0.03618
0.0101166	0.0154997	0.0358049
0.0209333	0.00506916	0.037216
0.0359639	0.0133929	0.0388279
0.0378397	0.00875777	0.0391468
0.0388329	0.0131704	0.0391947
0.0209894	0.010603	0.037214
0.017929	0.00391184	0.0368836
0.0159394	0.0164011	0.0367117
0.0360601	0.00468907	0.0387466
0.0322338	0.012774	0.0383083
0.0364074	0.0134154	0.0389177
0.0347577	0.0126037	0.0385547
0.0243976	0.0124707	0.0375119
0.0387274	0.0119417	0.0390791
0.0269321	0.0126739	0.037901
0.0284664	0.0115087	0.038022
0.00557257	0.0105196	0.0354365
0.036901	0.00533223	0.0388904
0.0210898	0.00130082	0.0372694
0.0185885	0.0143429	0.0370156
0.0297544	0.00869538	0.0380124
0.0432375	0.00465838	0.0397362
0.0378864	0.0108739	0.0391343
0.0411377	0.00907602	0.0393867
0.0335265	0.0128008	0.0386688
0.0450898	0.010471	0.0398827
0.0393944	0.00991861	0.0392146
0.000875711	0.0100711	0.0349679
0.0167934	0.00805488	0.0366432
0.0322143	0.0158758	0.0385255
0.0315477	0.00862218	0.0382594
0.027937	0.0120862	0.0377833
0.0310887	0.0125795	0.0382972
0.0434076	0.00183378	0.039653
0.0180945	0.0075739	0.0368179
0.0358501	0.0100315	0.0387439
0.0204628	0.0116163	0.0372121
0.0294374	0.00484784	0.0381748
0.0456984	0.0123092	0.039951
0.0402909	0.00552032	0.0392279
0.0242869	0.0148461	0.0374025
0.034081	0.00277619	0.0386605
0.0467065	0.00334356	0.0401363
0.0248821	0.00769004	0.0375518
0.0321992	0.0166468	0.038402
0.0212789	0.0161466	0.0372008
0.0376067	0.0115341	0.0389562
0.0375112	0.00935567	0.0390445
0.0321543	0.00823631	0.0384152
0.0220595	0.0124587	0.0372126
0.0382695	0.00809152	0.0390769
0.0307516	0.00469502	0.0382244
0.0105545	0.00729831	0.0359556
0.0160511	0.00326476	0.0365104
0.00653318	0.00623313	0.035448
0.0341618	0.0157727	0.0386057
0.0330702	0.00907134	0.0384495
0.0263672	0.0147392	0.0379394
0.0426418	0.0107968	0.0394934
0.0474324	0.0078952	0.0399982
0.0435436	0.00768498	0.0396332
0.0389196	0.0103269	0.0392801
0.0230498	0.0157451	0.0372479
0.030235	0.00879538	0.0381882
0.0404597	0.00766338	0.0393266
0.0286119	0.0115679	0.0379827
0.0427386	0.00303746	0.0396959
0.0415	0.0121182	0.0395134
0.0204011	0.0114286	0.0369751
0.035742	0.0137839	0.0389807
0.0199438	0.0115308	0.0370894
0.0369087	0.0139959	0.0389104
0.0296287	0.00799758	0.0381553
0.0442631	0.00778627	0.0396254
0.0303804	0.00803509	0.0381175
0.0355093	0.0116501	0.0387461
0.022954	0.013982	0.0374568
0.0299527	0.0085578	0.0382432
0.0260363	0.00753905	0.0376892
0.0160784	0.0131068	0.0366536
0.0285364	0.0130482	0.0380894
0.0304156	0.0139867	0.0382173
0.0331742	0.01144	0.0384754
0.0318389	0.00272885	0.0382895
0.0399456	0.0113273	0.0393103
0.0224485	0.0128938	0.0374196
0.0259538	0.0117324	0.0376792
0.0129544	0.00909867	0.0362541
0.0271177	0.00974962	0.0378146
0.0427197	0.0119315	0.0394839
0.0445452	0.00598849	0.039864
0.0178572	0.013634	0.0367499
0.0368354	0.0108044	0.0388684
0.0306136	0.00781159	0.0382422
0.0318363	0.0169951	0.0384806
0.0308749	0.00741281	0.0382042
0.0363523	0.0161734	0.0388109
0.034353	0.0152375	0.0387695
0.0157251	0.00991401	0.0365084
0.0261241	0.0055599	0.037763
0.0339889	0.0162495	0.0385124
0.0290019	0.0141051	0.0381509
0.022319	0.00820704	0.0372331
0.0210218	0.0108093	0.0371552
0.0101748	0.0167195	0.036048
0.0392595	0.0136913	0.0390575
0.0400547	0.00843246	0.0392838
0.016048	0.0128766	0.0365446
0.032833	0.0136115	0.0383511
0.0289713	0.00704534	0.0380603
0.0164938	0.0101978	0.0365481
0.03562	0.0162588	0.038811
0.0452563	0.014161	0.0397838
0.0499441	0.00542075	0.0406174
0.0437011	0.0131913	0.0395347
0.0385758	0.00985495	0.0390532
0.0195139	0.00502433	0.0369639
0.0516374	0.011291	0.0405824
0.0311333	0.0147096	0.0381723
0.0250112	0.0144883	0.03748
0.0449415	0.00586698	0.0397062
0.0242343	0.00505991	0.0373939
0.0324764	0.0147839	0.0384798
0.0180441	0.00589145	0.0367432
0.0332882	0.0140865	0.0386392
0.012933	0.010502	0.0361157
0.0329431	0.0124812	0.0385981
0.00895862	0.0118619	0.0354166
0.0185726	0.0158852	0.0368489
0.00973034	0.0105313	0.0360383
0.00242071	0.0150476	0.0352573
0.033061	0.0108177	0.0385484
0.0344953	0.0109708	0.0387762
0.0391071	0.0151634	0.0391925
0.0363744	0.0122966	0.0387912
0.0288705	0.00493754	0.0379475
0.0332874	0.012703	0.0384634
0.0403753	0.0107858	0.0392054
0.04411	0.00843181	0.0397958
0.0397427	0.0149093	0.0393072
0.030535	0.0161012	0.0381289
0.0468407	0.0145695	0.039852
0.0339079	0.00267616	0.038699
0.042875	0.0161073	0.0394982
0.0201745	0.0165052	0.0371566
0.0367051	0.0143233	0.0389407
0.0417036	0.00539327	0.0392486
0.0287219	0.00594662	0.0381565
0.0332321	0.0160549	0.0385982
0.0240946	0.0142914	0.0373708
0.0480113	0.00899318	0.0402118
0.0172268	0.00787121	0.0369146
0.0355683	0.0112419	0.038775
0.0316506	0.0107101	0.0383875
0.0397427	0.0118545	0.0393073
0.0273808	0.014656	0.0378676
0.00984855	0.0140233	0.0357522
0.0332942	0.0117923	0.038482
0.0255736	0.0159926	0.0376546
0.0315397	0.00756567	0.0382034
0.0351423	0.0119621	0.038666
0.0290733	0.00560493	0.0379298
0.0373778	0.00304955	0.0389405
0.0255681	0.00932486	0.0377857
0.0332261	0.0045089	0.038488
0.0303756	0.00602456	0.0381447
0.0294509	0.0130286	0.0380456
0.0213142	0.00767201	0.0373406
0.0143843	0.0169393	0.0364831
0.0289431	0.0126074	0.0379885
0.0323188	0.00818295	0.0385046
0.0278507	0.0103757	0.0380096
0.0415937	0.0106109	0.039471
0.0416074	0.0104543	0.0395808
0.0393237	0.0153394	0.0392321
0.013669	0.00495678	0.0365395
0.0338895	0.00513903	0.0386456
0.0229297	0.00737775	0.0372334
0.0489891	0.0163887	0.0403479
0.0337724	0.0121761	0.0386953
0.0319476	0.00888764	0.0384779
0.0404823	0.00585162	0.0392717
0.0341649	0.0151975	0.0384664
0.0405408	0.00871452	0.0392856
0.0346819	0.00377778	0.0385066
0.0391712	0.0117176	0.0392565
0.0240149	0.00830851	0.037449
0.037465	0.0106614	0.0389739
0.0234769	0.0155115	0.0374269
0.0115813	0.0108704	0.0359774
0.0272569	0.0141688	0.0377781
0.0420936	0.00923844	0.0394395
0.0337262	0.0125402	0.038542
0.0314962	0.00486738	0.0382823
0.0281035	0.0129651	0.0378743
0.0455401	0.0143462	0.039757
0.014507	0.0121087	0.036327
0.029961	0.00890136	0.0382099
0.0356742	0.0147356	0.0386955
0.0324411	0.0128431	0.0383213
0.0353306	0.011555	0.0388743
0.0306897	0.0147855	0.0382269
0.0527177	0.00882539	0.0408548
0.0382851	0.0130635	0.039124
0.0389006	0.0152499	0.0390283
0.0365192	0.00413279	0.0388569
0.0479639	0.0107246	0.040253
0.0240638	0.00809087	0.0374567
0.0414775	0.00710082	0.0395139
0.0271852	0.00717554	0.0378643
0.0323207	0.0167672	0.0384027
0.0288667	0.0127699	0.0381095
0.0275761	0.0102242	0.0378616
0.0346842	0.00978577	0.0386334
0.0493254	0.0145986	0.0403833
0.0309775	0.0141441	0.0381364
0.0402583	0.0131897	0.0393601
0.0338382	0.0140509	0.038453
0.0320275	0.00195663	0.0382559
0.0330375	0.0153886	0.0384763
0.0314936	0.0121035	0.0382975
0.0301185	0.0142638	0.0380802
0.0307539	0.0156205	0.038248
0.0168966	0.0122555	0.0365585
0.0168371	0.0108472	0.0367359
0.0227586	0.00782376	0.0373175
0.0270901	0.013818	0.0377486
0.0329846	0.00519172	0.0386314
0.0268438	0.0153389	0.0377976
0.0169615	0.0143144	0.0367621
0.0454269	0.0146593	0.0397897
0.0343933	0.00910906	0.038733
0.0121234	0.0149158	0.0362607
0.0398359	0.0025461	0.0391472
0.0293246	0.0120469	0.0379805
0.0406059	0.00941758	0.0391472
0.0337712	0.0152448	0.038777
0.0496756	0.0111269	0.0404027
0.0291361	0.00886628	0.0380221
0.0355479	0.00907453	0.0387226
0.0140182	0.0129054	0.0362859
0.0388002	0.0123098	0.039127
0.0498056	0.0162502	0.0405872
0.0251199	0.00698548	0.0377579
0.0364927	0.0154555	0.0388884
0.0251937	0.0135565	0.037551
0.0438322	0.0119692	0.039597
0.0203842	0.0102112	0.0370739
0.0482006	0.000624667	0.0401417
0.0413045	0.00573627	0.0395994
0.0389926	0.0137809	0.0393078
0.0213683	0.0120942	0.0370888
0.0254678	0.0150367	0.0377216
0.0382161	0.010112	0.038908
0.0390317	0.0100449	0.0392122
0.0371625	0.0122509	0.0388832
0.0362934	0.0114958	0.0387087
0.0252103	0.0113913	0.0374803
0.0302182	0.00801438	0.0381915
0.0274222	0.00649168	0.0379561
0.0307409	0.00751804	0.0383444
0.0202777	0.00900715	0.0370816
0.0264072	0.00688682	0.0378371
0.0379559	0.0142552	0.0390966
0.0489884	0.0162408	0.0404907
0.0171649	0.014949	0.0367627
0.0394935	0.000506125	0.0392663
0.00115813	0.0124813	0.0350509
0.0204975	0.0116628	0.0370336
0.0337542	0.0137086	0.0386843
0.0533807	0.00991393	0.0406886
0.0264309	0.00415984	0.0378791
0.0305278	0.00148623	0.0383085
0.0409701	0.00451529	0.0393328
0.044974	0.0132215	0.0399271
0.0365843	0.0127268	0.0389448
0.033356	0.011022	0.0384541
0.0219616	0.00615536	0.0372281
0.0354198	0.0121209	0.0387183
0.0305034	0.0164269	0.0383261
0.0449937	0.000854282	0.0396905
0.0338812	0.0117499	0.0386528
0.0163794	0.0085646	0.0367753
0.0113259	0.0157377	0.03593
0.0166243	0.0148684	0.0365993
0.0306476	0.00971778	0.0382405
0.0284589	0.00758307	0.0379955
0.00932885	0.00820419	0.0358093
0.0427181	0.0148207	0.0395857
0.0301064	0.00418094	0.0383218
0.0416702	0.00230779	0.039382
0.0316107	0.0141119	0.0382864
0.0300142	0.0126592	0.0383241
0.0218496	0.00683955	0.0370368
0.00988951	0.00101228	0.0359139
0.0378854	0.00879094	0.0389919
0.0365424	0.0120843	0.0389444
0.0320812	0.00850634	0.0383609
0.0317954	0.0109847	0.038505
0.0363241	0.0145732	0.0387143
0.0178265	0.00189398	0.0369022
0.037603	0.0108874	0.0389315
0.0158024	0.0104271	0.036452
0.0251143	0.00955701	0.0377337
0.0249572	0.00959468	0.0375534
0.0320145	0.0161248	0.0382993
0.0408161	0.0141411	0.0393199
0.0320692	0.0130909	0.0384853
0.0357337	0.0160533	0.0388231
0.0361516	0.0119598	0.038835
0.0517549	0.00982015	0.0407295
0.0326403	0.00595103	0.038425
0.0200944	0.0160048	0.0368946
0.0353377	0.0113841	0.0388725
0.0238446	0.00954223	0.0374909
0.0354208	0.00443363	0.0387317
0.0221522	0.00989749	0.0372315
0.033826	0.00774344	0.0385836
0.0386861	0.0104284	0.0391359
0.00973936	0.00690255	0.0356893
0.0367624	0.0118752	0.0388189
0.0207185	0.0122267	0.0371767
0.0326616	0.00564121	0.0383085
0.0298978	0.00299767	0.0382286
0.0341659	0.0100666	0.0385617
0.0193041	0.00106636	0.0371717
0.0368369	0.0046453	0.0389703
0.0247828	0.0110585	0.0373943
0.0271241	0.00949971	0.0378293
0.0128561	0.00516796	0.0364511
0.024339	0.0122364	0.0374851
0.0401779	0.00790299	0.0393716
0.0205218	0.0161836	0.036998
0.0413927	0.00922356	0.0394185
0.0413891	0.0135798	0.0394097
0.0268977	0.00435452	0.037891
0.0309616	0.0157917	0.0382656
0.0318911	0.0100467	0.0383528
0.0302573	0.00705131	0.0383122
0.0404482	0.0130201	0.0392007
0.0324929	0.0154456	0.0383522
0.0277508	0.0165838	0.0379532
0.0313468	0.0137896	0.0382319
0.0129472	0.012553	0.036115
0.0417919	0.0148576	0.0394983
0.0422459	0.0120463	0.0396029
0.0191801	0.00871481	0.0371001
0.0433426	0.00188876	0.039649
0.0384161	0.0124453	0.0391569
0.0413058	0.00867597	0.039477
0.0329329	0.001077	0.0384516
0.0336437	0.0143605	0.0385882
0.0289032	0.00212802	0.037914
0.0384806	0.00849272	0.0390321
0.0364082	0.00764981	0.0389183
0.0329907	0.0115367	0.0384954
0.0358373	0.00672698	0.0388168
0.0269329	0.00821869	0.0377253
0.0303045	0.0092908	0.0383166
0.0317594	0.0134324	0.0383632
0.038717	0.0141435	0.0389889
0.0463856	0.00906212	0.0400963
0.0316341	0.0104206	0.0382765
0.0463737	0.0168149	0.0398912
0.0254732	0.0118674	0.0376555
0.0233127	0.00385115	0.0375176
0.0349655	0.00673633	0.0386398
0.0232371	0.00511265	0.0374293
0.0311363	0.00920061	0.0382943
0.0224462	0.00654059	0.0372829
0.0195145	0.00902413	0.0367101
0.0313115	0.0140808	0.0381734
0.0244363	0.0116969	0.0375292
0.0128637	0.0127604	0.0364049
0.0266342	0.0105109	0.0377613
0.0126397	0.00490638	0.0363059
0.0275641	0.0128657	0.0377782
0.021645	0.0108574	0.0373635
0.0383407	0.00723698	0.0392103
0.0315772	0.0118553	0.038325
0.0132471	0.00392952	0.0362055
0.0258428	0.0129261	0.0376626
0.051505	0.00102186	0.0407991
0.0456658	8.12763e-05	0.0399296
0.0216145	0.00903743	0.0371306
0.0342825	0.0161281	0.0386166
0.0403138	0.0131549	0.0394849
0.0428589	0.00760418	0.0396821
0.0354641	0.00745161	0.0387858
0.0198242	0.0168224	0.0371249
0.0336358	0.0135659	0.0387411
0.0170492	0.00805333	0.036584
0.0306182	0.0102614	0.038228
0.0273083	0.0155369	0.0379157
0.040339	0.0131354	0.0391996
0.0353848	0.0163271	0.0388892
0.0341162	0.0136873	0.0385407
0.0462746	0.000998957	0.0398664
0.0377581	0.00245038	0.0390614
0.0290106	0.0106854	0.0380116
0.0470699	0.0136922	0.0398799
0.0211883	0.00730368	0.0370727
0.0464078	0.00422144	0.0399942
0.0424206	0.00956665	0.0394775
0.0422594	0.0161184	0.0394317
0.036553	0.0105967	0.0388363
0.0292961	0.00247069	0.0380771
0.016818	0.0102742	0.036548
0.0120926	0.00626473	0.0360585
0.0424023	0.00834674	0.0394741
0.0337262	0.00432283	0.0386738
0.0383784	0.00676996	0.0391327
0.0319094	0.00214508	0.0385492
0.0365923	0.0149316	0.038795
0.0386513	0.0164494	0.0390997
0.0371683	0.0067688	0.0388895
0.031048	0.0152669	0.0383806
0.0312852	0.00932593	0.0382704
0.0332972	0.0129209	0.0385819
0.0321001	0.0126267	0.0383543
0.013851	0.0115689	0.0363004
0.034875	0.0021809	0.0387405
0.0141823	0.0111176	0.036296
0.0284964	0.0066403	0.0381258
0.0229221	0.011076	0.0373627
0.0256494	0.00929654	0.0376388
0.0178436	0.00839153	0.0369749
0.0280854	0.0113822	0.0378513
0.0316373	0.0120511	0.0382917
0.030288	0.00951858	0.0381701
0.0153529	0.00969931	0.0365221
0.0311719	0.00754312	0.0384056
0.0226858	0.00321791	0.0372883
0.0242374	0.0129337	0.0374189
0.0120679	0.0151375	0.0360335
0.0420981	0.00931279	0.0393067
0.0381278	0.0105181	0.0390362
0.0254562	0.0131244	0.0376273
0.0331197	0.00668688	0.0385315
0.0286763	0.0143669	0.0380738
0.0306824	0.0125423	0.038231
0.0406668	0.00958882	0.0393265
0.013916	0.00636029	0.0361913
0.0394619	0.00656844	0.0391358
0.0291677	0.0145461	0.0379516
0.0251021	0.0141122	0.0375085
0.0199614	0.00756638	0.0370636
0.0433768	0.0138321	0.0398334
0.0224587	0.00936467	0.0373863
0.0364015	0.0110819	0.0387973
0.0229271	0.0119535	0.0373941
0.0251555	0.0148399	0.0375403
0.0436036	0.000333652	0.0396483
0.040834	0.0117364	0.0392965
0.0230827	0.00639733	0.0373642
0.0074675	0.0149174	0.035712
0.0285615	0.0132328	0.0380966
0.0225643	0.0168459	0.0373145
0.0305393	0.0115936	0.0381849
0.0269612	0.00862511	0.0378695
0.0248478	0.0162229	0.0375099
0.0231304	0.0073149	0.0373497
0.0304397	0.0111496	0.0382165
0.0144799	0.0107341	0.0362793
0.0286792	0.0148176	0.0378956
0.0350738	0.0160406	0.0387077
0.0219314	0.0168372	0.0372335
0.0319642	0.0118513	0.0384068
0.0480682	0.016361	0.0402921
0.0468132	0.00562571	0.0399171
0.0265859	0.00661487	0.0377853
0.0358875	0.0147033	0.0386859
0.0519768	0.00992207	0.0407874
0.0222417	0.0133135	0.0371853
0.0469165	0.0160113	0.0401528
0.0304931	0.0121152	0.0382324
0.04059	0.0130734	0.0394018
0.0221095	0.0141682	0.0373666
0.0378655	0.0124411	0.0389855
0.0290442	0.00615577	0.0380478
0.0336808	0.0119014	0.0384811
0.00576732	0.0138831	0.0356246
0.0221112	0.0058592	0.0374256
0.0260472	0.0124308	0.0376427
0.0344552	0.00570552	0.0387244
0.0454986	0.0154251	0.0397075
0.0171652	0.0146253	0.0367238
0.0203664	0.011935	0.0372342
0.043658	0.0107939	0.0395739
0.0206276	0.000478448	0.0372256
0.0298204	0.0134649	0.0381246
0.0293905	0.0161066	0.0380148
0.0361405	0.0117303	0.0388324
0.0221961	0.00514109	0.03724
0.0286407	0.0125028	0.0379475
0.0162653	0.0122885	0.0364932
0.0347106	0.0169558	0.0388599
0.0386312	0.00212006	0.0392617
0.00645997	0.00870448	0.0353311
0.0296343	0.0161775	0.0382393
0.0325101	0.0166231	0.0383587
0.0179132	0.000766481	0.0370328
0.0279431	0.0143989	0.0378338
0.0449411	0.0115119	0.0397512
0.0396792	0.0137175	0.0392434
0.0315117	0.0105036	0.0383169
0.0206173	0.00610798	0.0371934
0.0291718	0.0147476	0.0379945
0.0320375	0.0135326	0.0384121
0.0157236	0.0127031	0.0365197
0.0263006	0.0156624	0.0377225
0.0240842	0.0145494	0.0375098
0.0311578	0.0139449	0.0382725
0.0354759	0.0150025	0.0386398
0.0272029	0.0113922	0.0377657
0.0285927	0.0125133	0.037985
0.04244	0.00298614	0.0395416
0.0338804	0.0147552	0.0386037
0.0507428	0.0037234	0.0406132
0.0302902	0.00512202	0.0382659
0.0323442	0.0127853	0.038391
0.0408891	6.46636e-05	0.0395246
0.0336974	0.011016	0.0385648
0.0181646	0.012662	0.0369083
0.0408734	0.0141234	0.0393939
0.0251003	0.014502	0.0374883
0.0277172	0.0104573	0.0378614
0.0391732	0.00906596	0.0393056
0.0409592	0.0158164	0.0395098
0.0332356	0.0113557	0.0384652
0.0247858	0.00531008	0.0375766
0.0352781	0.0153113	0.0387385
0.0271316	0.00434656	0.0377393
0.0218027	0.0158339	0.0373247
0.0345044	0.0039964	0.0385735
0.0241069	0.00878341	0.037574
0.0400564	0.0108413	0.0394281
0.0312313	0.015874	0.0383406
0.0252349	0.0112664	0.0377096
0.00762857	0.00577268	0.0357367
0.015952	0.0052212	0.036624
0.0164144	0.00952873	0.036819
0.0144309	0.0116045	0.0366052
0.0485709	0.00792996	0.0401677
0.0353587	0.0140231	0.0386532
0.0340919	0.0108016	0.0386393
0.0283455	0.013066	0.0378688
0.022423	0.0160188	0.0372925
0.0263121	0.0130634	0.0377715
0.0322702	0.00849681	0.0383811
0.0311994	0.0089766	0.0382463
0.021652	0.0145373	0.0373128
0.0376382	0.00707367	0.0389498
0.0380376	0.00295893	0.0389914
0.0400954	0.00421005	0.0392398
0.0375225	0.000811243	0.0389597
0.0239944	0.0136466	0.0374345
0.0321244	0.0120638	0.0384449
0.0377221	0.00930907	0.0389724
0.0477074	0.00324027	0.0402059
0.0329349	0.00458227	0.0385763
0.0129311	0.00853595	0.0363824
0.0120703	0.0141917	0.0361998
0.0335861	0.0111468	0.0385018
0.0119814	0.0144776	0.0359461
0.0394317	0.00532363	0.0391974
0.0208436	0.00843328	0.0370011
0.0310809	0.00590706	0.0384107
0.0446438	0.0136436	0.039884
0.0321887	0.0123188	0.0384854
0.0429228	0.00576249	0.0396915
0.022447	0.00564365	0.0371706
0.0333681	0.00964245	0.0386239
0.0393357	0.00593032	0.0391779
0.0134832	0.0121682	0.0365065
0.0150465	0.0148818	0.036507
0.0348118	0.0109201	0.038623
0.032376	0.00794871	0.0383681
0.0140704	0.0117629	0.0364079
0.0260259	0.0105439	0.0377326
0.0534867	0.0152244	0.040522
0.0204646	0.0159152	0.0371173
0.0344575	0.00485588	0.0387335
0.00542276	0.00391134	0.0353972
0.0435122	0.0116794	0.0395849
0.0368634	0.00814074	0.0389155
0.0341792	0.0156705	0.0385378
0.0362531	0.0151389	0.0386939
0.0360209	0.00432275	0.0389237
0.0182293	0.00485315	0.0369096
0.0418867	0.0123983	0.0395582
0.0170575	0.00957039	0.0366939
0.0422616	0.00791471	0.0393143
0.0180038	0.0155235	0.0366769
0.0303306	0.0140987	0.0381189
0.0200678	0.00948689	0.0370065
0.0283324	0.0132992	0.0379166
0.0369737	0.0140417	0.0390775
0.0221908	0.0148572	0.0373663
0.0116333	0.00671758	0.0363033
0.0334646	0.0128877	0.038605
0.0441076	0.00829589	0.0398319
0.026692	0.00990208	0.0379182
0.0423763	0.00799109	0.0395486
0.0368201	0.00632862	0.0389683
0.0360079	0.0143398	0.0388463
0.0358909	0.00926275	0.0387527
0.0358895	0.0107428	0.0387516
0.0351325	0.0097989	0.0386774
0.0352273	0.012199	0.0386588
0.0389831	0.0113004	0.0391117
0.038887	0.012336	0.0390752
0.00249341	0.00936948	0.0346241
0.0366212	0.00911889	0.0388345
0.0126029	0.0159879	0.0362215
0.0194476	0.00860129	0.0369383
0.0281324	0.00208203	0.0381068
0.0237717	0.00993579	0.0374475
0.02075	0.00629189	0.0371826
0.0139993	0.00808276	0.036263
0.0278456	0.0095456	0.0377497
0.0309562	0.00326798	0.0381453
0.0162716	0.00618356	0.0365947
0.0161898	0.0159855	0.0364591
0.040946	0.00795434	0.0393284
0.049464	0.00907892	0.0403683
0.0255623	0.00946914	0.0377125
0.0282477	0.0165731	0.0378513
4.19448e-05	0.0125999	0.034644
0.0114901	0.00146323	0.0361164
0.0489602	0.0144048	0.0402074
0.0326159	0.0140199	0.0383434
0.0230654	0.0104759	0.0373166
0.0289611	0.0149925	0.0380786
0.0364471	0.00443315	0.0387005
0.0236933	0.0102436	0.0374633
0.0329204	0.0111788	0.0386322
0.0263083	0.00574707	0.0377055
0.047478	0.00709507	0.040224
0.0334533	0.00550893	0.0384506
0.0138184	0.00377076	0.0361237
0.0375024	0.0116881	0.039121
0.0238585	0.00403405	0.0375333
