0.0401148	0.0152686	0.0365163
0.0336351	0.0146765	0.0371674
0.0346175	0.0129743	0.0371109
0.00952667	0.00410587	0.0398206
0.0277587	0.0093321	0.0378234
0.0391982	0.0110305	0.0364763
0.010751	0.00436173	0.0397847
0.011571	0.00690578	0.0398556
0.0212214	0.0105903	0.0386779
0.0235224	0.0166277	0.0383372
0.0299172	0.0136779	0.0375064
0.0201564	0.0130991	0.0389916
0.0275548	0.0129932	0.0380865
0.0404445	0.000499649	0.0360397
0.0283635	0.00427903	0.0377562
0.0357383	0.0151132	0.0368183
0.0476806	0.0145716	0.0352834
0.0388836	0.00433586	0.0363307
0.03669	0.00623659	0.0366427
0.0295653	0.0123878	0.0376382
0.0190775	0.0129123	0.0388284
0.0457787	0.00672164	0.0356305
0.0335471	0.00990408	0.0371009
0.0395864	0.01536	0.03646
0.0316867	0.00117509	0.0372816
0.0441543	0.00496965	0.0357893
0.0411001	0.00134354	0.0364768
0.0106331	0.00985422	0.0400439
0.0283229	0.0157785	0.0375824
0.0226328	0.00859258	0.038374
0.0307992	0.0136575	0.0373736
0.0153636	0.0144056	0.039342
0.0343067	0.00672352	0.0369724
0.0405589	0.012577	0.0363211
0.0371696	0.0125473	0.036701
0.0197953	0.0106643	0.0388541
0.0285691	0.0154346	0.0377184
0.0348731	0.00175317	0.0368665
0.0237859	0.00334848	0.038279
0.0236949	0.00371459	0.0383379
0.0315438	0.00504137	0.0372241
0.0442045	0.00663033	0.0357083
0.0333449	0.00994451	0.0372633
0.0260412	0.0139223	0.0381422
0.0369411	0.000841517	0.0365592
0.0262922	0.00144529	0.0380074
0.048056	0.0045422	0.035234
0.0362216	0.00168264	0.0366414
0.0357247	0.00829948	0.0368315
0.0357395	0.0123811	0.0368674
0.011535	0.0044914	0.0400144
0.0260502	0.0120513	0.0380317
0.0256844	0.0160141	0.0380202
0.0434508	0.0097468	0.0358924
0.0480672	0.0137528	0.0355243
0.0414281	0.00892712	0.0360139
0.0227975	0.00878957	0.0382972
0.0293074	0.0119937	0.0375711
0.00639495	0.00933827	0.0403369
0.0396791	0.00700208	0.0363505
0.0332305	0.0114348	0.0372336
0.0304521	0.00396365	0.0374877
0.0332579	0.0130794	0.0370514
0.0350128	0.0141282	0.0370052
0.0487523	0.0160601	0.0351987
0.0199079	0.0143121	0.0387039
0.0423749	0.000944632	0.0356974
0.0350526	0.0121588	0.0369764
0.0388205	0.0138629	0.0365256
0.0293481	0.0135338	0.0377494
0.0240139	0.00647163	0.0382453
0.00802367	0.00599401	0.040089
0.0319206	0.0152295	0.0372987
0.0229736	0.007824	0.0385116
0.0307132	0.0124202	0.0373961
0.0244531	0.00813701	0.0381641
0.0264556	0.000896314	0.0378074
0.0260159	0.0147827	0.0379479
0.0335141	0.0146753	0.0369876
0.0353111	0.00313868	0.0368464
0.0275481	0.00525567	0.0378476
0.0319672	0.0114446	0.0373074
0.0435392	0.0151881	0.0358952
0.0248601	0.0110915	0.0381629
0.0406068	0.0126671	0.0361821
0.0266893	0.0125253	0.0378888
0.0270345	0.0158592	0.0378262
0.038401	0.00232595	0.0365807
0.0372715	0.0139553	0.036657
0.0389802	0.0103201	0.036334
0.0386667	0.0104144	0.0364787
0.0307941	0.00960196	0.0374469
0.0424377	0.00637638	0.0359961
0.0313277	0.00267832	0.0372956
0.0321369	0.0147714	0.0375493
0.0334107	0.0148119	0.0370048
0.00284498	0.00559505	0.0407158
0.0373911	0.0129076	0.0366116
0.0307324	0.00415329	0.0374336
0.0191563	0.00915358	0.0390334
0.0423702	0.0122549	0.0362518
0.0247761	0.00779164	0.0381588
0.0283594	0.0100852	0.037773
0.0222371	0.00977345	0.0384814
0.0141082	0.00522011	0.0393831
0.0297042	0.0120732	0.0375942
0.0225067	0.012417	0.0385213
0.0376054	0.0163772	0.0365654
0.0397527	0.0141073	0.036257
0.0246619	0.0106293	0.0382163
0.0414469	0.00799175	0.0362379
0.0434327	0.0140669	0.0359272
0.0359607	0.0147629	0.0369064
0.0426747	0.00273718	0.0358588
0.0148703	0.00872994	0.0394582
0.0286976	0.0162109	0.0375246
0.0295264	0.0151376	0.0379228
0.0267566	0.00564923	0.037986
0.0442972	0.00364933	0.0357289
0.0311975	0.011007	0.037281
0.0230979	0.0166434	0.0383173
0.0150342	0.00682041	0.0392755
0.0418452	0.0125269	0.0362359
0.0285111	0.00209214	0.0376051
0.0333333	0.00201212	0.0371829
0.0199312	0.0122412	0.0387311
0.0266665	0.00900337	0.0379563
0.0220144	0.012453	0.0385858
0.0365082	0.0153381	0.0367921
0.0324194	0.0168772	0.0372078
0.0347758	0.00302565	0.0367698
0.0306194	0.000432057	0.0375611
0.0189108	0.0126956	0.0388026
0.0340785	0.0124394	0.0369574
0.0220406	0.0118284	0.0386859
0.0339386	0.00708193	0.0370453
0.0385966	0.000991462	0.036371
0.0139743	0.00416911	0.0395942
0.0197678	0.00998633	0.0387595
0.0244741	0.00504826	0.0382946
0.0273052	0.00490499	0.0376906
0.0338694	0.0130804	0.0370688
0.0283854	0.0139202	0.0378976
0.0261595	0.0119694	0.0380169
0.0531593	0.00592674	0.0345346
0.0229718	0.0116878	0.0383319
0.0345459	0.00997649	0.0368588
0.0503826	0.0127995	0.0350425
0.0365189	0.0156214	0.0365987
0.0144132	0.00745349	0.0395984
0.0164397	0.00543622	0.0393589
0.0429098	0.00595226	0.0359171
0.0158984	0.0102107	0.0392254
0.0151813	0.00981821	0.0392631
0.0452503	0.0141259	0.0354693
0.0501877	0.0104158	0.0351785
0.0354257	0.0119746	0.036975
0.0291231	0.00780585	0.0375128
0.027807	0.015256	0.0379985
0.017102	0.0133039	0.0393722
0.0343397	0.0129405	0.0370278
0.0330652	0.0120019	0.0371606
0.0150193	0.0128741	0.0393629
0.0243181	0.0141935	0.0382965
0.039003	0.00745478	0.0363054
0.0334478	0.0140775	0.0372938
0.0320946	0.0162578	0.0373665
0.0263051	0.00174082	0.0379183
0.0385568	0.0152561	0.0364079
0.0317878	0.00152107	0.0371807
0.0304343	0.0122441	0.0375088
0.045134	0.0148652	0.0354747
0.00113517	0.00862562	0.0409583
0.0332785	0.0117892	0.0371425
0.0347784	0.0168397	0.0367688
0.0460289	0.00833135	0.0354657
0.0158748	0.0117812	0.0392883
0.0298581	0.0078785	0.0375469
0.0118725	0.0163204	0.0399182
0.0439112	0.0141946	0.0356445
0.0393283	0.0110708	0.0364833
0.0180154	0.00745873	0.0391259
0.0139601	0.00829757	0.0395289
0.0192696	0.0123817	0.0387701
0.0135282	0.0132971	0.0395479
0.0300807	0.00869275	0.0376119
0.0421574	0.0100707	0.036115
0.0337676	0.00150813	0.0371527
0.0352907	0.00694426	0.036914
0.0377943	0.00493738	0.0365251
0.0309306	0.0136223	0.0377025
0.035515	0.0156197	0.0367466
0.0187537	0.0116412	0.0389785
0.0391544	0.00105937	0.0362906
0.0216319	0.00910341	0.0385542
0.0284037	0.00831049	0.0376912
0.0221428	0.00759476	0.0385668
0.0229255	0.0161987	0.038248
0.015965	0.0095004	0.0393589
0.0347394	0.00816327	0.037037
0.016017	0.00461225	0.0390995
0.0304493	0.0126139	0.0374977
0.0383848	0.0135245	0.0365958
0.0340118	0.0124409	0.0371704
0.0410693	0.00468971	0.0362783
0.0361767	0.0130243	0.0367894
0.0169222	0.0150961	0.0389738
0.0322489	0.00799171	0.0373381
0.00557969	0.00480489	0.0403091
0.00775896	0.0117833	0.0401553
0.0344399	0.00621814	0.0369843
0.0122179	0.0194629	0.0396768
0.0214706	0.010908	0.0385691
0.0272722	0.0062817	0.0378622
0.0443409	0.0106509	0.035876
0.0108795	0.0101638	0.040002
0.0270925	0.00666612	0.0377508
0.0479159	0.0158342	0.0354402
0.0412648	0.00767113	0.0360374
0.0241484	0.0147525	0.0382563
0.0364101	0.0142019	0.0367307
0.027523	0.0107323	0.0378784
0.0306999	0.0124743	0.0375021
0.0221398	0.0138161	0.0385713
0.0221454	0.0158727	0.0385372
0.0303907	0.00927898	0.0374799
0.0427971	0.00863446	0.0359815
0.031446	0.016977	0.0377666
0.0106171	0.00934662	0.0398481
0.0239257	0.0104461	0.0382773
0.0166448	0.00480727	0.0389502
0.0365483	0.00836069	0.0367087
0.0158653	0.0112077	0.0392943
0.034431	0.00392348	0.0370523
0.0500275	0.00929145	0.0350941
0.0334345	0.00453845	0.0370512
0.0280218	0.014734	0.0378044
0.0214486	0.0150851	0.0385842
0.0223796	0.00632191	0.0384417
0.0240334	0.0144062	0.0382765
0.0226247	0.00498674	0.0384236
0.0238443	0.016083	0.0382359
0.0121885	0.00497059	0.0395278
0.0310127	0.00713572	0.0374333
0.0366933	0.0109386	0.0366609
0.020542	0.0118972	0.0387707
0.0347045	0.0103369	0.0369439
0.0375907	0.0165687	0.0365755
0.0349463	0.0140351	0.0370008
0.0379965	0.0147241	0.0364157
0.0351876	0.00345209	0.0368604
0.0237	0.0140849	0.0383478
0.0154339	0.000118762	0.0391593
0.0252826	0.0099094	0.0381425
0.0282636	0.00476467	0.0377536
0.0308497	0.00516473	0.0374208
0.0389749	0.00905458	0.0364348
0.019639	0.0120186	0.0386944
0.0262725	0.0162373	0.0381476
0.0374571	0.0104535	0.0366431
0.0386628	0.0140662	0.0365565
0.0248411	0.00737196	0.0382529
0.0208221	0.0081638	0.0387514
0.043825	0.0169129	0.0359577
0.0316787	0.00580035	0.0373444
0.0332542	0.0099178	0.0371393
0.0333192	0.0118743	0.0371148
0.0525748	0.0127968	0.0349731
0.0228582	0.00895064	0.0384697
0.028448	0.00647158	0.0377793
0.0339553	0.00285566	0.0369987
0.0339787	0.00202295	0.0368335
0.0207998	0.0108978	0.03863
0.034703	0.00684125	0.0369459
0.0405008	0.00219739	0.0361437
0.0137812	0.0153404	0.0394586
0.0361342	0.00629513	0.0367631
0.0405529	0.0032743	0.0360941
0.0347117	0.0075392	0.0370018
0.0186603	0.0150377	0.0389549
0.0195972	0.0155107	0.0387441
0.0255028	0.012667	0.0382486
0.0410857	0.010075	0.0361542
0.0315291	0.0119342	0.0373719
0.0490922	0.0096171	0.0353157
0.0349764	0.0143532	0.0368233
0.0278576	0.00510376	0.0376492
0.0272758	0.013887	0.0377511
0.0302954	0.0119467	0.0374784
0.0387828	0.0103872	0.0363554
0.0273178	0.00650222	0.03792
0.0451068	0.00744175	0.0357325
0.00513955	0.0058051	0.0407348
0.0394842	0.016906	0.0361921
0.0347465	0.00133574	0.0372385
0.0191084	0.0116812	0.0389118
0.0427627	0.00369335	0.0360128
0.026215	0.00944449	0.0380158
0.0244915	0.0123526	0.0382654
0.0235362	0.0167851	0.0385043
0.0518027	0.0134287	0.03501
0.0114148	0.0141777	0.0399082
0.0286177	0.00234254	0.0377849
0.0369084	0.0107973	0.0367382
0.0494451	0.00795177	0.035192
0.0422834	0.0110536	0.0359356
0.0114985	0.0178296	0.0400095
0.0329963	0.012621	0.0371308
0.0235421	0.00781387	0.0383976
0.0330528	0.0163589	0.037237
0.0155695	0.00273572	0.0390418
0.0438185	0.00928466	0.0359081
0.0220427	0.0124355	0.0385333
0.0282485	0.0132355	0.0377337
0.0262918	0.0110583	0.0380347
0.0248223	0.0103951	0.038168
0.0237773	0.00447826	0.0382556
0.0299114	0.0109114	0.0375359
0.0224061	0.0126926	0.0384675
0.0329218	0.0107801	0.0371746
0.027426	0.0125287	0.037848
0.0232795	0.00592439	0.0383296
0.0348604	0.00980282	0.0369237
0.0388131	0.0135623	0.036389
0.0338404	0.0175014	0.0373054
0.0138701	0.0124757	0.0394715
0.00948807	0.00816506	0.0401854
0.0197182	0.0105389	0.0387504
0.0269748	0.00884493	0.037998
0.0293713	0.00545637	0.0376818
0.0311116	0.0132974	0.0375076
0.0310167	0.000283501	0.0372982
0.0186645	0.00712613	0.0388842
0.0221925	0.00381205	0.0383396
0.032486	0.0117263	0.0372397
0.0202547	0.0121031	0.0387102
0.0360043	0.00982784	0.0367858
0.0211235	0.00990086	0.0385537
0.0193258	0.00996214	0.0387912
0.0263453	0.0100848	0.0380204
0.0403623	0.0130278	0.0363347
0.019824	0.0144614	0.0387282
0.0343201	0.0161377	0.0369653
0.0276987	0.0115983	0.0377334
0.0218269	0.000996663	0.0382337
0.0306577	0.0109179	0.0373582
0.0285707	0.00168933	0.0376472
0.0131912	0.00130624	0.0398362
0.0343892	0.0153826	0.0368649
0.0200207	0.013949	0.0389737
0.0369822	0.0159867	0.0365339
0.0287837	0.00784582	0.0377587
0.0319451	0.00900208	0.0372622
0.0212494	0.00778308	0.0385403
0.0286573	0.00872528	0.0376819
0.0347377	0.00779906	0.0369947
0.0405536	0.0099119	0.0362614
0.0104629	0.00549018	0.0397444
0.0287867	0.00981712	0.0376831
0.0299529	0.00297062	0.0373791
0.0131565	0.0102561	0.0395745
0.0421302	0.00881681	0.0360745
0.0158216	0.0102299	0.0392151
0.036368	0.0103151	0.0367728
0.0188712	0.0120676	0.0391093
0.0201812	0.00795106	0.0387117
0.0262582	0.000639821	0.0379209
0.0131747	0.011098	0.0396022
0.0315107	0.00320081	0.0373793
0.019843	0.0128706	0.0388208
0.0172342	0.0093373	0.0392037
0.0155236	0.0111481	0.039258
0.0141394	0.0110196	0.0394406
0.0342921	0.015783	0.0368866
0.0373732	0.0164966	0.0367302
0.0365872	0.0102478	0.036701
0.0337874	0.00112261	0.03703
0.0237481	0.0148976	0.0383369
0.0313411	0.0141826	0.0372957
0.0125477	0.00350263	0.0394321
0.0431741	0.0130974	0.0358672
0.0390499	0.00914187	0.0363015
0.0317954	0.0146396	0.0373346
0.0260399	0.0116355	0.0380064
0.0121339	0.00277289	0.0395345
0.0419919	0.0128106	0.0363177
0.0205718	0.00114744	0.0387989
0.0398138	0.00147621	0.0362785
0.04023	0.00417616	0.0362586
0.0300438	0.00942425	0.0375234
0.0302882	0.0139843	0.0376386
0.0415101	0.00386282	0.0360414
0.0453202	0.012867	0.0357173
0.0313909	0.0106877	0.0373693
0.0197142	0.00593628	0.0387606
0.0344667	0.00587087	0.0369844
0.0445726	0.0131318	0.0358374
0.0407554	0.00266454	0.0361738
0.0319252	0.0126959	0.0372397
0.0238514	0.0161621	0.0381075
0.0321527	0.00218366	0.0373185
0.0349304	0.0102926	0.036985
0.0375339	0.00319312	0.0365726
0.0294554	0.0163742	0.0374245
0.0330294	0.0125913	0.0372589
0.0338388	0.00736627	0.0371071
0.0388665	0.011384	0.0365072
0.00742623	0.0118153	0.0402003
0.0279977	0.0121214	0.037797
0.0301475	0.0144384	0.0375186
0.0456597	0.00687311	0.0356393
0.0345216	0.0148012	0.0370284
0.0257369	0.0101579	0.0380546
0.0428482	0.00861523	0.0359866
0.0341961	0.00904365	0.0370064
0.0310344	0.0161589	0.037454
0.039616	0.00354137	0.0364068
0.0172965	0.00898906	0.0390224
0.00957686	0.012921	0.0403374
0.0356237	0.0021345	0.0369255
0.0275171	0.00863377	0.0377153
0.0414875	0.0090437	0.0361617
0.0415139	0.00280015	0.0359741
0.0338692	0.0141926	0.0372163
0.0272076	0.00998095	0.0379054
0.000812618	0.0161703	0.0410956
0.0344331	0.00654763	0.0370309
0.0253788	0.00687019	0.0379583
0.0421423	0.00504642	0.0360278
0.0457312	0.0102951	0.0357021
0.019843	0.0136981	0.0388694
0.0318271	0.00370779	0.0373884
0.0205489	0.00301509	0.038707
0.0244713	0.011969	0.0382126
0.0142929	0.00770894	0.0394036
0.0500531	0.00244815	0.0349292
0.0279705	0.0122694	0.0379246
0.0429432	0.00727028	0.0359498
0.0325755	0.0133956	0.0372659
0.0175706	0.0072386	0.0389777
0.0392173	0.0109116	0.0364252
0.0287626	0.00730781	0.0376481
0.0052307	0.00963876	0.0405349
0.0350129	0.00975884	0.0368668
0.0425208	0.00895011	0.0360809
0.0306317	0.0106074	0.0374706
0.0439941	0.0176609	0.035754
0.0269548	0.00155443	0.0378428
0.0269308	0.015949	0.0380666
0.0489615	0.0165392	0.0353149
0.0277695	0.00909225	0.0379091
0.0273179	0.0157214	0.0379459
0.0324783	0.00568072	0.0372239
0.0413258	0.0113174	0.0361969
0.026185	0.0106847	0.0380009
0.0166782	0.0144425	0.0391813
0.0201662	0.00575117	0.0387043
0.0239279	0.00579978	0.0382572
0.0436792	0.00139539	0.0359306
0.0257089	0.0145715	0.0380784
0.0269215	0.0104916	0.0379235
0.0205404	0.00457991	0.0387766
0.0411452	0.00832059	0.0362524
0.0246263	0.0151062	0.038146
0.0432449	0.0127073	0.0359946
0.0341954	0.00386805	0.0368591
0.0345289	0.0164244	0.0370764
0.0314454	0.00854785	0.0373489
0.0292128	0.0090494	0.0376276
0.0179024	0.0100174	0.0389165
0.043391	0.0130298	0.035977
0.0354638	0.00890853	0.0368784
0.0248029	0.00871389	0.0381093
0.0194108	0.0133618	0.038815
0.0261758	0.0166432	0.0380879
0.0324537	0.00949542	0.0372988
0.0232655	0.001578	0.0380985
0.0281458	0.00728138	0.0377347
0.0343648	0.0113173	0.0370269
0.0151066	0.0117741	0.0393842
0.023068	0.00251354	0.0383187
0.039466	0.0135766	0.0364301
0.0265158	0.00976911	0.0379819
0.0451774	0.0150328	0.0356039
0.0182056	0.0072582	0.0391243
0.0336541	0.0155243	0.0370577
0.0416003	0.0144154	0.0361973
0.0215734	0.00256666	0.0385484
0.0322067	0.0121434	0.0372819
0.0309723	0.0146756	0.0374645
0.0339701	0.00657362	0.0368933
0.0310649	0.0135385	0.0374415
0.0350873	0.00630625	0.0369041
0.0355519	0.00244639	0.0368073
0.0203964	0.0052152	0.0386958
0.00901543	0.0081563	0.0400058
0.028289	0.000432253	0.0377157
0.041741	0.0133853	0.0361078
0.032142	0.00873025	0.0373108
0.0272419	0.0138819	0.0378318
0.0272008	0.00950736	0.0378391
0.0311846	0.0146299	0.0373145
0.0265098	0.00875342	0.037923
0.0288028	0.0146041	0.0377508
0.0329965	0.00940932	0.0371035
0.0333071	0.0143332	0.0374396
0.0375601	0.00344932	0.0366486
0.0525546	0.012741	0.0349155
0.031513	0.0139748	0.0372565
0.0353656	0.00300713	0.0367039
0.0310592	0.00395366	0.0373323
0.0163609	0.0102155	0.0393371
0.0259151	0.00687356	0.0380532
0.0375689	0.0148746	0.0366996
0.0385299	0.0142731	0.0365022
0.0277183	0.0133299	0.0377067
0.0337268	0.00830623	0.0370918
0.0396801	0.00787179	0.0363483
0.037279	0.0160442	0.0367563
0.013116	0.0128833	0.0397023
0.0367837	0.0100045	0.0367096
0.0217568	0.00972025	0.0385389
0.0202151	0.00752703	0.0387714
0.0448259	0.00185056	0.035774
0.032814	0.010605	0.0371881
0.0308258	0.0138515	0.0373415
0.0327193	0.0130295	0.037306
0.0326664	0.0156794	0.0372003
0.0320567	0.0137809	0.0373177
0.0361303	0.0152688	0.0369046
0.0246097	0.0105654	0.038353
0.0285086	0.0104217	0.037665
0.0234924	0.00862413	0.0382731
0.0378171	0.0154331	0.0366363
0.0386493	0.017083	0.0362974
0.0273941	0.0163064	0.0379231
0.0190037	0.00819016	0.0389269
0.0197672	0.00869108	0.038735
0.0521245	0.0166318	0.0346944
0.0424934	0.00389077	0.0359631
0.0464302	0.0151477	0.0356143
0.0228144	0.0155104	0.0385705
0.0469974	0.0156944	0.0354612
0.0347624	0.0136469	0.0370154
0.0424542	0.00492538	0.0359864
0.0228713	0.0116272	0.0386021
0.00744273	0.0128861	0.0402376
0.047546	0.0159684	0.0355172
0.0291027	0.00334295	0.03763
0.038722	0.00359989	0.0362452
0.0377835	0.00281259	0.0365913
0.0244261	0.0144312	0.0380901
0.0236299	0.0114157	0.0383429
0.040647	0.00437137	0.0362004
0.0481852	0.0104208	0.035248
0.0252847	0.0108423	0.038
0.0340088	0.0116403	0.0370491
0.0273936	0.0073696	0.0378469
0.0206895	0.0125444	0.038612
0.040898	0.00187624	0.0361129
0.0351936	0.0132631	0.0368059
0.0336139	0.00869889	0.0371285
0.0159589	0.00551903	0.0390814
0.0367974	0.00586104	0.0367223
0.0405903	0.0118227	0.0362372
0.0203558	0.0104582	0.0387341
0.0206556	0.00282782	0.0386574
0.0240482	0.0134855	0.0382207
0.0437383	0.0160886	0.0357217
0.0525799	0.0134726	0.0346529
0.0141479	0.0137167	0.039474
0.0299498	0.0138543	0.0375485
0.0313572	0.0102641	0.0374526
0.0231538	0.0121567	0.0385501
0.0313045	0.0126982	0.0376122
0.0283681	0.0149603	0.0378055
0.0446633	0.0134098	0.035558
0.0331657	0.0115365	0.0371763
0.0286825	0.0101549	0.0376948
0.02984	0.00959047	0.0375733
0.0306454	0.00708086	0.0373074
0.0378989	0.00822356	0.0365698
0.0250803	0.0116952	0.0381205
0.0347573	0.0167407	0.0367812
0.0286925	0.0110612	0.0377183
0.030924	0.00935576	0.0374159
0.047414	0.0100678	0.0354464
0.0375579	0.00948656	0.036658
0.0368731	0.0107564	0.036782
0.022198	0.0119678	0.038523
0.0242624	0.00910066	0.0382672
0.0299289	0.0125551	0.0374537
0.0052482	0.0082293	0.0408353
0.0130386	0.0137662	0.0398894
0.0288795	0.00810991	0.0376718
0.0486777	0.00212524	0.0353098
0.0405602	0.00729046	0.036219
0.0272733	0.0115425	0.0378669
0.0408218	0.0137005	0.0364077
0.0298837	0.00371041	0.0374718
0.0220065	0.00409612	0.0383273
0.0218513	0.0101077	0.0385448
0.0459485	0.0153858	0.0355986
0.026556	0.0158389	0.03815
0.0314224	0.0161257	0.0374089
0.00839154	0.00922206	0.0400681
0.0259924	0.0115401	0.0380026
0.0371401	0.0129771	0.0367228
0.0431682	0.0103081	0.0360842
0.035069	0.0028828	0.0368704
0.0310736	0.0100398	0.0374231
0.0251093	0.00829125	0.0382004
0.0358904	0.00758836	0.0368102
0.0269443	0.014235	0.0382098
0.0245491	0.011013	0.0381147
0.0223646	0.00953458	0.0384568
0.0465015	0.0156241	0.0353988
0.0400058	0.00790406	0.0363212
0.0223127	0.0137164	0.0387541
0.0219784	0.0101511	0.0385726
0.0318047	0.0120844	0.0373207
0.0375391	0.00515947	0.0365076
0.0358404	0.0098984	0.0367566
0.0313297	0.0117557	0.0373314
0.0236726	0.00160053	0.0381383
0.0243778	0.0162324	0.0381989
0.0226353	0.0130807	0.0383854
0.0251175	0.00855928	0.0381714
0.0358671	0.0104565	0.0368654
0.0322186	0.0139007	0.0373259
0.0245439	0.00448276	0.0382118
0.0221047	0.00598196	0.0385041
0.0353472	0.0103206	0.0369337
0.0338942	0.0110285	0.0370491
0.00784592	0.0123417	0.0400944
0.0401596	0.0070289	0.0362926
0.035549	0.00784277	0.0368644
0.026861	0.00996854	0.0379441
0.039784	0.00359365	0.0363758
0.0335949	0.00556775	0.03697
0.0353288	0.0147901	0.0368563
0.0282659	0.00260335	0.0376008
0.0287566	0.0010705	0.0376597
0.0428148	0.00929389	0.0360323
0.0180308	0.00526259	0.0389503
0.0431829	0.0146339	0.0358402
0.0170442	0.00999392	0.0392278
0.0145721	0.0174293	0.0394742
0.0303431	0.00735106	0.0375156
0.0374651	0.00700506	0.0366258
0.0501959	0.00648862	0.0351078
0.0353546	0.0106242	0.0369413
0.029011	0.012611	0.0376877
0.0293545	0.0124847	0.0376279
0.0395635	0.0143823	0.0366751
0.0329575	0.0114273	0.0372031
0.0342516	0.0074898	0.037052
0.0257415	0.011759	0.0380589
0.0476418	0.0133454	0.0351976
0.0144266	0.00549436	0.0395566
0.032295	0.0105892	0.0373184
0.0435636	0.0100415	0.0359452
0.0322494	0.00782555	0.0372289
0.0357972	0.0161367	0.0369468
0.0375871	0.0103633	0.0366456
0.0204932	0.0129047	0.0386147
0.0234112	0.0113585	0.0383853
0.0322365	0.00730395	0.0372506
0.0368095	0.0131854	0.0367391
0.0360107	0.0116461	0.0367866
0.0389872	0.00197546	0.0364828
0.0141197	0.0127308	0.0395362
0.0371052	0.0121509	0.0367072
0.0230794	0.0143424	0.0385205
0.0255837	0.0165567	0.0381592
0.0169913	0.014675	0.0390588
0.017049	0.00880716	0.0392083
0.0241123	0.00475952	0.0382174
0.0353528	0.0125236	0.0369252
0.0355778	0.0103457	0.0368936
0.0281645	0.0123001	0.0377612
0.0309852	0.0135009	0.0375072
0.0386496	0.0133355	0.0365352
0.0382675	0.0121459	0.0364991
0.0235385	0.00908534	0.0382702
0.0254619	0.00816368	0.0381527
0.0361485	0.00880535	0.0368766
0.0105879	0.00773772	0.039947
0.0166791	0.0135727	0.039021
0.0384393	0.00317217	0.0364028
0.0383475	0.00925598	0.0365422
0.0162965	0.0154197	0.0390478
0.020379	0.0106471	0.0387882
0.0372091	0.0109592	0.0366231
0.0286813	0.00174102	0.0375219
0.0396883	0.0145797	0.0361939
0.0239944	0.0117627	0.0382516
0.0338481	0.0132978	0.0369788
0.0222883	0.00827904	0.0384448
0.0219006	0.00789751	0.0386133
0.0266086	0.0129022	0.0379299
0.04112	0.00993129	0.0361481
0.0307578	0.0112762	0.0374429
0.0316303	0.0129496	0.0373781
0.023924	0.00057208	0.037974
0.0336043	0.0089578	0.0371065
0.0398946	0.00843854	0.0363197
0.0170809	0.0159668	0.0392282
0.00549681	0.00819942	0.0404445
0.0316764	0.00766891	0.0373578
0.0269541	0.0149485	0.0379099
0.0447736	0.00268577	0.035807
0.0411478	0.0150953	0.0363261
0.027662	0.0077576	0.0378282
0.0278861	0.00644287	0.0378614
0.0387094	0.00637675	0.0364353
0.0279605	0.00571641	0.0375884
0.0254469	0.0117248	0.0380017
0.02344	0.0137966	0.0383426
0.0423618	0.00203369	0.0360143
0.0448413	0.0135697	0.0355322
0.0323996	0.00911684	0.0372593
0.0535767	0.0113359	0.0344146
0.0209647	0.0109199	0.0386666
0.0194747	0.0119053	0.0387621
0.0228475	0.00303485	0.0382587
0.0342804	0.0153631	0.0371411
0.0334811	0.00755804	0.0370639
0.0236845	0.0129313	0.0382748
0.0354715	0.00594396	0.0367958
0.0364278	0.0127548	0.0368211
0.0262769	0.00212171	0.0380146
0.0280949	0.00763735	0.0377157
0.029382	0.0041937	0.0374487
0.0412068	0.00902345	0.0362735
0.021285	0.00186391	0.0385635
0.03904	0.0116591	0.0364551
0.0257635	0.00771775	0.0380462
0.0371384	0.00329397	0.0366509
0.0161421	0.00398482	0.0391768
0.0430838	0.0133883	0.0358706
0.0424892	0.00896261	0.0358981
0.0391221	0.0160744	0.0366885
0.0341141	0.0127465	0.0370119
0.022974	0.0123372	0.0384396
0.0290755	0.000963499	0.037307
0.0435233	0.012838	0.0359324
0.0215524	0.0145714	0.0385067
0.0335457	0.0043043	0.0370523
0.0411702	0.0111371	0.036174
0.0258783	0.0135098	0.0379295
0.0298113	0.00861116	0.037549
0.020448	0.0157156	0.0386966
0.0327261	0.0164307	0.0370706
0.0321275	0.0131444	0.0372804
0.033971	0.012406	0.0371392
0.022266	0.00718026	0.0383941
0.0365905	0.0069465	0.036725
0.0285965	0.0092033	0.0377952
0.0230564	0.0121789	0.0384054
0.0327599	0.00963486	0.0372298
0.0313507	0.00624266	0.0373012
0.0269475	0.00574189	0.038049
0.0373475	2.72449e-05	0.0366888
0.041443	0.0125375	0.0362117
0.0252968	0.00982209	0.0380819
0.0205816	0.00641609	0.0386093
0.0335705	0.00102966	0.0371663
0.0208889	0.0112916	0.0386309
0.0243405	0.000141022	0.0383901
0.0326284	0.0119499	0.0372377
0.0434416	0.00325263	0.0359496
0.0233171	0.00310097	0.0385186
0.0308952	0.0161727	0.037514
0.0344066	0.0119853	0.0370045
0.0329257	0.00717925	0.0372089
0.0243237	0.00558619	0.038325
0.0426094	0.00673062	0.0359314
0.0253786	0.00371641	0.0382925
0.00778421	0.010565	0.0402384
0.0296187	0.0117617	0.0376255
0.0447514	0.0117945	0.0357297
0.0510093	0.00437294	0.0351262
0.0379787	0.00223987	0.0365182
0.0400946	0.00889445	0.0361737
0.0263268	0.00728683	0.0379235
0.0514675	0.0112132	0.0349678
0.0163967	0.0116448	0.039304
0.01016	0.0163102	0.0399931
0.0530685	0.0111932	0.0348596
0.042919	0.0101437	0.0359131
0.0237114	0.00979157	0.0382271
0.0320193	0.0119871	0.0372653
0.0254061	0.0144566	0.0383969
0.0339521	0.0068493	0.0370479
0.0165869	0.00601341	0.0391646
0.0146956	0.0121429	0.0393274
0.0389174	0.0132718	0.0364859
0.00875292	0.00518247	0.0400285
0.0284766	0.0123831	0.0376243
0.0174079	0.0132352	0.0390851
0.0333271	0.0141718	0.0371765
0.0296546	0.0122015	0.0375528
0.0211672	0.0169748	0.0386135
0.0382488	0.00391354	0.0365159
0.0291735	0.0067159	0.0376927
0.0339877	0.00715904	0.0370823
0.0331193	0.00820745	0.037151
0.0502969	0.00634001	0.0352227
0.0101104	0.00814631	0.0398668
0.0242398	0.000423123	0.0381095
0.0370572	0.0163013	0.0365608
0.0286494	0.0137028	0.0377059
0.00800984	0.0155879	0.0403955
0.0308768	0.0038743	0.037352
0.0301439	0.00322556	0.0373977
0.0243889	0.0103247	0.0381901
0.0281486	0.00917196	0.0377244
0.0343546	0.00879304	0.0370427
0.046421	0.0147371	0.0354502
0.0159117	0.0149408	0.0391765
0.0340663	0.00178436	0.0369505
0.0247441	0.013438	0.0380942
0.0296823	0.0107542	0.037605
0.0429188	0.00186579	0.0357959
0.0320249	0.00444461	0.0373135
0.0200438	0.0142554	0.0386218
0.0241852	0.00651649	0.0381451
0.0331285	0.00912028	0.0370321
0.0330589	0.0104865	0.0372186
0.0156324	0.015618	0.0393362
0.023547	0.0115546	0.0385172
0.0332008	0.00603858	0.0371279
0.0300273	0.0162798	0.0374865
0.0160074	0.0063092	0.0394015
0.00403343	0.0129372	0.0408985
0.0336665	0.0110055	0.0370819
0.0236901	0.00483546	0.0382937
0.0237274	0.0177897	0.0383709
0.0235324	0.0140173	0.0383208
0.0344688	0.00897172	0.0370312
0.0350513	0.0126574	0.0368181
0.0416499	0.00642096	0.0360359
0.0162343	0.0119588	0.0391448
0.0259232	0.0126131	0.0381293
0.0428498	0.0153965	0.0360874
0.0321082	0.00478598	0.0372298
0.0230156	0.0161649	0.0383171
0.0184824	0.00297532	0.0387147
0.0397161	0.00949455	0.0364713
0.0309825	0.0123621	0.0376426
0.0233712	0.0118785	0.0382861
0.0304082	0.00313228	0.0374761
0.0333557	0.00493647	0.0369333
0.00639568	0.0105209	0.0403364
0.019535	0.0136027	0.0390458
0.0385935	0.0110728	0.0364796
0.0282917	0.0135275	0.0378732
0.0253501	0.00510663	0.0380759
0.023534	0.00948752	0.0383786
0.022341	0.0110618	0.038643
0.0404323	0.0138539	0.0361834
0.0395583	0.00284407	0.0362945
0.0219053	0.0124399	0.0385134
0.0282103	0.00345566	0.0377795
0.0426974	0.0120844	0.0359774
0.00432552	0.00874853	0.0405629
0.0310048	0.00170547	0.0373177
0.021664	0.00153184	0.0385099
0.0109381	0.00992884	0.0399411
0.040504	0.00797969	0.0362235
0.0451201	0.000803292	0.035613
0.0371731	0.0121263	0.0367813
0.0356353	0.0127483	0.0368942
0.0250439	0.0158155	0.038207
0.00207454	0.00891225	0.0408207
0.0277026	0.006947	0.0376836
0.0329265	0.00937762	0.0371784
0.0477948	0.0110967	0.0354055
0.0342603	0.012495	0.0372526
0.0456189	0.0140174	0.0355341
0.0194519	0.00788193	0.0387554
0.016945	0.00519471	0.0390803
0.0307961	0.00781344	0.03746
0.0280758	0.00234378	0.0377662
0.0215236	0.00898477	0.0386379
0.0214704	0.00660889	0.0386342
0.00769557	0.00798551	0.0402298
0.0464861	0.0135304	0.0356072
0.0249805	0.00553536	0.0380226
0.0406292	0.0168908	0.0365404
0.0316869	0.00460667	0.0373507
0.00729783	0.0134149	0.0402549
0.0324064	0.00164702	0.0375154
0.0270678	0.00716505	0.0378984
0.000744895	0.00544704	0.0410927
0.0302545	0.00619736	0.0374497
0.037247	0.0033026	0.0366932
0.0285243	0.00796689	0.0377336
0.0222855	0.00918276	0.0384587
0.040493	0.0126937	0.0361562
0.0260108	0.0116852	0.0379222
0.0463132	0.00256884	0.0356782
0.0389722	0.00897521	0.0364407
0.023376	0.011276	0.0385319
0.0475141	0.00446019	0.0353883
0.0319505	0.0155986	0.0376467
0.0443474	0.0149214	0.0358151
0.0234326	0.013158	0.0383329
0.0356335	0.00930175	0.0369642
0.0312706	0.00499722	0.0373571
0.0350355	0.0110626	0.0369904
0.0243618	0.01008	0.0381463
0.0206624	0.00810771	0.0386713
0.0511434	0.00947465	0.0348344
0.030542	0.00988555	0.0375056
0.0244594	0.0145026	0.0382562
0.0282089	0.00548288	0.0377618
0.0251041	0.0164609	0.0382035
0.0244954	0.0155337	0.0381747
0.0320116	0.00765414	0.0372567
0.0173886	0.0152003	0.0391579
0.0251049	0.0123939	0.0381445
0.0207539	0.0105767	0.0386821
0.0223018	0.0127825	0.03849
0.0298764	0.00653454	0.0375813
0.0394126	0.0174221	0.0363738
0.0259872	0.00971142	0.0380095
0.00214937	0.00899853	0.0410278
0.0451439	0.00689295	0.0356804
0.0294434	0.0136013	0.0376327
0.027759	0.0129044	0.0379143
0.0281199	0.00668552	0.0376265
0.0392341	0.000769942	0.0367173
0.0191092	0.00863671	0.0388387
0.0396759	0.015703	0.0364421
0.0333786	0.0131765	0.0372684
0.0267087	0.00498642	0.0379537
0.0224916	0.0130041	0.0383957
0.0453141	0.00609579	0.0358305
0.0320817	0.00548061	0.0373337
0.0521734	0.00565842	0.0346649
0.0172196	0.00148146	0.0393335
0.015677	0.0176783	0.0393033
0.0195929	0.000844596	0.0388546
0.0193574	0.00500156	0.038675
0.0238352	0.00430513	0.0381996
0.0361944	0.0150239	0.0368611
0.0400292	0.0157816	0.0365422
0.0207852	0.00993908	0.0387609
0.0537801	0.0153899	0.0347606
0.0197121	0.0114388	0.0388044
0.0249274	0.00400023	0.038167
0.00900243	0.00399698	0.0402336
0.0256655	0.0116218	0.0380978
0.0307052	0.0159069	0.0373854
0.0200026	0.00287081	0.038825
0.0291245	0.0145502	0.0376457
0.0106341	0.0112046	0.0397772
0.0319044	0.0150254	0.0372308
0.0194031	0.00873439	0.0388126
0.0224859	0.00701164	0.0384267
0.0333098	0.0128514	0.0371345
0.018445	0.012157	0.0388774
0.0447617	0.013238	0.0357919
0.0301225	0.00954241	0.0375405
0.0276607	0.0128224	0.0378038
0.0164939	0.000631287	0.0390141
0.0200398	0.00995647	0.0387366
0.0391196	0.0112666	0.0363959
0.0424379	0.01337	0.0360445
0.0416336	0.00419057	0.0360888
0.0440031	0.00299808	0.0357767
0.0419085	0.00748778	0.0360865
0.0319816	0.00394822	0.0373602
0.0323253	0.00801849	0.0372915
0.0256773	0.0103369	0.0380877
0.0341295	0.0114894	0.037128
0.0425444	0.00913766	0.0361135
0.0371889	0.000988843	0.0365717
0.0352379	0.0111315	0.0368974
0.0226067	0.00197541	0.0384743
0.0329988	0.0108727	0.037206
0.035672	0.00791054	0.0368986
0.0104999	0.00760579	0.0400479
0.0323503	0.0151051	0.0372864
0.0332507	0.00862115	0.0371522
0.00871549	0.0084762	0.0403341
0.0458683	0.0155854	0.035597
0.0437371	0.0103494	0.0358793
0.0266318	0.0115698	0.038086
0.0396436	0.0118437	0.0363154
0.0190083	0.0111683	0.03877
0.031363	0.0105651	0.0373741
0.031761	0.00761597	0.0373167
0.0168364	0.0042792	0.039261
0.0345614	0.0110532	0.0370178
0.0384983	0.015848	0.0364672
0.0322984	0.00300487	0.0372418
0.0224235	0.00926891	0.0384172
0.0341101	0.0058883	0.0368496
0.0455663	0.0127802	0.0357358
0.0349438	0.00769863	0.0369065
0.0246028	0.0161173	0.0385612
0.00609927	0.0094941	0.0404368
0.0244423	0.0143001	0.0382403
0.018541	0.0111411	0.038863
0.0264491	0.0126761	0.0378953
0.0405589	0.0104918	0.0363187
0.0308442	0.00677348	0.0373941
0.0361919	0.0164838	0.0367693
0.0225513	0.000646883	0.0386177
0.0367866	0.00722795	0.0366479
0.0393017	0.00287603	0.0363265
0.0156105	0.00696378	0.0391843
0.0273388	0.0060655	0.0377189
0.0309255	0.00919859	0.0374655
0.0402474	0.0120871	0.0363346
0.020592	0.0116044	0.0387299
0.0328945	0.0120761	0.0371969
0.046434	0.00671087	0.0355497
0.0357142	0.0112605	0.0370272
0.0302637	0.00210304	0.0377526
0.0155292	0.00689854	0.0394751
0.0232434	0.0133574	0.038409
0.0446678	0.00947664	0.035785
0.0476644	0.00273212	0.0354308
0.0245882	0.00564204	0.0380899
0.0274413	0.0162288	0.0380351
0.014287	0.0116518	0.0394121
0.0301913	0.00842109	0.0375744
0.0330011	0.0104181	0.0372417
0.0364902	0.0132244	0.0367242
0.0537473	0.013145	0.0345659
0.0263506	0.0107196	0.0380157
0.0313601	0.0107076	0.0373889
0.0269005	0.0152694	0.0382554
0.0356112	0.0178035	0.0368153
0.019612	0.0132939	0.0387431
0.022663	0.00967928	0.0384422
0.0262986	0.00800986	0.0379603
0.0192474	0.0169179	0.0387897
0.0417146	0.0113967	0.0361541
0.0309662	0.0108789	0.0374194
0.0411193	0.0100504	0.0361181
0.039086	0.0134393	0.0365008
0.0354189	0.00224979	0.0369443
0.0363199	0.00709656	0.0367266
0.03828	0.011179	0.0364949
0.0135623	0.00488702	0.0397426
0.0173678	0.00664577	0.0389735
0.0205143	0.0112454	0.0386288
0.0340802	0.0141805	0.0370061
0.00731307	0.0054292	0.0401843
0.0162444	0.00116674	0.0391482
0.0315655	0.011269	0.0373026
0.0425713	0.00977249	0.0360694
0.0289722	0.00625802	0.0376047
0.0239846	0.0104906	0.0382464
0.0260454	0.0118855	0.038093
0.0130226	0.0120016	0.0396417
0.0341795	0.0098296	0.0370154
0.0180325	0.0109471	0.039097
0.0345242	0.0162793	0.0373639
0.0342218	0.000921193	0.0367704
0.0247568	0.00663853	0.038184
0.026046	0.00781496	0.0380932
0.0347356	0.00651604	0.0369501
0.0382742	0.00795444	0.0365861
0.0262286	0.0126166	0.0381072
0.0276584	0.0133126	0.0379408
0.023125	0.0135992	0.0383771
0.0239896	0.01318	0.0381556
0.0346916	0.010529	0.0369378
0.0409311	0.0125423	0.0361608
0.0170052	0.00681634	0.0390645
0.0396633	0.0135641	0.0362609
0.02689	0.0152679	0.0379229
0.0216691	0.0102021	0.0384851
0.0358505	0.00459859	0.0367455
0.017119	0.0156796	0.0391113
0.031654	0.00389274	0.0372379
0.0241522	0.0139851	0.0382669
0.0446145	0.0126128	0.0359922
0.0457389	0.00455221	0.0355692
0.0349652	0.0123761	0.0369808
0.0152911	0.0143519	0.0393371
0.0398986	0.0119764	0.0362689
0.0381649	0.0107567	0.0365917
0.041971	0.0104783	0.0361585
0.0333351	0.00550542	0.0371007
0.0322796	0.00711872	0.0372418
0.0286473	0.010285	0.0376876
0.0271446	0.0168981	0.0380947
0.01496	0.0154831	0.0393796
0.0283562	0.00614304	0.0376387
0.0158241	0.0160603	0.0396304
0.021183	0.0165124	0.038636
0.0331111	0.0136992	0.0371245
0.010917	0.0120124	0.0397492
0.0357627	0.00792588	0.0368772
0.0377075	0.0102341	0.0366066
0.0237916	0.0117505	0.0383715
0.0306411	0.00526165	0.0376145
0.0400305	0.0135743	0.0362935
0.0148485	0.00416383	0.0393712
0.014985	0.0138206	0.0394458
0.0468168	0.00292144	0.0356192
0.0333003	0.0122268	0.0370983
0.0302741	0.0156889	0.0375894
0.0312899	0.0040276	0.0372309
0.0166917	0.00906571	0.0390914
0.0301005	0.0146381	0.0374528
0.00823209	0.00952338	0.0402696
0.0245151	0.00297822	0.037995
0.0503115	0.0018839	0.0353536
0.0372186	0.0159148	0.0365703
0.0379232	0.0174779	0.0364948
0.0264227	0.011462	0.0379627
0.0351856	0.0110508	0.0368919
0.0313846	0.0105573	0.0374001
0.0456712	0.00427725	0.0354954
0.0397375	0.0138216	0.036324
0.0355934	0.0132379	0.0369381
0.030078	0.0111305	0.0375049
0.0455893	0.0169602	0.0357731
0.0426947	0.0152021	0.0360811
0.000298519	0.00946021	0.0414279
0.0258022	0.0153209	0.0381065
0.0300457	0.00495683	0.0375234
0.028761	0.0160714	0.0377268
0.0228785	0.0146665	0.0384081
0.0315925	0.00263486	0.0372917
0.0514883	0.00717716	0.0350589
0.0347428	0.0108294	0.0369454
0.0173038	0.00399064	0.0389975
0.0292964	0.0154981	0.0376898
0.0450334	0.000170052	0.0355239
0.0073224	0.0174095	0.0403856
0.0362389	0.00573934	0.0367408
0.0339842	0.00840777	0.0370113
0.0409046	0.00289691	0.0360966
0.0243978	0.00724088	0.0382794
0.0242021	0.00752451	0.0382848
0.00706261	0.0103771	0.0402983
0.0289026	0.00867151	0.0376481
0.0262159	0.0145194	0.0380139
0.0318834	0.00726848	0.0374053
0.0130512	0.00725086	0.0394957
0.0313868	0.00558357	0.0372928
0.0419183	0.00957857	0.0360613
0.0326828	0.00992042	0.0371977
0.0422779	0.00801612	0.035988
0.0200702	0.00684153	0.0386365
0.0404535	0.0122933	0.036258
0.0287724	0.00796689	0.0376451
0.0325938	0.0143666	0.0375225
0.0311197	0.0189433	0.0376437
0.0205627	0.013866	0.0386162
0.0358527	0.0158097	0.0371804
0.0149593	0.00866026	0.0392503
0.0370602	0.00935786	0.0366403
0.0248482	0.000257768	0.0384651
0.0356404	0.0109141	0.0368571
0.0285314	0.00569386	0.0375815
0.0386536	0.00899865	0.0364677
0.0127119	0.0153341	0.0396546
0.0353633	0.00737981	0.0368378
0.0431866	0.0110943	0.0360069
0.0391463	0.0111531	0.0363959
0.0214632	0.00179926	0.038686
0.0153157	0.0111226	0.0392164
0.0503618	0.0130699	0.0352237
0.040125	0.0114895	0.0363211
0.0270507	0.00804352	0.037802
0.0365261	0.00932691	0.0367841
0.0519086	0.0106564	0.0348656
0.0389285	0.00783419	0.0364335
0.0315801	0.00901674	0.0373667
0.0340865	0.00133933	0.0371211
0.0190682	0.0140548	0.0390049
0.0413254	0.0143083	0.0362417
0.0263727	0.0160014	0.0379871
0.0333243	0.0120624	0.0372481
0.0128322	0.0171192	0.0395583
0.0457154	0.0119282	0.0357417
0.0236524	0.0129608	0.038275
0.015125	0.0121031	0.0393437
0.032181	0.0160435	0.0373518
0.0316716	0.0160946	0.0373237
0.0162828	0.0105482	0.0393604
0.0382307	0.00732724	0.0365605
0.0344324	0.0119224	0.037044
0.034944	0.00366856	0.0369554
0.0350777	0.0106728	0.0369254
0.0475383	0.0120715	0.0353888
0.0288408	0.0128649	0.0376381
0.012964	0.0114324	0.0395138
0.0184367	0.00845237	0.0388723
0.0395119	0.0150827	0.0364571
0.0122397	0.015258	0.0397306
0.0295805	0.00844123	0.0375982
0.0343941	0.0049515	0.0370523
0.0241486	0.0122319	0.038285
0.0267146	0.013673	0.0379464
0.0301717	0.0123321	0.0376142
0.0408577	0.013476	0.0362639
0.0277652	0.0168531	0.0380486
0.0353609	0.00977789	0.036913
0.0259567	0.00287064	0.0378661
0.0184419	0.000321887	0.038889
0.0451252	0.00757471	0.0357063
0.0341449	0.00685509	0.0369681
0.0435624	0.00854323	0.0358997
0.0370338	0.0122785	0.0366116
0.0411092	0.00530461	0.0361623
0.0343345	0.017263	0.037196
0.0282556	0.00787993	0.037777
0.0290235	0.0132	0.0376236
0.0421605	0.0119481	0.0360557
0.031359	0.015063	0.0375172
0.0453598	0.0147356	0.0357317
0.0207454	0.00804452	0.0385397
0.0411505	0.00189094	0.0360546
0.0155393	0.00336358	0.0393057
0.0270435	0.00938998	0.0378644
0.0465055	0.00960314	0.0354634
0.0160893	0.0144383	0.0392671
0.035794	0.00941472	0.0367556
0.0127817	0.0153831	0.0399684
0.0512669	0.00702967	0.0350846
0.0312654	0.0185728	0.0374936
0.0491878	0.0127202	0.0352899
0.0286237	0.000857275	0.0377596
0.0459907	0.00673951	0.0356051
0.0422783	0.00869004	0.0360425
0.0274432	0.012977	0.0378514
0.00707288	0.00453479	0.0401234
0.0246222	0.0079176	0.0381895
0.0372637	0.00530863	0.0366057
0.0276911	0.0145457	0.0378876
0.0250416	0.0168797	0.0383792
0.0382417	0.00989386	0.0364075
0.0171443	0.00997022	0.0391172
0.0379772	0.00785975	0.0365442
0.0334028	0.0138054	0.037027
0.0335438	0.0122041	0.0372077
0.0405868	0.0163824	0.0362283
0.0360571	0.0104475	0.0368258
0.0400702	0.0148242	0.0362895
0.0267081	0.0087907	0.037935
0.0356006	0.00858323	0.0368971
0.0400164	0.00120034	0.0361213
0.0362571	0.00858521	0.036754
0.0347803	0.0032047	0.0369072
0.0489236	0.0100443	0.0352664
0.0305733	0.00967706	0.0374537
0.0372161	0.006216	0.0366431
0.00732832	0.00164855	0.0406026
0.0322348	0.0122296	0.0372148
0.0343426	0.011924	0.037086
0.0200742	0.0149057	0.0389
0.0237741	0.0169387	0.0382375
0.0275066	0.00755909	0.0379272
0.0331063	0.00252383	0.0369591
0.0233043	0.000180034	0.0379912
0.030366	0.0141132	0.0374219
0.0294845	0.0112384	0.0376062
0.0364001	0.000472115	0.0368283
0.033889	0.0145591	0.0371284
0.0330374	0.0162865	0.0372249
0.0314795	0.0144851	0.0373235
0.0182918	0.0138728	0.0388223
0.03074	0.00905978	0.0373967
0.0409982	0.000445461	0.0363048
0.0311247	0.00908802	0.0373941
0.037075	0.0140863	0.0367571
0.0230111	0.0121882	0.0384259
0.0497792	0.0138479	0.0352312
0.0422625	9.6216e-05	0.0360195
0.0415032	0.00160912	0.0362417
0.037297	0.0149069	0.036625
0.0371337	0.00928555	0.0366653
0.0457518	0.000609629	0.0359417
0.0331491	0.0142476	0.0373187
0.0405973	0.00863439	0.0362679
0.0316297	0.00417209	0.0373002
0.028146	0.00907207	0.037758
0.00964868	0.0106729	0.0401797
0.01955	0.0137316	0.039091
0.0314699	0.0119464	0.0373158
0.0502535	0.00895077	0.0349321
0.0306375	0.000619316	0.0372847
0.0275772	0.0129886	0.0380856
0.0265902	0.0139069	0.0379737
0.0480125	0.0125323	0.0354139
0.0314448	0.0126586	0.0373671
0.0403889	0.0136197	0.0362467
0.032458	0.0104107	0.037284
0.0352082	0.0124954	0.0369027
0.0258989	0.0146298	0.0379088
0.0396208	0.00115653	0.0360222
0.0179249	0.0162045	0.0389996
0.0262945	0.0156003	0.0381893
0.0285966	0.0115196	0.0376933
0.0218435	0.0137361	0.038625
0.0481134	0.0132032	0.035227
0.0165484	0.00738943	0.039172
0.0242583	0.0152432	0.0381932
0.0304878	0.00831003	0.0374408
0.03831	0.000752226	0.0365693
0.0201313	0.00571293	0.0387049
0.0253547	0.016431	0.0380428
0.017689	0.0167848	0.0388562
0.0285019	0.0107368	0.0377397
0.0290955	0.00274121	0.0375867
0.0354276	0.00728654	0.036825
0.031475	0.00621192	0.0373201
0.0364225	0.0148731	0.0369448
0.0230991	0.00667728	0.0383796
0.0429364	0.0037511	0.0359123
0.026839	0.00263935	0.0380312
0.0229559	0.0155226	0.0385924
0.0414615	0.00501731	0.0361093
0.00123439	0.00867446	0.0409362
0.0382143	0.00596307	0.0364712
0.042606	0.0107981	0.0360353
0.0265272	0.0126202	0.0379723
0.0175963	0.0150379	0.0390656
0.0369848	0.00753604	0.0366373
0.0182615	0.0110215	0.0391412
0.030642	0.0126992	0.037372
0.0237032	0.010856	0.038289
0.0379044	0.0124512	0.0365676
0.0370322	0.0112808	0.0366923
0.0105672	0.00988672	0.0399031
0.0192549	0.00862522	0.0389071
0.0369148	0.0106077	0.0366088
0.0330596	0.0104894	0.0372135
0.0251583	0.0100702	0.0380517
0.034653	0.0141568	0.0371519
0.0467043	0.0136556	0.0354697
0.040092	0.0082806	0.0362762
0.0334626	0.00829651	0.0371229
0.0457856	0.00305574	0.0355844
0.0253562	0.00155181	0.0380769
0.0289842	0.00215292	0.0379099
0.0302099	0.00954585	0.0375102
0.0340889	0.00842357	0.0370742
0.0435729	0.0145861	0.0359113
0.0376591	0.0155317	0.036683
0.0489069	0.00922996	0.0351398
0.0248176	0.0164342	0.0385515
0.0191081	0.00787815	0.0388156
0.023821	0.000714746	0.0381246
0.0219124	0.0147148	0.0384648
0.0235293	0.0117918	0.0383259
0.0323124	0.00807987	0.0371379
0.0295492	0.0159818	0.0375998
0.0297925	0.00686924	0.0375721
0.0264715	0.0165897	0.0381721
0.0101841	0.0134436	0.0399487
0.03967	0.00756869	0.036429
0.00814524	0.0082275	0.0401586
0.0400452	0.012618	0.0362203
0.0358674	0.00510472	0.0368578
0.0210862	0.00871154	0.0386931
0.0126181	0.00594551	0.0395624
0.0330271	0.0155316	0.0373744
0.0364521	0.00850641	0.0367607
0.0321628	0.0117884	0.0372154
0.0276651	0.0115246	0.0378566
0.0263561	0.00161152	0.0379797
0.0370446	0.00371133	0.0367034
0.0244461	0.00418204	0.0381415
0.0352896	0.0140393	0.0368971
0.0375385	0.0105066	0.0366401
0.0173801	0.0116166	0.0391805
0.0280677	0.0111669	0.0377944
0.0340676	0.0121065	0.037161
0.0133998	0.00895164	0.0397751
0.0309146	0.0109251	0.0374323
0.0249689	0.0134713	0.0381163
0.0241524	0.00828599	0.0382437
0.0360441	0.0150777	0.0370155
0.0382296	0.014572	0.0365028
0.0322372	0.0143853	0.0373608
0.0414239	0.00260016	0.035963
0.0206408	0.00249377	0.0384257
0.0329434	0.0117891	0.037183
0.0181732	0.008438	0.0389007
0.0344551	0.0169773	0.0368495
0.0305525	0.0145422	0.0375099
0.0395878	0.00864388	0.0364582
0.022632	0.0128108	0.0384899
0.0423931	0.00831672	0.0360206
0.0222693	0.0112388	0.03852
0.0318648	0.00511469	0.0371882
0.047448	0.0114548	0.0354617
0.0196502	0.0140057	0.0390842
0.0185666	0.016171	0.0388732
0.0336712	0.0108304	0.0371579
0.035759	0.0111965	0.0368913
0.0239111	0.00778166	0.0382748
0.0375995	0.0174977	0.0368858
0.0484814	0.00189111	0.0352394
0.0275267	0.0146589	0.0377922
0.0343721	0.0111254	0.0370151
0.0348942	0.00992992	0.0369842
0.0367431	0.0135722	0.0368806
0.0417311	0.0117021	0.0361334
0.00843363	0.00902917	0.0403633
0.0284572	0.0114587	0.0379173
0.013305	0.00540923	0.0394992
0.00678189	0.0145446	0.0403391
0.0296012	0.00649988	0.0375326
0.0296447	0.0113971	0.0375506
0.0307686	0.00803602	0.0373251
0.0137469	0.00792664	0.0394987
0.0238967	0.00476519	0.0381689
0.0202465	0.0137343	0.0388366
0.012374	0.00619248	0.039604
0.0313142	0.0110381	0.0374103
0.024929	0.00874548	0.0381033
0.0211576	0.0168025	0.0390082
0.0380448	0.0143236	0.0365922
0.0298559	0.0125924	0.0375746
0.00238292	0.00816141	0.041013
0.0337122	0.0132975	0.037129
0.0379231	0.000401647	0.0362295
0.027878	0.0158567	0.0378551
0.01844	0.0130261	0.0390075
0.0337104	0.006695	0.037055
0.0331046	0.0120993	0.0371183
0.0352335	0.0106693	0.0369191
0.0388603	0.00463779	0.0364221
0.0313694	0.00583004	0.0373615
0.0440748	0.00988823	0.0358224
0.0304537	0.0103399	0.0374637
0.0389337	0.0157925	0.0365266
0.0375054	0.0125542	0.036509
0.0256876	0.00162299	0.0379087
0.0369887	0.0148996	0.0365808
0.0050238	0.00596438	0.0404853
0.015971	0.00969421	0.0393553
0.0155927	0.0143607	0.0392223
0.0397818	0.0150435	0.0362225
0.0342107	0.00603177	0.0370074
0.0334593	0.0105548	0.0370761
0.0375858	0.0125657	0.0366667
0.0204487	0.0100279	0.038689
0.0212636	0.00715344	0.0385327
0.0214455	0.0100926	0.0385363
0.0211793	0.0169323	0.0387003
0.0343427	0.0116509	0.0370929
0.0303997	0.0111295	0.0375146
0.0327782	0.0102544	0.0371438
0.0303919	0.014642	0.03759
0.0376014	0.00458167	0.0366614
0.0315959	0.014412	0.0373041
0.0369124	0.00745067	0.036562
0.0379769	0.0117299	0.0365579
0.0338596	0.0111765	0.0370058
0.0135999	0.0114501	0.039663
0.0488128	0.0133234	0.0352066
0.0238188	0.00836612	0.0382895
0.0274477	0.0157193	0.0378044
0.0161524	0.00924659	0.0393476
0.0446265	0.0133723	0.0357368
0.0360335	0.00832977	0.0367719
0.0331908	0.0138587	0.037141
0.0378884	0.00401376	0.0363421
0.0439551	0.00968007	0.0357478
0.0330509	0.00975129	0.0371887
0.0207454	0.0126065	0.0385465
0.0259443	0.0100244	0.0380135
0.0477931	0.0119751	0.0354964
0.0386802	0.0121946	0.0365388
0.0260724	0.0108187	0.0379088
0.0293311	0.0118759	0.0376809
0.0451847	0.00858704	0.0357857
0.0104523	0.0165697	0.0399466
0.0157802	0.0139759	0.0393548
0.0389669	0.0143453	0.0363468
0.040139	0.00661691	0.036263
0.0352255	0.0149738	0.0372305
0.0336592	0.00867119	0.0371797
0.0322319	0.0105441	0.0372589
0.00601754	0.0149011	0.0404654
0.0429887	0.00540771	0.0358932
0.0319226	0.00715465	0.0372404
0.0299832	0.0129073	0.0375065
0.0420546	0.00533277	0.0360519
0.0375335	0.00977724	0.0365455
0.0499451	0.0147973	0.0352131
0.0345174	0.00764307	0.0369716
0.0245116	0.0141818	0.0382942
0.0360069	0.0125054	0.0367332
0.0339014	0.00906294	0.0370189
0.0405382	0.00190238	0.0362326
0.0365136	0.00158643	0.0366019
0.032521	0.0142134	0.037294
0.0292782	0.00562199	0.0376528
0.0381801	0.00881591	0.0365336
0.036117	0.00493906	0.0367495
0.0133811	0.0134343	0.0395361
0.0170202	0.0102593	0.0391257
0.00452561	0.00458297	0.0406375
0.0421066	0.0158639	0.0359538
0.0171968	0.0013421	0.0391218
0.0238118	0.00470342	0.0381857
0.0235497	0.0117839	0.038385
0.0297472	0.0033803	0.0373839
0.0297509	0.004337	0.0377498
0.0381464	0.0133818	0.0365843
0.0269525	0.014443	0.0379325
0.0506399	0.00943483	0.0349478
0.038936	0.00993792	0.0364766
0.0460191	0.0156528	0.035672
0.0381397	0.0148728	0.0365204
0.0321187	0.00267656	0.037351
0.0417439	0.0115289	0.0361287
0.027992	0.0165758	0.0377381
0.0218719	0.0106808	0.0385145
0.0500856	0.0117313	0.0350776
0.00715616	0.00917083	0.040212
0.0135144	0.00503717	0.0396469
0.0402967	0.00222269	0.0359911
0.0279938	0.0059497	0.0378416
0.0402937	0.00819225	0.0362548
0.0333184	0.00443882	0.0370806
0.0343062	0.0157213	0.0370945
0.027672	0.0124086	0.0379624
0.0236318	0.00233294	0.0380092
0.0291806	0.0118615	0.0376631
0.0245392	0.0169017	0.0381534
0.0020047	0.0147006	0.0409384
0.030883	0.0111809	0.037435
0.025796	0.0144225	0.0380099
0.0387308	0.0110364	0.0364911
0.0301929	0.00232225	0.0374603
0.0250102	0.00116069	0.0381573
0.0423554	0.0106726	0.0360052
0.00870522	0.0106236	0.0404197
0.0279985	0.0033183	0.0376601
0.0267003	0.0111307	0.0379504
0.0380197	0.00771701	0.036543
0.0364589	0.00518037	0.0367268
0.0306401	0.0173909	0.0377433
0.0398973	0.00911717	0.0363507
0.0283622	0.0110968	0.037761
0.0362021	0.0112085	0.0368718
0.048716	0.0168104	0.0356512
0.0189709	0.00796617	0.0388161
0.015041	0.011227	0.0393905
0.041601	0.0133863	0.0360473
0.027182	0.00462154	0.037843
0.04273	0.0125435	0.0359271
0.0491339	0.00906199	0.0350639
0.0356111	0.00985812	0.036901
0.020872	0.00856101	0.0385774
0.037445	0.0152599	0.0367142
0.0359447	0.0100767	0.0368511
0.0185431	0.00600421	0.0390195
0.0273336	0.0075436	0.0378628
0.0140898	0.0103436	0.0393882
0.0382246	3.04649e-06	0.0366178
0.0318335	0.0115352	0.0373169
0.0349074	0.0101939	0.0368312
0.019411	0.0131624	0.0388083
0.0422217	0.00864962	0.0360428
0.0131588	0.0155041	0.0395156
0.029896	0.012	0.0374643
0.0313884	0.00944387	0.0374055
0.0370984	0.0100585	0.0366717
0.0283514	0.00942607	0.0377697
0.0135052	0.0038873	0.0394825
0.0450954	0.00623347	0.0356778
0.0416922	0.00900301	0.036082
0.0272481	0.00877255	0.0378766
0.0407796	0.00502859	0.0361989
0.0442087	0.0146331	0.0357205
0.0407241	0.0115112	0.0362154
0.0401266	0.0151243	0.0362665
0.0382812	0.00272653	0.0365112
0.0379105	0.0168426	0.0366703
0.032619	0.0119493	0.0372202
0.0170092	0.006936	0.039038
0.0350425	0.00393424	0.0369534
0.0347916	0.00793745	0.0369449
0.0373101	0.00591753	0.0364602
0.0317943	0.013914	0.0373321
0.0538968	0.00639375	0.0344343
0.0210708	0.00891686	0.0386024
0.0320689	0.00459602	0.0373449
0.0286546	0.0151275	0.0377368
0.0231963	0.00603241	0.0382516
0.0335805	0.011003	0.0370919
0.0245554	0.00761673	0.0381314
0.0325631	0.00880271	0.0372674
0.0238413	0.00791415	0.0382658
0.0307281	1.57236e-05	0.037331
0.0391305	0.0151103	0.0366594
0.0370332	0.00794382	0.0366835
0.0250902	0.0104674	0.038133
0.0494011	0.0134072	0.0353766
0.0315427	0.010883	0.0374386
0.0378163	0.0126503	0.0365621
0.0317262	0.0159421	0.0372895
0.0119744	0.00964027	0.0396656
0.0152284	0.0146311	0.0394014
0.0433913	0.0142176	0.0359965
0.051586	0.0125133	0.0349064
0.0324846	0.0138058	0.0372398
0.0474264	0.0148404	0.0355084
0.0447465	0.00362718	0.035856
0.0254322	0.0162422	0.03847
0.027101	0.0129433	0.0379126
0.0289853	0.00939489	0.037778
0.0207322	0.0150961	0.0386875
0.0269866	0.00373413	0.0378902
0.0267548	0.0160719	0.0378777
0.0422038	0.0123398	0.0360178
0.0150185	0.00634123	0.0392965
0.034098	0.0100912	0.0370793
0.0318867	0.0158955	0.0373159
0.0292246	0.0093414	0.0376462
0.0303547	0.00735372	0.037548
0.0292518	0.00674643	0.0376368
0.0483759	0.00147512	0.0351162
0.0351361	0.00267888	0.0368605
0.0356685	0.0114996	0.0368205
0.032976	0.0121087	0.0371066
0.0221496	0.00430811	0.0384825
0.0266811	0.0141612	0.0378608
0.0499127	0.0128637	0.0351114
0.0279076	0.0156609	0.0379796
0.0193554	0.011443	0.0388659
0.0330553	0.0168609	0.0370818
0.026119	0.0124787	0.0382439
0.0308146	0.00871813	0.0375064
0.0411907	0.00358259	0.03602
0.0254155	0.0121128	0.0383105
0.0355249	0.00968478	0.0369036
0.0163194	0.0135971	0.0392508
0.0204844	0.00181882	0.0388065
0.0353009	0.0127635	0.0369398
0.0288539	0.0075518	0.0377167
0.0332055	0.00350399	0.0371751
0.0295084	0.0142672	0.0376065
0.0216402	0.0100321	0.0385857
0.0364589	0.0133261	0.0366679
0.0415338	0.0108251	0.0361796
0.020551	0.0104979	0.0387315
0.0432526	0.0102687	0.0359185
0.0219024	0.00818153	0.0384898
0.0450199	0.00457399	0.0359062
0.0295945	0.00820713	0.0376565
0.0398158	0.00191997	0.0363227
0.0294986	0.0150238	0.0374605
0.0439935	0.00633719	0.0358282
0.0364914	0.0117194	0.0366796
0.0395004	0.0163441	0.0362644
0.0445276	0.0122752	0.0357408
0.0288586	0.00993788	0.0376948
0.0186421	0.00706201	0.038913
0.0275948	0.0030749	0.0378325
0.036201	0.00493263	0.0367437
0.01919	0.0142991	0.0388916
0.0490524	0.0118078	0.0353431
0.0422849	0.0168328	0.0360483
0.0314033	0.00149083	0.0373487
0.026314	0.00356627	0.0378803
0.0286122	0.0149051	0.0375792
0.0319091	0.00994199	0.0371927
0.0404979	0.00366483	0.0363097
0.0487835	0.00081549	0.0352264
0.0080369	0.013282	0.0402779
0.0356292	0.00203597	0.0367611
0.0344969	0.0062796	0.0370362
0.0179026	0.00664931	0.038995
0.0369711	0.011283	0.0366572
0.0158157	0.00543304	0.0391404
0.0256611	0.0127001	0.0383042
0.0259022	0.0114972	0.0380374
0.0355951	0.0141643	0.0368249
0.00805131	0.0123497	0.0401668
0.0362769	0.013575	0.0367745
0.0269413	0.0158541	0.038106
0.0377024	0.00615413	0.0365645
0.031207	0.0115735	0.037392
0.044446	0.0126001	0.0357209
0.0108773	0.010665	0.0398099
0.0329557	0.00498055	0.0371962
0.0243778	0.0048559	0.0383802
0.0172422	0.0111157	0.039058
0.00970164	0.00568257	0.0399011
0.0202868	0.00791391	0.0388244
0.0313604	0.00688037	0.037392
0.032141	0.000879717	0.0371022
0.028885	0.0151012	0.0378641
0.0381366	0.0143026	0.0366232
0.0219494	0.00945332	0.0384753
0.0383135	0.0127945	0.0365072
0.0236452	0.00878229	0.0384109
0.0139343	0.0147454	0.0394978
0.00898803	0.00499493	0.0403457
0.0130886	0.00471637	0.0397072
0.0220626	0.0070359	0.0384957
0.0294501	0.00998003	0.0376266
0.0151681	0.010111	0.0392681
0.0269591	0.00863575	0.0378961
0.0306185	0.0136222	0.0374667
0.0365046	0.0129589	0.0368106
0.0243249	0.00420772	0.0382155
0.0341377	0.0102855	0.037092
0.0320398	0.00777048	0.0373745
0.0315063	0.00196751	0.0371915
0.0202553	0.0130223	0.0387402
0.0316137	0.00766972	0.0373289
0.0283278	0.00731678	0.0376841
0.0333503	0.0022989	0.037197
0.0275313	0.00838307	0.0378457
0.0342723	0.0132495	0.0370344
0.0373116	0.014329	0.0366874
0.0387666	0.0146106	0.0365565
0.0211207	0.00626015	0.0385424
0.0271466	0.0157774	0.037889
0.0166796	0.0064716	0.0393148
0.0310248	0.0176785	0.0374747
0.0332364	0.00903598	0.0371213
0.0331007	0.00643768	0.0371137
0.0269676	0.00888992	0.0378974
0.0398737	0.00941918	0.0363985
0.00883083	0.0125993	0.040121
0.0321283	0.0175091	0.0373704
0.0416652	0.0133501	0.0363859
0.0362791	0.0110835	0.0368462
0.0309303	0.00278219	0.0374477
0.0101889	0.0161511	0.0398841
0.0477045	0.0153315	0.0356128
0.0403676	0.0131103	0.0361235
0.0289122	0.00097079	0.037503
0.0436099	0.00755294	0.0358765
0.0208744	0.0157157	0.0385782
0.0442402	0.0118563	0.0358919
0.0227441	0.0126154	0.0383858
0.0277053	0.00588229	0.037948
0.0387785	0.0113023	0.0363544
0.0291447	0.00871395	0.0376076
0.0364341	0.00680653	0.036717
0.0156664	0.0085598	0.0392328
0.0269567	0.0128715	0.0378284
0.0345263	0.00919804	0.0369806
0.0315537	0.0164361	0.0372084
0.0277207	0.0127615	0.0378186
0.0228786	0.00963261	0.0383675
0.0329616	0.0140359	0.0374651
0.019749	0.0108461	0.0387167
0.025938	0.0116464	0.0380954
0.0203868	0.0107553	0.0386765
0.0317064	0.00945951	0.037324
0.0243831	0.0065192	0.0381202
0.0293011	0.0134312	0.0375219
0.0270707	0.00904882	0.0379291
0.0485891	0.00600197	0.0352249
0.00153294	0.00802536	0.0408908
0.0416223	0.00805458	0.0362123
0.0233518	0.0122568	0.0383675
0.0269815	0.00924753	0.0378725
0.0379348	0.0165209	0.0366623
0.0398786	0.00496806	0.0362238
0.0313914	0.0117194	0.0373294
0.0304049	0.00965577	0.0374368
0.0254357	0.00359388	0.0381133
0.0469929	0.0135448	0.035249
0.033314	0.0113132	0.0371717
0.0264086	0.00924819	0.0378673
0.0392839	0.00333698	0.0363876
0.0413173	0.0106702	0.0361752
0.0168315	0.0105462	0.0391415
0.0211475	0.0104117	0.0386297
0.0290053	0.0147917	0.0375725
0.0210375	0.00689306	0.0385602
0.0192168	0.0122098	0.0388332
0.0351232	0.00941768	0.0368019
0.0309929	0.0127401	0.0374585
0.0256069	0.00538329	0.0380424
0.0333701	0.0126191	0.0371728
0.0457533	0.00897803	0.0355124
0.0309084	0.00721611	0.0373989
0.022931	0.00881764	0.0384523
0.0262026	0.00549046	0.0380692
0.0275887	0.0125109	0.0378485
0.0238843	0.00725469	0.0382058
0.034224	0.0152018	0.0371017
0.0248578	0.00507907	0.0381534
0.0208695	0.00665695	0.0386153
0.0395135	0.0040613	0.036301
0.0243657	0.0147501	0.0381691
0.0325063	0.0102857	0.0372217
0.0312806	0.00561682	0.0373298
0.0195321	0.0154895	0.0388392
0.0419637	0.0145176	0.0363882
0.0192791	0.00955697	0.0389244
0.0452913	0.010251	0.0357054
0.0105894	0.00412663	0.0398208
0.0231483	0.00247504	0.0383948
0.0209179	0.0140403	0.0386502
0.00671702	0.00333279	0.040277
0.0281241	0.00439653	0.0376051
0.0164491	0.0166317	0.0394042
0.0301309	0.00822808	0.0375893
0.0229133	0.0128508	0.0384701
0.00931756	0.00916899	0.0400036
0.0245513	0.00171048	0.03802
0.0317147	0.0140595	0.0373917
0.030179	0.00893073	0.0375043
0.0471796	0.0157577	0.035357
0.0325767	0.00185509	0.0374818
0.0411034	0.00564019	0.0363449
0.0192145	0.00227936	0.0388633
0.0371283	0.0116123	0.0366489
0.0290308	0.015827	0.0376433
0.0161531	0.0142249	0.0394913
0.042396	0.00864344	0.0360329
0.0265483	0.00585378	0.0378887
0.0214503	0.00413922	0.0385587
0.0344785	0.0115404	0.0369167
0.0135247	0.0155262	0.0395757
0.0450441	0.0101096	0.0357386
0.039797	0.00755644	0.0363344
0.0093445	0.00849366	0.0401325
0.0218838	0.0105589	0.0386927
0.0259211	0.0147989	0.0383495
0.0297838	0.0165757	0.037653
0.0269925	0.000437302	0.0376725
0.0365858	0.0126009	0.0366356
0.029489	0.0030123	0.0374495
0.029123	0.0111636	0.0376345
0.0202555	0.0128387	0.038686
0.043472	0.00031598	0.0360181
0.0280374	0.00699482	0.037783
0.0350267	0.00838816	0.0368799
0.0392768	0.0158589	0.0364419
0.033731	0.0115859	0.0369779
0.0324786	0.0108526	0.0372203
0.0418362	0.0121281	0.0361733
0.0309139	0.0103528	0.0374241
0.0271145	0.00456178	0.0377228
0.0345275	0.0133813	0.0368932
0.0104882	0.00929924	0.039828
0.0127425	0.00785332	0.0397616
0.0339671	0.00377586	0.0370796
0.0238201	0.0150352	0.0382421
0.0388508	0.0144209	0.0363749
0.0338239	0.00858362	0.0370397
0.0459759	0.0134515	0.0355687
0.0183838	0.00670347	0.0389352
0.0124874	0.00678366	0.0398657
0.0305728	0.014364	0.0374246
0.0282772	0.0128436	0.037753
0.0538745	0.011302	0.0345174
0.0326461	0.00845766	0.0371837
0.019026	0.0162333	0.0388932
0.0282605	0.014624	0.0377541
0.0163984	0.0112802	0.039292
0.0366291	0.00741253	0.0367121
0.0423177	0.0102079	0.0361099
0.0234913	0.013795	0.0382785
0.0442117	0.0138024	0.0358564
0.0211493	0.00782972	0.0386767
0.0394479	0.0121034	0.036385
0.0276867	0.00483832	0.0379833
0.0391197	0.0154339	0.0365097
0.0338853	0.0112735	0.0370522
0.0426271	0.0155251	0.0360963
0.0484111	0.0110343	0.0353979
0.0321804	0.0159643	0.0372816
0.0341223	0.0163198	0.0372856
0.032497	0.0107803	0.0372659
0.0298219	0.0098074	0.0375286
0.0485745	0.00261479	0.0350381
0.0208154	0.015101	0.0386966
0.0306954	0.00963714	0.0374751
0.0366765	0.0101138	0.036676
0.00611851	0.00363763	0.0403404
0.0368634	0.00388058	0.0365493
0.026999	0.0157355	0.0379096
0.0379981	0.00729039	0.0366253
0.0227855	0.0104458	0.0384134
0.0422765	0.00355762	0.0359921
0.0309201	0.00353485	0.0374632
0.0368039	0.0167928	0.0366763
0.0236732	0.016731	0.038399
0.0371617	0.00047303	0.0367424
0.0354119	0.0164733	0.036959
0.04003	0.0133959	0.0363598
0.0409401	0.010878	0.036201
0.0441761	0.0155324	0.0357389
0.0207682	0.00963016	0.0386578
0.0378285	0.012805	0.0366537
0.0403935	0.0142617	0.0362415
0.0213831	0.00718054	0.0384985
0.0175638	0.000824262	0.0388509
0.0253123	0.00766834	0.0380448
0.0204719	0.0074365	0.0386063
0.0174101	0.00801443	0.0389996
0.0244952	0.00858982	0.0382889
0.0144564	0.013885	0.0395129
0.0352891	0.0139059	0.0371769
0.0121158	0.0093161	0.0398004
0.0256754	0.0124969	0.038076
0.0298675	0.0112743	0.0375443
0.0346904	0.00617995	0.0369186
0.0148902	0.0154202	0.0392187
0.0341974	0.00512345	0.0370014
0.0272325	0.0024547	0.037783
0.0355911	0.00625331	0.036846
0.0192165	0.0142686	0.0389939
0.0366059	0.0120378	0.0367349
0.0395314	0.0039115	0.0364012
0.0266074	0.00934484	0.0378893
0.0188178	0.0063196	0.03882
0.0388549	0.00809305	0.0364644
0.0243058	0.0132803	0.0381336
0.019052	0.0124051	0.0389503
0.0309644	0.0160129	0.037254
0.0333065	0.0150485	0.0371357
0.0192396	0.0107645	0.039041
0.0342496	0.011161	0.0369571
0.0104024	0.0140683	0.0398025
0.0388222	0.0126348	0.0365217
0.0306354	0.0100957	0.0374898
0.0211644	0.0099373	0.0386023
0.0265998	0.00724948	0.037881
0.0184962	0.00320592	0.0387181
0.0386134	0.0104214	0.0364959
0.0132527	0.0154957	0.0395885
0.019602	0.000561288	0.0386288
0.040775	0.0121874	0.0362136
0.0395002	0.0160609	0.0362322
0.0383346	0.0152431	0.0364915
0.0348218	0.00997051	0.0369902
0.0348352	0.00466612	0.0369346
0.0357222	0.00904998	0.0368466
0.0424742	0.0151339	0.0362602
0.0389549	0.0165749	0.0367275
0.0321151	0.00855187	0.0372727
0.029747	0.00525237	0.0376158
0.0179307	0.0156907	0.0390159
0.0152468	0.0168992	0.0392709
0.0356658	0.013749	0.0369082
0.025043	0.0103761	0.0381712
0.0447112	0.0151985	0.0356743
0.0281368	0.0128	0.0376916
0.00458494	0.0049062	0.0405017
0.0231245	0.0144688	0.0383311
0.0324712	0.0169262	0.0371178
0.023901	0.0145012	0.0382077
0.0420495	0.0145317	0.0359657
0.0324857	0.0087307	0.0372309
0.0394631	0.014076	0.0362999
0.0443306	0.0163147	0.0355618
0.0329987	0.00676998	0.0371207
0.0369679	0.00799671	0.0366678
0.0295714	0.0143109	0.0375076
0.0430304	0.014693	0.0358568
0.0163396	0.00827539	0.0393384
0.0231878	0.0106938	0.0383479
0.0264545	0.004106	0.0378229
0.0220413	0.0133077	0.0384232
0.0337655	0.0039079	0.0369201
0.0287714	0.0111436	0.0377357
0.0190897	0.00412569	0.0388214
0.0377186	0.00815434	0.0365613
0.0272203	0.0094712	0.0378433
0.0414659	0.00969714	0.0361395
0.0389587	0.00595092	0.0364044
0.0182113	0.00786542	0.0388966
0.0324603	0.0146809	0.0372686
0.0490476	0.0143927	0.035285
0.0384468	0.0147082	0.0366042
0.0197919	0.012927	0.0388656
0.0330067	0.0134481	0.0373076
0.0326625	0.0119262	0.0371704
0.028025	0.0126716	0.0377103
0.0290848	0.0053106	0.0376487
0.0143856	0.0153088	0.0395054
0.0324212	0.00747108	0.0372694
0.0303639	0.0108898	0.0374725
0.0325598	0.0128218	0.0371527
0.0106299	0.0122424	0.0398521
0.034746	0.00148471	0.0367305
0.0299498	0.0138819	0.0375029
0.0433146	0.015945	0.0358763
0.0340509	0.0162097	0.0370504
0.0235254	0.0022581	0.0385574
0.0293755	0.00332919	0.0374258
0.0402786	0.0143508	0.0364906
