0.0272152	0.012663	0.131744
0.0351922	0.0103467	0.0498043
0.0313597	0.00751006	-0.00322989
0.0332827	0.0103569	0.081054
0.0286431	0.0109198	-0.000227833
0.0347016	0.0140785	0.0187875
0.0330156	0.00581925	-0.00162686
0.0262345	0.0134181	0.158913
0.0260607	0.00752868	-0.00158041
0.0302929	0.00945619	0.00563042
0.0310457	0.00840983	0.0179305
0.0339882	0.0101697	0.0255412
0.0385994	0.0125241	0.195685
0.034496	0.00922396	-0.00371408
0.0304874	0.0100771	0.0993308
0.0293639	0.0102154	0.143923
0.0349912	0.0100492	0.0958779
0.0371415	0.011675	0.0449538
0.032767	0.0119232	0.195239
0.026985	0.0121352	0.193753
0.0282032	0.00654125	0.00873393
0.0333831	0.012668	0.0690118
0.0373477	0.00713671	-0.0036696
0.0243573	0.00335273	0.295552
0.0281421	0.00667215	0.00578726
0.0359243	0.010787	0.166725
0.0279707	0.00879983	0.00304483
0.0256573	0.00501925	0.0359576
0.035044	0.0095709	-0.000218039
0.0245548	0.00616893	0.0982354
0.035797	0.0090705	-0.0013016
0.0264984	0.0129788	-0.00152134
0.0313961	0.0119895	-0.00130091
0.0280498	0.0116654	-0.000208452
0.0334766	0.0102976	0.0279512
0.019991	0.013013	0.0210146
0.0246532	0.00724682	0.00608339
0.0341634	0.00718009	-0.000246031
0.0318139	0.00854471	0.0156464
0.0282474	0.0103576	-0.00143911
0.0275713	0.0116444	-0.00209293
0.030375	0.00890967	0.19888
0.0355599	0.0119632	0.136581
0.0281949	0.00872486	-0.00143302
0.0303536	0.00966965	0.0980549
0.0276492	0.0111679	1e-05
0.0311228	0.0103009	0.109423
0.0347232	0.00768299	0.216639
0.0329316	0.00956912	-0.00174956
0.0224055	0.0093247	0.160774
0.0209726	0.00968499	1e-05
0.023141	0.0119436	0.0556745
0.0276042	0.00371754	0.326026
0.0294059	0.00994551	0.11893
0.033747	0.00902629	0.109683
0.0271422	0.0116926	0.0200791
0.0371288	0.00755999	0.397071
0.0405754	0.0117653	-0.000173844
0.035227	0.00686025	1e-05
0.0324305	0.00765947	0.0363268
0.0300418	0.0101546	0.0841754
0.0309302	0.0075449	-0.00145213
0.0250222	0.0103947	0.00163007
0.0404209	0.00706619	0.0502072
0.0332678	0.00649867	-0.00234747
0.0309491	0.0079822	-0.00361505
0.0212078	0.0108991	0.146513
0.0338529	0.00960113	0.0113592
0.0356548	0.00928948	-0.00179531
0.0280696	0.00905161	0.083164
0.034095	0.00969228	-0.00371765
0.0234358	0.00967319	-0.00348316
0.0233946	0.011242	0.0358264
0.0172473	0.0121083	0.0373171
0.029179	0.00760144	1e-05
0.0335886	0.00652221	-0.0022746
0.0318616	0.00740545	0.136205
0.0281936	0.0099335	0.0250623
0.0329938	0.00901935	1e-05
0.0324333	0.00954225	0.10945
0.026487	0.0123227	0.133767
0.0304328	0.012634	-0.00180652
0.0262563	0.0118817	0.166614
0.0265044	0.012788	0.0249485
0.0345008	0.0123672	-0.00447918
0.0229254	0.00832125	0.0506486
0.0343148	0.00755275	0.0521347
0.0314688	0.00931057	0.0440918
0.0300782	0.00417027	0.031762
0.0322289	0.00759437	-0.000332912
0.0307803	0.0130661	0.17209
0.0203029	0.00980173	0.30345
0.0241342	0.00790947	1e-05
0.0330356	0.0119761	0.157185
0.0284267	0.00843445	-0.000905996
0.0393788	0.00568395	-0.00241031
0.0293244	0.00960923	1e-05
0.0309747	0.0120218	0.0253781
0.0191934	0.00576964	0.109847
0.0269385	0.0107949	-0.000174269
0.0219929	0.00813306	0.228313
0.0264942	0.00928336	1e-05
0.0237189	0.00868845	-0.00141537
0.0340876	0.0100654	0.063134
0.024709	0.0123704	-0.00167247
0.0242304	0.0111839	0.0857026
0.0349914	0.0106482	0.0528894
0.0204351	0.0104387	0.113486
0.0357059	0.0114423	0.0164377
0.0289117	0.00961021	0.0425238
0.0376816	0.0120809	-0.000169758
0.0323345	0.0113465	0.0182284
0.0342365	0.00918746	-0.00255848
0.0320918	0.00758677	0.0279498
0.0282785	0.0110062	0.00914592
0.0341557	0.0118718	-0.00125988
0.0280321	0.00921203	0.270253
0.0338869	0.00890448	0.244194
0.028557	0.00922064	-0.000185593
0.0368066	0.00914631	0.108088
0.0174287	0.00988898	1e-05
0.0227366	0.00680861	-0.00206397
0.0250605	0.00914452	-0.000207555
0.0353395	0.00857381	0.00269055
0.0279214	0.0115061	-0.00148004
0.0302196	0.0122484	1e-05
0.0233774	0.00606356	0.0222296
0.0284963	0.00938054	0.0419351
0.0247151	0.010435	-0.00301342
0.0327657	0.00440401	-0.00227095
0.0288288	0.0067231	0.0343447
0.0296078	0.00823661	-0.00103153
0.0353483	0.0120316	0.0186811
0.0298861	0.00821533	0.0211414
0.026657	0.0109726	0.348394
0.0237467	0.0136473	0.0111828
0.0203696	0.0128594	-0.0030343
0.0308464	0.014064	0.0131287
0.0250555	0.00974616	1e-05
0.0316093	0.0117161	0.0204114
0.0297711	0.00817444	-0.000176814
0.0368703	0.0126113	-0.00166502
0.0280833	0.0138445	-0.00453735
0.0308392	0.0118999	-0.00257613
0.0363338	0.00632333	0.156797
0.0291968	0.00983889	0.00542203
0.0305382	0.00948175	0.129696
0.0220532	0.0119107	0.30039
0.030068	0.0115208	-0.00200046
0.0354187	0.00240757	-0.00312333
0.0288132	0.0084133	0.0986386
0.0288781	0.010062	0.00432167
0.0300345	0.0107632	0.0631718
0.032107	0.00632237	-0.000305797
0.0267866	0.00826393	0.00347986
0.0355467	0.00615985	-0.000198246
0.0264548	0.0107558	-0.00142054
0.0238295	0.00737991	0.0647643
0.0367717	0.00787314	-0.00104621
0.0303534	0.0121266	-0.000247055
0.0374785	0.0074129	-0.00280095
0.0293538	0.0102715	0.117762
0.0307956	0.0105147	0.0238632
0.0298355	0.0106068	0.0663648
0.0373527	0.00941011	0.0349778
0.0307691	0.00750165	0.0979479
0.0275545	0.0107695	-0.00279074
0.0321032	0.00859259	-0.0025455
0.0383133	0.0104037	0.00736855
0.0311689	0.00898872	0.0111519
0.0300057	0.0107741	0.100751
0.030587	0.0114968	0.0665322
0.0363976	0.0153271	-0.00141733
0.0360791	0.0113656	-0.00419983
0.0282777	0.0123601	0.147811
0.028539	0.0109111	0.14748
0.0294521	0.00993982	0.0760832
0.0320077	0.0110455	-0.00194917
0.0316166	0.010523	0.067319
0.0319897	0.00995148	0.263068
0.0365671	0.00720281	-0.00308864
0.034039	0.00724514	0.0412465
0.0281247	0.00935807	1e-05
0.0346437	0.00873625	0.0105698
0.0359206	0.0109875	-0.000604179
0.0353024	0.00944884	-0.00173038
0.0380646	0.00747395	0.0147391
0.0334126	0.00965032	-0.00165027
0.0331706	0.00683348	-0.000155597
0.0330699	0.0119353	0.0585308
0.0289516	0.0104097	-9.59515e-05
0.03168	0.0106411	0.0161662
0.0321937	0.00884231	0.13927
0.0304394	0.0127043	0.091421
0.0368705	0.00983992	0.0262717
0.0277975	0.00913749	0.232525
0.0250227	0.00970909	0.161646
0.0223631	0.0072664	0.138426
0.0238662	0.00982582	0.0339745
0.0285441	0.00818583	-0.00355418
0.033322	0.00909335	-0.00283446
0.0255719	0.00865482	0.16102
0.0227794	0.0119291	0.312991
0.0397999	0.00826491	0.0497252
0.0294922	0.0083538	1e-05
0.0281558	0.0100859	-0.00176833
0.0278938	0.00476356	0.0398019
0.0230193	0.0107533	-0.00125017
0.0230322	0.00647057	0.139891
0.0237082	0.0120687	-0.000196513
0.0333364	0.0103632	-0.00198914
0.0347621	0.00442247	0.0254952
0.031916	0.0107982	0.0748121
0.0403708	0.00763689	0.294535
0.0311716	0.0101163	0.0928945
0.0329069	0.0111458	-0.000274255
0.0331947	0.0113122	0.0405631
0.0373407	0.00978434	0.00602071
0.0246358	0.00561949	0.0180787
0.0192134	0.0102545	-0.000841597
0.035735	0.013524	-0.00222306
0.0295647	0.0117911	0.0160828
0.0231497	0.00862729	0.035653
0.0341249	0.00860759	0.16167
0.0353107	0.0120128	0.0347823
0.0312731	0.0115225	0.0483431
0.0313304	0.00939579	0.271536
0.0276404	0.0117495	0.00492019
0.035101	0.01047	0.0179176
0.0314733	0.0119479	0.0050685
0.0270038	0.00832949	0.00790936
0.0450818	0.0101145	-0.00415229
0.0310218	0.0123187	0.00381889
0.0264212	0.012627	0.224525
0.0258663	0.00905117	-0.00120729
0.0311758	0.0101655	0.0857458
0.0338615	0.00965689	0.0218003
0.0286016	0.0091257	-0.00134681
0.029586	0.0106305	-0.00339303
0.0278605	0.0124842	-0.00351356
0.0326766	0.00916115	0.00696327
0.0298885	0.00808909	0.0493461
0.0305929	0.0072912	0.0250225
0.0292582	0.00992594	0.113199
0.0306569	0.0123194	0.081074
0.0240854	0.00989919	-0.0027518
0.0294792	0.00582221	0.0794428
0.0303257	0.014648	0.004678
0.0299981	0.0121134	0.0584235
0.0338077	0.00940875	0.15055
0.0316267	0.0113249	-0.00162252
0.0118426	0.00927919	-0.00182991
0.0339001	0.00986494	0.154091
0.0279259	0.0055064	0.00171621
0.034499	0.0144381	0.0891118
0.0240525	0.0115908	0.0118764
0.0319953	0.00841853	0.0361083
0.0249001	0.012779	0.230496
0.0327205	0.00984499	-0.000265597
0.0220395	0.0103681	-0.000888424
0.0319289	0.00653722	-0.00355495
0.0233258	0.00755703	0.00413649
0.0322958	0.011432	-0.00193923
0.0315096	0.0107047	0.0135496
0.0357963	0.0124341	-0.00330837
0.0325433	0.0115539	0.0972492
0.0294944	0.0078016	0.0676314
0.0269874	0.0111366	-0.00115731
0.0308976	0.0106775	1e-05
0.0291672	0.00735731	0.0964154
0.0306571	0.012275	0.0876411
0.0232705	0.0122444	0.114696
0.0260463	0.00805902	0.392034
0.0330477	0.00521673	-0.000213867
0.0379015	0.00898167	0.0276944
0.0336434	0.00966189	0.0211281
0.0312664	0.00969015	0.0429008
0.0314862	0.00906015	0.0578516
0.0333774	0.0100933	0.0223057
0.0307597	0.00901053	-0.00150284
0.036161	0.0109411	-0.00317958
0.0240444	0.0119717	0.0618314
0.030706	0.00913669	-0.000213166
0.0276224	0.0080124	-0.00264621
0.0276968	0.0134931	-0.00184213
0.0279999	0.0104167	0.131872
0.0317143	0.0127758	-0.0005239
0.034736	0.0105071	-0.00174017
0.0311223	0.0139985	-0.00349276
0.0272291	0.00572964	-0.00176898
0.0264518	0.0141663	-0.00185874
0.019335	0.0103089	-0.00215504
0.0267385	0.00148922	-0.000202241
0.0262717	0.0117916	0.0498161
0.0306132	0.00867044	-0.00157654
0.0357804	0.010494	0.313241
0.0280087	0.0113213	0.176143
0.0277075	0.0116041	-0.00182409
0.0340707	0.0102288	0.0782146
0.0266327	0.00853668	0.0163401
0.0257437	0.0101831	0.272071
0.0384257	0.00892465	0.019927
0.0237013	0.00767504	0.0345138
0.0284325	0.00923885	0.045922
0.029556	0.00559321	0.227614
0.0377739	0.00986544	0.0402681
0.0274203	0.00918713	0.0687214
0.0271224	0.0145796	0.0252335
0.0333239	0.0108633	0.00476384
0.0356256	0.00968168	0.392056
0.037438	0.00966404	0.00694477
0.0273729	0.00893527	-0.00388417
0.0242946	0.00752866	-0.00141075
0.0329678	0.0111988	-0.00420735
0.0314116	0.00982867	0.0127472
0.0336903	0.00995771	0.161135
0.018609	0.00775491	0.171649
0.027796	0.0122586	-0.00464686
0.0218986	0.0113394	0.0230202
0.0300505	0.0102597	0.00212831
0.0254702	0.010992	0.000110269
0.0308693	0.00878292	0.0170614
0.0343972	0.00961575	0.103196
0.0343757	0.0132661	0.042891
0.0315631	0.00812291	0.0229934
0.0308417	0.0102753	0.0623901
0.0348728	0.0115273	0.108405
0.0264488	0.0104066	0.0464209
0.0304378	0.00555931	0.140968
0.0270649	0.0112839	0.0421987
0.0190709	0.0092924	0.187267
0.0379577	0.0102683	-1.19528e-05
0.0319431	0.00718891	0.020422
0.0236517	0.0137517	0.340012
0.0267293	0.00708261	0.0676363
0.0298658	0.00789489	0.00249211
0.0263015	0.0106307	0.122598
0.0310682	0.00626123	0.42719
0.0270537	0.0104717	-0.00357702
0.0259453	0.0103844	-0.0019909
0.0404087	0.0078758	0.044288
0.0286968	0.00840829	-0.000262033
0.0312466	0.0119223	0.0508739
0.020817	0.00982593	-0.00100443
0.0318227	0.0114256	0.114357
0.0295284	0.00912368	0.00360786
0.0283499	0.0093132	0.0617369
0.0232469	0.0110648	0.0108782
0.0261302	0.0106289	-0.00109165
0.0211275	0.0107223	-0.00114836
0.0307584	0.0123864	0.15166
0.0281561	0.00950565	0.142214
0.03335	0.0113752	-0.00301882
0.0350177	0.0110563	0.0931271
0.0292668	0.0127271	-0.00174737
0.0337853	0.00798604	0.00550978
0.0349512	0.0049508	-0.00355875
0.0270866	0.00724199	-0.00022501
0.0311839	0.00980979	-0.00125552
0.0320604	0.0103284	0.0358821
0.0363025	0.0103009	1e-05
0.022532	0.0138562	-0.0011517
0.0308734	0.0117906	-0.000717871
0.0379155	0.0106402	-0.00230368
0.0304965	0.00627387	0.000379631
0.0293845	0.00770503	0.16085
0.0397841	0.0117972	0.0152392
0.0353072	0.0108225	0.00283509
0.0331116	0.0107037	0.0422501
0.0252902	0.00928772	-0.00177322
0.0313286	0.0112756	0.259507
0.0292184	0.0127096	0.0197581
0.0378645	0.00644319	0.0873634
0.0357496	0.00813169	-0.00333643
0.032135	0.00898743	-0.000226862
0.0309646	0.00742047	0.0136545
0.031922	0.0119727	0.052899
0.0252589	0.0112573	0.0882852
0.025029	0.0105138	0.00244317
0.0312337	0.0092961	0.266989
0.0328007	0.00327322	0.0653488
0.0230833	0.0103893	-0.000992598
0.0364723	0.00984338	0.136198
0.0375346	0.00489961	0.0191784
0.0349257	0.011114	1e-05
0.0280272	0.00821072	-0.00355755
0.0345447	0.0103882	-0.00104704
0.035649	0.0113831	0.292896
0.0254859	0.0143729	0.0224769
0.0248978	0.010128	-0.00152487
0.0254313	0.0118532	0.316974
0.0333669	0.00905651	0.225361
0.0317134	0.00939037	0.190477
0.0281502	0.01218	0.297384
0.0257516	0.00899074	-0.00151815
0.024109	0.00711217	0.0665227
0.0347558	0.00775625	0.108014
0.0216938	0.0129515	-0.00191066
0.029804	0.010022	0.174466
0.0361357	0.00914851	0.229442
0.0260883	0.0108097	0.00593128
0.0311481	0.00963583	0.176546
0.0233099	0.0128898	0.283907
0.0352485	0.012162	1e-05
0.027904	0.00578501	-0.00335903
0.0341182	0.0055845	-0.00238356
0.0308579	0.0103713	0.00576233
0.0333656	0.0087263	-0.00106401
0.0235464	0.00558965	-0.000229863
0.0321878	0.0113634	0.052085
0.0406549	0.0122856	-0.00373889
0.0309045	0.0102755	0.220662
0.0338269	0.0116787	0.0542685
0.0214101	0.0116574	0.010235
0.027018	0.0119115	0.0416342
0.0296384	0.00662522	-0.00293448
0.0324091	0.00607115	-0.00355363
0.0330726	0.0107586	0.00325873
0.0203705	0.0117552	0.191421
0.0269464	0.00970315	0.174449
0.0197525	0.00829556	0.00267965
0.0332617	0.00548664	0.0778341
0.0247522	0.0109924	0.0839623
0.026991	0.0111929	0.0371527
0.0304472	0.00931786	-0.000349141
0.0311757	0.00909064	-0.00149549
0.0228945	0.00738717	0.0537653
0.030913	0.0117156	0.213518
0.0300855	0.0109195	0.00436278
0.0318024	0.0044298	0.00232019
0.0210916	0.0119048	0.059625
0.0254889	0.00766576	0.12122
0.0232978	0.0109872	0.0420764
0.0300756	0.0104616	0.00213637
0.0271479	0.0101863	0.0667932
0.0331644	0.00859498	0.0149632
0.0301451	0.014504	0.0189225
0.032656	0.0102771	0.0160673
0.0288035	0.00930977	0.313293
0.0287449	0.0084694	-0.00280947
0.0370251	0.00826311	-0.00376611
0.0381831	0.0145902	-0.000944296
0.0278609	0.0116129	-0.00133227
0.0226733	0.0109986	-0.00172601
0.032113	0.0138963	0.0540299
0.0386525	0.00953424	-0.00374836
0.0340928	0.0104319	0.0211484
0.0322054	0.00921511	0.028619
0.0271874	0.0108209	0.00845921
0.027535	0.0113257	0.0145794
0.0324227	0.00770485	-0.000220763
0.0255935	0.0077273	0.0414418
0.0312432	0.00914412	-0.00316177
0.0316113	0.00786082	0.115014
0.0372739	0.00516894	0.0909021
0.0275554	0.00966586	0.243004
0.0253817	0.0134388	-0.00330875
0.0374967	0.0129968	-0.00306133
0.0330682	0.0101212	0.00152668
0.0268697	0.0125688	-0.00196852
0.0395507	0.00620172	0.0866696
0.0338587	0.0146709	0.144767
0.0314516	0.013688	1e-05
0.0251015	0.00973004	0.0389238
0.0234979	0.0131405	0.19779
0.0261691	0.00758887	0.0866984
0.0281051	0.0118799	0.0757407
0.0261951	0.00478227	-0.00172647
0.0307993	0.00990887	0.154674
0.0263108	0.0134181	0.0668768
0.0329471	0.0117536	-0.00462821
0.0329877	0.0127536	-0.000274658
0.0185308	0.0119523	0.0358431
0.0315112	0.0110766	0.186901
0.0355553	0.00832281	-0.00142047
0.023962	0.011207	0.0434327
0.0318445	0.00877406	0.14384
0.0374009	0.0097285	0.0327059
0.0316545	0.012679	-0.0048266
0.0382137	0.00336398	0.0874961
0.0424825	0.00853432	0.0355345
0.0327764	0.00923089	0.182352
0.0252031	0.0109614	0.16419
0.0256873	0.0111271	0.0496104
0.0351561	0.00796415	0.0880934
0.0319001	0.0124523	0.262501
0.0262696	0.00991092	0.177681
0.033254	0.00960608	0.0191449
0.0293109	0.0140884	1e-05
0.0247951	0.0124707	-0.00262407
0.0301705	0.0093708	-0.000179695
0.0295392	0.00743341	-0.00324936
0.0302304	0.0120912	0.168276
0.0313314	0.0112144	0.0792604
0.03036	0.00686793	0.0680293
0.0262932	0.0130122	-0.00139724
0.0318327	0.0107047	0.0739911
0.030876	0.0104623	-0.00260155
0.0233634	0.0110748	0.0424442
0.0290845	0.0065422	0.0348863
0.0329926	0.00967047	0.077523
0.0331769	0.0112152	0.080767
0.0268596	0.00772757	0.102463
0.0253773	0.00559006	0.0441341
0.0271111	0.00759279	-0.00162567
0.0343227	0.00887488	-0.0018654
0.0346551	0.012118	1e-05
0.0365565	0.0103726	0.0164169
0.0238463	0.011621	0.0229131
0.0276636	0.0121483	1e-05
0.0257554	0.00938123	-0.00202314
0.026133	0.0109022	0.0985093
0.0302814	0.0095124	0.0229719
0.033719	0.0077539	0.0429204
0.0284076	0.00988539	0.0684236
0.0376879	0.00833667	-0.00363714
0.0326402	0.0113118	0.120094
0.0306165	0.00744749	0.160673
0.0278606	0.00920866	0.0111257
0.0218142	0.0121875	0.191732
0.0307057	0.0104707	-0.00264343
0.021795	0.0106764	0.0576814
0.0383143	0.00707522	-0.000685992
0.0324308	0.00998638	-0.00152865
0.0331187	0.00649032	0.0466245
0.0277293	0.0103914	0.0235536
0.0289326	0.0103275	-0.00164872
0.0292554	0.00934421	-0.000163992
0.0210844	0.00501831	0.128621
0.026656	0.01063	-0.00104743
0.0315668	0.010269	-0.00313991
0.0244025	0.00735325	-0.00137586
0.033385	0.00629564	0.17774
0.0254352	0.00859332	1e-05
0.0341889	0.0105858	0.0991058
0.0235862	0.00768603	0.0372541
0.0290842	0.0143938	-0.00180424
0.0336917	0.0121164	0.0149662
0.0311431	0.0124196	0.143083
0.0292968	0.00901931	-0.00316877
0.0228349	0.0126524	0.111775
0.0363744	0.00615838	0.0171651
0.0317787	0.0125239	-0.00173293
0.0279911	0.00714446	-0.000229148
0.0375791	0.00330699	-0.00115505
0.0278719	0.0139307	0.00160523
0.0284921	0.00922053	0.0559719
0.0219506	0.010051	0.241607
0.0318133	0.00719129	0.0567107
0.0252376	0.0135681	0.092389
0.0278178	0.0103481	0.164648
0.0324123	0.0117016	0.0458625
0.0259399	0.00576752	1e-05
0.0322162	0.0114432	0.00344143
0.0314042	0.0133096	0.0656194
0.0355806	0.0122917	1e-05
0.0361343	0.0108403	-0.00173003
0.0249738	0.0112991	-0.00354217
0.03357	0.00793093	0.0130185
0.0265244	0.00849059	0.103196
0.0254107	0.00718138	-0.000258289
0.0215218	0.00951356	0.0184628
0.0286741	0.00919266	0.012877
0.0312137	0.00271497	0.00241359
0.0260633	0.0109906	0.00114962
0.0363214	0.0113421	0.137831
0.0322736	0.0140117	0.0446288
0.0294221	0.010067	-0.00161579
0.0315528	0.00799782	0.0877183
0.0296832	0.0110177	0.181582
0.0275027	0.00839383	0.0678927
0.0298348	0.0133225	-0.000228302
0.0403317	0.0102974	-0.00249886
0.0252423	0.0107335	-0.00275479
0.0295003	0.00983835	-0.000258877
0.0310161	0.00901003	-0.00307532
0.0316912	0.00519094	-0.00229145
0.0250871	0.0116181	0.139143
0.0303107	0.00746774	0.0932288
0.0349623	0.0102727	-0.00117835
0.0257258	0.00864986	-0.000777193
0.0316049	0.00711871	0.179953
0.032105	0.00700988	0.0335795
0.0280153	0.0127111	0.156633
0.0262355	0.0113164	0.0951975
0.0296296	0.00960292	0.181225
0.0330202	0.0123422	0.230731
0.0271083	0.00591809	1e-05
0.0258306	0.0117138	0.272935
0.0305327	0.0090593	1e-05
0.0348517	0.00890247	-0.00282399
0.0256392	0.00976172	-0.00363893
0.0371126	0.0104653	1e-05
0.0269603	0.0126804	0.00855761
0.0345908	0.013929	0.0177773
0.0305912	0.00930835	0.0850196
0.0361701	0.00938477	0.0533158
0.0322556	0.00900014	-0.00353015
0.0274838	0.00639356	0.0232055
0.0339467	0.00439738	1e-05
0.0321767	0.0115569	0.0696943
0.0351805	0.0100805	0.0079164
0.0296118	0.0111429	0.0584697
0.0366053	0.00660248	1e-05
0.0318263	0.00924991	0.157936
0.0244502	0.0136525	-0.00288781
0.0252228	0.00514924	-0.00136503
0.0310318	0.00808849	-0.00083591
0.0313544	0.01296	0.290381
0.0307251	0.0117069	-0.00173039
0.0335057	0.0101194	0.202821
0.0344416	0.00969107	0.0756605
0.0312953	0.00288588	0.318199
0.0306584	0.00665935	0.0738268
0.0308845	0.012293	0.100433
0.0286502	0.00778162	-0.00242412
0.0241828	0.00806593	0.116094
0.0248208	0.0112666	0.00540729
0.0339143	0.00436241	0.055229
0.0271405	0.00703971	0.127272
0.032703	0.00827098	0.11443
0.0307667	0.0102386	-0.000250833
0.0323011	0.00772077	0.00627871
0.0347618	0.00755374	-0.000197228
0.0271247	0.00983474	0.0568493
0.0302152	0.0121552	0.113957
0.0287074	0.011242	0.0179184
0.0346047	0.0126892	0.175685
0.0361783	0.00777432	0.0187683
0.0323221	0.0106981	-0.000888142
0.0241381	0.0110663	-0.000318392
0.0303157	0.0110368	-0.00173406
0.0305202	0.00978173	-0.00168888
0.0340932	0.008373	0.153812
0.0212677	0.00784358	0.0107806
0.0225016	0.0132873	0.376831
0.0322897	0.00920037	0.21235
0.0186518	0.00883282	0.00565436
0.0360053	0.0128269	0.00843418
0.0276129	0.0104416	-0.00024727
0.0301711	0.0133324	0.00440916
0.0202758	0.00817609	0.184083
0.0320514	0.00902421	1e-05
0.036454	0.00516216	-0.00301671
0.0363985	0.0112891	0.00370869
0.0338046	0.00664225	0.0805664
0.0320578	0.0119272	0.0570319
0.0288728	0.00888415	-0.00206589
0.0260262	0.0124252	0.065185
0.0362948	0.012889	0.00688864
0.0338859	0.00888496	0.0678582
0.0313597	0.00732637	0.00558516
0.0293639	0.00659062	0.115111
0.0225188	0.0094585	-0.00336821
0.0367562	0.0113855	0.0402366
0.0354102	0.00583286	0.0269074
0.031378	0.0126018	1e-05
0.0277565	0.0100935	-0.000248275
0.0264776	0.00700564	0.0577574
0.0278287	0.00955317	-0.00181376
0.0262956	0.00953169	-0.000244757
0.0297468	0.0121398	0.0420372
0.025037	0.0055129	0.0989433
0.0258096	0.00951386	0.00668591
0.0353834	0.0126133	-0.00428192
0.0325421	0.0127898	0.0459198
0.0324525	0.00864498	0.0830245
0.0304019	0.0105796	0.00994068
0.036505	0.00915613	0.190724
0.034248	0.00762806	0.0675016
0.0336549	0.0130364	-0.00168276
0.0324051	0.00984487	0.00554789
0.0300541	0.0137003	-0.00228377
0.0369931	0.00903314	0.0671808
0.0297624	0.0105825	-0.00127546
0.0328749	0.0119848	-0.00404022
0.0388052	0.0121299	0.0374491
0.0345577	0.00594443	0.00728324
0.0325596	0.00635095	0.109141
0.0365418	0.0120448	-0.00147336
0.0286784	0.0122636	0.0364118
0.0303241	0.0125528	-0.0014087
0.0226848	0.0128955	0.0136434
0.019299	0.0102464	0.00148172
0.0286255	0.0100156	0.000910553
0.0375521	0.0113416	-0.00024926
0.0317883	0.00910456	1e-05
0.0291239	0.0121311	-0.00300099
0.0294127	0.0125976	1e-05
0.0189042	0.0106754	-0.00334837
0.0255942	0.00815626	-0.0012822
0.0289452	0.0103826	0.0503332
0.0291723	0.0121833	0.0745094
0.0277556	0.00926907	0.0845231
0.02872	0.00989187	0.0768532
0.0263007	0.00578417	-0.000167034
0.0359476	0.0109192	0.0453759
0.031837	0.00896851	-0.000418718
0.0374675	0.011002	0.136186
0.0252855	0.0112825	0.0610029
0.0289386	0.00966819	0.0179036
0.0308801	0.00745865	-0.00319385
0.0299229	0.00936193	-0.00176898
0.0346368	0.00781773	0.0468764
0.0354847	0.0117353	0.0406291
0.0280542	0.0136516	-0.00128137
0.0317898	0.0111606	0.00853776
0.0264538	0.011548	0.0391506
0.0251018	0.0110288	-0.00152933
0.030818	0.011666	0.0930112
0.0350089	0.0107993	-0.00367657
0.0320375	0.00553562	0.0427513
0.0293981	0.00973234	0.0607947
0.0360765	0.00891057	0.13689
0.0314309	0.0124118	0.0862186
0.0268073	0.00953099	0.0776238
0.0363439	0.014701	-0.000200788
0.0310974	0.00880947	-0.00334633
0.0274681	0.0109738	0.279341
0.0289352	0.0112355	-0.00326929
0.0331139	0.00729729	-0.000218418
0.0246158	0.00993544	-0.00303534
0.0376159	0.0160927	-0.00123016
0.0376972	0.0110815	0.0241575
0.0210488	0.0108899	0.0206918
0.0323347	0.0128813	0.120584
0.0331627	0.0084908	0.00561142
0.0210205	0.00998464	-0.00242764
0.0290158	0.010958	-0.00201021
0.0356003	0.0111239	0.201479
0.0351035	0.0106007	0.00941201
0.0244357	0.0095936	-0.00360291
0.0241896	0.0134255	0.106711
0.0261893	0.00930835	0.0764602
0.0326021	0.0111186	-0.00164371
0.0323969	0.012522	0.0442801
0.0334201	0.0105737	0.0378349
0.0259842	0.00751853	0.112642
0.0345599	0.00837167	0.150346
0.0279984	0.00896283	-0.00026323
0.02905	0.0146907	0.0509271
0.0297067	0.0122607	-0.00152179
0.0291002	0.00917884	0.132961
0.0263075	0.00888274	0.174766
0.0361973	0.00959305	-0.00352844
0.02931	0.0102385	0.262451
0.0250345	0.0111344	0.0828615
0.0252488	0.0144458	-0.00371528
0.017503	0.0127141	0.113312
0.0240233	0.0120776	0.011922
0.0331059	0.00904371	0.197291
0.0306361	0.0134725	-0.00128553
0.0218317	0.0132935	0.0749666
0.0346117	0.0110025	0.0879463
0.0340655	0.00916288	0.0617655
0.0266367	0.00663218	-0.000253403
0.0292357	0.010633	0.0688192
0.0346728	0.00752253	0.0632039
0.0285343	0.0117898	0.0793252
0.0262895	0.0047735	-0.00335736
0.0307353	0.00345625	0.18471
0.0311595	0.00953559	0.377756
0.0262994	0.0118063	0.145429
0.0267016	0.0108897	0.10935
0.0293456	0.0104471	0.00538396
0.0317562	0.0102215	-0.0013585
0.0303721	0.0129434	0.0197983
0.0332236	0.0123101	-0.00252628
0.0322326	0.00903484	0.00718659
0.0286828	0.0110903	-0.00341383
0.0299243	0.00795016	0.0882729
0.0316292	0.0136417	-0.00130086
0.0295927	0.0108743	0.291848
0.0325024	0.00743215	0.134925
0.0324484	0.00729381	-0.0002483
0.034506	0.0075085	0.150931
0.0272811	0.0129815	0.0374848
0.0386374	0.00924403	0.0644985
0.0360558	0.00790015	-0.00128898
0.0284704	0.0116676	0.0535289
0.0279703	0.013716	0.00649552
0.0347216	0.00696341	-0.000377353
0.0252633	0.0113163	0.0986549
0.0288424	0.0139705	-0.00028096
0.0275005	0.0065341	0.323417
0.0294957	0.0154665	0.050087
0.030062	0.00588047	-0.00254331
0.0300049	0.0076606	1e-05
0.0321594	0.0118216	0.0518233
0.024469	0.0102985	-0.0032706
0.0321369	0.00932255	0.00573913
0.0286881	0.00742311	-0.00288713
0.029456	0.0117316	0.298047
0.0349409	0.0113282	0.0507433
0.0217247	0.00650964	0.0362074
0.0260496	0.00742844	-0.000454634
0.031175	0.011565	-0.00370018
0.0323753	0.0124999	0.0155515
0.0372326	0.0131521	1e-05
0.0307106	0.0107842	1e-05
0.035168	0.00868075	0.0793686
0.0355222	0.00891122	0.0122059
0.0305899	0.00663297	1e-05
0.0329742	0.0137408	0.00754512
0.0247852	0.010147	0.00763164
0.021678	0.0120164	0.00981176
0.016484	0.0096808	0.160832
0.0295114	0.0129478	0.25362
0.0270453	0.00837558	0.0423155
0.0246706	0.00855045	0.0610306
0.0310085	0.00963834	0.00120017
0.0276494	0.0139847	0.0513874
0.0328448	0.00836939	0.0134997
0.0332196	0.00799529	-0.00164273
0.0197053	0.00456052	0.083801
0.0336382	0.00854831	0.256844
0.0189335	0.0115789	0.00249136
0.026271	0.0137226	-0.00330861
0.0296199	0.00766953	-0.000196
0.02711	0.00944526	0.0736604
0.0361824	0.0105197	0.00760416
0.0281306	0.00979366	1e-05
0.0291985	0.00911953	0.00224702
0.0330178	0.00652904	0.12876
0.0348896	0.0118121	-0.00111744
0.0309171	0.0118186	-0.0016478
0.0270113	0.00817745	0.00441181
0.0300383	0.00926094	0.0277065
0.0284323	0.0110866	0.0244731
0.0247643	0.0114003	0.0570042
0.033088	0.0108521	-0.00328161
0.0268764	0.00849444	0.1621
0.0333951	0.0122242	1e-05
0.0263656	0.00682334	-0.000508883
0.0246032	0.0111996	0.0175821
0.0363723	0.00768417	-0.000411641
0.0258496	0.00575943	0.00952854
0.0228076	0.00954124	0.0425003
0.0301321	0.00958307	0.0407887
0.0330488	0.00984594	0.00233542
0.0231235	0.0112255	0.000898423
0.0292646	0.00514273	1e-05
0.0285422	0.0119221	0.103874
0.0194796	0.0139202	0.187463
0.0314502	0.0124502	0.270906
0.0313361	0.00849283	-0.000494868
0.0303827	0.0104524	0.235292
0.0374734	0.0133091	0.283742
0.0324517	0.0131568	0.139211
0.0297381	0.00757204	0.157606
0.0220414	0.00904044	0.00409247
0.0247333	0.00734569	0.111668
0.032371	0.0109236	-0.00309332
0.0163658	0.00885749	0.115216
0.0286039	0.00609474	-0.00118383
0.0219198	0.0102859	0.0596382
0.0307963	0.0124827	0.054261
0.0253958	0.00807243	-0.00154056
0.0342936	0.00901928	0.138939
0.0320459	0.01014	-0.00364483
0.0186976	0.00874511	0.132151
0.0159287	0.0123983	0.0824663
0.0315068	0.0120267	-0.00472415
0.0272364	0.0101782	1e-05
0.0174046	0.00756518	0.0978367
0.0329921	0.00848733	0.0227858
0.0325465	0.0133622	-0.00124356
0.0249118	0.0108619	0.235389
0.0305948	0.00880825	0.0862942
0.038677	0.0138915	0.106768
0.0366369	0.0113733	0.129962
0.0212944	0.0139102	-0.00233054
0.035147	0.0104449	0.168771
0.0358879	0.00977351	0.0560644
0.0311458	0.00955441	1e-05
0.0207086	0.00776052	0.0919347
0.0409502	0.00530907	0.0344072
0.033606	0.00966701	0.0138638
0.0299553	0.0124021	0.00297746
0.0249264	0.0105744	0.0905897
0.0327187	0.00937552	-0.0015139
0.0271115	0.00958143	0.096523
0.0345095	0.0124713	-0.00436126
0.0259472	0.0131813	-0.00185886
0.0244121	0.0109035	1e-05
0.034159	0.00972856	0.0129686
0.0329245	0.0100084	0.0226389
0.0398741	0.0160046	0.372095
0.0257795	0.00943136	0.144379
0.0398131	0.0125758	0.00717438
0.0296066	0.0110373	0.0847612
0.0279261	0.0135912	0.0039697
0.0342637	0.0112116	0.100231
0.0256069	0.0129432	-0.00186492
0.0313772	0.00898388	0.118383
0.0386599	0.00940637	0.107791
0.0254314	0.0123324	0.170899
0.0364621	0.00957382	0.104729
0.0256801	0.00650048	0.00148342
0.0352685	0.0122617	0.102347
0.029969	0.00883139	-0.00163443
0.0230001	0.0113325	0.0998616
0.0307755	0.00859684	0.0378048
0.0326977	0.0122892	-0.00328603
0.0371799	0.0109392	0.00487391
0.0311973	0.0114265	0.0376158
0.0267897	0.010151	0.253675
0.0199395	0.00995124	1e-05
0.0276142	0.0132955	-0.00472684
0.0328943	0.00993692	0.106428
0.0312931	0.0102326	0.0385556
0.025299	0.0113483	0.0699587
0.0281683	0.0119484	-0.00105211
0.0259782	0.00696446	0.112197
0.0265443	0.00897924	-0.00330253
0.0193907	0.0121347	0.0280659
0.0246299	0.0107108	0.0628964
0.0260387	0.0109303	0.054329
0.0344193	0.0101567	0.0202143
0.0365123	0.00926162	0.129342
0.0259926	0.0139731	0.07054
0.035606	0.0119709	0.188517
0.0301702	0.0114123	0.0932827
0.0300781	0.0103628	-0.00179212
0.0379714	0.00537311	0.0181637
0.0234693	0.0114941	-0.0018267
0.0305796	0.0116232	0.13361
0.038958	0.00686109	-0.00369086
0.0261445	0.0118082	0.138267
0.0294129	0.00907207	-0.000260317
0.0339975	0.00786585	0.168844
0.0232415	0.0120189	-0.00163194
0.0304659	0.0128991	0.0245521
0.0255349	0.0120985	1e-05
0.0294102	0.0125784	1e-05
0.0294764	0.0111712	-0.000221288
0.0329548	0.00990024	0.0733269
0.0195149	0.0100688	0.378399
0.0243028	0.0111227	-0.00434075
0.0202713	0.00924249	-0.00271003
0.0282527	0.00943434	0.195674
0.034258	0.00770285	0.0740624
0.0328895	0.0111666	0.0281751
0.0214269	0.0105852	0.00810278
0.0274199	0.0130806	-0.00182302
0.030124	0.0083311	0.00571565
0.025864	0.0116385	0.0509603
0.0262719	0.0118325	0.145693
0.0351369	0.0118287	0.000855968
0.0186893	0.00827851	0.0987579
0.0355935	0.0118062	-0.000243865
0.0340192	0.0130168	0.0165698
0.0287081	0.0119605	0.0190874
0.034646	0.0100986	0.0522263
0.0402777	0.0130595	1e-05
0.0320443	0.0116818	0.133557
0.0293604	0.00953696	-0.00267074
0.0400152	0.0105341	0.00424002
0.0273763	0.0100521	-0.00340571
0.0329833	0.0107934	1e-05
0.0343985	0.010074	0.054644
0.0254726	0.00920167	0.129728
0.0334467	0.00554017	0.0487285
0.0352776	0.0103933	0.0650497
0.0324976	0.00709967	0.0977118
0.0302853	0.00873879	-0.00134619
0.0316463	0.00886847	0.129769
0.0250484	0.00900173	-0.00229956
0.0315489	0.00890288	0.137939
0.0363686	0.0120049	-0.000239713
0.0252451	0.0107187	0.0489679
0.0257141	0.00880173	0.111149
0.0330305	0.0107803	-0.0014147
0.0330893	0.00842747	0.121698
0.0260298	0.0104832	-0.00134879
0.0327469	0.00891676	0.00284062
0.0358393	0.0131715	0.0814568
0.0249123	0.0101892	0.107092
0.0332112	0.00713467	0.0569931
0.0336863	0.00701115	0.0448018
0.0307426	0.0106353	0.0253924
0.0250039	0.011931	-0.0031212
0.0197447	0.0104974	0.0676991
0.0288045	0.010102	-0.00293776
0.0298487	0.00974076	-0.00134494
0.0376373	0.01408	0.0254582
0.0258153	0.00318641	-0.00155876
0.0244892	0.0130094	0.14287
0.0348694	0.0140826	-0.00447945
0.0238439	0.0109458	-0.00333067
0.0320517	0.0106002	0.0129985
0.0323321	0.0101256	0.244693
0.0244288	0.00983157	0.20033
0.0362088	0.00792108	0.0114203
0.0162843	0.00720955	0.0377635
0.0314401	0.00623754	0.0557832
0.0280726	0.0125819	-0.000202418
0.0305226	0.0120202	0.00162622
0.0330032	0.0154677	0.093794
0.0304077	0.0147697	0.0830394
0.0275808	0.0103542	0.00228424
0.0228764	0.0111251	0.259714
0.0238235	0.0116326	-0.00332027
0.0255751	0.00968403	0.00141549
0.0317724	0.00646054	1e-05
0.0304577	0.0116144	0.0196077
0.0282305	0.00820884	0.222795
0.0259819	0.0122897	0.235262
0.0289566	0.00935431	0.112687
0.0372945	0.00862753	0.00224526
0.0275846	0.0133838	0.035703
0.0226217	0.00904954	0.0445236
0.032697	0.00889794	0.0575322
0.0281877	0.0140431	0.0782598
0.0325944	0.00907658	-0.00156514
0.0238282	0.00995129	-0.000246748
0.0292998	0.00567989	-0.00254653
0.0276241	0.0113382	0.0424083
0.0222112	0.0105204	0.0847218
0.022778	0.013973	-0.00354331
0.0212109	0.00907407	-0.00134082
0.0328362	0.011972	0.0251117
0.0223225	0.0101453	0.278525
0.0202827	0.00887366	1e-05
0.0299675	0.00937303	-0.00179351
0.0373251	0.0141155	0.0969391
0.0301434	0.00912463	0.0877611
0.024651	0.00620558	0.0616819
0.0281692	0.0061536	0.0794216
0.0299991	0.0120377	0.0034635
0.0296928	0.00934012	-0.00243418
0.0367446	0.0110487	0.190309
0.0297521	0.00587506	0.0915437
0.0356713	0.0098619	-0.0015032
0.0265583	0.0098814	0.00586868
0.0319255	0.0100788	0.00446803
0.0344973	0.0133615	0.0663505
0.0229573	0.00876119	-0.00278794
0.028088	0.0110268	-0.00324307
0.0318529	0.00864451	0.0414751
0.0337476	0.0100769	0.0490959
0.0365373	0.00730381	0.0585838
0.0380171	0.0110593	0.16618
0.0269411	0.0106785	0.0935936
0.0326874	0.0108515	-0.00173706
0.0270594	0.0103071	0.0541233
0.0219413	0.0101708	1e-05
0.0299926	0.00882297	-0.00122085
0.0322107	0.0120464	0.0788556
0.0254954	0.00641634	0.12239
0.0242054	0.0122893	-0.0035952
0.0273625	0.0122636	0.0687015
0.0254677	0.00918462	-0.00340907
0.0323432	0.0119548	0.0869834
0.0289897	0.00846394	0.0919591
0.0291456	0.00819822	0.0881068
0.0145358	0.00951456	0.033418
0.0238301	0.00738676	0.140021
0.027454	0.00733051	-0.00330501
0.0254816	0.0110217	0.0587563
0.0286828	0.00811341	0.206148
0.0253673	0.00995315	0.0574848
0.0256846	0.00893761	1e-05
0.0222356	0.0131614	0.000929074
0.02177	0.0142133	-0.00130151
0.0321145	0.0115509	-0.00176531
0.0263284	0.0105042	0.145937
0.0343733	0.00884482	0.0459832
0.0277455	0.00994817	0.00116795
0.0326903	0.0102747	1e-05
0.0355654	0.0112066	0.0879828
0.0347237	0.00577942	-0.000983068
0.0363212	0.00967452	0.0277224
0.0356265	0.0117837	1e-05
0.0362455	0.000582566	0.0922462
0.0329301	0.00796429	-0.00169079
0.0267276	0.0144019	-0.000296539
0.0296223	0.00670715	0.149923
0.0321222	0.00617942	0.155763
0.0291393	0.0104625	-0.00217336
0.0247566	0.00884202	0.157604
0.028498	0.0138947	0.0113594
0.0282621	0.0117723	0.136017
0.0329536	0.0116993	0.00948522
0.0236366	0.0100932	-0.0012712
0.0346208	0.0106891	0.0601376
0.0293782	0.00910393	0.017892
0.022248	0.0100356	-0.00020046
0.0241113	0.0101463	-0.0039189
0.0358667	0.0124774	0.156787
0.0279661	0.0107987	0.0511521
0.0210615	0.0131421	-0.000307538
0.0326106	0.0139856	-0.0017089
0.0249136	0.0066958	-0.000252672
0.0311401	0.00419195	1e-05
0.0318253	0.00731017	-0.00213653
0.0290348	0.00891393	0.0247331
0.0342952	0.0106305	0.0891711
0.0327483	0.0110236	0.204335
0.0237255	0.0148275	-0.00187763
0.0244613	0.00866343	0.00576666
0.0394809	0.00876041	0.0959838
0.0335822	0.0114765	-0.00163129
0.0228457	0.00794939	0.0145033
0.0203609	0.0114801	1e-05
0.0354711	0.0138801	0.0135029
0.0323524	0.0102089	0.00775516
0.0362816	0.00855672	-0.000367335
0.0294976	0.0125446	0.167521
0.0281785	0.00808982	0.0176708
0.0330828	0.0109327	0.134551
0.0278554	0.0105912	0.11588
0.0300697	0.0102813	0.0283442
0.0255176	0.00624317	-0.0018121
0.0276031	0.00951268	-0.0018105
0.0325048	0.0119208	0.0534242
0.0248926	0.0121692	0.000677814
0.0314938	0.00791819	-0.00168759
0.0307872	0.00580243	-0.000323277
0.0232949	0.011758	0.173065
0.0342389	0.00837047	0.0762762
0.0304986	0.0118925	0.148261
0.0298758	0.0110446	-0.00133142
0.0325235	0.0110613	-0.000274304
0.02737	0.00995028	-0.00385002
0.0220236	0.00963766	0.113103
0.0302145	0.0129907	-0.00140122
0.0271257	0.00836582	0.138336
0.035996	0.008338	0.200872
0.0305111	0.0106651	-0.000180367
0.0326458	0.0111338	1e-05
0.0378853	0.0132253	0.0132886
0.0340167	0.0115651	-0.00303322
0.0244949	0.0128362	0.201542
0.0287269	0.0096329	0.146798
0.0323613	0.0135135	-0.00133044
0.0280514	0.0119082	0.0462065
0.0408007	0.00875882	0.160046
0.0225595	0.00674918	0.0475186
0.0264784	0.00645832	-0.000136046
0.0207509	0.00510417	-0.00308794
0.0283191	0.0109462	0.0191124
0.0367435	0.00968809	0.0380332
0.0339242	0.0107893	0.139302
0.0321703	0.0132061	0.163816
0.033964	0.00875233	-0.00163489
0.0295304	0.0123773	-0.00143458
0.042732	0.0100768	-0.00381003
0.0291458	0.00847059	0.00240696
0.0271057	0.0069984	0.266237
0.0216354	0.0114154	-0.00165747
0.0269143	0.00982741	0.112766
0.029839	0.0107515	-0.00303787
0.0334113	0.0066361	0.0344484
0.0355975	0.0113917	0.0556962
0.0279921	0.00922528	0.196321
0.0229535	0.0104119	-0.00172769
0.0300983	0.0136799	0.0647818
0.0262889	0.0141158	-0.00408944
0.0317426	0.0118207	0.0116658
0.0304977	0.009871	0.0457755
0.0245868	0.00300637	0.0273762
0.02442	0.00958664	0.0595916
0.021594	0.0104196	0.0061334
0.0305391	0.00833588	-0.00363323
0.0307441	0.0112699	-0.00175228
0.0379685	0.0131676	-0.000264781
0.0338409	0.0105147	0.249112
0.0289061	0.00913939	0.00782639
0.0259582	0.0117743	0.0602948
0.0349576	0.0136283	0.0415363
0.0277576	0.010621	0.089787
0.0326369	0.00798065	-0.00296448
0.0267052	0.00655072	-0.00141632
0.023096	0.0106371	0.161413
0.0363462	0.00901031	0.205124
0.0340238	0.0097188	-0.0037485
0.0359306	0.0123087	0.00279414
0.0261032	0.00828371	-0.0010768
0.026612	0.00851337	0.0255513
0.031323	0.0103789	0.00950584
0.0236881	0.0108248	0.0417143
0.0264719	0.0093772	0.00493481
0.0372603	0.00734899	0.00476582
0.0212706	0.0133142	0.00534522
0.0352957	0.0101883	0.00646541
0.0306131	0.0118347	-0.000282615
0.0235144	0.00706843	0.0548924
0.0319135	0.0125038	-0.00163693
0.0204696	0.00916082	-0.00274404
0.0278345	0.00377852	-0.00230602
0.0195661	0.0114073	0.0698376
0.0292807	0.0090067	0.18662
0.0297214	0.0081236	-0.000189781
0.0318472	0.0137854	-0.00101839
0.0365015	0.0120653	1e-05
0.0350183	0.00945091	0.207724
0.0339461	0.00932779	0.0587797
0.0293714	0.00995093	0.00380391
0.0267698	0.0122543	0.0831608
0.031358	0.0108738	-0.00120671
0.0287767	0.00797685	-0.00124249
0.03443	0.0126426	0.115676
0.0271666	0.0116484	0.0423044
0.0365252	0.0117213	-0.00172352
0.0294797	0.00228672	-0.00258337
0.0295131	0.00909376	0.00823261
0.0246647	0.00969043	0.16769
0.0271813	0.00931929	0.0895204
0.0237732	0.0105898	0.137048
0.0302894	0.010365	0.320103
0.0140497	0.0107728	0.0960265
0.0250937	0.00606215	0.100629
0.0396298	0.00931407	0.108689
0.0321428	0.0119397	-0.00405475
0.0316195	0.00641212	1e-05
0.033689	0.00718825	0.034931
0.0321108	0.010277	-0.00141087
0.0271238	0.0109303	0.0592359
0.0343694	0.00829064	0.109746
0.027396	0.0089687	0.00403131
0.0218206	0.00744502	0.0395405
0.0379204	0.00905681	-0.00169881
0.0295423	0.0108968	-0.00361367
0.0268829	0.0107955	0.0494229
0.0304003	0.00925253	-0.00175318
0.0287266	0.00883967	0.0818896
0.0208489	0.00986621	-0.00297492
0.0282683	0.00808313	0.165146
0.0312829	0.0131363	-0.00238604
0.0323338	0.0109028	0.131953
0.0320758	0.00984741	-0.00100874
0.0220505	0.0113674	0.0103248
0.0330402	0.00994163	0.0932289
0.0287447	0.0145141	-0.00282849
0.0297089	0.00884568	-0.000251685
0.0365519	0.0086023	0.0407571
0.0273319	0.0114709	0.0901529
0.0301722	0.00732822	0.156934
0.0276899	0.0102226	0.0861183
0.0301918	0.0106787	0.0375689
0.0269214	0.00735878	0.0987204
0.0247885	0.0112609	-0.000259703
0.0244513	0.00902085	0.0206499
0.0273338	0.0149814	0.0937759
0.0342975	0.0124505	0.0245192
0.0296251	0.0131279	1e-05
0.0367161	0.0105711	0.068664
0.0285369	0.00894563	-0.000249703
0.0247473	0.0137087	1e-05
0.0292234	0.0101711	0.217938
0.0238561	0.0086757	0.0660063
0.0378719	0.00728222	-0.00160093
0.0232169	0.0119171	-0.000769846
0.0237816	0.0111082	-0.00234733
0.0308004	0.00812648	0.0772448
0.0305546	0.0113167	-0.000619437
0.021322	0.0101982	1e-05
0.0254868	0.010402	-0.00214776
0.0314923	0.0103845	0.145585
0.0231464	0.0131743	0.0843205
0.0259553	0.0105551	0.0621994
0.0344106	0.00607682	0.0581936
0.0206601	0.0122047	0.158903
0.030976	0.0111568	0.132085
0.0326047	0.00977865	0.0153345
0.0325201	0.0128658	-0.00216894
0.0307575	0.0131716	1e-05
0.0296569	0.0105027	-0.0002486
0.0283268	0.0127187	0.0975384
0.0251301	0.00874355	-0.00215465
0.0274547	0.00892404	0.00251168
0.0244016	0.0111016	0.160811
0.0323787	0.00803832	0.017414
0.0354823	0.00971447	0.144095
0.0292946	0.013727	0.0863285
0.0242229	0.0146805	0.00690306
0.0295327	0.006522	1e-05
0.0332383	0.010731	-0.000270154
0.0218778	0.0107584	-0.00185786
0.0285321	0.00822193	0.156534
0.0400515	0.0127979	0.0788093
0.0278712	0.0100992	0.000601533
0.029091	0.0104263	-0.000168182
0.0339602	0.0149669	0.00888879
0.0238621	0.0128683	0.0466311
0.0280338	0.0129127	-0.0026916
0.0282657	0.015618	0.279814
0.0391915	0.0100267	0.101168
0.0329183	0.0137384	-0.00127515
0.0292955	0.0122925	0.0699709
0.034455	0.00980902	0.0561764
0.0361623	0.0135787	0.163426
0.03103	0.0126549	0.0734052
0.0370783	0.0123291	0.206889
0.0313153	0.00978066	-0.000914538
0.0392847	0.00683942	0.000436888
0.0326937	0.00858154	-0.0027325
0.0361037	0.0105145	-0.000563786
0.0273087	0.00997838	-0.00175394
0.0199562	0.0071863	1e-05
0.0297621	0.0106238	-0.00152952
0.030742	0.00712055	0.0780563
0.0286849	0.0118269	0.0694711
0.0313509	0.015059	0.0112585
0.0278191	0.0132296	0.116639
0.0237807	0.00464517	-0.000206128
0.0292827	0.0103284	0.115167
0.0186226	0.00862112	0.0275412
0.036668	0.00662147	-0.00158605
0.0336948	0.0121967	0.0799745
0.0237096	0.0124283	0.0180188
0.0324161	0.0073675	0.343425
0.0257522	0.00947206	-0.00327138
0.0316507	0.0120574	0.0655547
0.0270411	0.00988205	0.156185
0.0325961	0.00936594	1e-05
0.0317402	0.00969415	-0.000188055
0.0334027	0.00797668	-0.00357687
0.0297114	0.0108315	0.0210998
0.0324865	0.00485552	-0.00116159
0.0363028	0.0133626	0.111643
0.0214054	0.0115674	-0.00131114
0.0199396	0.00769076	0.150435
0.0351005	0.00967648	-0.00438881
0.0318541	0.00940271	-0.000497303
0.0303782	0.0104791	0.094161
0.0293531	0.00927914	0.164305
0.0260383	0.00481629	0.074474
0.0327815	0.00661269	-0.000225048
0.0225429	0.0134949	0.00799417
0.0244483	0.0129992	1e-05
0.0298872	0.0099303	-0.00173972
0.0220371	0.00885266	0.000551513
0.0255187	0.0102192	0.00265087
0.0277377	0.014182	0.0469251
0.0357558	0.0113225	-0.00135076
0.0361138	0.00790404	0.0145145
0.0294678	0.0127869	0.000407239
0.0287024	0.00612104	0.0136898
0.0259331	0.00707785	0.14446
0.0349716	0.0127184	0.0140064
0.0224537	0.0134983	-0.000640582
0.0274936	0.00584917	0.0335395
0.0237963	0.00847059	0.148454
0.0230083	0.00691723	1e-05
0.0308868	0.0110414	0.136851
0.0274088	0.00801145	0.0669338
0.0325655	0.00697006	0.0159193
0.0191588	0.010671	-0.00240945
0.0329752	0.0114343	-0.00365234
0.0296188	0.0101654	0.153115
0.0294266	0.00994669	0.294747
0.0254464	0.0143941	0.106934
0.0360364	0.0101762	0.0635294
0.0288674	0.00745462	0.0148949
0.0331749	0.0119154	0.176225
0.0289056	0.0102881	0.121766
0.0242554	0.00691997	0.00503119
0.0279363	0.0103654	0.00921174
0.030295	0.0111826	0.193557
0.0262599	0.0115217	-0.00348812
0.0259773	0.0041656	0.0126679
0.0315942	0.00678072	0.277803
0.0239184	0.00783484	0.0532207
0.0290789	0.0111784	0.00417349
0.0309649	0.0094723	0.173663
0.0333679	0.00840968	0.0970925
0.0335031	0.00915937	0.0345358
0.0330512	0.0111278	0.300313
0.0289272	0.0156517	-0.000493388
0.0349951	0.0120931	0.11026
0.0337616	0.0122474	0.166484
0.0273313	0.0104897	-0.00169521
0.0350363	0.0115217	1e-05
0.029368	0.0129317	-0.00109415
0.0238097	0.0134841	0.00687343
0.031923	0.0115176	0.12917
0.0351479	0.00971878	-0.00168888
0.0316577	0.0131089	1e-05
0.0317797	0.0105659	0.137725
0.0271762	0.010616	0.0103051
0.0342857	0.0114238	0.0686619
0.0327792	0.00339911	0.00992501
0.0387451	0.0117967	0.220426
0.0239163	0.0115659	-0.00409074
0.0252655	0.00906167	0.0230681
0.0348469	0.0125637	-0.00171973
0.0294046	0.00657913	-0.00357275
0.0343455	0.0102281	0.153435
0.0300953	0.00872581	-0.000186579
0.0258539	0.0100063	-0.00181328
0.0343729	0.0104862	0.148292
0.0334102	0.00942656	0.0843957
0.0391849	0.00911931	0.193204
0.0295794	0.0104425	0.00895222
0.0329506	0.0141957	-0.00178689
0.0302992	0.00680741	-0.00144773
0.0323933	0.00983512	0.0469492
0.0324936	0.00739159	-0.000205746
0.0193779	0.00858012	1e-05
0.0230363	0.0102131	0.242442
0.0222924	0.015391	-0.00225542
0.0361024	0.0103601	0.0808893
0.0384246	0.0132635	1e-05
0.0289442	0.0130894	0.214162
0.0272874	0.0131168	0.233221
0.030239	0.00801101	0.0441914
0.0299953	0.00981035	0.154115
0.029588	0.0108507	-0.00422048
0.0208986	0.00874768	0.034462
0.0272976	0.00717269	0.000926454
0.0305177	0.0104334	-0.00356954
0.0228471	0.00960401	0.118089
0.0240604	0.0118564	0.343311
0.030932	0.00950544	0.215349
0.0317883	0.00477866	-0.000680564
0.0275298	0.0120094	0.0135021
0.0352591	0.00817024	-0.00335456
0.0319153	0.0100627	0.153949
0.0318125	0.0111121	0.249148
0.0248145	0.0116586	0.0588933
0.0275659	0.0122779	-0.00371087
0.0385169	0.00818455	-0.00118951
0.0233123	0.0117221	-0.00365627
0.0294449	0.0113218	0.0609193
0.0392374	0.00880846	-0.000995653
0.0247366	0.00693395	-0.00050194
0.0269071	0.0117969	-0.00125664
0.031464	0.00827476	-0.000257551
0.0301689	0.0135481	0.0855493
0.0259139	0.00737487	0.0257909
0.0298195	0.0099683	0.0689356
0.0238206	0.00779435	0.138122
0.0280299	0.0131621	0.106618
0.0312831	0.0128024	1e-05
0.0285292	0.00860227	0.0105524
0.0311311	0.00933304	-0.000234233
0.0335972	0.012243	-0.00260353
0.0273534	0.00835817	0.0518402
0.0295443	0.0138676	0.14234
0.0274241	0.0141377	0.0971173
0.0283277	0.00788341	0.0419395
0.0289152	0.00882291	-0.000336433
0.0374551	0.00721527	0.302748
0.0389914	0.00679184	0.00952887
0.0318801	0.0128714	0.24506
0.0273239	0.00986911	-0.0024272
0.0325693	0.0109196	0.0250757
0.0292465	0.00672364	0.0487098
0.0273338	0.0122295	0.000268183
0.0327892	0.0129697	-0.000708662
0.0240567	0.00876637	-0.001005
0.0335281	0.0119726	0.0650545
0.0347998	0.0135067	-0.00159794
0.0254875	0.0106755	0.0156889
0.0340259	0.0125513	0.0900804
0.0391266	0.00400182	0.262927
0.0366036	0.00518927	0.310303
0.0298676	0.011235	0.0690783
0.0252145	0.0125171	1e-05
0.0203499	0.0110904	0.00199876
0.0414406	0.00799956	-0.000220527
0.0328645	0.00550519	0.105643
0.0300286	0.00817287	0.0779862
0.0269223	0.00932303	-0.00320802
0.0335174	0.00282428	0.0309987
0.0243802	0.00800302	-0.00185091
0.0356578	0.00830585	0.0868012
0.0298374	0.0144782	0.145859
0.0355864	0.0127316	0.00995044
0.0370886	0.0126351	0.0816138
0.0297107	0.012078	1e-05
0.0310428	0.00892022	0.262723
0.0313812	0.00774801	0.00304904
0.0317094	0.0140683	0.166472
0.0274724	0.0116289	-0.00367213
0.0444545	0.00949305	0.000860551
0.0348356	0.0119455	0.0890545
0.0319681	0.0105256	1e-05
0.0298135	0.0112066	0.00127374
0.0346897	0.0117535	-0.00257035
0.0271187	0.0137524	0.25353
0.0295676	0.0120383	0.0529546
0.0223962	0.0135397	-0.00327739
0.0247317	0.0133851	0.0518427
0.0328366	0.0117028	-0.000188226
0.0216035	0.0106104	0.139937
0.0297259	0.0110119	0.131323
0.0349006	0.00955053	0.108828
0.0309219	0.00992492	0.080103
0.0293347	0.0139573	-0.000273666
0.0354707	0.011695	0.182803
0.0252923	0.00953377	0.0746625
0.0344334	0.0112247	0.240717
0.0386626	0.0122514	-0.00327062
0.0278398	0.00722707	0.156655
0.0260674	0.00838153	-0.00143461
0.0311368	0.00927711	1e-05
0.0283302	0.00742574	1e-05
0.0309018	0.00886891	-0.00160187
0.0265946	0.0101354	0.0205188
0.0326067	0.00922444	0.118329
0.0264453	0.00987012	0.108189
0.027003	0.00875023	-0.00388756
0.040325	0.0100759	-0.00137391
0.0329092	0.012113	1e-05
0.0292201	0.0116225	0.15291
0.0306279	0.011353	0.209702
0.0411706	0.0117829	0.256108
0.0206267	0.00824864	-0.00371769
0.025079	0.0104497	0.0192664
0.0313529	0.0122333	-0.00351429
0.0239253	0.00968851	-0.0016524
0.0283523	0.0121438	-0.00163611
0.0305102	0.0107066	0.0123611
0.0229612	0.00895593	0.100634
0.0375107	0.0125302	0.117194
0.0274431	0.010474	-0.000547841
0.0324398	0.0120363	0.00182936
0.0326924	0.0115558	0.0463578
0.0281412	0.0105156	0.00814207
0.0284225	0.0102408	-0.00264125
0.0232165	0.00995426	0.0143482
0.0253549	0.00840773	0.107665
0.0292843	0.00782606	-0.00188111
0.0309186	0.010741	1e-05
0.0316607	0.011778	-0.00252173
0.033707	0.0107252	-0.00226533
0.0263326	0.0117696	-0.00361134
0.0288213	0.00910628	-0.00362485
0.028659	0.00827451	1e-05
0.0286077	0.00941385	0.0144532
0.0312277	0.0121453	0.00570558
0.015285	0.0110742	-0.00156066
0.0291606	0.00983126	0.00522523
0.0286834	0.0108531	0.0547428
0.0316882	0.0105133	0.162907
0.0321546	0.011331	0.128862
0.0339745	0.00725182	-0.00131009
0.0331008	0.0125184	-0.00318083
0.0279582	0.00873554	0.153615
0.0371992	0.00659978	-0.00130789
0.032047	0.00922581	-0.00157767
0.0372203	0.0136712	0.0410943
0.0317892	0.0132796	1e-05
0.032617	0.012663	1e-05
0.0337429	0.0129195	0.0505645
0.0283372	0.0137364	-0.00148919
0.0245308	0.0122536	-0.00184487
0.0327031	0.0124707	-0.000212927
0.0323887	0.0121962	0.0191083
0.0229801	0.0110729	-0.0039716
0.0178182	0.00760011	-0.00115757
0.0332365	0.0120203	0.0499168
0.0278118	0.00716502	0.0883946
0.0255791	0.0108559	-0.00162728
0.0232916	0.010442	-0.00252007
0.0347778	0.0122061	0.070187
0.0334443	0.0067839	0.0494925
0.0352545	0.0103665	0.0211906
0.0211779	0.0124713	0.200304
0.0306751	0.00965982	-0.00123853
0.0366523	0.00989693	-0.00164155
0.022894	0.00906524	-0.000149713
0.025919	0.00991113	0.0223967
0.0286965	0.00927273	0.276049
0.0314957	0.00796624	0.00600976
0.0406509	0.0087011	-0.00165907
0.02201	0.0110739	-0.00123358
0.0313135	0.0111526	0.0113511
0.0384376	0.01072	0.231986
0.0282732	0.00745162	1e-05
0.0284318	0.00980373	1e-05
0.0376893	0.00908246	0.0476593
0.0288853	0.0112639	-0.00028128
0.0313188	0.00675107	0.0826281
0.0342108	0.0131033	0.0017862
0.0298355	0.00859286	-0.00146639
0.0264765	0.0119565	-0.00320506
0.029997	0.0110743	-0.0017996
0.0274029	0.00983466	-0.00154674
0.0276422	0.0125288	0.0763082
0.0279545	0.0129737	0.131139
0.031889	0.0131287	0.000986396
0.0246368	0.00913954	-0.001589
0.0316364	0.00842709	-0.00176197
0.0449568	0.00731953	0.0132782
0.0302852	0.0121028	0.0638265
0.0323361	0.00915845	0.174953
0.0323009	0.00830172	-0.0025923
0.0285727	0.0116097	0.170485
0.0359891	0.0135715	0.105762
0.0273333	0.012729	-0.000263436
0.0382763	0.00691954	-0.000119913
0.024088	0.00713455	0.1153
0.0319698	0.0112824	-0.00176712
0.0260915	0.00557093	0.0588587
0.0291448	0.0059757	0.0581188
0.0289515	0.00834605	0.00563026
0.0257867	0.00880524	0.135538
0.0314762	0.00934468	0.0186173
0.0323389	0.00871463	0.0378761
0.0315708	0.00801474	0.00651226
0.0272584	0.00913496	-0.00162011
0.036581	0.00986666	0.36557
0.0368271	0.0108461	0.0343843
0.030881	0.00626806	-0.0013131
0.0328184	0.0103919	0.107375
0.0263363	0.00684221	-0.000251695
0.0314369	0.00868046	0.076299
0.0332682	0.0133062	0.0429413
0.0262029	0.0131151	0.0270108
0.0254595	0.00281193	0.0188565
0.0267426	0.00949264	0.0630516
0.0308974	0.00936331	0.0872517
0.0317515	0.0132431	0.19196
0.0326304	0.00977945	0.0126121
0.0342951	0.0105895	0.0472364
0.0277228	0.0106904	-0.00160479
0.0298638	0.0123559	0.0532927
0.0360812	0.00862834	-0.00171767
0.0341927	0.00624457	0.156495
0.0284447	0.0115391	0.103748
0.0224887	0.00764004	0.0955941
0.022567	0.00714625	-0.00023396
0.0339643	0.0119887	1e-05
0.0362094	0.00610187	-0.00163982
0.0276354	0.0110063	-0.000226074
0.0318698	0.00775857	0.0487166
0.0356573	0.0126928	-0.000489925
0.0280247	0.00953156	0.102019
0.0311693	0.00304402	-0.000223746
0.0289665	0.01114	0.000726895
0.0362616	0.010865	0.251448
0.0367294	0.00900273	0.0455197
0.0307894	0.0109936	0.0998622
0.0311399	0.0087632	-0.00289715
0.0310727	0.0101434	0.0987918
0.0281564	0.0123303	0.0753264
0.0295197	0.0084672	-0.000344959
0.0367656	0.00693055	0.246401
0.031081	0.0112399	0.135897
0.0282972	0.00881806	-0.00170827
0.0340324	0.0102329	-0.000445704
0.0288127	0.0110337	1e-05
0.0257005	0.00944612	-0.00280364
0.0303613	0.0097527	-0.00175892
0.0297426	0.00796203	0.00808329
0.028563	0.0108372	0.147655
0.0277925	0.00329736	0.00902742
0.0269514	0.0131278	-0.00300007
0.0231995	0.0115687	-0.000260384
0.032101	0.00950581	0.155621
0.0332808	0.00974752	0.0374794
0.0311124	0.0114634	0.00306782
0.0375779	0.00839568	0.000585464
0.0247064	0.0108409	1e-05
0.0350323	0.0102151	0.0139637
0.0252942	0.00942197	0.0394793
0.0244985	0.00596227	0.0231809
0.0320948	0.0103282	-0.00367672
0.02746	0.00693461	-0.00230281
0.0393801	0.00453694	1e-05
0.0264202	0.0130718	0.107482
0.0289147	0.00561572	0.00543434
0.0278487	0.00858163	0.292834
0.0332004	0.00864795	1e-05
0.0343259	0.0132571	0.143233
0.0283933	0.00805445	0.0108938
0.0253345	0.0103637	-0.00109102
0.0312295	0.00791779	0.0554799
0.0285398	0.00795561	-0.00180077
0.0287653	0.014783	-0.00256624
0.0281175	0.010615	-0.000692293
0.0369124	0.010515	1e-05
0.0348756	0.0103979	-0.00167544
0.0368054	0.0118083	0.00430336
0.0135005	0.00779195	0.00576357
0.0263772	0.0103301	0.191057
0.027116	0.00854611	-0.0040079
0.0295574	0.0103355	0.00545016
0.0326887	0.0100428	-0.000445259
0.0263485	0.0128047	0.22716
0.0210334	0.00917687	-0.000364556
0.0328498	0.0100415	0.0471653
0.0221961	0.00986592	-0.00378791
0.0398861	0.0135129	-0.00108816
0.0361341	0.00979218	0.00374182
0.0249037	0.0110913	1e-05
0.0299192	0.00716152	0.166983
0.0188202	0.0129987	0.210428
0.033173	0.011962	0.00985673
0.0309412	0.0118059	0.0488005
0.0230207	0.00551796	1e-05
0.0255258	0.00885496	-0.00212696
0.0331641	0.0120798	0.25849
0.024009	0.00915157	0.101945
0.0330333	0.0117917	0.000508424
0.0310484	0.00812252	0.0103367
0.0155913	0.0101433	0.285599
0.0322455	0.0118768	0.198304
0.0393662	0.012081	0.0502127
0.0267085	0.0066462	-0.000278293
0.0264956	0.0110894	-0.000520363
0.0353807	0.00794679	-0.00172229
0.0326382	0.00948696	-0.001509
0.0267728	0.00788012	-0.00321712
0.0252198	0.0123547	0.0131288
0.033727	0.0121843	0.0817248
0.02694	0.00604137	-0.000230191
0.0308964	0.00838106	0.0917484
0.0276993	0.0111392	0.0229729
0.0220795	0.0139065	0.136839
0.0276286	0.0104001	-0.00156199
0.0397287	0.0147105	-0.00421066
0.0303903	0.00994667	0.0971388
0.0342589	0.0125543	-0.00175875
0.0316321	0.0124876	0.00768359
0.0316545	0.0121911	-0.000539294
0.0277909	0.0114139	0.35003
0.0305817	0.0113958	0.044372
0.0266545	0.00910472	0.142208
0.02803	0.00948987	0.0371777
0.0415116	0.00845179	0.131826
0.03736	0.0105267	0.0822773
0.0264152	0.01027	0.2509
0.0303046	0.00883377	0.075098
0.031126	0.00523489	0.151774
0.0310394	0.00861244	0.147023
0.0363993	0.00796456	0.191503
0.032681	0.0113787	0.120258
0.0317516	0.00593241	0.163986
0.0266131	0.0108003	0.000814147
0.0256727	0.0122053	0.0493611
0.0286068	0.0121754	0.00374183
0.0342853	0.0131003	0.046357
0.0305242	0.00819549	0.0883633
0.0320849	0.0128949	0.14466
0.0358342	0.0129953	0.150975
0.025616	0.0111218	-0.00217098
0.0296484	0.00969013	0.084035
0.035289	0.00921154	-0.00125505
0.0377437	0.00852201	0.127348
0.0403449	0.00701986	-0.00165827
0.0304154	0.00769367	-0.0011347
0.0161132	0.0120696	0.00153526
0.0330827	0.0120668	0.0358529
0.0301396	0.01036	0.0242671
0.0270838	0.00978136	0.288631
0.0336975	0.00833077	0.0810617
0.0347175	0.0123487	0.0614269
0.0325142	0.0134643	-0.00178773
0.0317063	0.0111762	-0.000274919
0.0350057	0.00866833	0.128378
0.0316144	0.00743228	0.0365841
0.0285805	0.00645362	1e-05
0.0333181	0.0141908	0.198044
0.0159758	0.00789102	0.135193
0.0335504	0.0102215	0.177826
0.0339007	0.00586623	0.116015
0.0321245	0.00628321	0.00146982
0.0326996	0.00545008	-0.000419935
0.0342198	0.00829985	0.136615
0.0319262	0.0127575	0.137939
0.0322643	0.00880095	0.000156914
0.0345442	0.00781644	-0.00156556
0.0273372	0.0119541	0.0132207
0.0321297	0.0107103	-0.00182548
0.0332798	0.00891992	0.0593515
0.0308565	0.00734981	0.21565
0.033942	0.0106002	0.0993492
0.0287038	0.0109468	0.00592715
0.0340609	0.00683851	0.034223
0.0291822	0.01208	0.102858
0.0301557	0.0109242	-0.00249136
0.02638	0.00954866	0.00737823
0.0297377	0.0103252	0.249797
0.0295088	0.00958425	-0.00250159
0.0298323	0.00970652	-0.00176629
0.028291	0.00962703	0.189021
0.0357494	0.0107273	1e-05
0.0277412	0.00959422	0.0573683
0.0289321	0.0097258	0.0638131
0.0245548	0.00667819	0.0106174
0.0297488	0.0125353	1e-05
0.0306849	0.0115789	0.311599
0.0303662	0.00655052	-0.000142891
0.0311715	0.00881961	0.0849526
0.0353142	0.00850289	-0.0016232
0.0258166	0.00382011	-0.00308743
0.0278454	0.0100599	-0.000161339
0.0245915	0.0103411	-0.00043366
0.0273305	0.00848023	-0.00265128
0.0273623	0.00869251	-0.00181318
0.0374522	0.0128075	0.108026
0.0246602	0.00903973	-0.00145
0.035162	0.0104945	0.364247
0.033012	0.00842835	0.169322
0.0286096	0.0103219	0.00489407
0.0355144	0.0113125	7.19718e-05
0.0255323	0.0131834	0.00563989
0.0276848	0.0107962	0.0172109
0.0228752	0.00898863	0.122295
0.033393	0.0115133	0.0201809
0.0246326	0.00604424	-0.00342303
0.0285277	0.0109566	0.0586172
0.032812	0.0096293	0.0926666
0.0295295	0.00928016	0.0777715
0.0233138	0.0109553	-0.00384212
0.0332829	0.00677367	-0.000244728
0.0303865	0.00567852	0.0122214
0.0283811	0.0126148	0.0256173
0.0316895	0.0099106	0.144935
0.0314215	0.00871392	0.0141285
0.0362191	0.0122824	-0.000262121
0.0358381	0.00367121	8.49089e-05
0.026172	0.00969616	-0.00387162
0.0344117	0.0094663	-0.000239327
0.0309732	0.00930995	0.194972
0.0311879	0.00568198	1e-05
0.0399612	0.00985072	0.0768366
0.0257509	0.0107207	0.108382
0.0261964	0.0100397	-0.000190948
0.0317998	0.0141002	0.232579
0.0321194	0.00679528	0.0163497
0.0334824	0.00747222	0.0600916
0.0353509	0.0131149	0.154053
0.0274318	0.0111701	0.021696
0.0361757	0.00551571	0.111467
0.0255573	0.0101674	0.0355713
0.0286352	0.0112821	0.0786898
0.0306567	0.0060178	0.0733784
0.0230316	0.0115921	0.00569276
0.0279624	0.0118096	0.010621
0.0343117	0.013047	0.000861728
0.025399	0.0112496	0.0287004
0.0330086	0.00476599	0.11571
0.0258429	0.00819366	1e-05
0.0244058	0.0136144	0.00925979
0.0250658	0.0117211	0.185042
0.0294412	0.0114192	0.00625948
0.0346132	0.0109631	0.157811
0.0254868	0.013617	-0.00127038
0.0156285	0.0109307	0.204048
0.0334361	0.00935093	0.174655
0.0279498	0.0102622	0.0856841
0.0348608	0.00860683	-0.00147366
0.0322028	0.0118578	-0.00146732
0.0271187	0.0111893	0.0661703
0.0247414	0.0117903	0.091208
0.0437758	0.00902937	-0.00162417
0.0320907	0.0135642	0.169837
0.0246035	0.0111655	0.146421
0.0301228	0.0111793	0.00919976
0.0290436	0.00886183	0.000809515
0.0287586	0.010674	0.345467
0.0297156	0.00758311	0.204686
0.0321865	0.00592466	0.174251
0.0220568	0.0117955	0.216709
0.0311082	0.0105311	0.19645
0.0199048	0.0128786	0.165826
0.0272191	0.0127391	-0.00184542
0.0413568	0.00950883	0.181299
0.0393502	0.0111281	0.0285517
0.0332961	0.00940601	-0.000703117
0.0282317	0.00803342	-0.00395142
0.0212304	0.00957866	0.0230242
0.0240225	0.0115427	0.157441
0.0329833	0.0116708	0.0363556
0.0369276	0.0130892	0.157595
0.0324482	0.0121737	-0.00416177
0.0263136	0.00777995	-0.000152199
0.0318069	0.00889316	-0.00246875
0.0338069	0.00988987	0.158118
0.0316879	0.00813089	0.00373626
0.0278697	0.00933	-0.00279901
0.034214	0.01148	0.0514854
0.0303874	0.0112633	-0.00328135
0.0327267	0.0116301	-0.00156382
0.0297318	0.0122313	1e-05
0.0369534	0.0117933	0.0121098
0.0283107	0.00587148	-0.000653184
0.0242925	0.00904705	-0.0024148
0.0301332	0.00974816	0.265758
0.0331663	0.00792464	0.116252
0.0271763	0.0102471	0.0820688
0.0284569	0.00775613	0.0447991
0.0290321	0.0114826	0.153601
0.0287527	0.0113854	0.0906487
0.0265109	0.00936727	0.0429115
0.0325725	0.0119507	0.0912124
0.0337168	0.0104791	0.0866296
0.0332245	0.0112031	0.0116328
0.0425639	0.0112808	0.149504
0.0329968	0.00938368	-0.00393938
0.0239801	0.0100406	-0.00237792
0.0273366	0.0113323	0.0248549
0.0378312	0.0117471	0.0248394
0.0320198	0.0110261	0.0107359
0.0219313	0.0126758	0.0159352
0.0278182	0.0100256	0.129969
0.0267836	0.00864227	0.331713
0.0292637	0.0123943	0.0885583
0.0264511	0.0118413	0.240405
0.0306877	0.00553465	-0.00182834
0.0258753	0.0112198	0.00269293
0.0344562	0.00895775	0.0150162
0.0206314	0.00842003	0.103586
0.0307451	0.00947059	-0.000364046
0.0276238	0.00884772	-0.00162785
0.0312319	0.0127664	-0.00133758
0.0335126	0.00765052	0.0260715
0.0311183	0.00631373	-0.00143374
0.0314436	0.00576704	0.0455371
0.0338842	0.0116653	0.0231628
0.0252858	0.00858942	0.174153
0.0242748	0.00999782	0.0789515
0.0347583	0.00944227	0.0452687
0.0274721	0.0130963	-0.00373255
0.0367567	0.0124628	0.135586
0.0345157	0.00794495	-0.00285553
0.0323505	0.00849325	0.0567394
0.0246063	0.00941648	0.0405016
0.0258316	0.00668178	0.0339036
0.0339346	0.00780121	0.158983
0.0325959	0.0107427	0.010414
0.0293862	0.0114099	0.0663839
0.0304411	0.0120793	0.0635117
0.0241466	0.0076434	0.0775386
0.0338781	0.010158	-0.00167105
0.0184147	0.0118114	-0.00177005
0.0212452	0.00903591	0.00252398
0.0273336	0.0073928	-0.000257483
0.0279549	0.00788925	0.147955
0.0259454	0.0053294	-0.000195499
0.0305867	0.00907601	-0.00247001
0.0303949	0.00732568	0.194945
0.0342398	0.0106483	-0.00111394
0.0270994	0.0116385	-0.00168431
0.0282023	0.00835677	1e-05
0.0386993	0.00654265	0.0880884
0.0374937	0.010233	-0.00222588
0.031219	0.00992734	-0.00152761
0.0261289	0.0100902	1e-05
0.0282777	0.0101257	-0.00361367
0.0233288	0.00963088	-0.0030409
0.0380232	0.0111883	0.235947
0.0309527	0.0134772	0.0584729
0.0362163	0.0105794	1e-05
0.0293679	0.00665406	0.00252252
0.0352711	0.00943887	0.0933239
0.0297808	0.00785522	0.056456
0.0300565	0.00777965	1e-05
0.026416	0.00747501	-0.00104203
0.0271754	0.00984155	1e-05
0.0286645	0.0120253	-0.00168233
0.0296767	0.0100081	0.0412986
0.0392008	0.0108623	0.142187
0.0234643	0.00639065	1e-05
0.0304517	0.0090056	0.268031
0.0271604	0.0102888	-0.00107196
0.0300649	0.0108604	0.260287
0.045369	0.0138476	0.0179684
0.0309687	0.0123996	-9.37019e-05
0.0283822	0.00949809	0.00568662
0.0375988	0.00929707	0.046579
0.0334008	0.00468917	-0.00172065
0.0317515	0.00654741	0.0566575
0.0226143	0.0126928	0.118691
0.0319496	0.0118801	0.0966181
0.0159855	0.012973	0.0567377
0.034456	0.014207	0.0653361
0.0261369	0.0089253	0.150412
0.0276421	0.00770037	0.00264957
0.0276358	0.0136074	-0.0018448
0.0260155	0.010451	0.0363761
0.0296267	0.0103806	0.196017
0.0349087	0.00970369	0.00562532
0.0309655	0.0111709	0.0462378
0.0307715	0.0100619	-0.00241656
0.0229941	0.00823733	-0.003456
0.0338821	0.00846645	0.0221568
0.0182443	0.0087018	0.0568201
0.0274815	0.0107921	0.0229277
0.0245884	0.0112793	0.0140952
0.0191759	0.00906497	0.0150508
0.0274675	0.0105664	0.126887
0.0314581	0.00608966	0.217508
0.0236042	0.0102584	0.0343601
0.0318597	0.00856495	0.0115362
0.028305	0.00806268	1e-05
0.0363309	0.0103811	0.0752072
0.0286799	0.00870345	0.0689102
0.0268642	0.0104833	0.0644541
0.0227834	0.0127761	0.0649981
0.0308864	0.0111449	0.133604
0.025994	0.00531942	-0.00117843
0.0371762	0.00796956	0.149496
0.0317735	0.00958256	0.00254898
