0.0293479	0.0100686	0.0381566
0.0439871	0.0117721	0.0397225
0.039478	0.0162549	0.0390877
0.0313429	0.00922273	0.0385659
0.0313302	0.0130406	0.0383029
0.0318679	0.0146899	0.0384455
0.0314522	0.0128002	0.0383142
0.0262817	0.0121194	0.0377928
0.0290999	0.00381165	0.0379524
0.036323	0.00863063	0.0388274
0.0320105	0.0106627	0.03841
0.0362227	0.011811	0.0389344
0.0158096	0.0126229	0.0367416
0.0274456	0.00784104	0.0378843
0.018282	0.0170352	0.0368281
0.0396119	0.0152986	0.0394575
0.0445958	0.0117948	0.0398504
0.0468046	0.00295097	0.0400194
0.0386528	0.00496231	0.0390554
0.0235248	0.00579014	0.0374343
0.0119017	0.0167908	0.0360305
0.0308347	0.0168206	0.0383916
0.0459706	0.0119741	0.0400949
0.0271067	0.00770616	0.0378523
0.0245782	0.0102954	0.0376295
0.0324267	0.00874054	0.0384043
0.0297087	0.00256	0.0381763
0.0369058	0.0116795	0.0389957
0.0389645	0.0136557	0.0390458
0.0263068	0.00708636	0.0377787
0.0385821	0.0157652	0.0392796
0.0269299	0.0101403	0.0378475
0.0333503	0.014369	0.038657
0.0266016	0.000879119	0.037955
0.0383881	0.00786364	0.0390569
0.0074117	0.0117253	0.035864
0.0219634	0.0148503	0.0374913
0.0458841	0.00447609	0.0400199
0.0257084	0.0104239	0.0377941
0.0284783	0.00810468	0.0381699
0.0236814	0.0113961	0.0375374
0.0357337	0.00410055	0.0389287
0.0492596	0.00218874	0.0405479
0.0342831	0.019763	0.0386547
0.0355051	0.0117746	0.0388709
0.0306193	0.0131891	0.0382911
0.0319909	0.0120438	0.0385632
0.0380088	0.00485343	0.0390865
0.0322925	0.010823	0.038407
0.0234131	0.00946192	0.0375121
0.020542	0.0146556	0.0370739
0.021345	0.0104141	0.0372173
0.0149177	0.0104836	0.0365234
0.0277162	0.0142576	0.0380573
0.0461285	0.00454998	0.0399665
0.0356905	0.0129664	0.0389549
0.049063	0.0130969	0.0402596
0.0483493	0.00442113	0.0401656
0.0327708	0.00749266	0.0385811
0.0440515	0.00943198	0.0397245
0.0384493	0.0146257	0.03923
0.0342392	0.00217799	0.0387973
0.0138606	0.00609206	0.0366051
0.0463843	0.00109384	0.0401914
0.040159	0.0158762	0.0393878
0.0288614	0.0117875	0.0381019
0.00199229	0.00863465	0.0352208
0.0385962	0.0109354	0.0391389
0.038591	0.00459386	0.0391752
0.0351213	0.0109497	0.0388185
0.026333	0.00888194	0.037751
0.0221651	0.0151208	0.0375833
0.0129014	0.0100914	0.0362141
0.0129286	0.0109873	0.0364337
0.0242649	0.0109609	0.0375475
0.0436421	0.00231883	0.0397242
0.0330969	0.0171907	0.0386238
0.0216668	0.0113244	0.0373453
0.0405159	0.00760217	0.039337
0.0347984	0.00752591	0.0388439
0.00554054	0.00850363	0.0356718
0.0388142	0.0072514	0.0391946
0.022339	0.01108	0.0375332
0.0398449	0.00960111	0.0393836
0.0437883	0.00250018	0.0396951
0.0192489	0.0146075	0.0371503
0.0474951	0.00049214	0.0401122
0.0373267	0.00568108	0.0391353
0.0392862	0.0148024	0.0390784
0.0399318	0.00972278	0.0394325
0.038768	0.0153589	0.0392321
0.0187579	0.00853738	0.0370357
0.0314193	0.00551406	0.03839
0.0261159	0.0087346	0.037896
0.032319	0.0190125	0.0384248
0.0448849	0.0154091	0.0400336
0.037715	0.00762526	0.0390821
0.0236465	0.0108213	0.0375486
0.00975413	0.0128094	0.0360926
0.0258299	0.00830774	0.0377267
0.022534	0.00963103	0.037457
0.0214366	0.00668011	0.0374363
0.0253882	0.0072671	0.0376822
0.0450265	0.00958485	0.0398267
0.0295177	0.0166236	0.0381177
0.0268477	0.00646283	0.0378805
0.0436437	0.0100006	0.0398171
0.0215567	0.0142003	0.0371831
0.023597	0.00287427	0.0375691
0.0268348	0.0136497	0.0380488
0.0262424	0.00629715	0.0378128
0.0325064	0.0153772	0.0385852
0.0399589	0.0121074	0.0393165
0.027252	0.00760595	0.0380974
0.0348571	0.010016	0.0387429
0.0335675	0.0107397	0.0386666
0.0264452	0.0103165	0.0377326
0.0326344	0.0108877	0.0384646
0.031532	0.00994549	0.0383384
0.0448309	0.00511632	0.0398372
0.0329667	0.00263669	0.0385458
0.0227359	0.00833184	0.0373544
0.0253873	0.0130904	0.0377398
0.0374606	0.00249188	0.0391943
0.0332619	0.0140391	0.03864
0.0312703	0.0105987	0.0383236
0.0074428	0.0155779	0.035662
0.0272006	0.00472232	0.0380765
0.0226954	0.0100256	0.037385
0.0324561	0.00647566	0.0385693
0.0223939	0.0159834	0.0373507
0.0321517	0.00673419	0.0384496
0.0445864	0.0114861	0.0399096
0.0258689	0.00273851	0.0378147
0.0214997	0.00539975	0.0374683
0.019785	0.0120464	0.0371215
0.00815095	0.00633557	0.0360245
0.0427586	0.0133658	0.0394353
0.0151715	0.00840757	0.0365709
0.0349617	0.0120548	0.0387283
0.0263938	0.00289013	0.0377242
0.0398961	0.0143799	0.0392829
0.00959454	0.0166011	0.0357616
0.0355765	0.00672323	0.0387523
0.043188	0.00449929	0.039645
0.0278329	0.0123821	0.0380172
0.0167865	0.00294324	0.0367962
0.0136044	0.00708851	0.03642
0.0353055	0.0160941	0.0388865
0.0477654	0.00135881	0.0404178
0.0168356	0.0159838	0.0366748
0.0363038	0.0113971	0.0388883
0.0415048	0.00816913	0.0394221
0.0380758	0.00947468	0.0390027
0.0283042	0.0118704	0.0381396
0.0206942	0.0149213	0.0370856
0.0331546	0.014905	0.0385924
0.00295998	0.0159167	0.0353415
0.0348047	0.00733758	0.0387148
0.0305481	0.00952674	0.0383157
0.038529	0.0176383	0.0393691
0.0271699	0.0111412	0.0378131
0.0257038	0.00510833	0.0376118
0.0284683	0.0091689	0.0379779
0.0347395	0.00489632	0.038705
0.0264277	0.0097818	0.037766
0.0237661	0.0111858	0.0375047
0.0351224	0.0136327	0.0387992
0.0439468	0.0146763	0.0399597
0.0284863	0.0164678	0.0379754
0.0142863	0.00664379	0.0365336
0.0369019	0.0101565	0.0390338
0.0381296	0.0146701	0.0390331
0.044927	0.00752639	0.0398092
0.0235926	0.00729884	0.0376297
0.0245241	0.0160315	0.0377901
0.018368	0.0141039	0.037023
0.0358112	0.00467799	0.0388417
0.0341384	0.0149122	0.0386385
0.0301009	0.00990164	0.0382734
0.0519601	0.00809689	0.0407833
0.0405552	0.0123667	0.0395194
0.0270821	0.0108315	0.0379447
0.0408039	0.00498267	0.0392858
0.0430532	0.0113897	0.0396134
0.0379684	0.0138382	0.0390889
0.0423464	0.0107089	0.0397032
0.0308797	0.0108946	0.038288
0.0397337	0.0122025	0.039252
0.0338251	0.0112022	0.038604
0.0192735	0.00847378	0.0371845
0.035158	0.00895563	0.0388081
0.0400284	0.000679442	0.0394381
0.0306832	0.012079	0.0383039
0.0536212	0.00802655	0.0407971
0.0219618	0.00436446	0.0375378
0.0218287	0.0126094	0.037409
0.0138643	0.0022167	0.0362371
0.0238132	0.0102418	0.0377421
0.0361543	0.00837292	0.0388458
0.0237236	0.00876744	0.0376981
0.00247183	0.0146175	0.0350585
0.0169213	0.0103391	0.0368099
0.0489753	0.0106635	0.0403099
0.0340574	0.0107113	0.0387733
0.0243083	0.0155289	0.0376231
0.0212637	0.0146353	0.0374873
0.0353185	0.00380736	0.0387693
0.0189688	0.00933962	0.0369741
0.0342933	0.0141991	0.038684
0.0231371	0.00375196	0.0375858
0.0396236	0.00573618	0.039238
0.0368737	0.0117246	0.0390534
0.0494498	0.00758346	0.040501
0.0296627	0.0129086	0.038123
0.0361294	0.0092028	0.0390112
0.0309324	0.00771857	0.0383926
0.0344562	0.00835866	0.038636
0.0204011	0.00367809	0.0373864
0.0140514	0.0125644	0.0365179
0.0242596	0.0105387	0.0375401
0.0224551	0.0163226	0.0373583
0.0235353	0.00861427	0.037674
0.0222253	0.0091762	0.0374405
0.0352942	0.0170521	0.038901
0.0181421	0.0136299	0.0369849
0.0359927	0.0144411	0.0388845
0.0288046	0.00730795	0.0382165
0.0288429	0.00581178	0.0379775
0.0375022	0.0048066	0.0391262
0.0286549	0.0110323	0.038184
0.0483825	0.0025523	0.0402978
0.03592	0.00632069	0.0387882
0.0273521	0.00861172	0.0378461
0.0104465	0.000869444	0.0361838
0.0300249	0.00345327	0.03836
0.040449	0.0124649	0.0394148
0.0281167	0.0147975	0.0379811
0.0302451	0.00627261	0.0383337
0.0220934	0.0146588	0.0372346
0.0436511	0.0168482	0.0399608
0.0349545	0.00684171	0.0386966
0.0344081	0.00970162	0.0386812
0.0362548	0.0125107	0.0388017
0.0275772	0.00910981	0.0379878
0.0271271	0.00923688	0.0380132
0.0365304	0.00773243	0.0389495
0.0415066	0.00330376	0.0397235
0.0446859	0.0104011	0.0399531
0.0224793	0.00591666	0.0375158
0.0310448	0.00876676	0.0383362
0.0195698	0.00844674	0.0370399
0.049302	0.0165602	0.0403769
0.0298572	0.0167034	0.0380825
0.0311194	0.0101683	0.0383865
0.0296021	0.0150454	0.0382625
0.0394958	0.00924769	0.0391518
0.0348796	0.0160422	0.0389112
0.0382013	0.00924184	0.0391089
0.0249246	0.0118972	0.0376652
0.0307859	0.00758883	0.0384389
0.0279782	0.0105782	0.0379763
0.0329784	0.0169479	0.0384786
0.0304059	0.00376177	0.0380961
0.0402057	0.0082146	0.0394693
0.0329421	0.00145041	0.0383667
0.0336788	0.0159027	0.0385744
0.0179903	0.00729926	0.0367971
0.0396734	0.00442549	0.0393151
0.0312939	0.00702579	0.0383255
0.0367879	0.0125897	0.0390783
0.0254599	0.00828418	0.037792
0.00999306	0.00585552	0.0357991
0.030397	0.0155186	0.0381573
0.0410342	0.00847307	0.0394693
0.0367386	0.000632664	0.0387325
0.0325688	0.00557073	0.038389
0.0304957	0.0104872	0.0381793
0.0392702	0.0179918	0.0393114
0.0345644	0.0169485	0.0388457
0.0296166	0.00699246	0.0381727
0.03242	0.00894137	0.0384609
0.0379541	0.00874815	0.0390561
0.0155365	0.0116951	0.0365261
0.0214346	0.0114455	0.0373362
0.0173926	0.00938241	0.0368017
0.0301585	0.0110322	0.038241
0.0292628	0.0095307	0.0383291
0.0164895	0.00215586	0.0365162
0.0350753	0.0128209	0.0388765
0.0190046	0.0156465	0.0372638
0.0118796	0.00483356	0.0360233
0.0182377	0.00362785	0.037161
0.0158597	0.0120268	0.0367724
0.0170791	0.0134879	0.0368052
0.0176079	0.0156359	0.0367177
0.0368521	0.00717914	0.0388594
0.0188426	0.00302042	0.0372354
0.0405064	0.0082639	0.0394154
0.0299325	0.00528783	0.0383455
0.0223918	0.014465	0.0374147
0.0385577	0.00638501	0.0392681
0.0299073	0.00497539	0.0382289
0.0084137	0.00227888	0.0358397
0.0284388	0.0122391	0.0379841
0.0286771	0.0148864	0.0380101
0.0168209	0.00620869	0.0367268
0.0151166	0.0047809	0.0367258
0.0497272	0.0139589	0.0404585
0.0396151	0.00680232	0.0391461
0.0383979	0.00312634	0.0391845
0.0238972	0.0106268	0.0375027
0.0318481	0.0041101	0.0385323
0.039512	0.00596714	0.0394021
0.0272353	0.0156051	0.0379475
0.037503	0.0138549	0.0390343
0.0103209	0.014185	0.0361016
0.030786	0.00926337	0.0382325
0.0350173	0.00903164	0.0386781
0.016816	0.0138861	0.036801
0.000821486	0.0147245	0.0347325
0.0399191	0.00510326	0.0392704
0.0365274	0.0101901	0.0390571
0.0325305	0.0106816	0.0385405
0.0300996	0.0147645	0.0383285
0.0216899	0.00555132	0.0371784
0.0376445	0.0103839	0.0391422
0.0251474	0.0104056	0.0376519
0.0216595	0.0034621	0.0371374
0.0364419	0.00905277	0.0389026
0.00168456	0.0109874	0.0351819
0.0378463	0.00611483	0.0390938
0.0358872	0.0125234	0.0388497
0.0137373	0.0137462	0.0364438
0.0191743	0.00723627	0.0370191
0.0305515	0.00222214	0.0384282
0.041988	0.00459316	0.0396859
0.0295874	0.00863002	0.0382837
0.0286013	0.0141212	0.0380746
0.0248877	0.00656314	0.0378028
0.0507104	0.00779106	0.0405225
0.0191783	0.0107771	0.0371658
0.0344098	0.0146622	0.0387239
0.0188373	0.00915157	0.0370534
0.0350259	0.000123763	0.038905
0.0131342	0.0140607	0.0364839
0.0211983	0.0141948	0.0373446
0.0270772	0.00123091	0.0377303
0.023536	0.000740924	0.0375425
0.0348247	0.00804875	0.0387319
0.0264519	0.0122262	0.0379342
0.0294131	0.0141195	0.0382545
0.0291508	0.0125459	0.0383097
0.0222932	0.01116	0.0373354
0.0295692	0.0110996	0.0381732
0.0250433	0.00947153	0.0376081
0.0404778	0.00668915	0.0394081
0.021391	0.00741725	0.0372712
0.0458873	0.0110912	0.0399263
0.0339103	0.0140941	0.0386287
0.0239597	0.0103119	0.0375692
0.0221058	0.000150848	0.0373168
0.0234794	0.0117503	0.0375025
0.0434771	0.00923964	0.0397338
0.0432212	0.012958	0.0397274
0.0279215	0.0131079	0.0380253
0.0413615	0.0105435	0.0393502
0.0525496	0.00747977	0.0405742
0.0306769	0.0129911	0.0384908
0.0286596	0.00830639	0.0381406
0.0193454	0.00669798	0.0369361
0.019817	0.00627954	0.0373371
0.0448784	0.0104394	0.0397184
0.0310991	0.013246	0.0382709
0.0347552	0.0143911	0.0388233
0.0317788	0.0111874	0.0383755
0.0422346	0.00374189	0.0397439
0.0279156	0.0072391	0.0379368
0.0152437	0.0120968	0.036692
0.0367431	0.0148301	0.038947
0.0478497	0.0112856	0.0401418
0.0269005	0.0166232	0.0379715
0.02124	0.00907489	0.0373343
0.0460955	0.00505243	0.0399066
0.0399213	0.00668588	0.0392715
0.0217217	0.00207071	0.0374671
0.0286986	0.0127837	0.0381807
0.0480544	0.00896357	0.0403478
0.0315981	0.00805572	0.0384223
0.0136977	0.0107135	0.0366188
0.0201687	0.00968069	0.0370505
0.0183848	0.012259	0.0369109
0.0434045	0.0126098	0.0398601
0.0410494	0.0114565	0.0395625
0.0315671	0.00628064	0.038361
0.0238482	0.0136884	0.0375876
0.0415843	0.0060324	0.0395208
0.0121546	0.0100367	0.0363366
0.0200476	0.013806	0.0372185
0.0484352	0.0110668	0.0404013
0.0291588	0.0100196	0.0382327
0.0216185	0.00790688	0.037321
0.0198321	0.0120355	0.0370676
0.0342667	0.0101222	0.038727
0.0122596	0.0119157	0.0364571
0.0401857	0.00464884	0.0393533
0.0433181	0.0164155	0.0397082
0.0341392	0.014528	0.0385739
0.02752	0.0087836	0.0378775
0.0290553	0.0113691	0.0381043
0.0486038	0.00741843	0.0402244
0.0360658	0.00829089	0.0389611
0.0359326	0.0107979	0.0388518
0.0179135	0.00538958	0.0369858
0.0256375	0.0112917	0.0378107
0.0300293	0.0120902	0.0382265
0.0203084	0.0113408	0.0371442
0.033164	0.00624741	0.0386763
0.00790237	0.0150019	0.0356688
0.029774	0.00482939	0.0381185
0.000720205	0.00360568	0.0351627
0.0285259	0.0112501	0.0380861
0.0233479	0.00960305	0.0374667
0.0365657	0.0168921	0.038995
0.0281661	0.0104165	0.0380834
0.0323454	0.0157786	0.0384263
0.0147763	0.0170549	0.0364315
0.0279655	0.0115274	0.0381771
0.0189975	0.012604	0.0371275
0.0354607	0.00590781	0.0387577
0.0273075	0.00845631	0.0379704
0.0236943	0.00103785	0.0377535
0.00503673	0.00863476	0.0352674
0.0300345	0.0149852	0.0383726
0.0305475	0.015623	0.0381695
0.0363631	0.00511799	0.0391378
0.0273502	0.00536879	0.0378927
0.0329215	0.00692058	0.0385268
0.0363936	0.0166025	0.0389883
0.0276269	0.0107214	0.0379787
0.0399394	0.0156312	0.039366
0.0468727	0.0124957	0.0399431
0.024175	0.0124963	0.0376888
0.0289938	0.0127321	0.0381312
0.0316042	0.0136959	0.0383991
0.0455004	0.0136642	0.039958
0.0275142	0.012887	0.0379442
0.0399322	0.011993	0.0394179
0.0313562	0.00119702	0.0385185
0.0185939	0.0153188	0.0370185
0.0282526	0.00657858	0.0381442
0.0175199	0.00928073	0.0369242
0.0185098	0.00938296	0.0371192
0.0438329	0.0121705	0.0398108
0.0446234	0.011222	0.0396859
0.017481	0.0133246	0.0369287
0.0301226	0.0120064	0.0381977
0.0468757	0.0164812	0.0398853
0.0450661	0.000896328	0.0400681
0.0345481	0.0137987	0.038708
0.0365315	0.00888234	0.0390399
0.0333612	0.00650962	0.0387953
0.0397371	0.0125423	0.0395233
0.0337613	0.00948591	0.0385885
0.0157686	0.00531503	0.0367003
0.0181771	0.0124133	0.0369622
0.0392786	0.0129499	0.0392387
0.0244359	0.0104718	0.0376132
0.0293802	0.0150734	0.0382414
0.0325504	0.0169586	0.0386513
0.0311641	0.0102335	0.0385367
0.0260857	0.0146126	0.0378078
0.022496	0.0113038	0.0374207
0.0220812	0.00878867	0.0373931
0.0430788	0.00951142	0.039582
0.0232998	0.00759663	0.0376016
0.0383486	0.0151747	0.0391948
0.0416054	0.0143031	0.0396278
0.0420167	0.0129847	0.0396101
0.0518292	0.00970228	0.0407488
0.0346515	0.0161214	0.0388854
0.0322471	0.00599709	0.0385779
0.0392754	0.0154616	0.0393173
0.0406976	0.000592665	0.0395569
0.0411713	0.0124274	0.0395043
0.0406615	0.0140525	0.0394163
0.0242904	0.00302566	0.0377213
0.0209767	0.000748213	0.0374742
0.0347751	0.0157835	0.0388533
0.0202659	0.0159152	0.0371627
0.0288291	0.0165803	0.038153
0.0200602	0.00951691	0.0370721
0.0169319	0.0117898	0.0366348
0.0264679	0.0105225	0.0378377
0.0286579	0.0110109	0.0381214
0.0303838	0.0117139	0.0381551
0.0251386	0.00491672	0.037708
0.0325417	0.00621035	0.0384495
0.0331049	0.0055654	0.0387663
0.0409874	0.00116742	0.0396102
0.0409794	0.00858654	0.0393271
0.0318496	0.00704008	0.0384011
0.0101917	0.00729972	0.0359205
0.0321578	0.00481084	0.0384208
0.0211889	0.00898315	0.0371747
0.0461097	0.00608667	0.0402477
0.0389064	0.00152621	0.0393924
0.0407744	0.00235905	0.0393854
0.020436	0.0117261	0.0371503
0.0249804	0.0074895	0.0376295
0.0179983	0.01146	0.0368684
0.0177932	0.0141285	0.0368186
0.030947	0.0133114	0.0382609
0.0274207	0.0134786	0.0379492
0.0201213	0.0018306	0.037267
0.0306665	0.00225185	0.0384885
0.0412459	0.0122799	0.0393029
0.0267763	1.66032e-05	0.0378553
0.0140167	0.0119448	0.0365273
0.0233243	0.0139952	0.0374497
0.0106695	0.011494	0.0358837
0.0203939	0.013811	0.0370651
0.034829	0.00134735	0.0385652
0.026069	0.012603	0.0377534
0.0298364	0.010885	0.0383145
0.0218703	0.0125746	0.0373418
0.0144612	0.010307	0.0364658
0.0325097	0.0103237	0.0384403
0.0182055	0.00250397	0.0367406
0.0393732	0.00891493	0.0392471
0.0383614	0.0141277	0.0392427
0.0211414	0.00891071	0.0371707
0.0314964	0.0124802	0.0384102
0.0211929	0.00915433	0.0371958
0.0422261	0.012658	0.0393748
0.0291376	0.00685989	0.0380513
0.0296094	0.0101041	0.0381765
0.0280605	0.0135715	0.0378782
0.0398224	0.00402073	0.0392919
0.0381877	0.014021	0.0389871
0.0160263	0.00951053	0.0365735
0.0399362	0.0143901	0.0395434
0.0410186	0.0149878	0.0392592
0.0181858	0.00314151	0.0367453
0.0495389	0.00938156	0.0403777
0.0262353	0.0108983	0.0377185
0.0355899	0.00946563	0.0387409
0.00623422	0.0135681	0.035718
0.0275792	0.0159021	0.0379457
0.0320337	0.0126389	0.0383897
0.017279	0.0109834	0.0368645
0.0427662	0.0128532	0.0394627
0.0296023	0.0120033	0.038199
0.0339865	0.00483152	0.0387584
0.0266916	0.0164347	0.037903
0.0178101	0.00754629	0.0369862
0.0257412	0.0106881	0.0377625
0.0262681	0.0146178	0.0377757
0.0459083	0.0115194	0.0400596
0.0293219	0.00492279	0.0381283
0.0307043	0.00119238	0.0384255
0.016226	0.0138389	0.0367997
0.0379932	0.00158028	0.0390577
0.0340731	0.0152305	0.0386323
0.0278875	0.00925017	0.0380994
0.0481464	0.00713582	0.0403826
0.021819	0.0098892	0.0373169
0.0353802	0.00526566	0.0388168
0.030086	0.0102319	0.0381588
0.0393391	0.0140256	0.0392531
0.0282362	0.0157438	0.0379913
0.0191349	0.0104416	0.0370481
0.0453851	0.0165409	0.0400631
0.0342475	0.0154066	0.038651
0.0163816	0.00909377	0.0368232
0.0318516	0.0144207	0.0384818
0.0386896	0.0118301	0.0392394
0.0139574	0.0158615	0.0365063
0.0358233	0.00521694	0.0388221
0.0381222	0.00444028	0.0390728
0.0218662	0.00696846	0.0374749
0.0287641	0.0132206	0.0380721
0.0287898	0.0124991	0.0381909
0.00921261	0.00216768	0.0357448
0.0261192	0.00830372	0.0377054
0.0312175	0.015151	0.0384202
0.0329721	0.0139095	0.0385107
0.0373526	0.0126357	0.0388916
0.0213456	0.0160491	0.0372107
0.0437238	0.0158029	0.0397501
0.0397413	0.00536632	0.0394125
0.0115458	0.0134242	0.0362067
0.0439704	0.00955871	0.0396331
0.0204953	0.00509492	0.0371413
0.0389471	0.0138733	0.0392572
0.0438431	0.00776592	0.0398373
0.0299023	0.00945448	0.0383515
0.0299681	0.00773991	0.0381805
0.0336683	0.0120312	0.0387209
0.0394801	0.00424156	0.0392557
0.0440284	0.00762462	0.0397212
0.0420075	0.0125707	0.0395011
0.0331617	0.0096891	0.0385189
0.0495353	0.00766306	0.0404845
0.0209862	0.0120437	0.0372696
0.00401256	0.000470238	0.0355231
0.0269532	0.0133911	0.0377608
0.0144819	0.00645008	0.0365095
0.0351058	0.0155454	0.0389901
0.0395305	0.00521338	0.0393932
0.0453725	0.0132023	0.0398654
0.0424223	0.0120266	0.0396144
0.0274516	0.0157847	0.037906
0.0361496	0.0131321	0.038886
0.0362584	0.0098105	0.0389335
0.0231013	0.00506977	0.0375085
0.0243626	0.00806252	0.0375077
0.0200807	0.00848298	0.0372824
0.0376518	0.0162762	0.038925
0.0342149	0.0125631	0.0387776
0.0315037	0.0106071	0.0384994
0.0388247	0.0116801	0.0392202
0.0215272	0.0121048	0.03729
0.0373682	0.00924467	0.0390903
0.0271472	0.0099395	0.037881
0.0441209	0.00605112	0.0396852
0.0325962	0.00725395	0.0384355
0.0220497	0.0118215	0.0373496
0.0394036	0.0140251	0.0392863
0.0381449	0.0140711	0.0392002
0.0260083	0.00615172	0.0378402
0.024871	0.0181571	0.0377938
0.0314738	0.0036016	0.0385241
0.0370927	0.00799888	0.0390369
0.0250292	0.0154523	0.0376617
0.0143328	0.0144226	0.0364218
0.0375867	0.0105715	0.0391138
0.02219	0.00771959	0.037264
0.0404951	0.0144342	0.0393962
0.0201674	0.0138168	0.0369992
0.0472632	0.00453911	0.0399276
0.00301118	0.00330391	0.0349841
0.0117007	0.0162611	0.0363388
0.0372921	0.0112153	0.0391145
0.0469223	0.0143912	0.0400693
0.0276095	0.0169258	0.038037
0.0299108	0.00551227	0.0383251
0.0390057	0.0123427	0.0393168
0.0400058	0.00413615	0.0394033
0.0480412	0.00967002	0.0400604
0.0452495	0.0109357	0.0399257
0.0281675	0.0139454	0.0380287
0.0210108	0.00980758	0.0372937
0.0241463	0.00417447	0.0374188
0.042311	0.0150083	0.0396754
0.0331235	0.0113818	0.0385772
0.0335519	0.00394386	0.038553
0.0299106	0.0117758	0.0381819
0.0241569	0.015887	0.0375045
0.0297483	0.00239229	0.038312
0.033082	0.00743821	0.0384863
0.0292602	0.0109053	0.0381348
0.0396886	0.0127875	0.0392569
0.023561	0.00650191	0.0374177
0.0257664	0.016992	0.0379256
0.0463654	0.0163856	0.0400434
0.0296142	0.0106485	0.0382083
0.0322099	0.0167752	0.038314
0.0372806	0.00374506	0.0388487
0.0393963	0.0111474	0.0392779
0.0413497	0.0141905	0.0394345
0.042265	0.00112169	0.0395488
0.0304345	0.00582978	0.0382589
0.0507806	0.00867014	0.040638
0.0313684	0.0123397	0.0383932
0.0305466	0.0142226	0.0382843
0.0358996	0.0105799	0.038832
0.0416018	0.00998657	0.0395821
0.0323524	0.00545358	0.0384407
0.0468478	0.0118048	0.0403329
0.0446512	0.00945316	0.0398354
0.0327492	0.0151983	0.0386107
0.0203005	0.0163679	0.0373956
0.0063032	0.0157046	0.0357937
0.0378532	0.0053993	0.0390449
0.0468807	0.00590225	0.0400542
0.0238922	0.0100123	0.0375114
0.0371238	0.0166	0.0390889
0.0313703	0.0164983	0.0385682
0.0397077	0.0144406	0.039348
0.0297162	0.00607118	0.0383056
0.0260684	0.0125542	0.0378113
0.0305812	0.00523279	0.038247
0.0300208	0.0139981	0.038223
0.0355899	0.016071	0.0386898
0.0312282	0.012733	0.038396
0.0333506	0.0058606	0.0387025
0.0300623	0.0117028	0.0383263
0.035806	0.00791741	0.0387612
0.0265805	0.00810442	0.0378517
0.0315878	0.0109078	0.0383313
0.0349408	0.00722275	0.0388896
0.0351631	0.0152828	0.0388765
0.0258932	0.0138994	0.037835
0.0351772	0.00882515	0.0387045
0.0252463	0.0106092	0.0376488
0.0390076	0.00201594	0.0393166
0.0304648	0.000960802	0.0380527
0.0166553	0.00535211	0.0369874
0.0354014	0.00717778	0.0387017
0.0265217	0.00857074	0.0377411
0.0390449	0.00794013	0.0391131
0.0366168	0.0103967	0.0391675
0.0429399	0.0109266	0.0397243
0.0348503	0.00919347	0.0387219
0.0252693	0.00485066	0.0377032
0.0369395	0.0114961	0.0388598
0.0287582	0.0163135	0.0381569
0.0262084	0.00119709	0.0379123
0.0381282	0.0044605	0.0391204
0.0284794	0.0066617	0.0379345
0.00719153	0.00299932	0.035772
0.0415874	0.00180866	0.0396104
0.0355203	0.00836157	0.0388464
0.010603	0.00882256	0.0360719
0.0191626	0.015868	0.0370514
0.0426234	0.00850123	0.0395656
0.0187237	0.00278854	0.037011
0.0251767	0.0130887	0.0376851
0.0500029	0.00633828	0.0405329
0.0417936	0.0118386	0.0396248
0.0189768	0.0141423	0.0370153
0.0114317	0.00418558	0.0362174
0.0313902	0.0109504	0.0383739
0.0329679	0.0164389	0.0386377
0.0299517	0.0121831	0.0382171
0.0366414	0.00496628	0.0391659
0.0269831	0.0103896	0.0378538
0.0346211	0.00672755	0.0388596
0.0206058	0.00900717	0.0372436
0.0357182	0.00665134	0.0388233
0.0311617	0.0079554	0.0384585
0.0289119	0.0110803	0.0382548
0.0195364	0.00561284	0.0369388
0.0373288	0.0119756	0.0389314
0.026877	0.00345894	0.0378412
0.025155	0.0126514	0.037879
0.0312224	0.0102239	0.0384582
0.0102099	0.0102041	0.0359388
0.00459067	0.00718413	0.0352941
0.0248738	0.0139836	0.0378298
0.0411997	0.0131633	0.0394417
0.012781	0.015577	0.0364416
0.0383601	0.010071	0.03914
0.0438646	0.000305823	0.0399032
0.0304592	0.0167093	0.038101
0.0350285	0.0103412	0.0388068
0.0371054	0.0108471	0.0388874
0.0430829	0.0132472	0.0397736
0.0335253	0.00689291	0.0385348
0.0432644	0.00216966	0.0397897
0.0313303	0.00368599	0.0383297
0.0257196	0.013968	0.0377488
0.030043	0.0092936	0.0383687
0.0303293	0.0102674	0.0383966
0.0291642	0.0146755	0.0380524
0.022142	0.0100177	0.0373787
0.0328368	0.0144546	0.0386312
0.0353995	0.009569	0.0389034
0.0336394	0.0101608	0.0385844
0.0418096	0.0108745	0.0395884
0.0341786	0.00594582	0.0385462
0.0277017	0.0122651	0.0379769
0.0191222	0.00589722	0.0372648
0.0402618	0.0130373	0.0394961
0.0307473	0.0144383	0.0384433
0.01772	0.0133216	0.0367625
0.0409188	0.0156653	0.0395614
0.0227584	0.0158179	0.0374756
0.0285178	0.00964791	0.038104
0.0240822	0.014246	0.0374569
0.0370792	0.0116122	0.0390961
0.0171009	0.00686301	0.0369069
0.0359367	0.00946991	0.0389724
0.0331886	0.0101166	0.038685
0.0317183	0.000781537	0.0386013
0.0294273	0.0123011	0.0381609
0.0258146	0.0120882	0.0377202
0.03701	0.0150552	0.0390719
0.0132282	0.0034405	0.0365242
0.0378548	0.00522979	0.0390683
0.0224984	0.00635714	0.0375188
0.0340299	0.0106348	0.0386974
0.0329717	0.0111844	0.0384974
0.0242871	0.00959019	0.0377004
0.0266016	0.0139017	0.0377875
0.0265987	0.0114464	0.0378729
0.0373831	0.0107841	0.0390081
0.0411241	0.00371793	0.0394725
0.0346488	0.00444374	0.0389426
0.0411538	0.010361	0.0394558
0.0327655	0.00750003	0.0386521
0.0370417	0.0155264	0.0388252
0.0421196	0.00775453	0.0395754
0.0188359	0.00811512	0.036905
0.0250298	0.00714926	0.0377093
0.019114	0.0106614	0.0369903
0.0302545	0.0150922	0.0382526
0.0187391	0.00784986	0.036866
0.0204732	0.0104823	0.0371256
0.0369273	0.011001	0.038959
0.0324389	0.0083629	0.038614
0.0395623	0.00733527	0.0391488
0.0423259	0.00413286	0.0397285
0.0226351	0.00990675	0.0373428
0.0313109	0.00999298	0.0384803
0.0115806	0.0109242	0.0361444
0.0262566	0.0155378	0.0377247
0.0320474	0.00874575	0.0384328
0.0246145	0.0172297	0.0377189
0.0286453	0.0100168	0.0379907
0.0331761	0.0114145	0.0386834
0.0296224	0.014182	0.0381835
0.0295902	0.0158968	0.0380367
0.0347018	0.0119662	0.0387005
0.0340956	0.0128083	0.038776
0.022109	0.00770808	0.0374334
0.0321796	0.0133834	0.0385476
0.0195572	0.0142161	0.0370043
0.0114295	0.0155258	0.0361528
0.0372216	0.0187194	0.0387869
0.0213768	0.00938443	0.0374962
0.0373489	0.00809714	0.039068
0.0391151	0.0166541	0.0393184
0.0249917	0.0134855	0.0376357
0.0475775	0.0076431	0.0401263
0.0336419	0.0112226	0.0387195
0.0141877	0.00363361	0.0365158
0.0294311	0.00985691	0.038348
0.0356561	0.00510921	0.0386947
0.0329592	0.0146666	0.0385114
0.0409578	0.00757008	0.0392786
0.0278867	0.0013054	0.0381163
0.0127002	0.00426396	0.0362442
0.0412667	0.0125047	0.0394373
0.0423412	0.0115622	0.0396802
0.029321	0.0153048	0.0381288
0.0470183	0.00510052	0.040027
0.0289602	0.0134143	0.0381032
0.0348746	0.0126301	0.0387706
0.0173679	0.0118807	0.0367471
0.0181094	0.00481274	0.0370464
0.0334401	0.00180911	0.0387495
0.0196973	0.0114828	0.0370548
0.0323458	0.00703709	0.038398
0.0228023	0.0125007	0.0374445
0.0426302	0.0103632	0.0394411
0.0281322	0.0145508	0.0378818
0.0216058	0.00589809	0.037316
0.0281648	0.0139251	0.0378913
0.0178397	0.00543006	0.0368918
0.000336902	0.00857321	0.0347188
0.0352504	0.00288683	0.0388971
0.0275546	0.0125278	0.0379866
0.0154235	0.0168603	0.0365692
0.0390393	0.0174942	0.0393622
0.0385364	0.0123656	0.0391355
0.0228753	0.000759742	0.0375774
0.0377659	0.00711146	0.0392079
0.0441217	0.0129033	0.0397329
0.0484333	0.00926944	0.0401855
0.0144688	0.0128679	0.0363431
0.039749	0.012627	0.0393762
0.0465343	0.018257	0.0400929
0.0305989	0.0105583	0.0382403
0.0148921	0.00909201	0.0365277
0.0486356	0.0112867	0.0403702
0.0314929	0.00885901	0.0384097
0.0306165	0.00558395	0.0384227
0.0203791	0.0139378	0.0373174
0.0157186	0.0103055	0.0365936
0.0372958	0.00996442	0.0389989
0.0498458	0.00626997	0.0404757
0.0177771	0.0149875	0.0367664
0.0255877	0.00818081	0.037918
0.0417247	0.0131296	0.0393624
0.035175	0.0036209	0.0389267
0.041298	0.016569	0.0394205
0.0116506	0.00608767	0.0359965
0.0478831	0.0109853	0.0401873
0.0248925	0.0119401	0.0376681
0.0282475	0.00928073	0.0380422
0.0376764	0.00723749	0.0391552
0.0319338	0.00182657	0.0383516
0.026172	0.0068756	0.0377486
0.050812	0.00943671	0.0403699
0.0159165	0.0125223	0.0366603
0.0408775	0.00944196	0.0394888
0.0176808	0.00746112	0.0369605
0.0307784	0.010443	0.0382653
0.0227469	0.00957148	0.0373969
0.0259482	0.00677164	0.0378935
0.0349482	0.00492305	0.0387378
0.0354615	0.00578213	0.0389526
0.035354	0.00966262	0.0387767
0.0412382	0.0115698	0.0395569
0.022351	0.0110372	0.0375321
0.0055153	0.011731	0.0356054
0.0255238	0.0105417	0.0377077
0.033439	0.0157264	0.0385572
0.0445365	0.013928	0.0398573
0.0245536	0.0093115	0.0376639
0.0368948	0.005596	0.0389466
0.0248912	0.0111905	0.0377664
0.0282416	0.0138381	0.0380088
0.025058	0.00799313	0.0376893
0.0373083	0.0109827	0.0392436
0.0137089	0.0114993	0.0363233
0.0275279	0.00684848	0.0378345
0.0450625	0.0109203	0.0398265
0.0300047	0.0152025	0.0380684
0.0422683	0.0078279	0.039689
0.0335528	0.0024769	0.0387125
0.0343338	0.0062053	0.0386757
0.0318791	0.00800483	0.0383833
0.0162846	0.01321	0.0365978
0.031119	0.0156869	0.0383826
0.0365412	0.0152786	0.0390945
0.0286485	0.000971921	0.0380353
0.0214606	0.015697	0.0373178
0.0428072	0.0126281	0.0396098
0.0200883	0.0146168	0.037233
0.0341459	0.0141248	0.0386885
0.016628	0.0135378	0.0368764
0.0363844	0.0114739	0.0389016
0.029442	0.0166162	0.0381031
0.0249417	0.00947654	0.0377148
0.0173925	0.00737845	0.0369309
0.0260724	0.0149409	0.0376839
0.023834	0.00926339	0.037565
0.0188123	0.00856885	0.037071
0.0467175	0.012544	0.0400423
0.0296644	0.00162033	0.0383172
0.00243414	0.00766513	0.0353146
0.0288719	0.00202554	0.0379926
0.0145116	0.00155341	0.0365763
0.0153065	0.00760394	0.0367232
0.0150915	0.0133162	0.0367145
0.0435808	0.0119537	0.0397641
0.0252536	0.0105795	0.0378696
0.0257825	0.0130226	0.0379431
0.0369933	0.0114374	0.0392106
0.0347196	0.0111169	0.0386954
0.0392066	0.0108595	0.0393347
0.0320629	0.0129388	0.0384446
0.0345713	0.0167002	0.0387016
0.0175994	0.0129206	0.0368759
0.0481952	0.0144903	0.0402505
0.0318567	0.00466534	0.0385642
0.0325521	0.00502594	0.0384823
0.0424451	0.00549903	0.039626
0.0158253	0.00546147	0.036705
0.0359173	0.0148808	0.0387058
0.0399088	0.00974414	0.0394278
0.0352789	0.0130733	0.0388441
0.0330507	0.0112472	0.0385619
0.0425195	0.00410509	0.0396116
0.0135484	0.00837123	0.0365402
0.0327932	0.00770691	0.038653
0.0398975	0.0167006	0.0392871
0.011983	0.00320832	0.0362759
0.0355587	0.0117454	0.0387072
0.0413036	0.0152279	0.0395137
0.0325252	0.00955773	0.0386079
0.0355471	0.00374216	0.0388319
0.0271695	0.0163416	0.0378141
0.0412047	0.0129397	0.0394204
0.0290056	0.00874786	0.0381397
0.0449278	0.0147182	0.0399661
0.0432119	0.0100685	0.0397951
0.042966	0.00322155	0.039483
0.026606	0.00947561	0.0378111
0.0212159	0.0144459	0.0371371
0.01987	0.0103736	0.0371635
0.0365344	0.0037404	0.0390501
0.0408495	0.00630477	0.0392826
0.0316621	0.00892467	0.0384108
0.0372585	0.0124092	0.0389963
0.0521557	0.0114307	0.0403872
0.0229227	0.0166673	0.0374747
0.0198978	0.00900896	0.0372572
0.0394726	0.00850778	0.0392706
0.0400547	0.016628	0.0393368
0.0364881	0.00149708	0.0390495
0.0316332	0.010779	0.0384323
0.0261662	0.00715708	0.0379177
0.0347368	0.0126842	0.0388406
0.0279017	0.00651294	0.0381172
0.0445957	0.0145847	0.0399306
0.0211154	0.0122169	0.0372204
0.0278895	0.0143327	0.0379534
0.0285014	0.00761248	0.0380152
0.0294309	0.0106582	0.0381725
0.0205893	0.00963572	0.037256
0.0384488	0.00996051	0.0391449
0.0332421	0.0027296	0.0386917
0.0164341	0.00664541	0.036766
0.0217543	0.0072698	0.0373398
0.0356165	0.010223	0.0387752
0.0432947	0.00455741	0.0398228
0.00961779	0.00963541	0.0363158
0.0300205	0.0105858	0.0381718
0.038809	0.00404605	0.0394164
0.0227615	0.00954188	0.037473
0.0314523	0.00921479	0.0383439
0.0218314	0.00806847	0.0372349
0.0389642	0.00944844	0.0391953
0.0360556	0.00772988	0.0387879
0.0260442	0.00920172	0.037818
0.0225643	0.000866623	0.0375536
0.0226917	0.0103973	0.0374539
0.0346521	0.0100448	0.03883
0.0284437	0.0103683	0.0381584
0.0263232	0.0109317	0.037861
0.0268677	0.0165992	0.0379718
0.0392219	0.0133556	0.0393073
0.0441752	0.0128755	0.0395864
0.0228541	0.00855192	0.0373266
0.0225256	0.0154665	0.0374748
0.0320361	0.00921285	0.0384321
0.0298614	0.0163446	0.0381349
0.0379391	0.00144713	0.0390531
0.0208627	0.0108905	0.0371598
0.0439104	8.03975e-05	0.039746
0.033006	0.0124586	0.0386669
0.0302925	0.00131893	0.0383926
0.0273551	0.00243074	0.0379354
0.0252954	0.0103269	0.0377146
0.0319302	0.00461	0.0385332
0.0203023	0.00481398	0.0373857
0.0386292	0.00144134	0.0391908
0.0387261	0.0131539	0.0390565
0.0457199	0.00685807	0.039889
0.0240796	0.00947567	0.0374543
0.0322167	0.00881403	0.0384512
0.0326366	0.00559088	0.0384609
0.0188982	0.00136701	0.0370992
0.0303609	0.00753446	0.0383312
0.0327074	0.00436324	0.0384643
0.0186311	0.0028743	0.0371515
0.0115857	0.00689291	0.0363062
0.0271076	0.000611509	0.038035
0.032679	0.00758374	0.0384466
0.0402841	0.0121564	0.0394096
0.027375	0.00714979	0.0379878
0.0305456	0.0157972	0.0382512
0.0234644	0.0126947	0.0374386
0.00544826	0.0151737	0.0356366
0.0402983	0.0114107	0.0395868
0.0220586	0.0135199	0.0373728
0.0370653	0.008824	0.0389598
0.02182	0.0112388	0.0373608
0.0232694	0.00917736	0.0374653
0.0168768	0.00456225	0.0366257
0.0315214	0.0146204	0.0385182
0.029963	0.00870255	0.038409
0.021841	0.00465375	0.0373406
0.0244498	0.0159945	0.0376963
0.0232294	0.0129902	0.0373698
0.0437813	0.0148257	0.0397639
0.0405602	0.0157756	0.0394365
0.0389954	0.0125192	0.0390641
0.042529	0.0113189	0.0395942
0.0365562	0.00753905	0.039157
0.0421712	0.00602019	0.0395816
0.0287725	0.00118814	0.0378709
0.0305564	0.0107851	0.0382928
0.0364973	0.00849084	0.0389694
0.0370566	0.00660938	0.0389274
0.036385	0.00798935	0.0391386
0.0135851	0.0165395	0.0363594
0.0292077	0.0151438	0.0381874
0.0262479	0.0124695	0.0376978
0.0280115	0.00849059	0.0379739
0.0109696	0.0040659	0.0361699
0.0343297	0.00708202	0.0386287
0.0295884	0.00342414	0.0383628
0.0236187	0.0152135	0.0374742
0.0295061	0.0106522	0.0382089
0.0367265	0.0073952	0.0390642
0.0232145	0.0105559	0.0374397
0.0204585	0.0136135	0.037279
0.0383365	0.0157364	0.0389908
0.0175115	0.00361583	0.0366808
0.028526	0.00785446	0.0380189
0.0305058	0.00479174	0.0381242
0.0297729	0.00988698	0.0382038
0.0323909	0.00974813	0.0385318
0.028293	0.0124343	0.0379221
0.0220689	0.00100725	0.0375874
0.0218699	0.014079	0.0373414
0.0477161	0.0123227	0.0401745
0.039559	0.0129642	0.0392431
0.0225213	0.0129468	0.0372738
0.00834423	0.00462631	0.0359807
0.0372416	0.0131927	0.0390073
0.0161568	0.013891	0.0366665
0.016005	0.000746065	0.0368177
0.0290318	0.0151186	0.0380695
0.0308614	0.0108952	0.0382793
0.0197426	0.00643361	0.0373308
0.0356581	0.000484235	0.0389966
0.0200165	0.000845849	0.0372657
0.0207031	0.00838075	0.037184
0.0384543	0.00330344	0.0393762
0.039606	0.0128202	0.0392481
0.0099677	0.0105407	0.0360723
0.0434775	0.0102379	0.0395736
0.0361209	0.0145347	0.0388998
0.0221454	0.0156129	0.0374345
0.032545	0.0116947	0.0386082
0.0322407	0.00848027	0.0384566
0.0157188	0.0087103	0.0366177
0.0352224	0.0110073	0.0388239
0.0225061	0.00955968	0.0373398
0.0210272	0.00318293	0.0374571
0.0393179	0.00436611	0.0392568
0.0158128	0.0118905	0.036559
0.0533673	0.00730856	0.0407697
0.0308775	0.0119479	0.0382552
0.0255817	0.0151097	0.0375914
0.0531378	0.00555126	0.0406631
0.0440914	0.0102728	0.0397796
0.0225906	0.00727049	0.0375552
0.0274034	0.00777933	0.0381159
0.025037	0.0109156	0.0376894
0.0237635	0.00705725	0.0374381
0.0426077	0.00557763	0.0394895
0.00248468	0.000414436	0.0352983
0.0212658	0.0158587	0.0373336
0.0277068	0.00235473	0.0379321
0.0302063	0.0126584	0.0382928
0.0468478	0.00235082	0.03989
0.0376915	0.0146929	0.0391599
0.037191	0.00913799	0.0390901
0.0234692	0.00945675	0.0374677
0.0315476	0.017396	0.0382503
0.0466479	0.00498411	0.0399121
0.0354743	0.00738431	0.0388859
0.0297592	0.0102514	0.0381989
0.0228243	0.00908697	0.0373976
0.0292586	0.0130406	0.0381398
0.0325796	0.0108013	0.0383968
0.0349855	0.0119854	0.0387347
0.0361029	0.0156177	0.0389764
0.0299501	0.0162333	0.038107
0.0194452	0.00670361	0.0369323
0.0331487	0.0104106	0.0386052
0.0243012	0.0141485	0.0375556
0.0209191	0.00863894	0.037137
0.0320898	0.0124293	0.0385204
0.021828	0.007941	0.0374798
0.0110663	0.0106003	0.0361892
0.0122074	0.00586841	0.0363767
0.036551	0.00732333	0.0388681
0.0345551	0.00593932	0.0388234
0.0534293	0.00894166	0.0408005
0.0367341	0.0108557	0.0390425
0.0294113	0.0108083	0.0383459
0.0348696	0.0116401	0.0388355
0.0349148	0.00784745	0.038785
0.0256116	0.0138544	0.0378353
0.042082	0.0112176	0.0395594
0.0211467	0.0118577	0.0373474
0.0085415	0.00785907	0.0357733
0.0430815	0.0144214	0.039631
0.033621	0.0134305	0.0386057
0.0284283	0.00401406	0.0381393
0.0283233	0.00899849	0.0380042
0.0307859	0.0163252	0.0381481
0.0199887	0.00583671	0.0373518
0.0381957	0.00857262	0.0391086
0.0334761	0.000200662	0.0386206
0.0391074	0.00919039	0.0390891
0.019216	0.0101073	0.0371831
0.039976	0.00383122	0.0393541
0.0246647	0.00189768	0.0374861
0.0251975	0.0119999	0.0378661
0.0330914	0.00636131	0.0384645
0.0200114	0.00736546	0.0371488
0.0172779	0.0120946	0.0368644
0.0179968	0.00194981	0.0367642
0.0330785	0.00954325	0.0386734
0.0288637	0.0111144	0.0381495
0.026143	0.0198798	0.0377588
0.0385677	0.0092067	0.0391235
0.0228385	0.00336959	0.0375655
0.0221157	0.000983263	0.0374308
0.0207978	0.00978672	0.0371469
0.011479	0.00821707	0.036165
0.0321917	0.0136997	0.0385198
0.0275707	0.0125529	0.0379288
0.0422137	0.0088073	0.0396568
0.0225683	0.00191904	0.0374275
0.0255276	0.0104281	0.0379157
0.0321182	0.00907985	0.0383765
0.0358445	0.0152437	0.0388904
0.0155848	0.0141609	0.0367207
0.032501	0.0144489	0.0383569
0.0144928	0.0111788	0.0364824
0.0393188	0.000197423	0.0393336
0.0225995	0.00286622	0.0372229
0.0246784	0.014069	0.0376841
0.0507882	0.00446411	0.0402682
0.0320551	0.0110097	0.0384727
0.0276983	0.0137069	0.0379886
0.0313515	0.00790253	0.0383319
0.026729	0.0127456	0.0378495
0.0182117	0.0115065	0.0370019
0.0313623	0.0168979	0.0382931
0.0224046	0.0175085	0.0374185
0.00329151	0.0115372	0.0352619
0.0332736	0.00392355	0.0386994
0.0230314	0.00810062	0.0374196
0.0250442	0.0132477	0.037762
0.0373865	0.0129876	0.0392548
0.0397748	0.00912349	0.0395273
0.0144024	0.0126736	0.0365887
0.0224188	0.010538	0.0373658
0.0332853	0.00990014	0.038691
0.0231821	0.013573	0.0374971
0.0311589	0.0154528	0.0383267
0.0250564	0.0090841	0.037623
0.0285596	0.00188155	0.0382412
0.0269931	0.00973108	0.0378196
0.0399895	0.011131	0.0392613
0.0436606	0.010848	0.0397953
0.0183455	0.0157964	0.0370167
0.0293225	0.0146221	0.0380985
0.0207211	0.00107246	0.0370566
0.0385813	0.00922311	0.0391333
0.0253407	0.0094609	0.0376417
0.0051644	0.0151278	0.0356133
0.0235824	0.0107509	0.0375643
0.023615	0.0150323	0.0375262
0.0365056	0.003861	0.0389083
0.0313396	0.00257329	0.0384918
0.0438536	0.00915338	0.0398313
0.0246132	0.00994527	0.0375581
0.0300859	0.00882888	0.0383399
0.0318339	0.0079051	0.0384493
0.0104816	0.00450901	0.0363755
0.0370962	0.0110734	0.03911
0.0181974	0.0100228	0.0368906
0.0345518	0.0164753	0.038928
0.034321	0.0101255	0.0386812
0.0221845	0.00510296	0.0375472
0.0152997	0.0012686	0.0366681
0.0248653	0.00892425	0.0376078
0.0228765	0.0119706	0.0374036
0.0134038	0.0144625	0.0367
0.0227124	0.00438316	0.037261
0.0315168	0.0108622	0.0383815
0.0224149	0.00824774	0.0375293
0.0400166	0.015475	0.0393259
0.0344618	0.0148101	0.0389207
0.0424834	0.0136626	0.0396771
0.0286909	0.00620802	0.038075
0.0242203	0.0025667	0.0374596
0.0200151	0.0136565	0.0372163
0.0263662	0.00372106	0.0377136
0.013927	0.00865517	0.0365012
0.0315371	0.0144174	0.0384357
0.033163	0.0158254	0.0386758
0.0367258	0.00548901	0.0389067
0.0278413	0.0129899	0.0379393
0.0302066	0.00591035	0.0383696
0.0167166	0.00718071	0.0367386
0.0323651	0.013425	0.038344
0.0178301	0.00936112	0.0368215
0.0337422	0.013023	0.0387439
0.045764	0.0117942	0.0399487
0.0232691	0.00982575	0.0376463
0.022794	0.01173	0.0373046
0.0394079	0.0147232	0.0390802
0.0533772	0.00868872	0.0409721
0.0371376	0.00460509	0.0389584
0.0239124	0.0106578	0.0376604
0.0373838	0.0137347	0.0392503
0.0230162	0.0121243	0.0373585
0.0381377	0.00220537	0.0390628
0.0412126	0.00491621	0.0394454
0.0411691	0.00975679	0.03946
0.0314043	0.00791912	0.0383378
0.0351734	0.00357838	0.0389207
0.0410208	0.0163503	0.0394455
0.0429889	0.0120345	0.0395122
0.0365048	0.00936576	0.0389125
0.046445	0.0136476	0.0400258
0.0380377	0.00306136	0.0390953
0.0141135	0.0162019	0.0367742
0.0337384	0.0166391	0.0387624
0.038376	0.0149142	0.0390067
0.0280736	0.0155564	0.0381039
0.0270859	0.0131643	0.0378751
0.0266791	0.00827814	0.0380241
0.009131	0.00713274	0.0360329
0.0158635	0.0155975	0.036518
0.0202261	0.0147583	0.0372293
0.0290009	0.00949729	0.0381495
0.0270599	0.00994354	0.037862
0.0227351	0.0121594	0.0374296
0.0398101	0.0143071	0.0392605
0.0198345	0.0147753	0.0371286
0.0339514	0.0129412	0.0386458
0.0354521	0.0103415	0.0387681
0.033479	0.00428271	0.0386944
0.0384449	0.0120356	0.0392145
0.0325812	0.00959403	0.0384345
0.0310993	0.0138836	0.038408
0.0249002	0.0158864	0.0376474
0.0430393	0.0107032	0.0396642
0.0287069	0.0158443	0.0380917
0.017378	0.0129691	0.0368283
0.0260916	0.0104263	0.0377727
0.0382463	0.0107803	0.0392497
0.0272076	0.0065472	0.0380394
0.0314602	0.0118625	0.0384055
0.0153083	0.0122559	0.0365053
0.0284759	0.00480328	0.0380374
0.0173345	0.0137218	0.0369226
0.0309622	0.00897778	0.0384419
0.0446901	0.0092292	0.0400857
0.0233301	0.00309407	0.0373529
0.0121471	0.0146108	0.0362846
0.0294485	0.0109276	0.0383082
0.0408397	0.0117912	0.0394414
0.0387702	0.0101666	0.0392753
0.0375851	0.00172595	0.039036
0.0101187	0.0164803	0.0360047
0.0268577	0.016825	0.0377713
0.0493342	0.0127875	0.0406145
0.0117487	0.00941637	0.0363096
0.0256247	0.0043751	0.0379151
0.0205042	0.0133734	0.0372893
0.0268946	0.013276	0.0378978
0.0319728	0.0101031	0.0383484
0.0227953	0.012868	0.0375901
0.0337382	0.0139052	0.0385952
0.00700511	0.00867182	0.035783
0.0325147	0.00285272	0.0386088
0.0422488	0.00124074	0.0395801
0.0361261	0.0130073	0.0389925
0.0206098	0.00807561	0.0372401
0.0442219	0.0110471	0.0398746
0.0305111	0.0129802	0.0382679
0.0267451	0.00854578	0.0379741
0.0233161	0.0108882	0.0375136
0.036954	0.000815203	0.0390547
0.0318079	0.00787764	0.0383828
0.0278455	0.00920741	0.0378953
0.0243194	0.0035647	0.0377278
0.0131306	0.00989997	0.0363109
0.017586	0.00585964	0.0369676
0.00511797	0.0108091	0.035575
0.0326819	0.00628444	0.0385352
0.0210184	0.0131227	0.0372678
0.0376802	0.0107899	0.0390264
0.0316526	0.00268956	0.0385324
0.040214	0.0142476	0.0393053
0.0401944	0.0046218	0.0393466
0.0329078	0.0167913	0.0386317
0.0252481	0.0162885	0.0375412
0.0210411	0.0038275	0.0372013
0.046624	0.00256129	0.0400158
0.0357051	0.0100353	0.0388101
0.0281205	0.0128088	0.0380581
0.0415704	0.0140949	0.0396685
0.0372027	0.0162149	0.0391283
0.0332896	0.00957554	0.03854
0.0294298	0.013281	0.0383472
0.0349909	0.013827	0.0387787
0.0350408	0.00397244	0.038634
0.0250469	0.0161297	0.0375293
0.0278641	0.00962837	0.0379945
0.0137318	0.0130095	0.0365435
0.0172137	0.013661	0.0367576
0.0336763	0.0121143	0.0386476
0.0247356	0.0117806	0.0377416
0.0418858	0.0126503	0.0395232
0.0345094	0.0117314	0.0386824
0.00740662	0.00986064	0.035682
0.0310567	0.0076812	0.0384512
0.0336545	0.0105252	0.0386552
0.0288524	0.00973776	0.0380587
0.0508321	0.00743499	0.040417
0.0343083	0.00306267	0.0387061
0.0419838	0.0142502	0.0395456
0.0363201	0.00479917	0.0388752
0.0400567	0.00880451	0.0393276
0.000451978	0.00652906	0.034684
0.0140423	0.0108086	0.0365879
0.00535097	0.0030002	0.0352493
0.0272394	0.00958268	0.0378993
0.0394924	0.000741651	0.0390694
0.028186	0.00468752	0.0380411
0.0184318	0.00748248	0.0369791
0.0323482	0.00779708	0.0384234
0.0343388	0.0128797	0.0388011
0.0259579	0.0119192	0.0377373
0.0160335	0.0128059	0.0367337
0.0117032	0.0157069	0.0362288
0.0318575	0.0027923	0.0384265
0.0105433	0.0177404	0.036193
0.0162029	0.0125049	0.0368496
0.0346027	0.0128511	0.0386898
0.0458027	0.0128269	0.0400341
0.0315885	0.0134209	0.0383895
0.0411633	0.00705476	0.0396842
0.0232685	0.0153639	0.0373619
0.0388797	0.00661343	0.0393302
0.025829	0.000144827	0.0375739
0.0291624	0.00155067	0.0379293
0.0489763	0.00118038	0.040575
0.0287424	0.00934059	0.0381897
0.0275098	0.00830835	0.0378818
0.037367	0.00920309	0.0390269
0.0158091	0.012287	0.0364868
0.0352065	0.0169504	0.0387845
0.0420206	0.0136346	0.0395856
0.0435409	0.016734	0.0398825
0.0147612	0.010666	0.0366256
0.0300842	0.00894175	0.0381805
0.0214016	0.0152532	0.0373345
0.0244171	0.00543114	0.0375711
0.0376725	0.00594427	0.0391317
0.0382116	0.0114752	0.0392362
0.031134	0.0119201	0.0383897
0.0392067	0.0160521	0.0392008
0.021866	0.00943423	0.0372604
0.0310246	0.0125622	0.0382697
0.0318317	0.0122963	0.0383639
0.0257993	0.014101	0.0376294
0.0311485	0.00220082	0.0384721
0.0466402	0.0163102	0.0398659
0.0345106	0.0127297	0.0387843
0.0230443	0.0168588	0.0376725
0.020132	0.00409344	0.0371623
0.0400089	0.0148843	0.0391448
0.039672	0.00595655	0.039392
0.0367589	0.00789264	0.0389022
0.0368698	0.00853478	0.0389368
0.0223326	0.0135111	0.0373819
0.037825	0.0127687	0.0390801
0.036705	0.0128241	0.0389639
0.0357416	0.00773499	0.0389528
0.0432195	0.000442843	0.0396812
0.0420792	0.0163004	0.0395096
0.023011	0.000218938	0.0375614
0.0328144	0.0107947	0.0386326
0.0174781	0.000676859	0.0369687
0.000907937	0.0106548	0.0351089
0.0402355	0.0132707	0.0393417
0.0439057	0.00125114	0.0398435
0.023547	0.00874633	0.037461
0.0279364	0.0133592	0.0380604
0.032529	0.0135168	0.0384834
0.025012	0.00809396	0.0376993
0.0234022	0.0165145	0.0375797
0.0471779	0.0109387	0.0402372
0.048092	0.00677055	0.0403032
0.0451953	0.0094873	0.0401436
0.0274044	0.00802948	0.0379396
0.030784	0.00677123	0.0383803
0.0450634	0.0116049	0.0398368
0.0366115	0.00605872	0.0389155
0.028627	0.00728015	0.0380333
0.0483763	0.00701968	0.0403004
0.0341712	0.00864007	0.0386481
0.0478636	0.0152882	0.040371
0.0273584	0.0146415	0.0380283
0.0313897	0.00305175	0.0384969
0.0172343	0.016198	0.0369006
0.0306036	0.0101815	0.0384797
0.00315515	0.0144357	0.0353546
0.0149286	0.0144562	0.036604
0.0243969	0.00287429	0.0377384
0.0124117	0.0124371	0.0362819
0.026504	0.00894802	0.0379475
0.0301436	0.0121243	0.0382866
0.0350195	0.0175054	0.0389863
0.0395414	0.00932485	0.039127
0.0406537	0.00571263	0.0395316
0.0164563	0.0117892	0.0367605
0.0383527	0.00149868	0.0393638
0.0417385	0.0146833	0.0394719
0.0384008	0.0100111	0.0390382
0.0246467	0.0123255	0.0376157
0.0335247	0.00949059	0.0385875
0.0340076	0.00698149	0.0386029
0.0329008	0.00820741	0.0385451
0.0237186	0.0139815	0.0376126
0.034944	0.0118177	0.0387266
0.0337102	0.00382597	0.0385666
0.0165691	0.00751977	0.0367111
0.0383627	0.0150229	0.0389753
0.0401365	0.0101531	0.0393569
0.0369459	0.0147616	0.0390808
0.0289372	0.009931	0.0381031
0.045189	0.00294731	0.0399003
0.0200871	0.0171259	0.0369907
0.0249657	0.0156446	0.0376327
0.0389419	0.00969976	0.0390848
0.0211961	0.000743524	0.0370206
0.0332447	0.00836855	0.0384907
0.022212	0.00447137	0.0374813
0.0120989	0.013452	0.0360641
0.0441442	0.0134513	0.0397684
0.0149043	0.00753658	0.0366025
0.0394833	0.0124958	0.0393475
0.0410119	0.00657394	0.0393493
0.0243253	0.00762425	0.037665
0.026449	0.0032795	0.037843
0.024107	0.0103294	0.0376691
0.0245252	0.00382241	0.0378089
0.0227515	0.0123025	0.0376349
0.0243309	0.0119392	0.0377956
0.0376949	0.0140888	0.0391638
0.0364135	0.0147103	0.0390187
0.0228828	0.0141623	0.0374609
0.033151	0.0104536	0.038511
0.0380531	0.0172743	0.0391675
0.0240637	0.00738352	0.0374949
0.0389086	0.0126182	0.0392586
0.0062028	0.0100328	0.0357363
0.0359372	0.0112341	0.0389072
0.0407958	0.0156815	0.0395092
0.0280656	0.0118742	0.0379728
0.027353	0.0101325	0.0379041
0.026186	0.0137447	0.0378747
0.0375213	0.00940974	0.0390095
0.0169765	0.00435626	0.036812
0.0350349	0.0154495	0.0388744
0.0349278	0.0155521	0.0387627
0.0438276	0.00589308	0.039624
0.0336425	0.0152977	0.0387212
0.0121025	0.0130645	0.0365673
0.0365248	0.0140168	0.0387804
0.0301475	0.0099309	0.0383414
0.0319471	0.0106695	0.0383916
0.0353209	0.0040563	0.0387609
0.0324033	0.00695112	0.0384687
0.037849	0.0111874	0.0390434
0.00167973	0.00467484	0.0348201
0.047314	0.00982791	0.0402385
0.0320935	0.013678	0.0385134
0.0358917	0.0119899	0.0389549
0.0326172	0.00731506	0.0387111
0.0493404	0.0106881	0.0404292
0.0413366	0.00350095	0.0394626
0.0376157	0.015254	0.0390444
0.0247586	0.0141215	0.0376963
0.0311119	0.000637628	0.0384841
0.0486803	0.0050129	0.0402001
0.000824199	0.00787582	0.0354314
0.035907	0.00120657	0.0389464
0.0266608	0.010247	0.0378422
0.0289751	0.00821804	0.0381617
0.0524692	0.00979756	0.04068
0.0206379	0.0114093	0.0372477
0.0419315	0.00646881	0.0394927
0.0355835	0.0168113	0.0386727
0.0336157	0.0147624	0.038467
0.0200923	0.0118646	0.0370723
0.0431899	0.00605304	0.039621
0.0330541	0.00730332	0.03864
0.0275698	0.00859224	0.0379734
0.0418187	0.00749307	0.03962
0.0344999	0.00632023	0.0386912
0.0236522	0.0107735	0.0376157
0.0242402	0.0141625	0.0376224
0.0374246	0.0146337	0.0390264
0.0166682	0.00823882	0.0367134
0.0303303	0.0148198	0.0382456
0.0271481	0.000966556	0.0380578
0.0192549	0.00699612	0.0370679
0.0313058	0.00168906	0.0384826
0.0436223	0.0178642	0.0396838
0.0393983	0.00405541	0.0394761
0.0224419	0.00930459	0.0373335
0.042188	0.00582397	0.0395752
0.0283026	0.011443	0.0380847
0.0471166	0.0138452	0.0400516
0.0288706	0.0101464	0.038102
0.0497779	0.0165447	0.040444
0.014277	0.00588384	0.036541
0.0344351	0.011248	0.0387295
0.024159	0.0117242	0.0375439
0.0261513	0.0119284	0.0378393
0.0278534	0.0164357	0.0379094
0.00887346	0.0123642	0.0358046
0.0200382	0.0147771	0.0371832
0.0266384	0.0147113	0.0378745
0.0376888	0.0134711	0.0390848
0.0201009	0.0129682	0.0372175
0.0469741	0.0123397	0.039872
0.043722	0.0119394	0.0399714
0.0158178	0.0140014	0.0365308
0.0473275	0.00910111	0.0402604
0.0233725	0.013717	0.0374701
0.0175228	0.0165014	0.0367142
0.0227412	0.0137876	0.0376363
0.0378014	0.016942	0.039224
0.0298647	0.00420355	0.0383376
0.0294352	0.00959438	0.0383415
0.0254733	0.0134034	0.0377043
0.0443946	0.00348865	0.0399594
0.0339457	0.0131304	0.0386461
0.0417334	0.00255265	0.0396622
0.0263524	0.00502772	0.0377237
0.0250126	0.0104541	0.0376534
0.0319164	0.0127219	0.0384744
0.0323392	0.0126392	0.0385747
0.0344371	0.0133337	0.0388148
0.0143579	0.014983	0.0365326
0.00765702	0.0168144	0.0358777
0.0266448	0.0122905	0.0379554
0.0388522	0.00268141	0.0390006
0.0228369	0.0100209	0.0373702
0.018471	0.00906382	0.0369368
0.035036	0.0152078	0.0387641
0.0371167	0.0117501	0.0390429
0.0327034	0.0127291	0.0384321
0.022588	0.0101757	0.0373706
0.0394871	0.00555928	0.0393968
0.0364195	0.00893444	0.0391447
0.0342478	0.0146328	0.0387881
0.0416919	0.0153557	0.0395814
0.027541	0.0137866	0.03793
0.0226819	0.0120078	0.0374656
0.0246509	0.00806059	0.0375693
0.0330016	0.00946394	0.0384777
0.0394151	0.0112616	0.0393106
0.0276727	0.0112421	0.0381478
0.0363279	0.005808	0.0390316
0.0238061	0.0123458	0.0375085
0.0204031	0.0119666	0.0372222
0.0262798	0.00843439	0.0377666
0.0394465	0.00356211	0.0392398
0.031112	0.0151846	0.0383465
0.0247449	0.00489746	0.0375601
0.0198781	0.00292039	0.0372453
0.0242594	0.0102656	0.037563
0.029689	0.0139303	0.0382229
0.0430585	0.00251722	0.0398064
0.0418651	0.0103858	0.0394597
0.0451406	0.0109284	0.0399745
0.0277029	0.007618	0.0381492
0.0428728	0.014241	0.0396796
0.0220578	0.00747934	0.037367
0.01614	0.00823756	0.0365568
0.0207859	0.0124987	0.0373063
0.0274683	0.0137574	0.0379562
0.0436502	0.00734644	0.0398588
0.0234184	0.00626564	0.037372
0.0311275	0.0025329	0.03847
0.0230757	0.0136677	0.0376722
0.0411708	0.0051049	0.039594
0.0377526	0.0159142	0.0390452
0.0165617	0.0121444	0.0368123
0.0154631	0.00675337	0.0366128
0.036855	0.00439084	0.0389677
0.0305289	0.0135385	0.0382135
0.0225344	0.00737895	0.0376098
0.0359899	0.00137255	0.0388639
0.0305947	0.0146081	0.0383678
0.0160646	0.0142338	0.0368132
0.0422223	0.0168499	0.0395159
0.0138867	0.00497615	0.0364684
0.0270301	0.0113611	0.0378725
0.0126222	0.0095647	0.0364056
0.034018	0.00699053	0.038774
0.0383331	0.015068	0.0391178
0.0086567	0.0089457	0.035981
0.0267697	0.0149696	0.0377899
0.0358199	0.0034038	0.0388943
0.0106768	0.00940288	0.0360232
0.0268879	0.013399	0.0379243
0.027818	0.00134009	0.0378292
0.0344402	0.0118644	0.0386714
0.0342483	0.00856989	0.038647
0.0259038	0.00828363	0.0378074
0.0369707	0.00769754	0.0389345
0.0359496	0.0137849	0.038927
0.0202233	0.0166931	0.0372895
0.0215587	0.00628806	0.0373278
0.0402434	0.0103405	0.0393494
0.0217142	0.0192764	0.0374053
0.0354715	0.0135964	0.0389182
0.0307556	0.0160545	0.0382366
0.00901353	0.0124667	0.0360111
0.0341796	0.013984	0.0386889
0.0407773	0.0157356	0.039541
0.0248468	0.0133637	0.0377431
0.0339994	0.00979451	0.0387005
0.0367031	0.011425	0.0390154
0.0252435	0.00771286	0.0378137
0.0259711	0.00843863	0.0378896
0.0274782	0.00707283	0.0379075
0.0235438	0.0122665	0.0375082
0.0324468	0.0140398	0.0384847
0.0270178	0.00993134	0.0378599
0.0328733	0.0146502	0.0386143
0.0227784	0.014244	0.037439
0.0221021	0.012698	0.0372544
0.0152887	0.00682899	0.0367216
0.0258809	0.0148534	0.0378369
0.0494837	0.00143012	0.0401971
0.0391057	0.00537698	0.039273
0.0313325	0.00664371	0.0384773
0.0406815	0.00501727	0.0392419
0.0241845	0.00744349	0.0377008
0.0262406	0.016144	0.03789
0.0392961	0.0112201	0.0391986
0.0379366	0.00238034	0.0392367
0.0249691	0.00358707	0.0375628
0.0154367	0.0126525	0.0367362
0.0222541	0.00899948	0.0375306
0.0224233	0.00492282	0.03757
0.0448279	0.00942768	0.0398099
0.0399402	0.00280347	0.0392648
0.0330222	0.00329776	0.0386743
0.0370172	0.00719631	0.0390071
0.0187555	0.00735305	0.0370757
0.0225104	0.0155248	0.0373439
0.039613	0.0124776	0.0393888
0.0411312	0.0159161	0.0394062
0.0346331	0.00748406	0.0387495
0.0418528	0.0129504	0.0396274
0.0458681	0.00104545	0.040158
0.0206092	0.00604267	0.0371287
0.0225549	0.0158883	0.0376218
0.0394974	0.0155924	0.0393681
0.0534184	0.00720211	0.040675
0.0387433	0.0140816	0.039144
0.0326381	0.00605791	0.0385369
0.0183054	0.000647069	0.0369521
0.0365407	0.0091974	0.0388419
0.0284721	0.00514069	0.038126
0.0200905	0.00278878	0.0371484
0.0319876	0.0143799	0.0384035
0.04123	0.00343047	0.0396068
0.0337364	0.0144447	0.0386302
0.0473096	0.00763553	0.0402598
0.0347517	0.0116739	0.03876
0.0367053	0.0150239	0.0390568
0.0288014	0.0115808	0.0379829
0.0479746	0.00134788	0.0404608
0.00752457	0.0134187	0.0357581
0.0359877	0.00556713	0.0388402
0.0357705	0.0114238	0.0389529
0.0233252	0.0139734	0.0375443
0.0373641	0.0117133	0.0389959
0.0465387	0.00122455	0.0400176
0.0159503	0.00413058	0.0365932
0.0294548	0.0130774	0.0382204
0.0497045	0.00507151	0.0402447
0.0256938	0.00334595	0.0379227
0.0298437	0.00876196	0.0381224
0.0277149	0.012538	0.0379344
0.040064	0.0148876	0.0391533
0.0174048	0.00900214	0.0367936
0.0187648	0.008353	0.0370668
0.0405869	0.0124745	0.0392506
0.0252945	0.00556825	0.0375777
0.021593	0.0065383	0.0373761
0.0353295	0.00971861	0.0387903
0.0230812	0.0153321	0.0375052
0.0118881	0.0142346	0.0361405
0.0117646	0.00785893	0.0363747
0.0333889	0.002542	0.0385843
0.048821	0.00535908	0.0402262
0.0329449	0.01322	0.0386384
0.026029	0.0146678	0.0377492
0.0267351	0.0124214	0.0380368
0.0262179	0.0160393	0.0378241
0.0336399	0.00606842	0.0386305
0.0247933	0.0029295	0.037649
0.0394474	0.00561329	0.0392557
0.0298369	0.0128618	0.0382988
0.0154391	0.00880633	0.0366016
0.0174461	0.0125469	0.0368891
0.0338243	0.00803506	0.0385431
0.0267825	0.00921708	0.037902
0.0148912	0.000265946	0.0362833
0.0404487	0.0133697	0.0394842
0.0369189	0.0118457	0.0390485
0.0386591	0.0115487	0.0392166
0.0464044	0.0141669	0.0400797
0.0197536	0.008862	0.0371734
0.0456316	0.00909507	0.0400755
0.0213587	0.0159555	0.0375028
0.0316966	0.0105888	0.0384476
0.0232482	0.00933537	0.0376397
0.0341663	0.015439	0.038513
0.0158971	0.0131305	0.0367593
0.0239579	0.0162936	0.0377639
0.0388651	0.0131333	0.0392363
0.0365536	0.0154634	0.038811
0.0434434	0.00996309	0.0396333
0.0347264	0.0132286	0.0387914
0.0279593	0.00991809	0.0380342
0.00822622	0.0127015	0.0359546
0.0342757	0.010835	0.038654
0.0337301	0.0156274	0.0386961
0.0393253	0.0139422	0.0394696
0.0316078	0.004052	0.0382794
0.0222822	0.0151099	0.0374008
0.0332675	0.012475	0.0385608
0.0247256	0.0140655	0.0375883
0.0289465	0.00466515	0.0381896
0.0487463	0.0078458	0.0403038
0.0216118	0.00932972	0.0371696
0.0328127	0.0142568	0.0385052
0.0119781	0.0118206	0.0360371
0.0396945	0.0127825	0.0393969
0.0413246	0.00728742	0.0395858
0.0364891	0.0122068	0.038953
0.0286136	0.0149699	0.038094
0.0508539	0.0108907	0.0405923
0.0360223	0.0102764	0.0388703
0.0410915	0.0177174	0.0396031
0.0220009	0.011446	0.0374331
0.0107258	0.0124122	0.0362168
0.0188854	0.0172139	0.0369827
0.00324316	0.0125525	0.0356771
0.0240368	0.0135404	0.037543
0.0425382	0.0103627	0.0396206
0.0143617	0.00916735	0.0365471
0.0260865	0.0138964	0.0378058
0.0253616	0.0165463	0.037736
0.0250454	0.0127616	0.037739
0.0462708	0.0127906	0.0400266
0.0263242	0.0146239	0.037738
0.00292471	0.00743086	0.035481
0.0418701	0.0151956	0.039599
0.0233849	0.00944561	0.0376575
0.0387853	0.00712716	0.0392901
0.0292609	0.0066413	0.038136
0.0278272	0.0147933	0.0379831
0.0236993	0.0102995	0.0377283
0.0437625	0.0124289	0.0397285
0.0323766	0.0110054	0.0384956
0.0271772	0.00856808	0.0379271
0.0247055	0.00974328	0.0378283
0.0100973	0.00746662	0.0360912
0.0410807	0.0167383	0.0394268
0.0273822	0.0136592	0.0379937
0.0305541	0.00711298	0.0382493
0.0359851	0.0111468	0.0388501
0.0324162	0.00243366	0.0384573
0.019474	0.00291681	0.0373
0.0164737	0.0153051	0.0367943
0.0154322	0.0167523	0.0366822
0.0304003	0.0150408	0.0382679
0.0367752	0.0144203	0.0391076
0.0288818	0.012884	0.0381936
0.0122016	0.0142455	0.036378
0.0294537	0.00881022	0.0382695
0.03882	0.0132824	0.0391846
0.0436521	0.0126386	0.039805
0.0176487	0.0116676	0.0369159
0.0363808	0.00440138	0.038883
0.038235	0.00870089	0.0391378
0.0447346	0.0140554	0.0398949
0.0421128	0.00103888	0.0397083
0.0426728	0.00814508	0.0396983
0.0400727	0.0119761	0.0392984
0.0490897	0.00402516	0.0402094
0.0368035	0.0134899	0.0390727
0.0196878	0.00805319	0.0370028
0.0353114	0.0106804	0.039015
0.0214116	0.0154143	0.0371576
0.0337709	0.0107302	0.0386343
0.0279231	0.00887691	0.0380179
0.0384532	0.0143553	0.039141
0.0330306	0.0130466	0.0386616
0.0246738	0.00600891	0.0376838
0.0302112	0.0137524	0.0382399
0.0270557	0.0115103	0.0380003
0.0314591	0.0123172	0.0384262
0.0329261	0.0145233	0.0384518
0.0364787	0.00693353	0.039012
0.0440235	0.00397209	0.0395911
0.0494393	0.0131612	0.0403161
0.0200956	0.00998038	0.0371882
0.0309479	0.0104393	0.0383519
0.0157631	0.0133708	0.0367509
0.0401078	0.000664312	0.0395414
0.0317992	0.0102481	0.0384107
0.0183409	0.00928874	0.0370224
0.024833	0.0158424	0.0377731
0.0266646	0.009682	0.0378201
0.0295903	0.0138548	0.0382751
0.0419262	0.0142238	0.039623
0.020808	0.00883991	0.0373298
0.0253058	0.0121291	0.0377628
0.0322801	0.0120908	0.0384053
0.0174207	0.0142534	0.0368051
0.0285339	0.0155035	0.0381566
0.028129	0.0131155	0.0379014
0.0323224	0.0109034	0.0383727
0.0442344	0.0132665	0.0398366
0.0402435	0.0139687	0.039177
0.0318049	0.0116969	0.0383645
0.0274597	0.00977046	0.0379059
0.0191207	0.00622935	0.0370045
0.0269841	0.0117146	0.0377967
0.036131	0.015563	0.0389939
0.0232563	0.0148537	0.037583
0.0467424	0.00610785	0.0400516
0.0227673	0.00871103	0.0375416
0.0334629	0.00662839	0.0385433
0.02072	0.0133874	0.0372908
0.0246218	0.0109772	0.0375184
0.0412467	0.00116397	0.0392708
0.0232316	0.00977632	0.0374513
0.0300601	0.0114876	0.0383702
0.0405987	0.00708738	0.0394947
0.018746	0.00917006	0.0368854
0.0353871	0.0126191	0.0388235
0.0128185	0.0158517	0.0363566
0.0155478	0.0101433	0.0365542
0.0290259	0.0147396	0.0380846
0.0291856	0.0135649	0.038133
0.0256977	0.00759831	0.0377714
0.0301323	0.0116823	0.0382479
0.0363077	0.00291791	0.0388804
0.0251603	0.0130473	0.0378622
0.0198262	0.000574472	0.0371096
0.0273316	0.00723333	0.0379679
0.040418	0.00463883	0.0393577
0.046759	0.0153751	0.0398652
0.0278601	0.0163762	0.038076
0.0316578	0.0142477	0.0383669
0.0196071	0.0097873	0.0370236
0.0167795	0.0103913	0.0366773
0.0463944	0.00628655	0.0399337
0.0284137	0.0129136	0.0380967
0.0281689	0.0132431	0.038071
0.026943	0.0174873	0.0378258
0.040086	0.00728584	0.0394463
0.0129153	0.00454279	0.0364868
0.0272012	0.0132036	0.0378628
0.037848	0.0151532	0.039169
0.0104283	0.00748279	0.0360676
0.0145033	0.00477816	0.0366468
0.0131107	0.00897767	0.0362168
0.053165	0.00942022	0.0408462
0.0123749	0.0105815	0.0362346
0.0280457	0.0157596	0.0379971
0.0320185	0.0128457	0.0386431
0.0307706	0.00400863	0.0383149
0.0276579	0.0083565	0.037962
0.0368885	0.00381678	0.0391258
0.0419353	0.00638733	0.0396626
0.0493186	0.00174684	0.040429
0.0537114	0.0134416	0.0406243
0.0247659	0.0132106	0.0376502
0.00629206	0.00657852	0.0353754
0.038899	0.00494231	0.0392746
0.0146468	0.0143471	0.0366428
0.0307938	0.00709774	0.0382774
0.0275194	0.00267173	0.0378546
0.0266269	0.0101714	0.0378568
0.0228822	0.00435402	0.0376396
0.0164654	0.010221	0.0366375
0.0267632	0.0121232	0.0377731
0.0295136	0.0116973	0.0381677
0.0347836	0.0023285	0.0388489
0.0155638	0.0150472	0.0365202
0.0332298	0.0142521	0.038431
0.0483167	0.0102737	0.040336
0.0164046	0.01692	0.0370039
0.0224598	0.0142176	0.0372979
0.0156408	0.00790321	0.0366321
0.00150992	0.00921794	0.0352341
0.0392922	0.0083598	0.0392031
0.0250622	0.0174606	0.0376654
0.0322687	0.00710788	0.0384892
0.0276936	0.0117738	0.0380697
0.0232678	0.0119613	0.0374554
0.0457076	0.00981396	0.0402035
0.0254045	0.0133236	0.0377137
0.030199	0.0135334	0.0383408
0.0355839	0.0100979	0.0387969
0.03238	0.00982012	0.0385992
0.02471	0.0102193	0.0376475
0.0451696	0.00146018	0.0400748
0.0270257	0.00143673	0.0380773
