0.0294412	0.0130184	0.171167
0.0289119	0.00993002	0.196635
0.0294001	0.00790332	0.124936
0.0287034	0.0114191	0.187689
0.0334198	0.00914941	0.111363
0.0330222	0.00991766	0.191005
0.0319452	0.0127298	0.20865
0.0323908	0.0122902	0.16816
0.0355953	0.00730568	0.0898738
0.0331355	0.0112007	0.167442
0.0286178	0.00768839	0.163297
0.0305198	0.00743302	0.111454
0.0270541	0.0127091	0.168933
0.0347789	0.0101097	0.137563
0.0324851	0.0100466	0.183138
0.0258796	0.00981994	0.121263
0.0287713	0.00874372	0.0876454
0.0291893	0.00973699	0.205471
0.0334841	0.0117812	0.168264
0.0319579	0.0106436	0.194483
0.0284544	0.0102488	0.113962
0.0330484	0.0121458	0.260961
0.0306313	0.0119678	0.132076
0.0247927	0.0079764	0.192814
0.024386	0.0102673	0.133076
0.0362186	0.0109626	0.168137
0.029833	0.0104159	0.192251
0.030632	0.0133822	0.170935
0.0291702	0.0114958	0.159509
0.0288284	0.0100557	0.192177
0.0297253	0.00827993	0.190432
0.0304225	0.00863782	0.12398
0.0315396	0.00979496	0.113173
0.0306521	0.0114874	0.107103
0.0256221	0.0109493	0.0963831
0.0328282	0.00977419	0.130796
0.0337915	0.00980129	0.123588
0.0322813	0.00984664	0.165289
0.0273831	0.0109077	0.124191
0.0291616	0.00660688	0.12618
0.0306975	0.0123825	0.160539
0.0300285	0.0100375	0.228161
0.0369083	0.012138	0.168574
0.03083	0.00785185	0.157705
0.0296277	0.0069599	0.191475
0.0383103	0.0119827	0.082447
0.0339957	0.00652617	0.186395
0.0275795	0.0116113	0.110777
0.0289088	0.0119856	0.163588
0.0278363	0.0100554	0.205067
0.027954	0.00797451	0.119619
0.0305617	0.00823263	0.130245
0.0288904	0.0113945	0.23786
0.0218877	0.0103222	0.17484
0.0317725	0.0120273	0.0966929
0.0329589	0.00828778	0.170338
0.0366616	0.00574425	0.0744614
0.0317198	0.0115456	0.168053
0.0338498	0.0129294	0.170017
0.0308848	0.00861432	0.116932
0.0301619	0.0092761	0.126264
0.0332213	0.00752126	0.117757
0.0333644	0.00963202	0.191672
0.0308012	0.0076227	0.166859
0.0331096	0.0118626	0.202798
0.0324731	0.0128045	0.0883686
0.0322129	0.0133176	0.0988319
0.029707	0.00642846	0.123242
0.0340028	0.0103663	0.103069
0.0339378	0.0131547	0.190014
0.0397185	0.00624365	0.0694275
0.0326012	0.0104255	0.105508
0.0298044	0.0129486	0.132232
0.0273435	0.0104281	0.170424
0.0326926	0.00896701	0.113596
0.0332295	0.014858	0.177363
0.0296345	0.00729915	0.165882
0.0341171	0.0128952	0.138328
0.0269833	0.0127026	0.103247
0.0338346	0.0128465	0.213485
0.0337955	0.00939792	0.18829
0.0295946	0.0116777	0.157145
0.0326424	0.00971613	0.128581
0.030552	0.0117591	0.195146
0.0304392	0.0102841	0.112806
0.0329756	0.00513865	0.126904
0.0314705	0.0112932	0.102567
0.0291797	0.00955736	0.120925
0.0268168	0.0110465	0.163973
0.0282998	0.00942958	0.140706
0.037098	0.0101683	0.141044
0.0289113	0.0107025	0.22925
0.0299253	0.0097345	0.138057
0.0250661	0.00865099	0.192732
0.030904	0.0111693	0.147122
0.0279601	0.00711839	0.144345
0.0319404	0.00804792	0.187927
0.0350758	0.0076858	0.0997303
0.0281824	0.00998358	0.123075
0.0321735	0.0109874	0.143431
0.0300102	0.01074	0.169643
0.0367592	0.0102769	0.0964159
0.02996	0.00996798	0.140462
0.0369991	0.0062813	0.160619
0.0328515	0.0108958	0.103394
0.0329727	0.0108445	0.103327
0.0281534	0.00940154	0.122119
0.0307964	0.00888868	0.173278
0.0348612	0.0108749	0.137384
0.0265977	0.0107124	0.159681
0.0327508	0.00926343	0.164274
0.0315009	0.00589006	0.124532
0.0232115	0.011213	0.117753
0.0233056	0.0119306	0.184863
0.0318813	0.0125559	0.169296
0.0289828	0.0124	0.130424
0.0334818	0.0126765	0.21472
0.0300628	0.00800783	0.120245
0.0325746	0.00836311	0.0847212
0.0238086	0.0107383	0.162535
0.0254124	0.00979428	0.0899338
0.0246485	0.00832526	0.125492
0.0324317	0.00886954	0.0843507
0.0278359	0.0116939	0.109885
0.0292373	0.0109041	0.16949
0.0271461	0.00896824	0.0898454
0.0355352	0.0136872	0.233261
0.0291153	0.00826864	0.167796
0.0336748	0.00452691	0.16178
0.024025	0.00955306	0.189727
0.0336956	0.0108876	0.101064
0.0325564	0.0117378	0.149361
0.0293023	0.0126892	0.169472
0.038155	0.0090644	0.166853
0.0344475	0.00986047	0.135054
0.0247397	0.0123215	0.171093
0.0331133	0.0145095	0.139085
0.0286655	0.00684876	0.163475
0.0354709	0.0114182	0.0914464
0.0370375	0.00696146	0.190058
0.0323346	0.0102601	0.18777
0.0292014	0.0116864	0.107865
0.0305165	0.00458758	0.16079
0.029485	0.0112347	0.108857
0.0343299	0.0113816	0.211681
0.0287379	0.00852115	0.159166
0.0287916	0.0103067	0.11768
0.0339095	0.0129756	0.218289
0.027402	0.0107509	0.119484
0.0330844	0.0104727	0.195089
0.0320775	0.0119625	0.135243
0.0299123	0.0107828	0.188507
0.031931	0.00692054	0.12168
0.0343056	0.0108093	0.135444
0.0295037	0.0124884	0.0993595
0.0360907	0.00804006	0.112443
0.0297029	0.0083818	0.123837
0.0269658	0.00916841	0.156875
0.0282672	0.0121586	0.127057
0.0303619	0.00973657	0.126005
0.0289767	0.0106899	0.112295
0.0281053	0.00916147	0.189082
0.0380128	0.0103156	0.204795
0.0288913	0.00909969	0.221267
0.0322948	0.00781255	0.163249
0.0272849	0.0112887	0.162295
0.0319757	0.00857674	0.122013
0.0263435	0.0100505	0.12157
0.0348054	0.0109922	0.138382
0.0285023	0.0134273	0.102676
0.0355211	0.0118081	0.140512
0.0334874	0.0128448	0.0988116
0.025952	0.00802274	0.135497
0.038125	0.00810958	0.140651
0.0232946	0.0106384	0.160467
0.0285812	0.00940355	0.139745
0.0262947	0.00942639	0.159889
0.0277899	0.0130945	0.104806
0.0373568	0.00823155	0.0792486
0.0303517	0.0107585	0.185101
0.032111	0.0110047	0.196585
0.0312721	0.0109795	0.146392
0.0308678	0.01094	0.108562
0.0312103	0.00968983	0.112948
0.0326594	0.0127086	0.100383
0.0330802	0.00832597	0.112285
0.0286018	0.011143	0.127222
0.0334707	0.0106522	0.135247
0.0332145	0.0128313	0.0865103
0.0252036	0.00804964	0.167368
0.0277765	0.00797411	0.133914
0.0307598	0.0105778	0.188739
0.0267077	0.0138168	0.172179
0.0321864	0.0108457	0.140125
0.0305329	0.0116332	0.153002
0.0361817	0.00756972	0.132881
0.030124	0.00834991	0.167199
0.0335872	0.0108997	0.134391
0.0275763	0.0133024	0.190817
0.032564	0.00869594	0.173999
0.033824	0.0113303	0.191434
0.030379	0.00939756	0.189302
0.0236678	0.0101261	0.168306
0.0295022	0.00980389	0.173726
0.0339495	0.00777755	0.123066
0.0367086	0.00828661	0.113509
0.0251813	0.00817852	0.139993
0.0300434	0.00930159	0.115094
0.030482	0.0120652	0.160711
0.027286	0.00680966	0.145022
0.0327367	0.0101006	0.166438
0.0269662	0.011599	0.190982
0.0255627	0.0112728	0.0984348
0.0306951	0.00825179	0.165902
0.0264676	0.0103362	0.167914
0.0285029	0.0124736	0.103684
0.0276661	0.0105623	0.168909
0.0303158	0.0109902	0.109323
0.0264916	0.00915955	0.120323
0.0375513	0.00972085	0.166732
0.029969	0.011892	0.13075
0.029714	0.0102716	0.205879
0.0331401	0.00632737	0.125353
0.0318246	0.0125883	0.0970385
0.0355936	0.00863854	0.184696
0.029908	0.0121181	0.130178
0.0313866	0.0102087	0.181678
0.0317122	0.00828706	0.0960071
0.0316206	0.00992934	0.187312
0.0342381	0.00849045	0.131034
0.0317223	0.012924	0.208747
0.0334817	0.010414	0.168919
0.0338827	0.014671	0.0732133
0.0278994	0.00974759	0.188616
0.031605	0.0125039	0.13548
0.0337324	0.00787626	0.217586
0.0260133	0.0114709	0.16923
0.0281714	0.007241	0.121437
0.0297149	0.00858105	0.128368
0.0322323	0.00728799	0.127054
0.0309465	0.0102558	0.169366
0.0281113	0.0108689	0.168439
0.027564	0.0120181	0.170765
0.0264353	0.00905233	0.143583
0.0323202	0.0120067	0.170139
0.0262231	0.00882835	0.151363
0.0244335	0.00802842	0.139234
0.0327963	0.0104664	0.192206
0.030143	0.00669994	0.124391
0.0386695	0.0139907	0.148843
0.0305433	0.0105477	0.0953272
0.0212239	0.0102943	0.113854
0.0294163	0.00987342	0.174662
0.0332445	0.00856231	0.166071
0.0290242	0.010883	0.187086
0.0306069	0.0120126	0.0970008
0.0333138	0.00767586	0.189338
0.0313347	0.011232	0.193534
0.0378979	0.00380493	0.130411
0.0261261	0.00878366	0.133266
0.0271931	0.010196	0.151573
0.0328513	0.0106265	0.0894328
0.0280384	0.00858072	0.200751
0.0317982	0.0130838	0.163238
0.028869	0.0129655	0.104284
0.0247002	0.00703136	0.210716
0.0333546	0.00871833	0.166816
0.0289367	0.0116303	0.107602
0.0358656	0.0119052	0.0896025
0.0331444	0.0111959	0.224204
0.0286846	0.0116755	0.162606
0.0297403	0.0100364	0.169325
0.0259212	0.0102362	0.166441
0.0329841	0.00868322	0.116836
0.0346783	0.011344	0.100122
0.0287792	0.0136612	0.181771
0.0263891	0.00944187	0.1895
0.0298569	0.0102298	0.178365
0.0267812	0.0117571	0.16886
0.0262031	0.00856191	0.139391
0.036603	0.0119676	0.141246
0.0274532	0.0110599	0.21726
0.0285301	0.00866274	0.133885
0.0299032	0.0100895	0.179598
0.0246809	0.0123727	0.122985
0.0320602	0.00984291	0.130571
0.0230339	0.00848724	0.112182
0.0283547	0.00645344	0.148425
0.0354297	0.0100257	0.164556
0.0267331	0.00877416	0.121723
0.0279683	0.00790659	0.122776
0.0263781	0.00944993	0.168014
0.032381	0.0121694	0.0955767
0.0226592	0.010205	0.179037
0.0293908	0.0108137	0.0944557
0.0296042	0.00767318	0.155245
0.0348545	0.00628919	0.162449
0.0340588	0.0139358	0.0762558
0.0293706	0.0105598	0.111828
0.0272604	0.0100354	0.116193
0.0332838	0.00858384	0.164581
0.0285422	0.0130548	0.168209
0.0314842	0.0121185	0.133757
0.0273421	0.0119337	0.185056
0.0244543	0.0103189	0.167525
0.0325052	0.0115205	0.1904
0.0325246	0.010235	0.133482
0.022867	0.0115292	0.117994
0.0343176	0.00818025	0.107175
0.0315338	0.0121326	0.202492
0.0296954	0.00810248	0.205193
0.0266994	0.00687538	0.189743
0.0286512	0.0104927	0.120041
0.0315073	0.0127355	0.13567
0.0312368	0.0118057	0.154505
0.0354934	0.00999792	0.121044
0.0307827	0.00834359	0.165404
0.0293577	0.011787	0.0983062
0.0295336	0.0117497	0.170429
0.029902	0.0111817	0.127446
0.0250057	0.0116634	0.189778
0.0305693	0.0101881	0.167212
0.0289128	0.00599521	0.166021
0.0311176	0.0109684	0.106504
0.0245888	0.00858199	0.216212
0.0312398	0.00950362	0.190892
0.0281133	0.0104038	0.190557
0.0252232	0.00951144	0.120716
0.0292841	0.0069872	0.165517
0.0241281	0.00981016	0.135849
0.0300317	0.0102877	0.117407
0.030163	0.00427065	0.163923
0.0273901	0.00926463	0.16236
0.0305021	0.0108103	0.130643
0.0278047	0.00969414	0.167203
0.0289719	0.0106852	0.228812
0.0300844	0.00337113	0.246964
0.0247408	0.0123941	0.169394
0.0269768	0.0118683	0.0985628
0.028455	0.00767656	0.123133
0.0357599	0.0103585	0.186304
0.0279031	0.00986132	0.103352
0.0232971	0.00564084	0.122828
0.0286977	0.00769776	0.122551
0.0235176	0.0104616	0.119921
0.0343623	0.00741733	0.13178
0.0299228	0.00349974	0.118977
0.0305591	0.00988471	0.112775
0.0248348	0.00991827	0.117729
0.0309447	0.0128277	0.166226
0.0319833	0.0101737	0.135959
0.0249972	0.00769016	0.215823
0.0313473	0.00644358	0.123436
0.0276943	0.00996581	0.147532
0.0324552	0.011176	0.193531
0.0282103	0.0111861	0.126336
0.0295146	0.00734943	0.123331
0.0338146	0.00796363	0.163825
0.0268571	0.0110304	0.11326
0.0308651	0.00645381	0.165428
0.0256614	0.00989327	0.0856092
0.025653	0.00959283	0.0932927
0.0330698	0.00858015	0.113812
0.0338254	0.0115606	0.137193
0.0279098	0.010734	0.156817
0.0299339	0.0117912	0.170245
0.024801	0.0147367	0.103119
0.0279879	0.00840724	0.166295
0.0291271	0.0095398	0.120784
0.0234706	0.0129112	0.110789
0.024898	0.0111015	0.121509
0.0360557	0.00590132	0.133452
0.0265842	0.0122976	0.181141
0.0309745	0.0101679	0.112512
0.0254075	0.0105922	0.165343
0.0289376	0.00915824	0.188575
0.0272354	0.0121918	0.109149
0.0294583	0.00905706	0.164296
0.0323167	0.0113626	0.169984
0.0289006	0.0136182	0.244826
0.0278791	0.0100003	0.167085
0.0306595	0.00675518	0.13686
0.0238309	0.00863046	0.18936
0.030836	0.00978863	0.165783
0.0330973	0.0134674	0.0818853
0.0267579	0.0100767	0.198142
0.0300179	0.00770623	0.165393
0.0336529	0.0131462	0.170188
0.0220146	0.00630749	0.167427
0.0388986	0.00856105	0.104454
0.0269491	0.0111605	0.161656
0.0252945	0.0100593	0.217311
0.0198506	0.00724625	0.170273
0.0268676	0.0100694	0.168518
0.0335845	0.00628391	0.150835
0.025801	0.0133566	0.102597
0.0288155	0.0103081	0.126815
0.0299732	0.00832221	0.0894954
0.034163	0.00862575	0.223928
0.0307183	0.0120248	0.20001
0.0288112	0.00896971	0.133517
0.0273098	0.0139775	0.20913
0.0231273	0.0114035	0.118579
0.0264581	0.013382	0.0938745
0.0345134	0.00724031	0.164928
0.0260421	0.00976853	0.162194
0.0229592	0.0102185	0.156397
0.0283974	0.0103965	0.149949
0.0218578	0.0116914	0.117429
0.0295024	0.0113391	0.154244
0.0286452	0.00908059	0.127354
0.0336529	0.00603387	0.188657
0.0289772	0.0086598	0.192185
0.0266551	0.0106928	0.122361
0.0246649	0.0103925	0.119553
0.0328691	0.00768804	0.126634
0.0271651	0.0091756	0.161692
0.0358334	0.00980542	0.104382
0.030037	0.0107883	0.148476
0.0351512	0.0108167	0.227538
0.0332927	0.0133472	0.162157
0.0270593	0.00902479	0.219952
0.0327464	0.0127779	0.212102
0.033511	0.00928808	0.165538
0.0356707	0.00796168	0.186681
0.0261475	0.0101578	0.119449
0.0359507	0.00596136	0.186852
0.0283568	0.0116482	0.192766
0.0288002	0.00648469	0.08547
0.0326939	0.00653931	0.138654
0.0300222	0.00994168	0.16818
0.0355039	0.00774478	0.164252
0.0362415	0.00938241	0.16551
0.0287921	0.00918839	0.117316
0.0319037	0.0124791	0.0918993
0.0325161	0.0102083	0.191589
0.0307105	0.0109103	0.128138
0.0346177	0.00894726	0.11334
0.0287723	0.0110009	0.112155
0.0276805	0.0106223	0.122089
0.029171	0.0119789	0.0961324
0.0344412	0.0123762	0.0861971
0.0375199	0.00901017	0.10732
0.0353069	0.0116289	0.100702
0.0225974	0.00713279	0.161445
0.0303409	0.0125088	0.163746
0.0284694	0.0116464	0.190797
0.0263666	0.0125776	0.108773
0.030466	0.0116696	0.167621
0.0331859	0.0100018	0.131073
0.0327853	0.00840888	0.114876
0.0309085	0.0111533	0.189424
0.0304453	0.0104668	0.165634
0.0347627	0.0110843	0.132102
0.0288216	0.00780163	0.123483
0.0363974	0.00956513	0.16676
0.0288457	0.0116661	0.10729
0.030249	0.00531369	0.121031
0.0349881	0.00930648	0.190389
0.0361436	0.00806594	0.111932
0.0384522	0.0124668	0.0797819
0.0345946	0.00806695	0.103628
0.0334535	0.00950101	0.188449
0.036156	0.0106786	0.138675
0.0265944	0.0126804	0.189259
0.0330115	0.00865342	0.174053
0.025824	0.0106153	0.166708
0.030055	0.0104915	0.1438
0.0316253	0.00798137	0.127963
0.0313606	0.0104676	0.109562
0.0279814	0.00898665	0.164566
0.0247975	0.013019	0.106549
0.037502	0.0108802	0.0963728
0.034683	0.00804352	0.174289
0.0327125	0.0104632	0.135901
0.0285483	0.0117886	0.128308
0.0307786	0.0116803	0.155378
0.0290973	0.0105473	0.168474
0.0368674	0.00937066	0.106489
0.0257737	0.00770219	0.126727
0.0275615	0.00958197	0.121962
0.0301034	0.00982513	0.225346
0.0265629	0.0140505	0.191786
0.0312318	0.00965778	0.191006
0.0342983	0.00789808	0.12284
0.0281892	0.0104939	0.228747
0.0355356	0.00874877	0.107635
0.0239907	0.0101475	0.170567
0.0297254	0.0101666	0.113057
0.0247305	0.00922957	0.167606
0.0334346	0.0121372	0.101238
0.0307147	0.00786926	0.119353
0.0321962	0.00811922	0.190871
0.0298464	0.00680288	0.217163
0.0283955	0.0117804	0.201892
0.0280529	0.00719694	0.119291
0.0296191	0.0111869	0.170517
0.0315542	0.0107343	0.129379
0.0355029	0.0102488	0.235661
0.0239207	0.0122511	0.193189
0.0273826	0.0111525	0.168665
0.0324699	0.00812498	0.111234
0.0301145	0.0121344	0.241385
0.0291344	0.0073711	0.116398
0.0319026	0.00698235	0.152702
0.0330882	0.00588561	0.141071
0.0280918	0.00888117	0.0904654
0.033449	0.00900052	0.179507
0.0296037	0.0108179	0.166287
0.0323927	0.00945659	0.0859376
0.0300279	0.0109036	0.168998
0.0305748	0.00963884	0.135069
0.0256236	0.0105886	0.124727
0.0262896	0.0104625	0.189436
0.0282658	0.0147374	0.173785
0.0365846	0.00867289	0.110537
0.0298057	0.0133554	0.172794
0.0267907	0.00895639	0.142901
0.0311773	0.00829646	0.117891
0.0293937	0.00516505	0.126254
0.0334459	0.0112656	0.140588
0.0332661	0.00796134	0.172603
0.0297788	0.0110674	0.153283
0.0256108	0.00765936	0.133512
0.0324475	0.00964279	0.112117
0.0258538	0.00896023	0.15192
0.0308998	0.011634	0.152445
0.0265221	0.00622696	0.131074
0.0285809	0.00809244	0.209609
0.0319962	0.00849657	0.123633
0.0281533	0.0098899	0.147108
0.0320144	0.00974175	0.111461
0.0281082	0.0136784	0.210017
0.0345735	0.0129637	0.137514
0.0317689	0.00871525	0.122428
0.030513	0.0091697	0.169965
0.0272568	0.00828678	0.132108
0.0401368	0.00710107	0.110374
0.0289047	0.0127283	0.129497
0.0374577	0.00950744	0.105502
0.0265217	0.0124042	0.189561
0.0315423	0.00900055	0.170964
0.0300425	0.00734692	0.122541
0.0239946	0.0110378	0.117011
0.0229163	0.00996698	0.192494
0.0305279	0.00978124	0.223311
0.0293409	0.00836704	0.190502
0.0306704	0.00595394	0.213528
0.0302421	0.00988288	0.128922
0.0315144	0.0139213	0.217597
0.0297876	0.00915988	0.134475
0.0308275	0.00927355	0.20401
0.0313906	0.00868905	0.122413
0.0243126	0.0115901	0.177598
0.031294	0.0119167	0.100534
0.0298243	0.00602185	0.121163
0.0300645	0.00389781	0.134739
0.0339859	0.00861094	0.113035
0.0308149	0.0102451	0.13054
0.0334211	0.00629296	0.162983
0.026677	0.00977534	0.167697
0.0316068	0.0101108	0.129083
0.0287015	0.0132334	0.172551
0.0251806	0.0118848	0.112638
0.0330522	0.0133784	0.13668
0.0307409	0.0114529	0.153711
0.0265253	0.0115224	0.190636
0.0314096	0.0105744	0.169226
0.0397226	0.00565326	0.0609315
0.0313263	0.0134699	0.196392
0.0258792	0.0117539	0.111043
0.0308384	0.00957102	0.165098
0.0349141	0.0090664	0.0822127
0.0352887	0.00885751	0.133605
0.0324708	0.0115124	0.0982477
0.0325708	0.00844006	0.114861
0.0283207	0.0071329	0.124928
0.0338185	0.00818008	0.187012
0.0337334	0.00933955	0.190843
0.0303591	0.0089293	0.187233
0.0307357	0.00737086	0.112123
0.0278253	0.00954026	0.167764
0.0357255	0.0104817	0.136683
0.033343	0.0100997	0.167064
0.0292092	0.00982021	0.142643
0.0277404	0.0112577	0.168099
0.0281269	0.00990572	0.192053
0.0301945	0.00711079	0.140186
0.0242732	0.00731504	0.145464
0.0329413	0.01037	0.134083
0.034664	0.0112476	0.103086
0.0353611	0.00945077	0.193964
0.0273964	0.0105871	0.114382
0.0324691	0.0129367	0.0880701
0.0270266	0.00948672	0.219925
0.032098	0.0109467	0.104365
0.0260603	0.00780645	0.0877857
0.0290318	0.0113782	0.157021
0.0241864	0.00976838	0.170409
0.0309197	0.0134838	0.0886212
0.0276653	0.0058934	0.204608
0.0345969	0.00949041	0.117329
0.0319592	0.00815157	0.222301
0.0315526	0.00996541	0.191976
0.0226291	0.0114415	0.182299
0.0350851	0.0115926	0.168289
0.0242305	0.00636564	0.111719
0.0321947	0.0126741	0.100575
0.036089	0.00730121	0.18971
0.0344877	0.0135667	0.0954417
0.0338536	0.0125754	0.153262
0.0282959	0.0110886	0.114988
0.0256965	0.00959378	0.187621
0.0353408	0.00830843	0.11618
0.0270666	0.00879835	0.189855
0.0211628	0.0101987	0.112378
0.0320533	0.010424	0.185827
0.03119	0.0123418	0.0957887
0.0234493	0.0116375	0.174009
0.0353574	0.00909638	0.190862
0.0355772	0.00845581	0.166593
0.0309421	0.0119678	0.158109
0.0308479	0.0117362	0.198525
0.0264261	0.00982435	0.168019
0.0327714	0.0107231	0.168434
0.0323715	0.00891978	0.113645
0.0298617	0.00972679	0.228592
0.0284665	0.00984688	0.194297
0.0315478	0.00925612	0.190609
0.0306391	0.0126524	0.133267
0.0296122	0.0121997	0.101935
0.0327219	0.0107017	0.131923
0.0273985	0.0122211	0.124808
0.0320609	0.0106463	0.190848
0.0249232	0.00875967	0.188742
0.0253739	0.00657189	0.208803
0.0305343	0.00948509	0.114097
0.0276218	0.00673111	0.119687
0.0347468	0.0127035	0.0840828
0.0319616	0.00662921	0.126341
0.0277756	0.0123139	0.109437
0.0337683	0.00926947	0.118741
0.0303888	0.00568249	0.165187
0.0284981	0.00881803	0.166077
0.0209344	0.0107624	0.172667
0.0373856	0.00878689	0.164051
0.0290196	0.00920497	0.189375
0.0241524	0.0101714	0.159414
0.03296	0.00999053	0.185961
0.0278174	0.00858432	0.135491
0.0328369	0.0124974	0.0912353
0.0266893	0.0131779	0.112573
0.0327763	0.00870757	0.117669
0.0329256	0.00876518	0.164528
0.0332208	0.0100019	0.127236
0.0297235	0.00911229	0.126872
0.0277177	0.00982126	0.147118
0.027538	0.00534981	0.153309
0.0267833	0.0095375	0.159497
0.0316629	0.0124538	0.0951945
0.0301037	0.00910676	0.0874747
0.0331883	0.0106157	0.131754
0.0324712	0.0112695	0.168958
0.0265716	0.0123441	0.171013
0.027441	0.013248	0.2001
0.027315	0.0122688	0.108331
0.0325319	0.0111476	0.193924
0.0312398	0.011252	0.106807
0.0329359	0.0134666	0.136087
0.0330872	0.00785436	0.165711
0.0294564	0.0106347	0.112691
0.0317378	0.0101809	0.110469
0.0226348	0.00543573	0.124395
0.0312523	0.0126081	0.168804
0.0328503	0.0120437	0.133587
0.0371661	0.0129573	0.228304
0.0373738	0.0124095	0.169042
0.028909	0.0091662	0.16751
0.0286723	0.00843523	0.131274
0.0333826	0.00945102	0.11338
0.0289281	0.0097683	0.118363
0.0266791	0.0120051	0.110252
0.0276664	0.0086192	0.12154
0.0315593	0.0102987	0.191394
0.0291939	0.0103415	0.148066
0.0380923	0.0123894	0.142768
0.0296982	0.00936491	0.115946
0.0339414	0.00935993	0.109501
0.0252725	0.00687696	0.115149
0.0301718	0.0111789	0.170039
0.0243364	0.00849987	0.139298
0.0272829	0.0129839	0.178405
0.0257393	0.0115038	0.177111
0.0254608	0.0117341	0.17179
0.0292276	0.0132351	0.173772
0.031239	0.0120526	0.0972572
0.0291861	0.0128622	0.171504
0.0242386	0.00683048	0.167258
0.032735	0.0100812	0.216925
0.0234085	0.0126964	0.171278
0.0340575	0.0131898	0.170323
0.0331506	0.0109135	0.196398
0.0276046	0.0103935	0.117799
0.0353131	0.0125017	0.226071
0.0257677	0.0100831	0.15552
0.0308323	0.00864805	0.126375
0.0257728	0.0111461	0.12044
0.030132	0.0122316	0.167143
0.0182628	0.0111042	0.144692
0.0296219	0.00942069	0.168273
0.0329194	0.00994959	0.132108
0.035325	0.0111638	0.137438
0.0285377	0.0104485	0.232339
0.0369314	0.0111421	0.187724
0.031672	0.0105841	0.169098
0.0316203	0.00959547	0.167159
0.0289308	0.0112621	0.128994
0.0371507	0.00957553	0.10915
0.0204025	0.0115906	0.230156
0.0309742	0.013939	0.133584
0.0311244	0.0139139	0.175925
0.025762	0.0122124	0.179198
0.0301453	0.00976274	0.119334
0.0306939	0.0118399	0.194604
0.0312193	0.0117585	0.100736
0.0277113	0.0101854	0.192468
0.0227169	0.0116536	0.119006
0.031694	0.00910341	0.125388
0.0279308	0.00819895	0.156412
0.034658	0.00787526	0.188535
0.0298274	0.00722228	0.219743
0.0288059	0.00956046	0.115997
0.0279051	0.0117756	0.171213
0.0220346	0.0112884	0.118402
0.0331374	0.00939794	0.111528
0.0297423	0.0127835	0.171014
0.0299984	0.00870211	0.11725
0.0242423	0.0112089	0.185551
0.027854	0.00836851	0.192031
0.0302408	0.00937224	0.0938484
0.0243547	0.0121774	0.187459
0.0264692	0.012963	0.18371
0.033514	0.010961	0.189048
0.0359242	0.0133743	0.226972
0.0329435	0.00547948	0.143187
0.0341841	0.00439451	0.126249
0.0323302	0.0120598	0.0947724
0.036735	0.00562654	0.132653
0.0293817	0.011778	0.107925
0.0296385	0.00970124	0.166632
0.0275597	0.00851695	0.11977
0.0307178	0.00879584	0.166572
0.026313	0.00824548	0.136017
0.024573	0.0101521	0.192117
0.0267405	0.0100576	0.170104
0.0292324	0.0104981	0.166258
0.0314568	0.0056597	0.210552
0.0237124	0.0122763	0.171604
0.0306621	0.0134593	0.0884403
0.0275022	0.00838961	0.12191
0.0340103	0.0084855	0.166065
0.0261087	0.010034	0.232939
0.0317373	0.00718866	0.192147
0.024319	0.00869013	0.167554
0.0258622	0.0106654	0.162899
0.0301557	0.012019	0.131897
0.0340632	0.0112286	0.135113
0.0319302	0.0104397	0.212614
0.0293243	0.00972539	0.125872
0.0297278	0.0135899	0.110738
0.0326653	0.00949911	0.184544
0.0315474	0.0102476	0.0898229
0.0281374	0.00943827	0.124416
0.0253706	0.0075204	0.218717
0.0301434	0.0111159	0.105623
0.0299202	0.00618291	0.141209
0.0218061	0.00829204	0.129546
0.0259843	0.00761731	0.193026
0.0320817	0.00950707	0.111854
0.0334541	0.0102343	0.133694
0.0311388	0.0117992	0.200144
0.033587	0.0100476	0.128324
0.0336256	0.0110321	0.13672
0.0292981	0.00847163	0.190273
0.0299242	0.00699917	0.110467
0.0267298	0.0116756	0.0687305
0.0340673	0.0126103	0.099022
0.0283318	0.0122715	0.103476
0.0342781	0.00757447	0.100865
0.026294	0.00787806	0.118887
0.0245541	0.0114625	0.11521
0.0274232	0.0121331	0.106507
0.0342236	0.00999609	0.220952
0.0216391	0.00843855	0.190289
0.0311757	0.00994983	0.0894177
0.0364105	0.0109576	0.125691
0.0260506	0.00812996	0.135311
0.0333018	0.00921267	0.261344
0.029275	0.0130202	0.0983007
0.0327929	0.0126307	0.157112
0.0300242	0.0122877	0.163961
0.0291266	0.0128678	0.0975182
0.0319336	0.00694306	0.079648
0.0328419	0.00743775	0.118522
0.0323822	0.0150467	0.0731795
0.0279762	0.00920768	0.13939
0.0293587	0.00761098	0.122128
0.0299141	0.012495	0.167411
0.0301521	0.0120044	0.10134
0.0252943	0.0127323	0.188044
0.0321536	0.00867944	0.115097
0.0349836	0.00509777	0.127385
0.0364981	0.00890557	0.16689
0.0302528	0.00809175	0.126793
0.0210965	0.0106557	0.171153
0.0314874	0.00863229	0.227782
0.0250822	0.0127206	0.106143
0.025228	0.0106282	0.121267
0.0307912	0.00785602	0.157443
0.0272623	0.00832326	0.16598
0.030393	0.0132241	0.213986
0.0256766	0.0131922	0.107605
0.0308176	0.0104595	0.16601
0.0328948	0.012311	0.151396
0.0362831	0.00827279	0.18066
0.0296834	0.00795476	0.131402
0.0355202	0.0091994	0.137121
0.0299933	0.00828458	0.119439
0.0241891	0.0134946	0.172838
0.0299517	0.0105519	0.19062
0.0277836	0.0123876	0.102963
0.0283852	0.00769213	0.149441
0.0313099	0.0112796	0.129796
0.0281518	0.00754493	0.0873909
0.030572	0.0102889	0.169199
0.0350384	0.00847255	0.115962
0.0262704	0.008959	0.224465
0.0289989	0.0103892	0.112617
0.0329278	0.0071779	0.130542
0.0248403	0.0112286	0.170354
0.0322439	0.0110501	0.133853
0.0289999	0.0085235	0.128956
0.0278869	0.0120915	0.194635
0.0251168	0.0085457	0.144641
0.0212037	0.0100953	0.189786
0.0294216	0.011037	0.109838
0.0310818	0.00759979	0.159734
0.0288968	0.0113283	0.200796
0.0310243	0.00709787	0.150181
0.0366193	0.00783642	0.182187
0.0285385	0.00975316	0.12018
0.029772	0.0135321	0.17713
0.032426	0.00859891	0.164355
0.0311518	0.013077	0.165859
0.027193	0.013259	0.105063
0.0242375	0.0108786	0.192226
0.0300661	0.00902558	0.131995
0.0353541	0.00747281	0.0944713
0.0247458	0.00890675	0.192062
0.0292172	0.0103022	0.145231
0.0302337	0.0113096	0.152898
0.0324422	0.0101879	0.109375
0.0319968	0.0100968	0.107842
0.0320936	0.0129576	0.211
0.0221592	0.00883675	0.141679
0.0307083	0.0101846	0.180313
0.0312894	0.00830267	0.11872
0.0293861	0.0116932	0.168023
0.0279856	0.0106404	0.167295
0.0244196	0.0132169	0.169757
0.0294255	0.0100729	0.113785
0.0349283	0.011742	0.169459
0.026816	0.00977968	0.16735
0.0292307	0.0116765	0.159554
0.0331378	0.0128882	0.093999
0.0317622	0.00932255	0.178743
0.027857	0.00803563	0.119597
0.0380983	0.0119867	0.0805923
0.0324727	0.012974	0.137556
0.0304726	0.0101904	0.207069
0.0340461	0.0097122	0.122509
0.0310109	0.0111768	0.107294
0.0305443	0.00855843	0.12528
0.032509	0.00694811	0.101356
0.0297386	0.0111233	0.105542
0.0262334	0.00932429	0.167878
0.0297304	0.0119213	0.169137
0.0310724	0.0113319	0.166997
0.0300516	0.00676533	0.12431
0.0272511	0.0116201	0.126783
0.0308552	0.0105789	0.130666
0.0321941	0.00427154	0.120897
0.0313721	0.0112692	0.148689
0.0272814	0.00675516	0.117222
0.0246898	0.0112355	0.173191
0.0322548	0.0104076	0.235784
0.0258691	0.00806164	0.115243
0.0375563	0.0120946	0.224337
0.0289966	0.0083948	0.129085
0.0269338	0.0100854	0.168556
0.0327189	0.0108617	0.168529
0.0309538	0.00996491	0.188329
0.0336044	0.00989561	0.0862578
0.0304272	0.0102445	0.114507
0.0323896	0.0069411	0.135755
0.0272888	0.00775108	0.121054
0.0341981	0.00861086	0.186365
0.0274135	0.0129125	0.104463
0.0275076	0.0113815	0.16358
0.0287429	0.00734667	0.123942
0.0314671	0.00910826	0.12585
0.0252371	0.00918013	0.115935
0.0290523	0.00844981	0.119755
0.0353276	0.00974031	0.135328
0.0387764	0.0103159	0.0890115
0.0263014	0.0118331	0.111149
0.026117	0.00912739	0.168316
0.0356437	0.00839084	0.114566
0.0330465	0.0135151	0.171314
0.0298391	0.010198	0.189802
0.0207134	0.00775699	0.191358
0.0295068	0.00651411	0.107733
0.0275802	0.00906064	0.120703
0.0308295	0.0139266	0.135725
0.0294982	0.00999894	0.187186
0.0254329	0.0114349	0.113541
0.0278663	0.0108263	0.169629
0.0375964	0.00635137	0.125457
0.0324031	0.0123459	0.0925351
0.0343245	0.0108925	0.097924
0.0345156	0.00912025	0.191348
0.0247393	0.00984461	0.134335
0.0320497	0.00966877	0.111717
0.0346515	0.0129142	0.10477
0.0323265	0.0121896	0.102732
0.0275702	0.0127038	0.104445
0.028136	0.0089745	0.121527
0.0324951	0.00923467	0.2191
0.0300081	0.0108947	0.191973
0.0272738	0.00792396	0.130097
0.0284558	0.0111891	0.158069
0.0329375	0.00790329	0.170766
0.0345673	0.0109579	0.21643
0.0284549	0.0135786	0.182421
0.0365041	0.0111445	0.126701
0.0293069	0.00878521	0.166982
0.0368566	0.0127915	0.169735
0.0282653	0.00701006	0.203799
0.0289562	0.00783067	0.0863034
0.0265261	0.0112843	0.183073
0.0303125	0.00961794	0.100135
0.0319897	0.00936698	0.126918
0.0276156	0.01058	0.122023
0.0376572	0.00958559	0.097983
0.0322629	0.0093839	0.180643
0.0308324	0.00842791	0.121571
0.0302303	0.00685774	0.138047
0.0309796	0.0067048	0.123729
0.0236959	0.00832326	0.127288
0.0363299	0.00846016	0.0671271
0.0248343	0.0138854	0.196911
0.0345875	0.0115383	0.10172
0.0282651	0.0111744	0.202831
0.0342965	0.00883875	0.134543
0.0299641	0.012667	0.208124
0.0295173	0.0120312	0.10049
0.0304339	0.00769027	0.203434
0.0313901	0.00986312	0.183599
0.0300855	0.0108824	0.147722
0.0274222	0.0105375	0.114578
0.0282737	0.0116572	0.127211
0.0332288	0.0107549	0.13209
0.0274288	0.0114657	0.0974059
0.031013	0.00998216	0.11188
0.0319837	0.00694876	0.12758
0.0283714	0.0102879	0.148581
0.0261782	0.00391645	0.111228
0.0257192	0.0100638	0.169083
0.0284612	0.00601192	0.133449
0.0270056	0.0111339	0.185884
0.0264871	0.0072976	0.201484
0.0278381	0.00992783	0.169188
0.0292224	0.00529942	0.192111
0.0274313	0.00857726	0.190384
0.0280809	0.0112311	0.114374
0.0334586	0.0137754	0.171465
0.0313263	0.00861482	0.166386
0.0287035	0.00997125	0.190126
0.0213935	0.0110689	0.158351
0.0292256	0.0048537	0.11758
0.0292469	0.0127295	0.129827
0.0299288	0.0108433	0.231334
0.0219686	0.0105519	0.192295
0.029951	0.00947465	0.115327
0.030052	0.00863868	0.117502
0.028873	0.00726878	0.118886
0.0315301	0.0116025	0.105295
0.0288605	0.00939349	0.170558
0.0322573	0.0102461	0.188557
0.0292658	0.0104023	0.169538
0.0230523	0.00866058	0.139083
0.0322254	0.0111557	0.192038
0.0360276	0.0110331	0.205306
0.0252296	0.0122553	0.192395
0.0244842	0.0112104	0.173272
0.0363502	0.00972605	0.163534
0.030479	0.00715142	0.110426
0.0273882	0.0113948	0.182687
0.0267589	0.00959794	0.131993
0.0234747	0.00975969	0.152495
0.0356691	0.0111732	0.0913858
0.0305877	0.00956679	0.167095
0.026856	0.00578808	0.157848
0.0287114	0.0110473	0.181929
0.0327255	0.00996346	0.133341
0.0346226	0.0127958	0.15118
0.0288179	0.0105992	0.180989
0.0309661	0.00545757	0.137205
0.0294421	0.00838492	0.128676
0.0266745	0.00806245	0.16644
0.0306756	0.0120871	0.130723
0.0293927	0.00257074	0.139974
0.0256976	0.00833922	0.184777
0.0298386	0.00821811	0.130263
0.0322816	0.00854678	0.164902
0.0357199	0.00951103	0.226328
0.0251311	0.0130671	0.108451
0.0330847	0.0140445	0.0950694
0.0348269	0.00823641	0.113334
0.0278706	0.0102643	0.151096
0.0282545	0.00869084	0.132769
0.0358899	0.0102468	0.188881
0.0294125	0.00859167	0.118644
0.0300801	0.0132596	0.101873
0.0280127	0.0101522	0.120821
0.0290432	0.0084768	0.166885
0.0302851	0.00761455	0.130263
0.030754	0.0115037	0.106676
0.0334962	0.00674812	0.0950157
0.0338662	0.0111887	0.138737
0.027055	0.0101251	0.166281
0.0326177	0.00885982	0.128714
0.036169	0.0100366	0.165251
0.0288579	0.0124177	0.194149
0.0247084	0.0110235	0.119177
0.0276636	0.0106038	0.114176
0.0338732	0.00879669	0.186132
0.0293145	0.0109837	0.113824
0.0317022	0.00998365	0.133758
0.0311367	0.0119626	0.20248
0.0307814	0.0121031	0.170996
0.0284479	0.00718492	0.118045
0.0267272	0.00546915	0.164633
0.0273993	0.0122453	0.107356
0.0274813	0.0094768	0.12086
0.0337216	0.00718146	0.128758
0.0252461	0.00918264	0.136848
0.0302878	0.0107594	0.233324
0.0299692	0.0102018	0.1022
0.0346779	0.0101895	0.135354
0.0216356	0.0127944	0.11737
0.0369397	0.00570229	0.072347
0.0326508	0.010764	0.103499
0.0293547	0.0134189	0.131484
0.0325273	0.00944576	0.181478
0.0298486	0.00740215	0.123555
0.0286413	0.00802999	0.15583
0.0304922	0.00899016	0.127134
0.0342874	0.00928806	0.110383
0.0348159	0.0106372	0.138327
0.0307474	0.0139413	0.177457
0.0281852	0.00772411	0.126117
0.0302905	0.00759928	0.163426
0.0290302	0.0137976	0.0906968
0.0309917	0.0101777	0.190963
0.0272421	0.00930415	0.119004
0.028862	0.0112109	0.107186
0.0316025	0.0127623	0.163086
0.0317808	0.0106355	0.188497
0.0311641	0.00831333	0.117601
0.031162	0.0111029	0.208887
0.0348217	0.00875574	0.111235
0.0273443	0.00819007	0.139673
0.0360623	0.01149	0.139716
0.0335687	0.00980698	0.188681
0.0281619	0.00893979	0.165839
0.026358	0.0119535	0.125218
0.027394	0.0127731	0.106388
0.0386544	0.00954503	0.14361
0.0310128	0.0113985	0.103965
0.0307216	0.0103682	0.16911
0.02752	0.0104172	0.195393
0.0300671	0.00898427	0.124919
0.0272188	0.0101274	0.116259
0.0313864	0.0102181	0.138119
0.0295368	0.0111739	0.10966
0.0315315	0.0106672	0.190722
0.0313635	0.0113573	0.169976
0.0265095	0.0113541	0.112634
0.0255716	0.00735132	0.130762
0.0282567	0.00911049	0.160725
0.022346	0.0121018	0.188867
0.0357188	0.00947055	0.0953735
0.0338588	0.00987792	0.123246
0.0311232	0.0098852	0.113196
0.0343351	0.00888705	0.11232
0.0365617	0.00675054	0.189852
0.034618	0.0100648	0.137393
0.0289527	0.0129525	0.171787
0.0316836	0.0106077	0.107483
0.0265671	0.0118698	0.191353
0.0270525	0.00973092	0.150154
0.0239006	0.0116676	0.173788
0.0300925	0.00851394	0.124099
0.0313598	0.00729535	0.133436
0.0315637	0.0110636	0.168521
0.0281129	0.0137843	0.185244
0.0305288	0.00676074	0.0845745
0.0280673	0.007933	0.16552
0.0266501	0.00839011	0.123134
0.0295511	0.0108823	0.207496
0.0258039	0.0105008	0.231306
0.028935	0.0101916	0.175716
0.0316579	0.0099116	0.111419
0.0353744	0.00816971	0.135619
0.0225214	0.0120691	0.174323
0.0248595	0.00909598	0.192154
0.034537	0.0110764	0.169001
0.0255702	0.0117493	0.11221
0.0315951	0.010279	0.110034
0.0320121	0.0107784	0.0896841
0.0275276	0.0134812	0.168817
0.0263448	0.008329	0.0927106
0.0330733	0.00910647	0.175797
0.0250811	0.0105236	0.16386
0.0313046	0.00653132	0.209386
0.0332588	0.0118041	0.144466
0.0328256	0.00887766	0.129227
0.0232742	0.00973948	0.189608
0.0342973	0.00856551	0.164946
0.0309396	0.00998706	0.112011
0.0320991	0.00994335	0.114278
0.0307236	0.0121313	0.168894
0.0351904	0.0123768	0.220879
0.0332798	0.0106947	0.194151
0.0308079	0.00583439	0.126741
0.0294959	0.0086365	0.129682
0.034753	0.0133181	0.13885
0.0276044	0.00970215	0.121029
0.0292073	0.0135291	0.190552
0.0241721	0.00645728	0.164102
0.0299721	0.0103532	0.129631
0.0282911	0.00884611	0.118922
0.0241069	0.0108843	0.227213
0.0385502	0.00821132	0.108693
0.0287323	0.0113479	0.190383
0.0309364	0.0105698	0.0943873
0.0273334	0.00751141	0.137629
0.0260914	0.0110385	0.121093
0.0282609	0.00698635	0.126121
0.0318144	0.00932819	0.127457
0.0323912	0.00709257	0.134258
0.0288891	0.00716861	0.121038
0.028504	0.0115655	0.16034
0.0260869	0.0115686	0.11276
0.0331122	0.00848218	0.0951859
0.0264153	0.0119603	0.100712
0.0218289	0.0113217	0.228378
0.0288427	0.00636043	0.110039
0.0331406	0.00934783	0.130595
0.0200739	0.0121875	0.172416
0.0179269	0.00886958	0.191487
0.0227541	0.00921553	0.0969372
0.0312099	0.0124414	0.203043
0.0325874	0.00869847	0.114641
0.0312927	0.00607452	0.164709
0.0343705	0.00978983	0.186894
0.0306009	0.00671462	0.165556
0.0249242	0.0107248	0.12042
0.0302426	0.0105166	0.168591
0.0298727	0.0119585	0.10669
0.030491	0.00739925	0.0859644
0.0349698	0.00892816	0.110145
0.0269797	0.00959555	0.169566
0.0300683	0.00926854	0.121899
0.0283408	0.0107578	0.17016
0.0371399	0.0102363	0.0975999
0.0349892	0.00962742	0.135627
0.0304829	0.0113573	0.167412
0.0252394	0.010489	0.0954809
0.0318824	0.0110639	0.102654
0.0250257	0.0085445	0.144872
0.0275421	0.00994557	0.12449
0.0240402	0.0101573	0.162805
0.0291202	0.0110127	0.126425
0.0326107	0.00920613	0.0880038
0.0335211	0.0110673	0.223799
0.0307439	0.0116393	0.186956
0.024708	0.0105037	0.121821
0.0357565	0.00686296	0.167853
0.0353863	0.00967305	0.107164
0.0314195	0.00932609	0.129591
0.0344511	0.0125197	0.0989045
0.0275914	0.0109088	0.178455
0.0286222	0.0120748	0.127445
0.0276989	0.0075938	0.12403
0.0312536	0.0112557	0.130129
0.0292384	0.012415	0.192643
0.0339676	0.0109707	0.191602
0.0297446	0.0127309	0.190393
0.0291758	0.0091969	0.166247
0.0292164	0.00948993	0.137974
0.0274536	0.0119143	0.124035
0.0382548	0.00888467	0.166107
0.028589	0.0108263	0.112238
0.027922	0.00931994	0.140445
0.0315351	0.0107028	0.222794
0.0352859	0.0106032	0.136719
0.0321946	0.0128557	0.171059
0.0318896	0.0121957	0.133617
0.0322683	0.00953776	0.164678
0.0255452	0.00552104	0.134042
0.0264635	0.0112546	0.122341
0.0294596	0.0109514	0.110121
0.0336268	0.0123377	0.191025
0.0312227	0.00550513	0.122632
0.0253797	0.0109083	0.189467
0.036945	0.00897962	0.192633
0.0337869	0.0106863	0.1917
0.0312902	0.0096235	0.13082
0.0295969	0.00944833	0.168188
0.0320244	0.0102006	0.166074
0.0310169	0.00954347	0.132801
0.0302483	0.010411	0.111738
0.0234691	0.0118574	0.1216
0.0290513	0.0107277	0.126186
0.0294044	0.00925174	0.17007
0.0254747	0.0122267	0.193169
0.0309671	0.0120898	0.244253
0.0276091	0.0116182	0.168787
0.0177304	0.0097004	0.12988
0.0185188	0.0105892	0.14329
0.0302463	0.0114914	0.129596
0.0300647	0.0109753	0.109887
0.0301979	0.0126678	0.167323
0.0302992	0.0115012	0.130996
0.0317182	0.011189	0.102687
0.0307413	0.00903432	0.115182
0.0197662	0.00982643	0.177834
0.028506	0.00597251	0.0809041
0.0341505	0.0108381	0.133414
0.0311344	0.00995019	0.168775
0.0289942	0.0086014	0.131275
0.0330759	0.00627193	0.133503
0.0280444	0.00684706	0.189994
0.0350773	0.0112895	0.0953227
0.0249034	0.0101626	0.116796
0.0222469	0.00806181	0.130163
0.0238542	0.0120875	0.121229
0.028524	0.00742534	0.121372
0.0293107	0.0114545	0.156361
0.0315161	0.00963341	0.130902
0.0326507	0.0122848	0.1905
0.0312333	0.0147714	0.188896
0.0290181	0.0116997	0.128362
0.0287457	0.0114334	0.127509
0.0285438	0.0110527	0.111012
0.0300947	0.00956025	0.166978
0.0297224	0.00865428	0.128345
0.0311288	0.0123267	0.133327
0.0250349	0.0123307	0.111009
0.0290073	0.00781873	0.138125
0.0300762	0.0119545	0.167028
0.0366225	0.0110337	0.21088
0.0306264	0.00934722	0.131168
0.0312948	0.0111049	0.235103
0.0352528	0.0096389	0.107319
0.0224499	0.0107444	0.127272
0.032133	0.0110116	0.130963
0.0238387	0.0111533	0.170628
0.0267138	0.00910515	0.160337
0.027787	0.00388137	0.113114
0.0336127	0.0075094	0.117414
0.0288699	0.00973745	0.123682
0.0340377	0.0114203	0.0926464
0.0234685	0.00906695	0.13622
0.0289518	0.0132103	0.130719
0.0277082	0.00762903	0.166128
0.0325698	0.0128576	0.158522
0.0257362	0.0107931	0.171797
0.0239454	0.0108082	0.16231
0.0263697	0.00754245	0.128335
0.0300124	0.00986637	0.229517
0.0302111	0.00965781	0.16658
0.0331873	0.0093784	0.181826
0.0303737	0.00999768	0.112342
0.0385728	0.0111744	0.142156
0.0279887	0.0102681	0.168118
0.0301127	0.0106248	0.200587
0.0286879	0.0119774	0.167273
0.0279316	0.0122791	0.128811
0.0219853	0.00779693	0.157466
0.0262282	0.0101543	0.217752
0.0269591	0.0107117	0.114049
0.0335022	0.0130079	0.137358
0.025734	0.0094053	0.15459
0.0336328	0.00972989	0.186715
0.0271192	0.00820709	0.119875
0.0265687	0.0110078	0.169474
0.0294484	0.00616553	0.144972
0.0296767	0.0124615	0.275308
0.0258666	0.0094848	0.120341
0.0333344	0.0131195	0.167581
0.0323485	0.011729	0.201436
0.029409	0.00965052	0.117649
0.0256542	0.00904283	0.15266
0.0335477	0.00847021	0.112737
0.0289844	0.0102859	0.115836
0.0243692	0.0134793	0.124121
0.0272758	0.0110913	0.182669
0.0335106	0.00874335	0.190004
0.0295249	0.0112717	0.194929
0.0240896	0.0129262	0.189652
0.0301117	0.00899858	0.130078
0.0283953	0.0124821	0.194441
0.0334531	0.00890625	0.130173
0.028012	0.00967353	0.116682
0.023763	0.00827686	0.147473
0.0297941	0.0117737	0.158161
0.0389102	0.00550778	0.117639
0.0301927	0.00912808	0.190727
0.0328632	0.0137854	0.0819217
0.0346275	0.00951278	0.165454
0.0326513	0.0107225	0.138423
0.0250255	0.0128064	0.106763
0.023336	0.00971999	0.222543
0.0335178	0.00435175	0.12386
0.0248805	0.0124219	0.111408
0.0322993	0.00793383	0.126467
0.0325611	0.0104883	0.108096
0.0265452	0.0123407	0.110514
0.0327278	0.0118345	0.147863
0.0228233	0.008627	0.127097
0.0304833	0.00948646	0.128512
0.0319165	0.00988055	0.167375
0.0273729	0.0114227	0.169003
0.0314646	0.0100279	0.192079
0.0302134	0.0105121	0.143605
0.0290312	0.0113456	0.158301
0.0244836	0.0121419	0.12038
0.0242611	0.011457	0.176243
0.0311557	0.00839061	0.189423
0.0250972	0.00946761	0.117016
0.026133	0.00914056	0.135868
0.0295748	0.0082301	0.128731
0.0303663	0.0120654	0.105605
0.0308827	0.00971759	0.178715
0.0293771	0.012724	0.200564
0.0342808	0.00991985	0.107995
0.0185604	0.0116043	0.199028
0.0335694	0.0126325	0.246509
0.032747	0.0107418	0.107043
0.0266132	0.00885784	0.218802
0.0284714	0.00919924	0.167365
0.0297563	0.0121626	0.103997
0.0276781	0.0141993	0.13063
0.0270857	0.007846	0.124684
0.0201389	0.00796831	0.166112
0.0273796	0.0100644	0.190557
0.0249977	0.00856486	0.136875
0.0363976	0.0103613	0.140168
0.0265026	0.0109128	0.170227
0.0286743	0.00797216	0.19934
0.0260664	0.0137309	0.0977251
0.0386976	0.0112354	0.098807
0.0352427	0.0130391	0.0954154
0.0315131	0.00855388	0.0844447
0.0228986	0.00728866	0.166769
0.0267816	0.00927351	0.128474
0.0321376	0.00937344	0.127631
0.038115	0.00928937	0.139659
0.0277	0.0119282	0.170576
0.0325413	0.00522123	0.123523
0.0234851	0.0107716	0.17146
0.0297935	0.0108844	0.191589
0.0332809	0.00863038	0.0946891
0.0261	0.0108429	0.177106
0.0251299	0.010363	0.190795
0.0269914	0.0100397	0.125974
0.0257607	0.00899699	0.166464
0.0301444	0.00959478	0.134549
0.0316036	0.0126479	0.0990305
0.0274307	0.00542249	0.190566
0.0283292	0.00825332	0.164219
0.03045	0.00559802	0.273558
0.0255097	0.0105542	0.164326
0.0359596	0.0126263	0.0812152
0.036399	0.00999553	0.136361
0.0300295	0.0109489	0.130146
0.0294749	0.0100775	0.142659
0.0271093	0.0114877	0.0948669
0.0388032	0.00454323	0.206205
0.023753	0.0078078	0.140672
0.030379	0.0105433	0.110695
0.0328719	0.0113606	0.16933
0.0289765	0.00966009	0.167796
0.0315992	0.00749176	0.188039
0.0322625	0.0115613	0.147225
0.0377103	0.0106933	0.2118
0.0297513	0.0131414	0.192145
0.0313536	0.0090337	0.189199
0.0257246	0.0119229	0.122821
0.0306224	0.00885993	0.164044
0.029741	0.00993959	0.18728
0.0299558	0.011393	0.234137
0.0306509	0.0123274	0.0959634
0.0261367	0.00755739	0.164346
0.025731	0.0117676	0.1725
0.0324585	0.00995672	0.18683
0.025956	0.0106188	0.229026
0.0298002	0.00864172	0.211835
0.0267516	0.0125484	0.170856
0.0271843	0.0113337	0.112599
0.0302124	0.00898534	0.123009
0.0281722	0.0117135	0.10934
0.0370242	0.0104948	0.167656
0.0310302	0.00943616	0.173907
0.0322115	0.00992434	0.218547
0.0306488	0.00940172	0.121217
0.0332902	0.00716012	0.189862
0.0211726	0.0111594	0.113581
0.0316524	0.00983458	0.182884
0.0273076	0.0133291	0.204665
0.0309758	0.0129253	0.190969
0.0365912	0.0114167	0.141989
0.0288969	0.0132027	0.102812
0.0283807	0.010679	0.189633
0.0334555	0.00764351	0.116598
0.0257296	0.00796277	0.11689
0.0280281	0.00811009	0.164245
0.0325115	0.0109391	0.169683
0.0321193	0.00869488	0.115264
0.0332606	0.0121944	0.189812
0.0231666	0.0126967	0.118767
0.0339676	0.00902293	0.183323
0.0328425	0.0109659	0.138768
0.0319267	0.0127218	0.161401
0.0336583	0.00820281	0.189517
0.0338483	0.00708845	0.130721
0.0227913	0.00907774	0.157063
0.0278872	0.0111374	0.11041
0.0332478	0.00998811	0.16805
0.0276777	0.009376	0.142375
0.0366452	0.0112837	0.213367
0.0293429	0.0072197	0.123564
0.0346474	0.00807446	0.119019
0.0208705	0.006112	0.109828
0.0323606	0.00768351	0.163433
0.025641	0.0135933	0.183386
0.0315246	0.00847574	0.128937
0.0309772	0.0128049	0.13452
0.0384637	0.00692748	0.112971
0.0359292	0.00544399	0.137556
0.0271285	0.00637859	0.148211
0.0265496	0.0107439	0.176211
0.0245563	0.0110019	0.1909
0.0236524	0.00959744	0.151647
0.0263843	0.00481436	0.11469
0.0342615	0.00804708	0.231921
0.0339769	0.00924084	0.113068
0.0312129	0.00630684	0.0999463
0.0316937	0.00834365	0.116949
0.0269265	0.00943286	0.119422
0.0262679	0.0109354	0.121121
0.0364455	0.00775529	0.136798
0.0329019	0.0103864	0.189997
0.0325168	0.010454	0.187593
0.0313136	0.0127389	0.191533
0.0291557	0.0119547	0.128343
0.0373987	0.0104294	0.13962
0.0294149	0.00603845	0.102322
0.0323543	0.00707555	0.120114
0.0295857	0.00929	0.223209
0.0311691	0.00804922	0.166727
0.0279579	0.009824	0.119737
0.027128	0.00628513	0.189612
0.0275234	0.0108431	0.106094
0.0290355	0.0108069	0.180137
0.0269087	0.0088161	0.225938
0.0283124	0.00852075	0.131935
0.0312746	0.0106053	0.108514
0.0269505	0.00966283	0.169123
0.0292511	0.011542	0.129711
0.0350711	0.0118756	0.0998381
0.0283346	0.0113032	0.166837
0.02657	0.00541332	0.164731
0.0341975	0.00717263	0.0972933
0.0343555	0.0114917	0.138312
0.0264625	0.00949606	0.124277
0.0321783	0.0110093	0.101223
0.0357028	0.0116678	0.209622
0.0327385	0.0113277	0.135373
0.0233634	0.00949841	0.123601
0.0388407	0.0126714	0.233062
0.0324258	0.0123171	0.133726
0.0305295	0.0104217	0.0897259
0.032376	0.00673513	0.0979633
0.0344497	0.00844696	0.233093
0.0303435	0.0109264	0.168491
0.0347612	0.0120607	0.187968
0.0219221	0.00912171	0.149458
0.0332378	0.00796579	0.125275
0.0275234	0.00926592	0.090607
0.0297956	0.0100816	0.115169
0.0314854	0.00854982	0.123321
0.0321453	0.00909433	0.128795
0.0362641	0.0122257	0.0844968
0.018909	0.014934	0.174632
0.0278443	0.0108528	0.114346
0.0306295	0.00814073	0.125004
0.0354604	0.0111559	0.131562
0.0215082	0.0100082	0.170903
0.0251848	0.0115808	0.118455
0.0298487	0.00915766	0.126998
0.020141	0.00948156	0.225543
0.0298106	0.00502959	0.158378
0.0292754	0.00637159	0.0931764
0.0327793	0.0105491	0.190227
0.0355214	0.0132895	0.0747818
0.0334538	0.0110545	0.135395
0.0331628	0.0143458	0.0981074
0.0287137	0.0148645	0.173819
0.0337739	0.0079572	0.122472
0.0332101	0.00706071	0.119511
0.0292964	0.00796907	0.123834
0.0281837	0.00837709	0.131133
0.0346779	0.0114242	0.1689
0.0276536	0.0109074	0.169073
0.027649	0.014377	0.188057
0.0325818	0.0127322	0.171315
0.0406466	0.00730948	0.074984
0.0227016	0.0120006	0.233118
0.0274946	0.00682783	0.117264
0.0308326	0.00889698	0.128198
0.0222136	0.0117948	0.166141
0.0264273	0.0102512	0.120699
0.032402	0.0123099	0.0913077
0.0311048	0.0107629	0.102487
0.0277695	0.0112057	0.160605
0.0328612	0.00932429	0.114088
0.0388273	0.012669	0.0732646
0.0346526	0.0106774	0.23152
0.0293686	0.0094462	0.124238
0.0333757	0.00958432	0.11001
0.0304918	0.0136693	0.133666
0.0295567	0.0111043	0.186449
0.0300419	0.0107056	0.127714
0.0301586	0.00936122	0.165952
0.0304959	0.0106732	0.230471
0.0286309	0.00839828	0.130489
0.0296133	0.0105247	0.111621
0.0260384	0.00912897	0.120241
0.0326396	0.0111027	0.195775
0.0265044	0.00733316	0.127979
0.0315193	0.00916285	0.118564
0.0243627	0.0124915	0.186289
0.0271096	0.0109232	0.200061
0.0251311	0.0109418	0.168753
0.0243984	0.0115041	0.121707
0.0296767	0.0103853	0.126585
0.0290707	0.013159	0.201412
0.0368263	0.00741302	0.089997
0.0294322	0.011747	0.0969329
0.0316498	0.00962836	0.179564
0.0257902	0.0126724	0.122362
0.02446	0.0101589	0.163145
0.0253888	0.013451	0.107184
0.0276739	0.0126594	0.16958
0.0202431	0.0106834	0.190786
0.0296513	0.00763292	0.0961763
0.0288598	0.0111292	0.156196
0.0273661	0.0140456	0.102398
0.0326635	0.0107033	0.190624
0.0328696	0.0122541	0.219132
0.0248707	0.00960889	0.156424
0.0319725	0.00897398	0.121775
0.0335188	0.0101086	0.129527
0.035017	0.00689205	0.129711
0.0259496	0.00847625	0.168564
0.0369283	0.00889879	0.234793
0.0312612	0.0104445	0.109565
0.0315835	0.009586	0.131311
0.0330399	0.0100436	0.18609
0.0276396	0.00938347	0.122408
0.0263107	0.00728911	0.0852726
0.0320674	0.0137055	0.172273
0.0316768	0.0108018	0.0913486
0.0307209	0.0133364	0.169121
0.0334381	0.00570805	0.238515
0.0289065	0.0124954	0.103499
0.0297892	0.0115392	0.104976
0.0287008	0.0126112	0.129282
0.0320428	0.00840143	0.167144
0.0335888	0.00986128	0.109482
0.0325997	0.0124375	0.133332
0.0279802	0.00999114	0.227113
0.0251935	0.00936605	0.1523
0.0254391	0.0110405	0.168667
0.0266941	0.0110529	0.0979103
0.0296031	0.00945605	0.115507
0.0315418	0.0107	0.187995
0.0346608	0.00749864	0.099547
0.0336202	0.0097919	0.164772
0.0291907	0.00990495	0.1269
0.0262326	0.010659	0.17025
0.0319299	0.0121859	0.205969
0.0333553	0.008314	0.188964
0.0278809	0.0104899	0.123498
0.0264014	0.00817907	0.14158
0.0366287	0.0122167	0.0885299
0.0349721	0.0106836	0.186095
0.0330422	0.0106722	0.132582
0.0296196	0.00831105	0.126913
0.0325908	0.00822039	0.171209
0.027658	0.0111743	0.235018
0.0254937	0.00721466	0.114689
0.0279184	0.0115085	0.111703
0.033585	0.0110019	0.133483
0.03447	0.00987809	0.168092
0.0318189	0.00796181	0.162277
0.0291406	0.00969387	0.139322
0.0304657	0.0117861	0.132075
0.0325895	0.004885	0.149143
0.038531	0.0111313	0.0982858
0.0318754	0.0101456	0.135162
0.0245081	0.00716093	0.135491
0.031432	0.00803168	0.163748
0.0241916	0.00923372	0.139635
0.0269528	0.00716317	0.190127
0.0301735	0.0114896	0.193609
0.0317933	0.0105991	0.108488
0.0251762	0.00984002	0.156473
0.0327817	0.0119108	0.205232
0.033171	0.0107494	0.166818
0.039062	0.00898059	0.0966805
0.0410459	0.010393	0.147622
0.030922	0.00764199	0.0858269
0.0329741	0.0101128	0.166849
0.0280058	0.0112231	0.185877
0.0234803	0.0111392	0.232641
0.0285143	0.00916939	0.161758
0.0351783	0.0118388	0.0901098
0.0305358	0.00778643	0.220526
0.0323774	0.0106371	0.107584
0.0281954	0.00925546	0.117902
0.0212716	0.00939426	0.192509
0.0227105	0.00863476	0.105014
0.0315852	0.0112588	0.146867
0.0331346	0.00942639	0.132111
0.0294743	0.00965307	0.166889
0.0322008	0.0107148	0.189072
0.0363248	0.00838241	0.136341
0.025768	0.00871562	0.16772
0.0291398	0.0103462	0.125251
0.0296751	0.0109443	0.186209
0.0288849	0.00932586	0.166794
0.0270829	0.0100826	0.192777
0.0350642	0.0120644	0.0872254
0.0301613	0.00637274	0.120632
0.0333626	0.0070852	0.0981809
0.0220207	0.00987583	0.124018
0.029035	0.00853175	0.219561
0.0261395	0.0128137	0.108293
0.0249053	0.0090423	0.168631
0.0175021	0.0082285	0.156008
0.0307079	0.00785364	0.129495
0.0288631	0.0129661	0.17291
0.0365334	0.0102385	0.198973
0.0248935	0.00959398	0.128726
0.0371656	0.00848138	0.187668
0.0322574	0.0116618	0.133448
0.0347142	0.00736295	0.12512
0.0244274	0.0111214	0.166642
0.0247344	0.00885476	0.116492
0.0290536	0.00531187	0.130617
0.0311887	0.0146127	0.0809519
0.0292208	0.0117243	0.190705
0.0354085	0.0114011	0.135026
0.0357712	0.00962525	0.104383
0.0312705	0.00794389	0.0953588
0.0312141	0.00966581	0.165253
0.0297319	0.0100066	0.139852
0.028858	0.00948327	0.166287
0.0236465	0.00967006	0.160195
0.0308379	0.00969831	0.113324
0.0307878	0.00832867	0.125867
0.0332979	0.0103861	0.133358
0.0270878	0.0132753	0.126372
0.0316481	0.00973704	0.179915
0.0263488	0.00903714	0.12907
0.0285828	0.00794129	0.0863883
0.0313483	0.0102466	0.206917
0.0241924	0.0100587	0.162171
0.0257182	0.0143048	0.173903
0.0288784	0.00815216	0.202926
0.0291293	0.0077498	0.0886804
0.033726	0.0105988	0.135363
0.0291163	0.0110041	0.110881
0.0347877	0.0119465	0.169998
0.0357489	0.00905474	0.163974
0.0273818	0.011217	0.161974
0.0270497	0.00810681	0.217423
0.0284035	0.0109642	0.156628
0.0269795	0.00874842	0.121272
0.0347289	0.00851577	0.112448
0.0294274	0.0129139	0.129113
0.0315704	0.00826425	0.0853171
0.0318228	0.0121265	0.0962198
0.0296983	0.00680988	0.120393
0.030001	0.00877956	0.117227
0.0280438	0.0082479	0.189452
0.0282015	0.00716015	0.118921
0.0266152	0.00989711	0.167654
0.0244983	0.01199	0.120791
0.0326214	0.00821804	0.188025
0.0287262	0.00821079	0.126878
0.0308107	0.0105216	0.141284
0.0310548	0.00971726	0.192318
0.0317374	0.01189	0.191065
0.0293066	0.00667403	0.163905
0.0322421	0.0105422	0.169363
0.0313691	0.00949037	0.127055
0.0197493	0.00795783	0.192227
0.0312383	0.00953288	0.187967
0.0320334	0.0116442	0.100584
0.0319145	0.0113066	0.14561
0.0275068	0.00863197	0.136466
0.024325	0.00870234	0.113632
0.0248199	0.0110207	0.171251
0.0358191	0.0145009	0.0680498
0.0320182	0.0116286	0.187889
0.0323493	0.0104387	0.137729
0.0345359	0.0101968	0.166729
0.0242535	0.0116547	0.17694
0.0286298	0.00550567	0.156195
0.0323315	0.0106571	0.133957
0.0282753	0.0122326	0.128978
0.0281447	0.0100034	0.0927765
0.0267059	0.0110291	0.170152
0.0221684	0.0115057	0.168657
0.0282705	0.00872624	0.198442
0.02116	0.00899089	0.19293
0.0316185	0.0106965	0.169041
0.0285185	0.0119088	0.108154
0.0356296	0.00754649	0.176887
0.0197541	0.00776941	0.156041
0.0261912	0.00823337	0.142131
0.0321484	0.00907261	0.208235
0.0164618	0.00758178	0.166103
0.0299087	0.010759	0.189087
0.0317388	0.00821302	0.11672
0.0277849	0.00936733	0.122302
0.0315913	0.0117853	0.104705
0.035867	0.0124362	0.142744
0.0354564	0.00831508	0.132943
0.0304857	0.010114	0.112062
0.0288904	0.0118726	0.103025
0.0316298	0.0112152	0.147347
0.0302159	0.00920528	0.115224
0.0336889	0.0095135	0.109836
0.0257667	0.0108426	0.121089
0.0281905	0.00869861	0.15949
0.0329982	0.0127695	0.0961321
0.0336908	0.00920062	0.184971
0.0286161	0.01036	0.190109
0.0323114	0.012004	0.20859
0.0269396	0.0107977	0.123945
0.0302778	0.00828369	0.159497
0.0274973	0.00885427	0.168786
0.0288883	0.00748329	0.123637
0.0277079	0.00897519	0.191398
0.0322139	0.0103065	0.109528
0.0310955	0.0125071	0.162355
0.0237826	0.00976337	0.159622
0.0268955	0.010081	0.122126
0.0375933	0.0107773	0.0967048
0.0310005	0.00795331	0.206281
0.0293224	0.00927364	0.12469
0.0328998	0.00799866	0.111429
0.027191	0.0115772	0.110436
0.0357789	0.0103222	0.0969212
0.0252718	0.00992802	0.133014
0.0322451	0.012391	0.0934438
0.0311412	0.00973695	0.132038
0.0310155	0.00955606	0.116777
0.0344272	0.0100268	0.167808
0.0282463	0.0104629	0.170083
0.0283933	0.0094109	0.208594
0.0270763	0.00957718	0.166569
0.0346431	0.00777861	0.166413
0.0260198	0.0137512	0.105108
0.0269381	0.0126777	0.191459
0.0289613	0.0119084	0.107698
0.0304533	0.00804845	0.125996
0.0306198	0.00946885	0.118106
0.0302679	0.00956346	0.13423
0.027491	0.00687654	0.118187
0.0315552	0.0121938	0.155769
0.0317071	0.00881068	0.166704
0.0302086	0.00663385	0.107915
0.0340855	0.0114559	0.135383
0.030579	0.00856242	0.122732
0.0288959	0.0115881	0.191657
0.0323647	0.0119846	0.103358
0.0297043	0.00774416	0.156546
0.0291617	0.0119777	0.0967951
0.0322219	0.0122215	0.188732
0.0291892	0.00807262	0.156606
0.0300413	0.00928316	0.120937
0.033454	0.0109084	0.167666
0.030666	0.008601	0.125619
0.0209183	0.00790109	0.131179
0.0271461	0.0102148	0.116108
0.0293882	0.00792295	0.15258
0.0311882	0.0126951	0.162217
0.0295825	0.0110262	0.1893
0.0312659	0.0103159	0.112767
0.027554	0.00689534	0.164308
0.0318571	0.011075	0.195965
0.0320863	0.00915529	0.180034
0.0350127	0.013932	0.18859
0.0276154	0.00913901	0.168398
0.0306442	0.0101254	0.11488
0.0328009	0.0120727	0.186534
0.0310593	0.0104814	0.112676
0.0329842	0.013008	0.138552
0.030801	0.011278	0.170225
0.0284794	0.0120271	0.129219
0.0327912	0.0118229	0.134925
0.0312874	0.0143678	0.136305
0.0310459	0.0125183	0.203986
0.026731	0.0100269	0.117409
0.0298349	0.0120379	0.191967
0.0287036	0.0099818	0.121654
0.0246024	0.0123665	0.178423
0.0339868	0.00991348	0.164268
0.0275493	0.0080112	0.121919
0.02398	0.00731272	0.13762
0.0345773	0.0103831	0.102506
0.0305403	0.00940014	0.176017
0.0306496	0.00972265	0.23043
0.0330172	0.0100391	0.132033
0.0295987	0.0114181	0.192589
0.0213928	0.00916102	0.126918
0.026971	0.0108189	0.216228
0.027078	0.0109658	0.093076
0.0340259	0.0106053	0.106125
0.0231951	0.00730129	0.139636
0.0349298	0.0097697	0.103607
0.0299167	0.0091993	0.167266
0.0294463	0.0105503	0.182808
0.0219047	0.00855027	0.19398
0.0389828	0.0104266	0.142516
0.0262839	0.00991832	0.189181
0.0318453	0.0120809	0.103492
0.0234992	0.00602817	0.135593
0.0308597	0.00959792	0.128182
0.0294435	0.0114659	0.108983
0.0335684	0.00705487	0.0982948
0.0332012	0.0112322	0.0989605
0.0340119	0.00635161	0.120818
0.028376	0.0104491	0.116397
0.0306904	0.00961991	0.113625
0.0266103	0.00772188	0.119349
0.0267827	0.00963384	0.166508
0.032357	0.0100909	0.166251
0.0310432	0.00658888	0.0922674
0.0332793	0.0113662	0.169706
0.0213826	0.00845842	0.111516
0.0291612	0.0115063	0.107107
0.0308731	0.00980547	0.166391
0.029452	0.00584659	0.102041
0.0312586	0.0091597	0.0896977
0.0272023	0.00745785	0.207072
0.03427	0.00925893	0.112496
0.0305132	0.00870876	0.124518
0.0193262	0.00994271	0.146011
0.0299337	0.0113318	0.189236
0.0333825	0.00628728	0.155576
0.0270763	0.00895479	0.192978
0.0248601	0.0104309	0.225979
0.0234727	0.00914692	0.193087
0.0322289	0.0091711	0.130441
0.0312643	0.0112462	0.147388
0.0362982	0.00765656	0.113169
0.0233	0.0116309	0.116072
0.0272578	0.0110566	0.114472
0.0289524	0.00969091	0.142318
0.0258686	0.00921928	0.146844
0.0301173	0.00939656	0.18915
0.0283634	0.00781386	0.122248
0.0339256	0.00933699	0.112872
0.0353222	0.0100617	0.232135
0.0294285	0.0078244	0.121949
0.034274	0.010676	0.194829
0.0301371	0.00302809	0.0844938
0.0284971	0.0124158	0.170577
0.0325175	0.01064	0.188122
0.0233579	0.00936722	0.147708
0.0357044	0.00613016	0.16421
0.0210381	0.00870799	0.169388
0.0331357	0.0071574	0.0652219
0.0348527	0.00802808	0.102572
0.0279856	0.0109998	0.114472
0.0279707	0.0100612	0.225781
0.0278042	0.0111795	0.170418
0.0285367	0.0122059	0.170002
0.0266709	0.0085302	0.200256
0.0260593	0.0119556	0.169472
0.0230127	0.00992447	0.167149
0.0313022	0.0123248	0.171233
0.0228847	0.00963791	0.123697
0.0294347	0.0106551	0.127543
0.0328829	0.00968777	0.132945
0.0302016	0.0109297	0.128568
0.0347637	0.0114554	0.16965
0.0341317	0.0106709	0.102225
0.031285	0.00742385	0.120469
0.0385169	0.0105943	0.189769
0.0275227	0.00668843	0.162628
0.0252841	0.0113767	0.114441
0.0315142	0.0101134	0.136117
0.0296587	0.0114266	0.15704
0.0272086	0.00908169	0.140595
0.0283334	0.0104193	0.168371
0.0294771	0.0090106	0.117324
0.0269773	0.00990457	0.126012
0.0300025	0.0138711	0.133506
0.026962	0.0101715	0.116371
0.0325266	0.00951469	0.113653
0.0201082	0.00867757	0.106991
0.0210148	0.0108794	0.188552
0.0348332	0.011418	0.203928
0.0264516	0.00761321	0.163965
0.0330957	0.0127216	0.0877236
0.0251995	0.0107184	0.121536
0.0256159	0.00871286	0.165701
0.029119	0.0123348	0.204859
0.0339955	0.00923917	0.167329
0.0349332	0.00961016	0.134699
0.0349621	0.0109793	0.186756
0.0293225	0.013876	0.210341
0.0328326	0.00443633	0.219605
0.0299024	0.0138961	0.0883588
0.0291794	0.011482	0.109164
0.0332552	0.00612223	0.136137
0.0237103	0.00901737	0.11388
0.0315049	0.0103192	0.168706
0.0343695	0.0139452	0.0736614
0.0343369	0.011851	0.237428
0.0295496	0.0113462	0.108977
0.0291727	0.00651083	0.121624
0.0321425	0.0101947	0.109315
0.0252335	0.00844031	0.141431
0.0276542	0.0100484	0.123588
0.035848	0.00844539	0.11276
0.0289229	0.00906514	0.221661
0.0301698	0.0124212	0.132419
0.0280534	0.00956075	0.124516
0.026134	0.00923458	0.195407
0.0288741	0.00790806	0.124319
0.0299067	0.0129961	0.13275
0.025587	0.0102171	0.105954
0.0295204	0.00994193	0.165283
0.0323157	0.0116866	0.132249
0.0303312	0.0125394	0.0984528
0.02957	0.00955287	0.115388
0.0301997	0.00706678	0.162644
0.0352888	0.0101047	0.167044
0.0342272	0.0111062	0.103395
0.0287007	0.0110358	0.113729
0.0198029	0.0107597	0.16994
0.0243258	0.010365	0.131599
0.0336026	0.0117795	0.143204
0.033792	0.0101707	0.128548
0.0331643	0.00496163	0.0788207
0.0311825	0.00987969	0.19137
0.0249874	0.0107193	0.187467
0.0276168	0.00629719	0.163859
0.0308048	0.00968345	0.13406
0.021615	0.00986392	0.111448
0.0357533	0.00711185	0.0920878
0.030727	0.0102045	0.191657
0.0313366	0.00953715	0.165845
0.029438	0.0134286	0.194365
0.0311568	0.00754691	0.131198
0.0304342	0.00959251	0.213249
0.017798	0.00706231	0.16518
0.020311	0.00925422	0.107367
0.0281736	0.0117138	0.109506
