0.0217185	0.00823825	0.0386108
0.0302894	0.0169553	0.038076
0.0242277	0.0070515	0.0383953
0.0352196	0.0156395	0.0373168
0.0376134	0.00556348	0.0369219
0.0220311	0.0105291	0.0386931
0.0303085	0.00480884	0.0377318
0.00917947	0.00924793	0.0398469
0.033069	0.0125281	0.0375914
0.0250663	0.0131906	0.0383693
0.0372952	0.0113133	0.0370133
0.0300045	0.00918226	0.0377016
0.0328548	0.00788871	0.0375149
0.0335517	0.00926118	0.0373629
0.0431419	0.00335208	0.0363809
0.0300499	0.00336173	0.0376973
0.032371	0.00985913	0.0375095
0.0185634	0.00635287	0.0388915
0.0417327	0.0129828	0.036688
0.0433387	0.013778	0.0362934
0.0479606	0.00700308	0.0359464
0.026564	0.0144755	0.0380939
0.018162	0.0155007	0.0387432
0.0349259	0.0115399	0.0373791
0.0138134	0.00960345	0.0394659
0.0403769	0.00457081	0.0365303
0.0347603	0.00431254	0.0372782
0.0361055	0.0137213	0.0372926
0.0318969	0.00890992	0.0376508
0.0424151	0.0119886	0.0364881
0.0317832	0.014964	0.0376229
0.037198	0.0129498	0.0370204
0.023832	0.0118894	0.0382894
0.0256638	0.0100105	0.0382672
0.0338101	0.00842517	0.0373121
0.0109007	0.010661	0.0396089
0.0320183	0.00322803	0.0376071
0.01251	0.0140568	0.0397249
0.00801945	0.0104219	0.040066
0.0333958	0.00719237	0.0374022
0.0415529	0.00460418	0.0364388
0.0371055	0.000713592	0.0371263
0.0171246	0.0124894	0.0389034
0.0423911	0.00971204	0.0365302
0.0132276	0.0166197	0.0395805
0.0339087	0.005136	0.0373672
0.0210976	0.00411414	0.038372
0.0333608	0.013406	0.0372445
0.0370684	0.0140451	0.0370251
0.0504322	0.0143252	0.0354843
0.029612	0.0114449	0.0377631
0.0490711	0.00355454	0.0357887
0.0330196	0.00890567	0.0375334
0.0399556	0.00467909	0.0367309
0.0401554	0.0134915	0.0367902
0.0277253	0.0125545	0.0379872
0.0299214	0.0120546	0.0377427
0.0285446	0.00793072	0.037833
0.0295469	0.0155496	0.0380818
0.0185252	0.0133969	0.0388367
0.0355301	0.0104335	0.0372009
0.0199709	0.00950133	0.0389311
0.0264483	0.0116233	0.0381265
0.036371	0.0165764	0.0369364
0.0404364	0.015782	0.0366902
0.034876	0.00789663	0.037274
0.0335489	0.00166393	0.0372805
0.026628	0.0114434	0.0381101
0.0405904	0.000601653	0.0365932
0.0273739	0.0116799	0.0381745
0.0399255	0.00263173	0.0367346
0.0273774	0.0111439	0.0380454
0.0100922	0.00806875	0.0398343
0.0432118	0.00999057	0.0363939
0.028345	0.0151181	0.0378938
0.0335	0.00454309	0.0374638
0.019167	0.010203	0.0388885
0.0299809	0.000310229	0.0377863
0.0223733	0.0131434	0.0385418
0.034461	0.00944259	0.037339
0.0365415	0.0154101	0.0372091
0.0338614	0.0119057	0.0374254
0.0196414	0.00744877	0.0389729
0.0422043	0.013855	0.0365178
0.0345056	0.00775481	0.0373137
0.0226621	0.00830812	0.0385456
0.016447	0.00825486	0.0392986
0.0285125	0.00520869	0.0378856
0.0443275	0.0076459	0.0362911
0.039975	0.00181671	0.0365799
0.0162287	0.0110621	0.0391076
0.0289084	0.0137647	0.0378047
0.0301055	0.0129326	0.0377326
0.0322451	0.0119228	0.0376074
0.0302371	0.00212134	0.0377437
0.016712	0.00731451	0.0390496
0.0255273	0.0108495	0.0382286
0.0210348	0.000922374	0.038713
0.0364215	0.0135966	0.0371046
0.0284072	0.00282865	0.038019
0.040445	0.00792753	0.036651
0.0378679	0.0129985	0.0368093
0.0508585	0.00902417	0.0355576
0.0103107	0.0168769	0.0396673
0.0309612	0.0138643	0.0376044
0.0252781	0.00703478	0.038278
0.0296994	0.00982961	0.0377071
0.0204042	0.0117461	0.0388707
0.0296024	0.00818727	0.0377725
0.0331539	0.0125622	0.0374088
0.0383791	0.02154	0.0368881
0.0286065	0.0041104	0.0378225
0.00990292	0.00197448	0.0396512
0.0218851	0.00982099	0.0385182
0.0391839	0.0130232	0.0369571
0.0095952	0.0111741	0.0401106
0.0253904	0.00949349	0.0382106
0.0263171	0.00621883	0.0382511
0.032083	0.0132712	0.0375169
0.0382594	0.00529604	0.0368266
0.0275345	0.00998128	0.0380471
0.0328651	0.0113436	0.0374246
0.0233401	0.0157325	0.0384103
0.0335367	0.0098282	0.0374185
0.029591	0.00750799	0.0377592
0.0422763	0.00133519	0.0363228
0.0369782	0.0127039	0.0371836
0.0318346	0.0156263	0.0376651
0.0329947	0.0109132	0.0374404
0.0319881	0.0169371	0.0375322
0.0286652	0.00802325	0.0379857
0.0263579	0.0144595	0.0380393
0.0272677	0.00818849	0.0379804
0.0196014	0.0147954	0.0386867
0.0377008	0.00495931	0.0368473
0.0336006	0.00611673	0.0374104
0.0181264	0.0117287	0.0390126
0.0304673	0.0126831	0.0378677
0.0333579	0.0157447	0.037728
0.0228929	0.0142726	0.0386111
0.0186882	0.0110707	0.0388514
0.0345193	0.000954602	0.0372377
0.0376613	0.0110355	0.036978
0.028177	0.00954703	0.0379669
0.0460016	0.00395728	0.0362369
0.0264964	0.00319974	0.038263
0.0400727	0.00974589	0.0367227
0.025698	0.0104194	0.0382939
0.0221005	0.0148315	0.0385457
0.0379267	0.0120691	0.036972
0.0302744	0.0166053	0.0377086
0.0265481	0.0109413	0.038094
0.0459818	0.0119027	0.0361882
0.0504148	0.00267212	0.0355972
0.0325415	0.00742319	0.0375091
0.0176213	0.0165172	0.0391306
0.0354898	0.0112831	0.0373069
0.0284849	0.00392082	0.0376998
0.0355489	0.0120652	0.0371248
0.0260531	0.00281105	0.0382227
0.0272882	0.0156249	0.0380336
0.0304839	0.015675	0.0376756
0.0276386	0.00356092	0.0379227
0.0322403	0.0101038	0.0375104
0.0332025	0.00480032	0.03739
0.0288393	0.00493828	0.0378502
0.0171287	0.00616465	0.0389679
0.0136246	0.0114597	0.0394476
0.00820971	0.00688021	0.040045
0.0286212	0.0145336	0.0379626
0.032961	0.0143871	0.0375386
0.0303279	0.00775667	0.0377039
0.050716	0.00893043	0.0356515
0.0131335	0.0077061	0.0396024
0.0281623	0.0128896	0.038
0.0310564	0.0127472	0.0376952
0.0117489	0.011833	0.0395686
0.0403513	0.0114728	0.0366136
0.0359789	0.0135975	0.0372695
0.00777957	0.0140319	0.03982
0.00890328	0.00775304	0.0399526
0.035071	0.0120022	0.037236
0.0325722	6.91345e-05	0.0372572
0.0381865	0.013169	0.0370137
0.0355301	0.00537	0.0372844
0.0454937	0.000902298	0.0361652
0.0329916	0.0141352	0.0375306
0.0217199	0.00331088	0.0385591
0.0203237	0.0122297	0.0387002
0.0532233	0.0131995	0.0354305
0.0201565	0.0127949	0.0387975
0.0372125	0.0084187	0.0369125
0.0189974	0.0068949	0.0387823
0.0346783	0.00210666	0.0373508
0.0252623	0.0106201	0.0381677
0.0331934	0.0150318	0.0373908
0.017649	0.00847962	0.039141
0.0378291	7.02565e-05	0.0371431
0.0412045	0.00322511	0.0366531
0.0259512	0.000837601	0.0380804
0.0411031	0.00752997	0.0366772
0.0217196	0.00938079	0.038648
0.0137117	0.00226724	0.0392719
0.0300341	0.0131148	0.0377444
0.0331918	0.0100457	0.0373268
0.04157	0.0130238	0.0365352
0.0211296	0.0156812	0.03864
0.0198654	0.0107108	0.0388481
0.0150852	0.0169351	0.0394874
0.0257834	0.00443165	0.0381236
0.0323359	0.00843164	0.0375423
0.0306065	0.00888158	0.0377342
0.0394657	0.00909912	0.0368803
0.0244827	0.0109859	0.0384659
0.0290391	0.0107278	0.0377779
0.0378784	0.0109807	0.0368614
0.0234452	0.0160365	0.0383228
0.0394273	0.0102771	0.0368394
0.0361193	0.0159771	0.0369688
0.0387719	0.0101538	0.0367191
0.0275835	0.0101047	0.0379506
0.0184995	0.00379639	0.0389425
0.0242251	0.0091858	0.0383902
0.041122	0.0148427	0.0367847
0.0397128	0.0169956	0.036717
0.0235386	0.0127209	0.0383528
0.01469	0.00613714	0.0393494
0.0440405	0.00310135	0.0364666
0.0305005	0.00918128	0.0376952
0.0360112	0.00982493	0.0372351
0.0209344	0.0154962	0.0386904
0.0247334	0.00392308	0.0383359
0.030473	0.0114368	0.0377141
0.030083	0.010054	0.0378619
0.0355672	0.0124428	0.0371263
0.0230087	0.00265291	0.0381556
0.0287869	0.00175563	0.0379729
0.0345155	0.0116259	0.0372244
0.0296471	0.0103898	0.0378506
0.0482039	0.00752613	0.0358537
0.0370255	0.0165825	0.0368675
0.0361969	0.00953761	0.0371381
0.0326115	0.0126228	0.0376746
0.04862	0.00901613	0.0359639
0.0224365	0.0110831	0.0383967
0.0403498	0.00742903	0.0365653
0.0398411	0.0151741	0.0366996
0.0208291	0.00679731	0.0387091
0.0420806	0.00655063	0.0365269
0.0224124	0.00907548	0.0384309
0.0306989	0.0106709	0.0377406
0.0360845	0.00779524	0.0370514
0.0470446	0.0152457	0.0362747
0.0472625	0.00076808	0.0361396
0.0287335	0.0166723	0.0378955
0.0336307	0.00685644	0.0373835
0.0437152	0.00689575	0.0362102
0.0365619	0.0168871	0.0373007
0.0190868	0.00674875	0.038817
0.0156335	0.0172844	0.0394092
0.0174768	0.0102473	0.0389736
0.0273235	0.0178214	0.0379887
0.0435842	0.0134937	0.0364117
0.0342969	0.00834288	0.0372915
0.0186389	0.01045	0.0390659
0.0398853	0.00821926	0.0367155
0.025601	0.0139773	0.0382206
0.00580984	0.0160142	0.0404188
0.0301968	0.00982738	0.0377486
0.0305498	0.00694882	0.0377252
0.0215437	0.0112378	0.0385244
0.0239771	0.0123135	0.0384681
0.0477763	0.0105576	0.0357371
0.0403484	0.00473709	0.0365635
0.0210554	0.0163054	0.0385192
0.0417733	0.00817788	0.0366037
0.0431871	0.0103747	0.0363673
0.0458411	0.0139231	0.0362135
0.0420343	0.0112043	0.0365866
0.0369842	0.014645	0.0370319
0.0387954	0.0161803	0.0368163
0.015314	0.0118188	0.0391881
0.0449437	0.0104376	0.0364219
0.0325281	0.0105687	0.0375799
0.0268042	0.0121058	0.0381724
0.0416902	0.0084746	0.0364236
0.0308265	0.00531371	0.0376333
0.0227815	0.0137175	0.038311
0.00895043	0.00151945	0.0393824
0.0314923	0.0119977	0.0375726
0.0313194	0.0142394	0.0376026
0.0238313	0.0108667	0.0383615
0.0282148	0.00877417	0.0380262
0.0453305	0.0114052	0.0361238
0.0331377	0.0152921	0.0372838
0.0165517	0.0170137	0.0390076
0.0487509	0.0133913	0.0359585
0.0329659	0.00931021	0.0374223
0.0115064	0.0103168	0.0396607
0.0270867	0.0164517	0.0380953
0.0309008	0.0109712	0.0376229
0.0369649	0.00442445	0.0370913
0.0360968	0.00792084	0.0371922
0.0246834	0.0109851	0.0381744
0.0410449	0.0116959	0.0365612
0.032565	0.0103125	0.0375739
0.0372742	0.00441103	0.0370078
0.0217116	0.00872167	0.0385206
0.0380285	0.0122218	0.0369475
0.0356491	0.0136174	0.0371808
0.0257502	0.0145136	0.0380998
0.00964986	0.00862009	0.039713
0.0194276	0.0126987	0.0390272
0.0322272	0.0137488	0.0375595
0.0339382	0.0125171	0.037442
0.0305283	0.00714826	0.0377743
0.0312241	0.00878166	0.0377202
0.0196629	0.00181946	0.0384024
0.0357405	0.0164165	0.0371999
0.0345245	0.0154402	0.037315
0.0241592	0.00808592	0.038334
0.0233836	0.00924487	0.0383579
0.0367607	0.0135469	0.0370604
0.035071	0.00976597	0.0372812
0.0355612	0.0137459	0.0370847
0.039774	0.0120001	0.0367525
0.038247	0.0117179	0.0368504
0.0361154	0.00764128	0.0370282
0.0309803	0.00869543	0.037604
0.0222813	0.0140872	0.0387522
0.0418005	0.0122186	0.0366942
0.0310191	0.014416	0.0378399
0.038294	0.0119051	0.0370311
0.0380671	0.0116962	0.0369306
0.0393452	0.0101466	0.0366833
0.0183385	0.015079	0.0391832
0.00587475	0.00875443	0.0400691
0.0281372	0.00826735	0.0379824
0.02945	0.00918854	0.0377117
0.0257006	0.00862649	0.0381229
0.0185207	0.00861831	0.038845
0.0265711	0.00950726	0.0380901
0.0267572	0.00639389	0.0380861
0.0249883	0.00171842	0.0382014
0.0319121	0.0113626	0.037482
0.0498952	0.00771226	0.0356677
0.0492525	0.00725855	0.0358959
0.0252976	0.0021388	0.0384081
0.0418419	0.00919825	0.036551
0.0188683	0.0142687	0.0389214
0.0199342	0.00586775	0.0385483
0.0411351	0.0155984	0.0365687
0.0278014	0.000515426	0.0378443
0.032195	0.0141586	0.0373942
0.0287384	0.00808778	0.037839
0.040077	0.00862923	0.0366203
0.025668	0.013435	0.0381822
0.0331906	0.00707296	0.0375039
0.019184	0.010691	0.0387872
0.0226023	0.0113542	0.038443
0.0317684	0.0114467	0.0375866
0.0168057	0.0153692	0.0393497
0.033225	0.00243103	0.0373966
0.0316928	0.00944544	0.0375405
0.0247439	0.00653917	0.0384203
0.0276233	0.0106352	0.0381304
0.0380946	0.0168878	0.0369217
0.0353526	0.00965403	0.0372583
0.0343276	0.0144112	0.0372103
0.0325289	0.00830931	0.0374659
0.0123717	0.00872862	0.0396275
0.0261957	0.00991445	0.0381716
0.0309834	0.011726	0.0377347
0.039294	0.0146377	0.0367662
0.020544	0.00803944	0.0384789
0.0337871	0.012062	0.0372465
0.03212	0.00248183	0.0376235
0.0376831	0.000959093	0.0371398
0.0235985	0.0113636	0.0384221
0.0269211	0.0169055	0.0380476
0.0264975	0.00302607	0.0382463
0.0346405	0.0049823	0.0373421
0.00897495	0.0116882	0.0397805
0.0208688	0.0164615	0.0387678
0.0383003	0.0112169	0.0368932
0.0225023	0.00980636	0.0384915
0.0291645	0.00360126	0.0377927
0.0206794	0.0131264	0.0386105
0.0337899	0.0134315	0.0374722
0.0267954	0.00524749	0.0380516
0.0284242	0.0198296	0.0379432
0.0253358	0.000843761	0.0382146
0.0430461	0.0036749	0.036355
0.0143609	0.0179756	0.0392284
0.0467651	0.00581558	0.0360099
0.0151398	0.00147289	0.0395016
0.0340834	0.00610657	0.0372975
0.0234341	0.0145236	0.0385592
0.0389692	0.00749497	0.0368696
0.0497798	0.0159572	0.0356247
0.0263593	0.00703033	0.0380691
0.0369366	0.0125827	0.0370099
0.025889	0.012399	0.0382663
0.0322833	0.0137436	0.0376326
0.0436376	0.0149989	0.0362968
0.0223371	0.0116419	0.0385405
0.0472266	0.00020369	0.0358725
0.0366218	0.0140697	0.0370614
0.026229	0.00182986	0.0380565
0.03702	0.00971824	0.0369131
0.0248166	0.010804	0.038372
0.0222936	0.0163654	0.0384935
0.0314106	0.0095587	0.0376559
0.0282996	0.00660861	0.0379662
0.0249519	0.013963	0.0383454
0.0348506	0.00817311	0.0372475
0.0317783	0.0157077	0.0375405
0.0356796	0.0111008	0.0370331
0.0389419	0.00871831	0.0368419
0.019032	0.0107002	0.0388797
0.0142892	0.016249	0.0392603
0.0261701	0.00309089	0.0381261
0.0326209	0.00981102	0.0375436
0.0204301	0.0119378	0.0387304
0.0257226	0.00548531	0.0383311
0.0304294	0.00859687	0.0377097
0.0299136	0.0117945	0.0378258
0.0162166	0.00232696	0.0390534
0.0259111	0.00147527	0.0381461
0.0324786	0.0133833	0.0375269
0.0330556	0.0156271	0.0374085
0.0256914	0.0141967	0.0383209
0.0428154	0.0131625	0.0364653
0.0387422	0.00243589	0.0367847
0.0456167	0.000359417	0.0358872
0.00109296	0.00997757	0.0407447
0.0179802	0.00706873	0.0391625
0.0176967	0.0127935	0.0391605
0.0192845	0.0148771	0.0386254
0.0383354	0.00554613	0.0369494
0.0417117	0.0143973	0.0365148
0.0224155	0.0145112	0.0387454
0.0291655	0.00764114	0.0378845
0.0347586	0.0122392	0.0372074
0.0242146	0.00903472	0.0382784
0.0324022	0.0074833	0.037454
0.023473	0.0133083	0.0385491
0.0320028	0.00836033	0.0374696
0.0352987	0.00566115	0.0372343
0.0244101	0.00709625	0.0381941
0.0202132	0.00394071	0.0387348
0.0105566	0.0073853	0.0399605
0.0386842	0.00140916	0.0369723
0.0331726	0.00925776	0.037386
0.0171451	0.0104862	0.0390221
0.0190266	0.0129794	0.0389289
0.0285684	0.0118629	0.0377876
0.0318948	0.00536035	0.0374691
0.0310262	0.0151397	0.0376869
0.0449867	0.0112308	0.0360825
0.0330252	0.00671468	0.0375265
0.0238892	0.0096734	0.0383329
0.0268245	0.011634	0.0379995
0.0221295	0.00890104	0.0383575
0.0292682	0.0135277	0.0378118
0.0371719	0.0151484	0.0369976
0.0208961	0.0175343	0.038964
0.0358396	0.00618171	0.0371402
0.0374422	0.0130618	0.0368563
0.0172359	0.0012046	0.0391318
0.0434281	0.00455638	0.0363736
0.0255351	0.0146332	0.0382489
0.0301627	0.0124574	0.0376969
0.0435853	0.0169199	0.036383
0.0397026	0.0117829	0.0366322
0.0309597	0.00816209	0.0376802
0.0321971	0.00776591	0.0374698
0.0379792	0.0144084	0.0369221
0.0214336	0.0126303	0.0387547
0.020789	0.00964073	0.0388311
0.0281526	0.00933895	0.037938
0.0434052	0.0117658	0.0366346
0.0136936	0.00846262	0.0393088
0.0167088	0.010454	0.039289
0.0153973	0.0113979	0.0391083
0.0400648	0.0104285	0.0367745
0.026745	0.0124063	0.0380717
0.0309798	0.0120502	0.0376334
0.0307639	0.00584687	0.0376062
0.0204915	0.0104214	0.0387042
0.0371124	0.00763531	0.0370875
0.0172167	0.0067424	0.0390278
0.0165845	0.0107176	0.0390626
0.0307156	0.0177488	0.0376665
0.0180663	0.00948904	0.0389849
0.027126	0.0109302	0.0379586
0.0317482	0.0100225	0.0376277
0.00217178	0.0085887	0.0408961
0.00793553	0.0142305	0.0403323
0.0344555	0.000208302	0.0370935
0.0224762	0.00559073	0.0385058
0.0366251	0.0103451	0.0371
0.032071	0.00758763	0.0375041
0.024605	0.0126138	0.0382027
0.0274972	0.0143338	0.0380459
0.0368778	0.000520238	0.0369475
0.0248977	0.00564962	0.0382921
0.0318991	0.00538748	0.0374236
0.0285629	0.00375319	0.0380347
0.0115708	0.00987646	0.0398386
0.0188682	0.0146465	0.0390918
0.0365497	0.00723913	0.0371191
0.047258	0.00620374	0.0360737
0.0316656	0.0143987	0.0374084
0.0121411	0.0125933	0.0394739
0.0401626	0.0104073	0.03661
0.0272063	0.00771191	0.0379258
0.0339648	0.00790196	0.0373863
0.0361083	0.00658199	0.0372329
0.0296088	0.0150741	0.0377711
0.0408258	0.00424515	0.0366316
0.0293818	0.00639222	0.0378033
0.0284842	0.0125407	0.0378077
0.0288117	0.00458713	0.0379281
0.0206042	0.00521577	0.0386074
0.02447	0.0165874	0.0381816
0.0222056	0.000307523	0.0387271
0.0308754	0.00329687	0.0376005
0.0075515	0.0182032	0.0400336
0.0184144	0.0101679	0.038922
0.025088	0.0165658	0.0382896
0.0344587	0.00950868	0.0372722
0.0451411	0.00236636	0.0362695
0.0206135	0.00476583	0.03845
0.0286808	0.00904267	0.0378516
0.0313187	0.00550762	0.0375439
0.0292381	0.00872917	0.0378447
0.0268008	0.00297308	0.0382112
0.0118848	0.00344503	0.0396144
0.0248086	0.00886075	0.0383989
0.0286992	0.00544784	0.0377263
0.0311616	0.0122585	0.0376162
0.0302277	0.0148006	0.0376814
0.0379178	0.0100836	0.0368712
0.0310751	0.013907	0.0375929
0.0260254	0.00734013	0.0380854
0.0365985	0.0131762	0.0370453
0.019386	0.0152914	0.0387979
0.0223557	0.0133191	0.0385443
0.0415732	0.00685368	0.0366527
0.0374391	0.0169366	0.036974
0.0442877	0.00358706	0.0364562
0.0241695	0.0116102	0.0384171
0.0485547	0.0117967	0.0358843
0.0364219	0.0084634	0.0370027
0.030346	0.0160535	0.0376541
0.0331519	0.0119632	0.0375143
0.0494139	0.00985139	0.0356068
0.0117131	0.0111388	0.0395282
0.0278147	0.0134385	0.0379389
0.0155018	0.0148148	0.0390799
0.0160594	0.0130302	0.0392566
0.044679	0.00375007	0.0362767
0.0362383	0.00761265	0.0372219
0.0119152	0.00611772	0.0398299
0.0257027	0.00796514	0.0382355
0.0177365	0.0143462	0.0390931
0.0395523	0.0124495	0.0367626
0.0473843	0.00663032	0.0358534
0.0199473	0.00528743	0.0388675
0.0204211	0.010649	0.038887
0.0388991	0.0051657	0.0368119
0.0384181	0.0122383	0.0368872
0.0386562	0.00949779	0.0369063
0.0296906	0.0150411	0.03761
0.0285491	0.00880684	0.0379472
0.0286774	0.00312031	0.0379722
0.0419217	0.0130158	0.0366073
0.0192348	0.0133928	0.0387709
0.0216607	0.0057391	0.038531
0.0283725	0.00783693	0.0378529
0.0208703	0.0157372	0.0388435
0.0300436	0.0194161	0.0377571
0.0267786	0.00342279	0.0380582
0.03891	0.0153035	0.0372038
0.0294857	0.00624278	0.0379039
0.0262611	0.0121907	0.0381315
0.0274176	0.0103979	0.0380729
0.0226725	0.00595851	0.0384312
0.0253719	0.0110018	0.0382745
0.0261046	0.0140494	0.0382595
0.032696	0.00363682	0.0374758
0.0252898	0.00142091	0.0383336
0.0510748	0.00902816	0.0354227
0.0401886	0.014535	0.0368773
0.0383922	0.00814056	0.0369345
0.0159999	0.00588923	0.0390862
0.0311276	0.00448898	0.0377102
0.0232969	0.0143731	0.0384269
0.0378648	0.0124204	0.037175
0.0122499	0.00581413	0.039177
0.0398867	0.0108947	0.0366548
0.0255406	0.00813296	0.0382526
0.0266886	0.00871381	0.0380581
0.0338929	0.0137617	0.0374071
0.0398534	0.00678556	0.0367362
0.0308272	0.0160568	0.0376613
0.0065598	0.00876658	0.0404056
0.000211858	0.0146102	0.0406736
0.0414158	0.00867815	0.0364564
0.0311879	0.0119164	0.0376579
0.0355912	0.00285599	0.0371882
0.019126	0.00555454	0.0388611
0.0179673	0.00174191	0.0388809
0.0334315	0.016512	0.0373906
0.0281633	0.00292287	0.0379049
0.0239481	0.0117294	0.0383062
0.0338473	0.00534093	0.0374433
0.034333	0.011839	0.0372675
0.053117	0.010535	0.0352987
0.0372819	0.0143059	0.0371255
0.0330497	0.00604578	0.0374107
0.0388725	0.014075	0.0368612
0.0397094	0.0155073	0.0367279
0.0391299	0.00998121	0.0366828
0.0149541	0.00608876	0.0391721
0.0397213	0.0159576	0.0367282
0.0377127	0.0112374	0.0370229
0.0238738	0.0149975	0.0384077
0.0218418	0.00524697	0.0385592
0.038096	0.0113009	0.036769
0.0315418	0.0127325	0.0377666
0.0356937	0.00262131	0.0371662
0.0381791	0.0164461	0.0366658
0.0266646	0.0154559	0.0381473
0.00972506	0.00668346	0.0397574
0.0229976	0.00608314	0.0383828
0.0423657	0.0116975	0.0365583
0.0282011	0.0106134	0.0379894
0.0254312	0.00517507	0.0381712
0.037323	0.0124034	0.0370792
0.0272378	0.0153833	0.0380391
0.0325624	0.0103498	0.0374382
0.0425739	0.00329347	0.0364069
0.0169405	0.00130993	0.0391085
0.0352119	0.00978301	0.0372034
0.0249366	0.0136509	0.0381812
0.0282515	0.00579406	0.0377509
0.0486262	0.0038257	0.0358019
0.0305445	0.0102176	0.0377561
0.0323512	0.0152428	0.0377144
0.0232707	0.00678976	0.0385212
0.0386384	0.0142084	0.0368924
0.0462206	0.0148259	0.0360112
0.0328264	0.0135127	0.0374296
0.0172485	0.00335343	0.0392607
0.0242634	0.00734697	0.0384793
0.00425377	0.0091626	0.0404549
0.0170903	0.0125815	0.0389298
0.0329047	0.00271931	0.0372156
0.0232321	0.00649035	0.0385956
0.0256208	0.0123176	0.0382926
0.0334342	0.00847013	0.0374665
0.0272666	0.000765858	0.0379051
0.0269269	0.0152384	0.0378813
0.0356004	0.0155071	0.0371608
0.0414641	0.0162722	0.0367246
0.0190764	0.00412853	0.0387882
0.0290166	0.0164144	0.037818
0.0139658	0.010305	0.0394504
0.0329323	0.00641721	0.0373546
0.0227226	0.00299635	0.0385287
0.022413	0.0112262	0.0385497
0.0252243	0.0150999	0.0383249
0.00987121	0.0167282	0.0399676
0.0509095	0.00956663	0.0356645
0.0166181	0.0126654	0.0390713
0.0332277	0.00858521	0.0374557
0.0295499	0.0153533	0.0378456
0.000447162	0.010231	0.0407526
0.0468426	0.0131555	0.0357919
0.0148547	0.0145014	0.0392558
0.0346139	0.00461305	0.0371857
0.0380936	0.0118785	0.0369147
0.0307273	0.0116794	0.0375835
0.0322275	0.0104629	0.0374968
0.0259422	0.00474804	0.038073
0.026418	0.00654013	0.0380463
0.0252284	0.00922085	0.0382425
0.021172	0.0163402	0.0387617
0.0343296	0.00819132	0.0373628
0.0400681	0.0162366	0.0369091
0.0360944	0.0106785	0.0372491
0.024193	0.0129066	0.0384656
0.0212136	0.0136409	0.0385746
0.0182805	0.0114534	0.0389685
0.0355926	0.00711979	0.037161
0.0298478	0.00928544	0.037717
0.0279735	0.0154431	0.0381049
0.0296737	0.0132224	0.0378447
0.0287094	0.0120693	0.0378902
0.0302582	0.00846763	0.0377347
0.0303239	0.0162899	0.0376836
0.0217778	0.00621064	0.0385976
0.0191978	0.0118643	0.0390242
0.0307565	0.0110731	0.0376073
0.0453026	0.00936607	0.036251
0.0300558	3.82883e-05	0.0377797
0.0271909	0.0121847	0.0379367
0.0351816	0.00521599	0.0371105
0.0365544	0.00931173	0.03711
0.0351143	0.00520694	0.0372481
0.040068	0.00801205	0.0368071
0.0318412	0.00645478	0.0376174
0.0268949	0.00876365	0.0381099
0.0213761	0.0091873	0.0385434
0.025422	0.0115142	0.0382477
0.0127436	0.0133641	0.0396204
0.02909	0.00354444	0.0378501
0.00792789	0.0142342	0.0401509
0.0149282	0.00676196	0.039355
0.052592	0.00615867	0.0353876
0.0269034	0.00893957	0.0380272
0.0272416	0.00705211	0.0380698
0.0130643	0.0136608	0.0397128
0.0372734	0.0156934	0.0369773
0.00783358	0.00478358	0.0400151
0.0378407	0.0166039	0.0369331
0.0303401	0.0122033	0.0377791
0.0273083	0.0103909	0.038002
0.0291983	0.00203394	0.0379341
0.031785	0.00453384	0.0375095
0.019512	0.0116625	0.0388505
0.012775	0.0158728	0.0396463
0.0350022	0.0127137	0.0372364
0.0240964	0.0116534	0.0385193
0.0289952	0.00899844	0.0379087
0.0311046	0.00987861	0.0376055
0.0240007	0.0120428	0.0382799
0.000429808	0.00165231	0.0401862
0.0336461	0.010737	0.0374986
0.0311758	0.0137567	0.0375955
0.0213115	0.0043933	0.0384913
0.0317052	0.0025851	0.037486
0.0162875	0.0123742	0.0390126
0.0343278	0.0014012	0.0373894
0.040425	0.0165214	0.0368361
0.0353343	0.00873188	0.0372377
0.0363575	0.0138976	0.0370568
0.0299733	0.0107803	0.0378238
0.0273856	0.00711441	0.0379784
0.051117	0.0137257	0.0355614
0.0374935	0.00979134	0.0370063
0.0266624	0.0113837	0.0381758
0.0237493	0.0115533	0.0382888
0.023329	0.0128052	0.0385124
0.0360129	0.0131935	0.0370908
0.0311478	0.00545348	0.0374908
0.0168192	0.000373573	0.0390777
0.0231701	0.00714243	0.0383345
0.0455893	0.00351483	0.0359258
0.0181897	0.0118044	0.03891
0.0326073	0.0128071	0.0375631
0.0207194	0.0169695	0.0388787
0.0293158	0.00919273	0.037908
0.0347948	0.00641169	0.0371712
0.0327061	0.0124483	0.0376499
0.0349495	0.00407787	0.0372973
0.02807	0.0161382	0.0378095
0.0453428	0.00473396	0.036196
0.0266637	0.00339093	0.0381047
0.0288342	0.0149348	0.0380785
0.0259239	0.00757866	0.0381205
0.0336757	0.0198501	0.0375443
0.0203462	0.0172458	0.0386797
0.0271829	0.00386101	0.0380583
0.0373449	0.00934998	0.037027
0.0222786	0.00436614	0.0386045
0.0373357	0.0156032	0.0370962
0.0268191	0.0127874	0.0381156
0.0264534	0.005798	0.0381043
0.024673	0.0124667	0.0384717
0.0271433	0.0120983	0.0381372
0.0168062	0.0101764	0.0391314
0.0265504	0.0165712	0.038148
0.0244415	0.0127938	0.0382162
0.00546656	0.00867609	0.0401211
0.045583	0.0153565	0.0360792
0.0199669	0.0116559	0.0387777
0.0291246	0.00454131	0.037862
0.0193738	0.000520395	0.0387469
0.0246568	0.0118708	0.0382953
0.016672	0.00391903	0.0391641
0.00458971	0.00634516	0.0402195
0.0165415	0.00507262	0.0391618
0.033895	0.00789016	0.0373899
0.0406446	0.0120148	0.0365807
0.0359624	0.0123206	0.0371962
0.0252914	0.0163766	0.0382218
0.040706	0.0126317	0.0366296
0.0347684	0.00794419	0.0371827
0.0378498	0.00735411	0.0369555
0.024023	0.00311768	0.0380569
0.033273	0.010327	0.0374008
0.0491931	0.0158458	0.0354854
0.0261867	0.0103322	0.0380585
0.0280941	0.0034587	0.0378444
0.0174716	0.0178844	0.039229
0.0342166	0.00882833	0.0373103
0.041759	0.0138921	0.0365109
0.0361152	0.0153815	0.037099
0.0293219	0.0106651	0.0378113
0.0146958	0.00869316	0.0392761
0.0367617	0.0156439	0.0371663
0.0253166	0.00604221	0.0380635
0.030066	0.0100311	0.0377055
0.0279791	0.0152504	0.0382169
0.0346995	0.0138046	0.0373677
0.03466	0.00754172	0.0372701
0.0306592	0.0135405	0.0376882
0.0283092	0.0113259	0.0378554
0.0233877	0.010118	0.038437
0.0287836	0.00460869	0.037904
0.00730034	0.0167649	0.0399438
0.031391	0.00676209	0.0375422
0.0386444	0.00880236	0.0369107
0.0351436	0.0161446	0.0370661
0.0350487	0.0103268	0.0372
0.00374298	0.00263543	0.0404775
0.0373789	0.00584382	0.0370598
0.0313615	0.0126601	0.0375867
0.0436116	0.0124306	0.0364694
0.0291325	0.0110204	0.0378266
0.0351832	0.0124668	0.0370613
0.0429284	0.00225998	0.0364153
0.0333952	0.0140229	0.0374202
0.0281022	0.00963018	0.0380331
0.0290907	0.00447743	0.0378679
0.0383697	0.00797566	0.0369136
0.0259633	0.000669002	0.0379876
0.0452702	0.0126574	0.0361808
0.0418661	0.00981502	0.0366222
0.0243767	0.00917161	0.0383615
0.0452823	0.0118463	0.0362962
0.0374406	0.0101262	0.0370446
0.0155768	0.0124999	0.0390444
0.0273472	0.00376594	0.0378751
0.0232192	0.013306	0.0383442
0.0470794	0.00929906	0.0358183
0.0282747	0.00900376	0.0379212
0.0234757	0.00112743	0.0382829
0.031514	0.00617919	0.0376031
0.0289373	0.0102974	0.0378257
0.0355871	0.0153506	0.037285
0.0315831	0.00768301	0.0375462
0.0444657	0.0140121	0.0361965
0.0306347	0.0111455	0.0376582
0.0269904	0.00673153	0.0380875
0.011341	0.00569457	0.0396997
0.0359198	0.00877506	0.0371816
0.0339794	0.00849909	0.0374252
0.0251801	0.0157852	0.038399
0.033616	0.012523	0.0374115
0.0375603	0.00381658	0.0369732
0.0373865	0.00997823	0.0370159
0.0247252	0.00588798	0.0383526
0.0368166	0.00539773	0.0369372
0.0328967	0.00882011	0.0373572
0.041757	0.0128201	0.0364041
0.0168907	0.00951645	0.0391553
0.0181891	0.00917009	0.0388777
0.0433877	0.0160002	0.03632
0.00853951	0.0115071	0.0402351
0.0180361	0.00728268	0.0390132
0.0237294	0.00641129	0.0384524
0.0348898	0.00924929	0.0372947
0.0396787	0.0023071	0.0368476
0.0407792	0.0116159	0.0365639
0.0499851	0.0131482	0.0355281
0.0337015	0.00380342	0.0373976
0.0332396	0.0106834	0.037346
0.0402884	0.00315899	0.0366944
0.0348117	0.0157492	0.0373555
0.0339258	0.0131369	0.0372238
0.0211818	0.00821288	0.0387581
0.0227807	0.0143707	0.0384067
0.0276326	0.0151719	0.0379482
0.0343618	0.00904862	0.0374046
0.0210128	0.0167606	0.0384584
0.0522981	0.00849733	0.035397
0.0390844	0.0125429	0.0369258
0.0155297	0.0134104	0.0393799
0.0390679	0.0108085	0.0366749
0.0255724	0.0045314	0.0379788
0.0338722	0.00920424	0.0374087
0.0249576	0.0111	0.0382278
0.00676652	0.00594331	0.0403955
0.018757	0.00334248	0.0388845
0.0202685	0.0107659	0.0386746
0.0213957	0.00875077	0.0385403
0.022604	0.0114201	0.0386247
0.0348657	0.00985485	0.037276
0.00559463	0.0117608	0.0402718
0.0487906	0.00522322	0.0357372
0.0297013	0.0105832	0.0378185
0.0151613	0.00926384	0.0393223
0.0032092	0.00393473	0.0403029
0.00169943	0.012328	0.0404725
0.0418294	0.0146732	0.0364919
0.0286977	0.0151952	0.0379218
0.0289641	0.0114515	0.0378451
0.0266504	0.00579136	0.0379222
0.0317159	0.0142776	0.037557
0.0380676	0.00807617	0.0370579
0.0314493	0.00998727	0.0376687
0.0468639	0.0090889	0.035994
0.0523282	0.0169381	0.035337
0.0140129	0.0117253	0.039362
0.0254219	0.0151923	0.0384417
0.0205412	0.013344	0.0385978
0.0366146	0.0132507	0.0370583
0.0298367	0.0162209	0.0377005
0.0361724	0.0149565	0.0370789
0.0363031	0.0149782	0.0370876
0.0213493	0.00989371	0.0385821
0.035538	0.0115977	0.037185
0.0249724	0.00542209	0.0382397
0.0138665	0.00836716	0.0392276
0.0233844	0.00140979	0.0385422
0.0310722	0.0146458	0.0376243
0.00133078	0.0138343	0.0406057
0.0282948	0.0144194	0.0380554
0.0425897	0.0147718	0.036438
0.0252228	0.0030456	0.038242
0.0237616	0.00654814	0.0384465
0.0365475	0.00887198	0.0369909
0.0155868	0.0155713	0.0392062
0.0282748	0.0107013	0.0378778
0.0429645	0.00283903	0.0365346
0.0307086	0.000353181	0.0375811
0.0319089	0.0160894	0.0375641
0.0096141	0.00944452	0.0399057
0.0372039	0.00562701	0.0370616
0.0277561	0.00292409	0.0380026
0.042905	0.0138913	0.0366206
0.0284931	0.0104292	0.0379848
0.020688	0.0148623	0.0388049
0.0380877	0.00693871	0.0368245
0.0437817	0.00769584	0.0362226
0.021605	0.00290484	0.038571
0.0182102	0.0166324	0.0388217
0.0414741	0.011984	0.0366847
0.0371853	0.0151462	0.0371624
0.0466528	0.0101483	0.0360004
0.0497436	0.0179488	0.0356742
0.0226077	0.0125981	0.0386434
0.0509837	0.0133053	0.0354659
0.0252138	0.0105475	0.0382431
0.0380942	0.00468964	0.0370436
0.00843416	0.00298178	0.0401547
0.0223886	0.00620244	0.0385341
0.0432174	0.0100184	0.0364817
0.0220275	0.01755	0.0387529
0.0428489	0.00590416	0.0364315
0.0209413	0.0145841	0.0386606
0.0258931	0.0146996	0.0382416
0.0431817	0.0117998	0.0366572
0.0201447	0.00861238	0.0388018
0.0396822	0.00223718	0.0367943
0.0234297	0.00859209	0.038551
0.0125664	0.000868467	0.0394141
0.0254182	0.0146946	0.0382619
0.0238907	0.0103841	0.0384724
0.0400905	0.0124734	0.036806
0.0288691	0.00838406	0.037821
0.0276738	0.0160155	0.038052
0.0217131	0.0085866	0.0385259
0.032244	0.0136752	0.0374777
0.0375715	0.00388943	0.0370057
0.0323715	0.00851385	0.0375036
0.0317917	0.0135007	0.0376611
0.0372414	0.0151441	0.0371427
0.0372214	0.0153409	0.0369856
0.0272247	0.0148618	0.0378696
0.0398499	0.00296215	0.0367501
0.0387704	0.0153398	0.0368304
0.0304873	0.00759421	0.0377362
0.0330173	0.0122557	0.0374289
0.0230287	0.00742085	0.0384096
0.0278782	0.012459	0.0381054
0.0389673	0.0115226	0.0369067
0.0328872	0.00218511	0.0373854
0.0272222	0.012916	0.0380396
0.0377875	0.00710632	0.0369471
0.0193469	0.0139858	0.0386436
0.0316755	0.0149425	0.0375745
0.0230548	0.0112411	0.0383976
0.0404776	0.0115308	0.0367413
0.0262942	0.00770894	0.0381526
0.0281595	0.0057842	0.0377915
0.0269527	0.00257622	0.0380099
0.0169961	0.0169238	0.0389737
0.0213389	0.010144	0.0385693
0.0322326	0.0112596	0.0376127
0.0373627	0.014237	0.0371157
0.0450575	0.0150306	0.0360419
0.0452361	0.00539316	0.0361926
0.0453659	0.0160716	0.0362757
0.0273252	0.0079135	0.0379786
0.0309569	0.0105173	0.0375851
0.0171266	0.0184964	0.0391921
0.0427461	0.0130286	0.0365044
0.0179868	0.00899702	0.03895
0.0404602	0.0146089	0.0366298
0.0399382	0.00738061	0.0366437
0.0287215	0.00881623	0.0378396
0.0407266	0.0144931	0.0364245
0.0292972	0.00960181	0.0378486
0.0292637	0.0139678	0.0379097
0.0423312	0.0126358	0.0362854
0.0348275	0.0137882	0.0372744
0.0388415	0.0104548	0.0368326
0.0486289	0.00315899	0.0355754
0.0412012	0.0122042	0.0364159
0.0236848	0.00695851	0.0381862
0.014372	0.013581	0.0394806
0.0517128	0.00458002	0.0355765
0.0446532	0.0126923	0.0363769
0.0296649	0.00808073	0.0377965
0.0278112	0.015859	0.0379524
0.0387681	0.0118086	0.0367794
0.000613763	0.0167886	0.0407115
0.0229377	0.0145809	0.0385582
0.00407548	0.0114812	0.0402761
0.0526026	0.0105705	0.0352025
0.0176223	0.00459358	0.0391078
0.0408483	0.0121596	0.036626
0.0395386	0.0113301	0.0367473
0.0269627	0.0123454	0.0379934
0.0199558	0.0158367	0.0390273
0.0102844	0.00938751	0.0396554
0.0424037	0.00798408	0.036561
0.0306456	0.00423371	0.0376499
0.044504	0.0167965	0.036419
0.025441	0.0180123	0.038379
0.0248559	0.00928355	0.0383287
0.0309357	0.0143821	0.0375236
0.0389117	0.00469595	0.0367897
0.0493685	0.00435323	0.0358322
0.0270928	0.0139365	0.0379766
0.0301644	0.00344608	0.0378189
0.0344081	0.00126727	0.0371372
0.0233819	0.0113914	0.0384407
0.0367985	0.0045353	0.0370438
0.0428476	0.00898861	0.0365582
0.0167631	0.0183356	0.0390975
0.039752	0.0111055	0.0367624
0.0372395	0.00758581	0.0370519
0.0237234	0.00817459	0.0383908
0.0394938	0.00210838	0.0367777
0.0343015	0.0139331	0.0373774
0.0257506	0.00971505	0.038243
0.0388082	0.00877406	0.0369023
0.0258437	0.0064983	0.0381466
0.0282545	0.0146468	0.0379055
0.0154102	0.00796759	0.0391468
0.0305725	0.0102055	0.0376367
0.0492003	0.0145902	0.0360361
0.0512888	0.0145358	0.0357476
0.0379513	0.0130222	0.0369307
0.0390357	0.0150222	0.0369207
0.0320942	0.00553516	0.0375072
0.0262942	0.0111993	0.0380476
0.0276626	0.0118736	0.0380328
0.0365807	0.0114331	0.0370964
0.0356009	0.00956123	0.0372661
0.0220364	0.0107601	0.0384997
0.0293206	0.0155597	0.0376745
0.028976	0.0112327	0.0378128
0.0245823	0.0115525	0.0382715
0.0328337	0.00577706	0.0374295
0.0168791	0.0167801	0.0390805
0.0454724	0.0159933	0.0361114
0.0248875	0.00513549	0.038231
0.00875785	0.0159547	0.0398238
0.0236808	0.000380171	0.0385937
0.0316222	0.0118677	0.0376545
0.0185487	0.0105451	0.0389831
0.0483555	0.0168554	0.0359131
0.0187254	0.0104794	0.0390542
0.0364803	0.0124357	0.0370875
0.0368685	0.0147644	0.0371633
0.0320707	0.0154577	0.0373961
0.0235276	0.00844304	0.0384129
0.0484354	0.0127175	0.0359477
0.0341508	0.0127672	0.0374345
0.0442662	0.0116557	0.0362912
0.00968327	0.0143274	0.0397675
0.0266161	0.0109606	0.0381365
0.0405781	0.0142069	0.0366696
0.0345783	0.00874095	0.0371958
0.0397516	0.00398729	0.0367406
0.0324708	0.0116574	0.0375456
0.0351814	0.0110122	0.0372895
0.0101944	0.00916696	0.0396593
0.0327656	0.00627919	0.0375319
0.0209744	0.0154248	0.0386649
0.0206936	0.0139733	0.0388235
0.0468519	0.0123219	0.0361173
0.0223232	0.00974502	0.0386752
0.0399844	0.0166591	0.0367064
0.0361077	0.0137188	0.0371165
0.0266944	0.012726	0.0380282
0.0298541	0.0118033	0.0378526
0.0372893	0.0169157	0.0369692
0.0269975	0.00986392	0.0380774
0.0227148	0.0134331	0.0384952
0.0240899	0.010537	0.0383793
0.0369469	0.0140027	0.0370084
0.0287235	0.016472	0.0381158
0.0266315	0.00138066	0.0380944
0.0252633	0.00782628	0.0382631
0.0316545	0.00736662	0.0376193
0.0241557	0.0164974	0.0383573
0.035837	0.00371563	0.0371468
0.0332184	0.0104916	0.0374831
0.0239783	0.00726225	0.0382461
0.0245441	0.00566865	0.0382764
0.0223363	0.00835452	0.0385257
0.0240878	0.0122549	0.0382503
0.0178567	0.0102293	0.0391488
0.0354856	0.00333224	0.0371473
0.00267897	0.00978122	0.0406275
0.00959844	0.0169814	0.0401351
0.0355982	0.00177481	0.037321
0.0266973	0.0125243	0.0380378
0.0270404	0.00834995	0.037997
0.0344106	0.0022444	0.0371418
0.0284745	0.00676771	0.0377511
0.0369723	0.00453343	0.0370138
0.0198781	0.0138706	0.0388501
0.0317341	0.00659096	0.0375126
0.0239439	0.0123524	0.0383879
0.0318899	0.0104481	0.0375254
0.0379484	0.00771356	0.0368507
0.0138092	0.00936961	0.0393257
0.0293284	0.00624007	0.0377833
0.0303916	0.00846544	0.0376996
0.0262982	0.0127579	0.0381164
0.0189079	0.0144638	0.0386767
0.00421643	0.0166563	0.0403312
0.0427437	0.016605	0.0364361
0.0340431	0.00937066	0.0373269
0.0242716	0.0125711	0.0383042
0.0284929	0.0140176	0.0380983
0.0208167	0.0106138	0.0386209
0.0107311	0.00465088	0.0395874
0.0202956	0.0144259	0.038803
0.0272109	0.0129551	0.0381218
0.0427689	0.0140755	0.0364708
0.0364832	0.0105337	0.0370198
0.00260654	0.0094583	0.0406863
0.0283899	0.00752177	0.0378367
0.0209017	0.0136823	0.0388076
0.0117443	0.00700242	0.0396807
0.0386824	0.0151313	0.0368466
0.0343768	0.0079519	0.0373499
0.0122938	0.00910479	0.0396053
0.0237074	0.0152716	0.0383749
0.0285053	0.0139084	0.037857
0.0275886	0.0130968	0.0380543
0.0292223	0.00922308	0.0378849
0.0363882	0.0142369	0.037198
0.0368502	0.00867129	0.0370798
0.0249183	0.00699364	0.0382321
0.0325199	0.0099857	0.0373978
0.0173738	0.0140018	0.0390397
0.0412931	0.00978531	0.0366158
0.0343559	0.0110881	0.037176
0.048862	0.0121185	0.0357757
0.037419	0.0082343	0.036985
0.01416	0.00475757	0.0390443
0.0343356	0.0085457	0.0373645
0.0328213	0.00912163	0.0374407
0.0291542	0.0155508	0.0377827
0.0377619	0.00300418	0.0369516
0.0174986	0.0109498	0.0391998
0.0240626	0.00844008	0.0383394
0.026737	0.0168946	0.0378877
0.0350215	0.00911988	0.0372868
0.0419081	0.00665017	0.0366116
0.0164567	0.00912201	0.0388677
0.0279915	0.0161779	0.0377725
0.0187123	0.0140411	0.0391262
0.0362618	0.0122558	0.0372387
0.0239063	0.0140816	0.0382525
0.034933	0.0157023	0.037224
0.0285792	0.00169765	0.0380495
0.0319613	0.00560819	0.0374257
0.025125	0.0152198	0.0382276
0.0221815	0.014522	0.0385647
0.0186637	0.0161843	0.0387676
0.0232696	0.00813951	0.0383484
0.0284734	0.0132145	0.0377944
0.033354	0.0116527	0.0374177
0.0457238	0.00251765	0.0360855
0.00641183	0.00865928	0.0400148
0.0384301	0.00931799	0.0369722
0.0346631	0.00984405	0.0373194
0.0329953	0.00786562	0.0375168
0.0447011	0.0144743	0.0364649
0.0246049	0.00330171	0.038027
0.0229446	0.012452	0.0385755
0.0452134	0.0119718	0.0360599
0.0320655	0.00617229	0.0376165
0.0295788	0.0175789	0.0379102
0.0269665	0.00113061	0.0379397
0.0291329	0.014495	0.0378053
0.0376687	0.0135725	0.0368259
0.0193817	0.00688912	0.0387582
0.0422113	0.0112627	0.0365049
0.0195312	0.0138088	0.0390365
0.0301164	0.0047812	0.0377036
0.00583145	0.00692562	0.0404926
0.0308634	0.0167715	0.0376954
0.0430671	0.0119082	0.036275
0.0151784	0.0155442	0.0392432
0.0285671	0.00262225	0.0378979
0.0354582	0.000814219	0.0372152
0.0335318	0.00876091	0.0374135
0.0151938	0.0127171	0.0391855
0.0352198	0.00596654	0.037251
0.0263243	0.0116926	0.0381529
0.0298439	0.0100326	0.0378206
0.034113	0.0134088	0.0374383
0.0233839	0.00547567	0.0384486
0.0289459	0.00454176	0.0378846
0.0120008	0.00369796	0.0396017
0.0365858	0.00254364	0.0369219
0.0266486	0.00662051	0.0381172
0.0379825	7.11188e-05	0.0367552
0.0216232	0.00632002	0.0385495
0.0332687	0.00674502	0.0373487
0.0122969	0.00687765	0.03931
0.0527198	0.0143109	0.0354811
0.0220082	0.0106274	0.0386942
0.0366731	0.0113684	0.0369523
0.0326553	0.00996908	0.0373945
0.0171877	0.0105628	0.0392251
0.0143991	0.00970514	0.0392469
0.0288221	0.0139374	0.037932
0.028409	0.00575091	0.0378667
0.0271632	0.0179601	0.0380678
0.0380946	0.0131223	0.0369144
0.0429867	0.00511967	0.0365363
0.0322978	0.0131546	0.0375408
0.0197089	0.00899181	0.0387976
0.0206976	0.00915983	0.03874
0.0367913	0.0130831	0.0370101
0.0285694	0.0182313	0.0379779
0.0428027	0.00229612	0.0362718
0.0316959	0.0051913	0.0376392
0.0289192	0.0123297	0.037846
0.00816417	0.0160936	0.0397377
0.0231597	0.0118719	0.0385708
0.0272318	0.012379	0.0380425
0.0268421	0.0147347	0.0379917
0.0225666	0.0153799	0.0385315
0.0173981	0.0101077	0.0390989
0.028556	0.00994473	0.0378133
0.0138754	0.0161644	0.0393597
0.0294183	0.00584871	0.0378589
0.0177847	0.0087411	0.0389174
0.0365532	0.0134738	0.0370873
0.0272731	0.0118212	0.038099
0.0355061	0.00811611	0.0371095
0.0258855	0.00919834	0.0382211
0.0375912	0.00544088	0.0369335
0.0339443	0.0157902	0.0373858
0.0209201	0.0161918	0.0387473
0.0270499	0.00665812	0.0380071
0.0364989	0.00872457	0.0371647
0.0354276	0.00789265	0.0371204
0.0334848	0.00665004	0.0373215
0.0122133	0.0139642	0.0398072
0.0305287	0.00918429	0.0377181
0.0360067	0.00981994	0.0370331
0.0345698	0.00915182	0.0371889
0.0417782	0.0114357	0.0364519
0.0214263	0.0101102	0.0385237
0.0444082	0.0169875	0.0362314
0.0365126	0.0119935	0.0370521
0.0321542	0.0117201	0.0375688
0.0417987	0.0113682	0.0365471
0.0285303	0.0112873	0.0379797
0.00794157	0.00573721	0.0398654
0.0484712	0.0161863	0.0358205
0.0342904	0.0151025	0.0372931
0.0114739	0.00114242	0.0394546
0.0329678	0.00536638	0.0373291
0.0268461	0.00997557	0.0380014
0.0332628	0.00901124	0.0373801
0.0223472	0.00746389	0.0384676
0.0137141	0.0165009	0.0393582
0.0393164	0.0126641	0.036812
0.0430069	0.000170973	0.0363312
0.0239423	0.0127741	0.0382694
0.0234816	0.00532403	0.03832
0.0528649	0.00486526	0.0352907
0.0263749	0.00428122	0.0381989
0.0102745	0.00749454	0.039654
0.0401826	0.00427887	0.0367097
0.0287332	0.0133689	0.0378762
0.0434101	0.0156345	0.0362997
0.032009	0.00215773	0.0375127
0.0272589	0.00259908	0.0381229
0.0164181	0.012866	0.0392924
0.0145507	0.0133013	0.0393727
0.0285513	0.00796087	0.0377724
0.0275654	0.00933372	0.0380941
0.0314655	0.00869627	0.0376361
0.0382292	0.013347	0.0368636
0.0254246	0.0167494	0.0381269
0.0413971	0.0155794	0.0366795
0.0486719	0.0132	0.0356793
0.0240937	0.0109624	0.0383159
0.0294095	0.0111605	0.0378769
0.0252356	0.0140189	0.0382206
0.0451045	0.0107724	0.0360911
0.0340541	0.00887327	0.0373933
0.0245829	0.00332006	0.0383581
0.0313757	0.00666448	0.0376745
0.039111	0.0140632	0.0367526
0.0202616	0.0132655	0.0389498
0.0235216	0.00491644	0.0381596
0.0377643	0.0134011	0.0370362
0.0280085	0.0123198	0.0380253
0.0508925	0.0123074	0.0355702
0.0160821	0.0161541	0.0392764
0.038301	0.0189615	0.0368649
0.0214856	0.00966124	0.0384339
0.0261226	0.0103816	0.0382077
0.029758	0.0113608	0.0377209
0.0416718	0.00846756	0.0365976
0.0385114	0.00711725	0.0369184
0.0260801	0.0154934	0.0383949
0.0234467	0.0116168	0.0384801
0.017846	0.00360716	0.0389892
0.0458031	0.00926782	0.0361969
0.00946313	0.00958636	0.0399334
0.0275565	0.00196686	0.0376732
0.0216503	0.0123979	0.0386023
0.0174631	0.0127516	0.0390977
0.0464866	0.00218485	0.0362507
0.0409503	0.0159954	0.0368258
0.0292454	0.0134011	0.0377918
0.0398338	0.00480502	0.0367398
0.0316924	0.0167479	0.0376633
0.0251947	0.00820534	0.0383428
0.0376849	0.0141146	0.0369405
0.0447445	0.0124071	0.0362674
0.0278851	0.00960198	0.0379451
0.0208374	0.0113645	0.038689
0.0288093	0.00323518	0.0378523
0.0220114	0.0123278	0.0385769
0.0281813	0.00672741	0.0378916
0.0334712	0.00787001	0.0374834
0.0365187	0.0146776	0.0372202
0.0330373	0.0119115	0.0374766
0.0160343	0.0118334	0.0390315
0.0269843	0.00227736	0.0378952
0.0200609	0.0126406	0.0386939
0.0338538	0.0165127	0.0374801
0.034463	0.00870599	0.0373957
0.036123	0.0112204	0.0370646
0.0240187	0.010258	0.0382853
0.0332511	0.00806059	0.037353
0.0413458	0.00901872	0.0365066
0.0124966	0.0163616	0.0395344
0.0192371	0.0127625	0.0387364
0.0427033	0.00293713	0.0366001
0.0256476	0.00996868	0.038195
0.0383999	0.00917698	0.0367888
0.0268167	0.00719885	0.0381554
0.0310439	0.0117616	0.0375828
0.0265263	0.0140208	0.03807
0.0418032	0.00887197	0.036598
0.0204879	0.00790055	0.0384851
0.0194645	0.00696579	0.038761
0.0357435	0.0162851	0.0371449
0.0302815	0.0167627	0.0376665
0.0367087	0.00721737	0.0371021
0.0379855	0.00521299	0.0368788
0.0315665	0.0143167	0.0375727
0.0370326	0.0168614	0.0368617
0.00934434	0.00966528	0.0397406
0.0234928	0.000439802	0.0383949
0.0304462	0.0118853	0.0377781
0.0161418	0.0105803	0.0389195
0.0187964	0.00756274	0.038856
0.0377032	0.00725412	0.0369912
0.0154636	0.0105385	0.0391489
0.0186881	0.00412186	0.0388969
0.0479476	0.0132689	0.0362747
0.0242828	0.00714564	0.0384205
0.0303317	0.0112156	0.0376083
0.0228765	0.00914086	0.0384055
0.0309066	0.00897033	0.0376176
0.0257204	0.00941985	0.0381398
0.0305044	0.00967705	0.0376605
0.0418959	0.00372317	0.0366071
0.0251189	0.0121769	0.0381743
0.0173975	0.00855088	0.0389559
0.0213322	0.0110799	0.0385603
0.0352782	0.0107955	0.0373293
0.0270542	0.00695245	0.0381264
0.0215056	0.00441641	0.0384744
0.0372367	0.00336244	0.0369337
0.0339844	0.0104838	0.0374021
0.0361411	0.00117779	0.0370172
0.0359928	0.00517159	0.0371561
0.041019	0.00766652	0.0366584
0.035337	0.00636526	0.0371499
0.0388076	0.00536896	0.0368249
0.0253332	0.0167055	0.0382354
0.0364713	0.0093869	0.0370773
0.0352714	0.0119598	0.0372539
0.0311699	0.0157373	0.037728
0.0376869	0.00895507	0.0370936
0.033432	0.00945754	0.0374588
0.0405125	0.0122942	0.0366567
0.0407738	0.0094599	0.036706
0.0271987	0.00983773	0.0380111
0.0287185	0.0143459	0.0378827
0.0342017	0.0129227	0.037388
0.0234599	0.0162296	0.0382621
0.0153312	0.00937065	0.0392644
0.0270383	0.00872563	0.0379843
0.0385636	0.0077181	0.0369121
0.0430182	0.0111272	0.0363011
0.0293943	0.0166295	0.0377925
0.0344713	0.000558743	0.0371842
0.0344805	0.0106583	0.0372952
0.0417571	0.00643895	0.0364415
0.0329584	0.0177561	0.0374029
0.0399194	0.0123988	0.0367267
0.030962	0.0114373	0.0375483
0.0251228	0.00435341	0.0381491
0.0193464	0.00269427	0.0387827
0.038184	0.0100601	0.0368403
0.0381099	0.00322578	0.0369254
0.0332954	0.00593838	0.0373865
0.0277007	0.00205269	0.0379395
0.0384594	0.0128127	0.0368869
0.0139509	0.00959357	0.0394603
0.0312158	0.00117262	0.0373973
0.0329847	0.0165407	0.0374769
0.041877	0.00372892	0.0365835
0.0186047	0.0134927	0.0389998
0.0153155	0.00220082	0.0390801
0.0335026	0.00499631	0.0373702
0.0273147	0.00748962	0.0380579
0.0085002	0.00878514	0.0398063
0.0515751	0.0131987	0.0356567
0.0194576	0.0103933	0.0387709
0.0245652	0.00423021	0.0383402
0.0295898	0.011797	0.0378618
0.0433165	0.0157694	0.0364225
0.0281075	0.0151182	0.0381577
0.0429236	0.0064526	0.0365252
0.0349829	0.016404	0.0372425
0.0441168	0.0126424	0.036446
0.0172585	0.00633117	0.039119
0.0185973	0.00663647	0.038717
0.0199658	0.00762184	0.0387076
0.0216233	0.00644667	0.0385721
0.0235553	0.00675067	0.0382555
0.04107	0.00739948	0.0366888
0.0416606	0.013549	0.0365206
0.0264484	0.0168667	0.0381603
0.0122321	0.0138296	0.0396195
0.0524984	0.0142426	0.03527
0.0384428	0.0131511	0.0369027
0.0193007	0.0163045	0.0389153
0.0305531	0.0169465	0.0377335
0.0135979	0.0107267	0.0394932
0.0288921	0.000426027	0.037998
0.0347368	0.0123039	0.037327
0.0412436	0.00901647	0.0364956
0.0388093	0.000641988	0.0367529
0.0386115	0.00673421	0.0367984
0.0241248	0.017444	0.0382077
0.0255008	0.00646926	0.0380691
0.0343164	0.00514393	0.0373387
0.0433537	0.00677178	0.0364811
0.00667938	0.00220686	0.0401199
0.0332054	0.0117164	0.0374064
0.0322498	0.010817	0.0376082
0.0281458	0.0130977	0.0379972
0.0326478	0.00553907	0.0374272
0.0189488	0.0115986	0.038843
0.0353445	0.00533674	0.0372211
0.0247428	0.00814221	0.0382373
0.0153125	0.00533058	0.0392762
0.0366108	0.00366963	0.0370021
0.0474889	0.0114387	0.036057
0.0216303	0.0180966	0.0386778
0.0432998	0.0113675	0.0365792
0.0296543	0.00444374	0.0378067
0.0413644	0.0149622	0.0365242
0.0405506	0.00932207	0.0367471
0.0328225	0.00953629	0.0373729
0.0193581	0.00242952	0.0388432
0.0345415	0.0135769	0.0372569
0.0292329	0.00169742	0.0375833
0.0226259	0.000822904	0.0387079
0.0263199	0.0132418	0.0381055
0.0259179	0.00612897	0.0380037
0.0332869	0.00236932	0.0373154
0.0368639	0.0127113	0.0371257
0.0265237	0.00705398	0.0379934
0.0359917	0.0102532	0.037068
0.0285248	0.0193231	0.0378151
0.0254362	0.0115514	0.0382934
0.0244971	0.0109069	0.0382703
0.02631	0.00826882	0.0381068
0.0300329	0.0149437	0.0377189
0.0410695	0.0157535	0.0367544
0.0456763	0.0123212	0.0361063
0.0283613	0.0129787	0.0377983
0.0242854	0.0157342	0.0383131
0.0315948	0.0159873	0.0376553
0.0379606	0.0157805	0.0370892
0.0352766	0.0139994	0.0372261
0.029093	0.000632558	0.0376689
0.0477553	0.00234983	0.0357883
0.0396335	0.0127688	0.0368577
0.0368614	0.00971189	0.0371538
0.0367037	0.0127262	0.037036
0.0453519	0.0116564	0.0363851
0.0373224	0.00739256	0.0370096
0.0313794	0.00808071	0.0375353
0.0329847	0.0105943	0.0375157
0.0167087	0.00973274	0.0391773
0.0376353	0.0105617	0.0368957
0.0399446	0.00859423	0.0368797
0.0308729	0.0108013	0.0375576
0.0317071	0.0104179	0.0375645
0.0188773	0.0139975	0.0390833
0.0358935	0.00626678	0.0370788
0.0107395	0.0162375	0.0398841
0.0316837	0.0160887	0.0375316
0.0263048	0.0064379	0.03809
0.0328364	0.00312348	0.0374317
0.0443296	0.0104859	0.0362967
0.022056	0.0167202	0.0388219
0.0479367	0.0144962	0.0360633
0.0239836	0.0110948	0.0383727
0.0383028	0.0154032	0.0368743
0.0423315	0.00880197	0.0364943
0.0218355	0.00320826	0.0385438
0.0492266	0.00436453	0.0358834
0.0288171	0.00664975	0.0378153
0.0420769	0.0117597	0.0363816
0.0211838	0.00737292	0.0386076
0.0269796	0.0170229	0.0379126
0.0244611	0.000240356	0.0382434
0.0291685	0.0137403	0.0379068
0.032277	0.0103459	0.037636
0.0250078	0.0141457	0.038202
0.000711282	0.00908366	0.0411001
0.0448527	0.0156758	0.0362142
0.0181313	0.0113071	0.0390555
0.023181	0.00169185	0.0384251
0.0271915	0.0123504	0.0381173
0.0257938	0.0153244	0.0380523
0.0240739	0.0157482	0.0383186
0.0471009	0.00552702	0.0360557
0.0148667	0.00959421	0.0391697
0.0428067	0.00957116	0.036533
0.0184654	0.0159358	0.0391324
0.0323634	0.0169477	0.0375311
0.0313867	0.0151875	0.037671
0.00631475	0.0122654	0.0401865
0.0260903	0.0153001	0.0381978
0.035415	0.0033523	0.0371997
0.0298202	0.0133127	0.0377527
0.0433309	0.0114514	0.0364613
0.0182692	0.0105885	0.0389966
0.0452811	0.0146917	0.0361221
0.0394739	0.0103199	0.0368521
0.0366393	0.0107295	0.0369594
0.0332069	0.015679	0.0374
0.0134412	0.0152533	0.0395938
0.0185419	0.00730355	0.0388838
0.0383688	0.0192122	0.0368335
0.0354381	0.00635431	0.0371098
0.013128	0.0153823	0.0394433
0.0451889	0.0136054	0.0360802
0.0412022	0.0100915	0.0366861
0.0525689	0.0138335	0.0352411
0.0341069	0.0121446	0.0373584
0.00839834	0.0116862	0.0396316
0.0433954	0.0107442	0.0365844
0.0396067	0.000692323	0.0366076
0.000151721	0.00583876	0.0406528
0.0393453	0.0111852	0.0369471
0.0266459	0.00491901	0.0381144
0.0296159	0.0159406	0.0378247
0.0310657	0.00874951	0.0377165
0.0247791	0.00972926	0.0383152
0.0360088	0.0082435	0.0371772
0.0184307	0.00933493	0.0388618
0.00856284	0.0101019	0.0395857
0.0355843	0.0133854	0.0370713
0.0309668	0.0162218	0.0375032
0.0305723	0.0155917	0.0375141
0.0342364	0.00166213	0.0372956
0.0383725	0.00302944	0.0367534
0.0370109	0.00111304	0.037053
0.0234815	0.0103638	0.038541
0.0310573	0.0150958	0.0376055
0.0176113	0.00811247	0.0390375
0.0287824	0.0112328	0.0377783
0.0393867	0.00562008	0.0366548
0.0419189	0.0144696	0.0364909
0.0353693	0.00183734	0.0369495
0.040825	0.0142173	0.0368057
0.0174965	0.0121124	0.0392208
0.00990204	0.0109755	0.0400741
0.0168499	0.0115718	0.0390163
0.0213387	0.0146012	0.0388098
0.0269956	0.0125289	0.0380624
0.0383678	0.0143015	0.0368782
0.0253343	0.00973014	0.0381547
0.0460672	0.0103496	0.035982
0.023454	0.0134958	0.0384452
0.0397388	0.012511	0.0367517
0.0274067	0.0113205	0.0379581
0.0260996	0.000485534	0.0382973
0.0414967	0.00742544	0.0366899
0.0238708	0.00442764	0.0382401
0.0324019	0.0124892	0.0375993
0.0456308	0.0101817	0.0363613
0.020364	0.000554669	0.0387577
0.0244124	0.0130045	0.0383111
0.0349122	0.0116881	0.0371703
0.0160141	0.015836	0.0391598
0.0331396	0.0131821	0.0375094
0.0307643	0.0133192	0.0376499
0.0365959	0.0129747	0.0372066
0.0285871	0.00949119	0.0378478
0.025346	0.00316516	0.0382956
0.0350234	0.0058317	0.0372577
0.0326728	0.013042	0.0375134
0.0143639	0.0168571	0.0392551
0.0165824	0.00955383	0.0392966
0.0374917	0.00658512	0.0370115
0.0323068	0.0123837	0.0376086
0.0236037	0.00881093	0.0383429
0.0387467	0.00789963	0.0368947
0.040388	0.00517474	0.0366585
0.0190111	0.0104589	0.0388063
0.012176	0.0134414	0.0395798
0.0318864	0.0110028	0.037568
0.0315003	0.0082006	0.0376689
0.0326051	0.0140769	0.0375717
0.042145	0.011019	0.0365705
0.0484966	0.00758897	0.0358845
0.0167463	0.00128164	0.0391027
0.029577	0.011945	0.0377786
0.0228859	0.00595355	0.0384996
0.0340733	0.0102799	0.0373143
0.0245324	0.0116706	0.0381904
0.0138433	0.0121691	0.0394187
0.0274555	0.0159986	0.0381139
0.028375	0.00200658	0.0379461
0.0413934	0.0140899	0.0365925
0.0191413	0.0162734	0.038982
0.0225327	0.0112312	0.0385996
0.0306238	0.00678083	0.037774
0.00719389	0.00919757	0.0399662
0.0291512	0.00567972	0.0376882
0.0482323	0.00365701	0.0359706
0.0364102	0.010192	0.0370179
0.0193838	0.014588	0.0388274
0.0443944	0.0134147	0.0364161
0.0237527	0.00728269	0.0385188
0.0309008	0.0144486	0.0375274
0.027227	0.011205	0.0380052
0.0192227	0.00610879	0.0388112
0.0247304	0.0161993	0.0383364
0.0360249	0.0161273	0.0371517
0.0262168	0.0154	0.0383874
0.0272113	0.0149967	0.0380911
0.0313204	0.0146313	0.0377465
0.0412826	0.00901697	0.0365846
0.0237968	0.00930398	0.0383122
0.025391	0.0141576	0.0382327
0.0405805	0.00907034	0.036695
0.0188659	0.00896347	0.0390208
0.0274141	0.0145239	0.0380755
0.0212583	0.00706683	0.0387373
0.0282218	0.0120001	0.0379197
0.0354563	0.00978495	0.0372035
0.032084	0.00682201	0.0374747
0.0149799	0.0124696	0.0391303
0.0115999	0.0114321	0.0395684
0.0248551	0.0114674	0.0383636
0.0192854	0.0113372	0.0387447
0.0205035	0.00572845	0.0385941
0.0310424	0.00494139	0.037657
0.0298541	0.000835815	0.0376724
0.0205318	0.0133534	0.0388019
0.0411474	0.0167624	0.0367651
0.0322743	0.012242	0.037522
0.0377861	0.016213	0.0367129
0.0176291	0.0144469	0.0392469
0.0524922	0.00462766	0.0353375
0.0284632	0.0146121	0.0379551
0.0285191	0.0128369	0.0379028
0.0308459	0.013275	0.0376242
0.0281082	0.0132776	0.038126
0.0381377	0.00933707	0.0369573
0.02914	0.0052008	0.0378189
0.0249882	0.0112403	0.0382795
0.0294077	0.0121846	0.037752
0.022516	0.00831275	0.0385168
0.0383437	0.00675229	0.0369362
0.0482698	0.0147632	0.0361526
0.0309318	0.00493621	0.0374961
0.0242856	0.0115011	0.0383966
0.0419027	0.0115855	0.0366539
0.0176329	0.0149786	0.0392351
0.0523536	0.0131863	0.0354088
0.0323068	0.0116466	0.037564
0.0286007	0.00808645	0.0379098
0.0283593	0.0143211	0.0380046
0.0329156	0.0130902	0.0372982
0.0223068	0.0144721	0.0384268
0.0264344	0.0129073	0.0381573
0.020385	0.0158264	0.0387135
0.0422713	0.0117044	0.0364884
0.0322356	0.017515	0.0375386
0.0312309	0.00892754	0.0376963
0.0314006	0.00522225	0.0375762
0.0517024	0.0130696	0.0354289
0.0279276	0.0105164	0.0378732
0.0222409	0.00720857	0.0384864
0.030993	0.0112769	0.0376622
0.023116	0.00395598	0.0386275
0.047325	0.016017	0.0356859
0.0321817	0.012216	0.0376793
0.0408695	0.0137466	0.0368144
0.0296312	0.0148884	0.0376564
0.03042	0.0125967	0.037577
0.0248518	0.0131219	0.0382781
0.0438681	0.00897212	0.0363827
0.0316289	0.00928253	0.0376521
0.0326951	0.0107312	0.0374358
0.0293133	0.00784364	0.0377741
0.0319965	0.0149273	0.0373612
0.0226705	0.00495034	0.0385261
0.0207296	0.0119474	0.0388331
0.0150906	0.013898	0.039348
0.0390235	0.00652836	0.0368604
0.0254828	0.00698952	0.0382255
0.0153165	0.00968538	0.039186
0.0444852	0.00765724	0.0363645
0.0430118	0.0132951	0.0363289
0.0284152	0.0113893	0.0379765
0.0162938	0.00660378	0.0393523
0.0306287	0.013882	0.0379138
0.034027	0.0104482	0.0372684
0.0386139	0.0168719	0.0370367
0.0427299	0.00921366	0.0364725
0.0326238	0.0100601	0.0374743
0.0334098	0.0104068	0.0373875
0.0297497	0.00640018	0.0376604
0.0121438	0.0129964	0.0393271
0.0383024	0.011295	0.0368229
0.00132315	0.0140988	0.0403044
0.0232622	0.015758	0.0383409
0.0302302	0.00777093	0.0376801
0.0347082	0.00890133	0.0373746
0.0350544	0.0100207	0.0371965
0.0195839	0.0017914	0.0390103
0.0281276	0.0160737	0.0378016
0.0148321	0.011026	0.0392351
0.0420287	0.0133698	0.0368234
0.0356292	0.00315721	0.0372374
0.0334311	0.0108305	0.0374674
0.0219696	0.0103218	0.0386297
0.0191703	0.00678571	0.0390323
0.0356141	0.0081506	0.0371611
0.0190171	0.0143696	0.0389675
0.0289849	0.00690749	0.0378641
0.0463338	0.0117842	0.0361083
0.0456137	0.00196644	0.036101
0.0161871	0.000950263	0.0390741
0.0286208	0.0113498	0.0378609
0.0201981	0.0124764	0.0386029
0.0317904	0.00697822	0.0376407
0.00868458	0.00145342	0.0397794
0.0220513	0.0156707	0.0386476
0.0369259	0.0148188	0.0372253
0.0530437	0.00596792	0.0355555
0.0185859	0.0162115	0.0389049
0.0214412	0.0102058	0.038762
0.0438532	0.0047835	0.0362193
0.0228405	0.0165303	0.0386587
0.0370293	0.0157618	0.0370066
0.0316677	0.0048088	0.0375857
0.0409448	0.0150112	0.0368075
0.0316439	0.00348507	0.0375148
0.0325549	0.0133561	0.0373833
0.0365454	0.0121456	0.0370972
0.0311467	0.00835824	0.0375572
0.0273967	0.0103629	0.0379719
0.000848697	0.00527283	0.0403072
0.0341202	0.00505486	0.0374124
0.03221	0.0133811	0.0375634
0.0369619	0.00762268	0.0369591
0.0269445	0.0130371	0.0381534
0.0390111	0.000173816	0.0368767
0.0252335	0.0129341	0.0383481
0.0181517	0.00314545	0.0385994
0.0322983	0.008311	0.0375064
0.042736	0.0124406	0.0364434
0.0229038	0.0136476	0.0386126
0.0214726	0.0148312	0.0386325
0.0439658	0.00751264	0.0364991
0.0382543	0.00638892	0.0367921
0.0260163	0.0134548	0.0381646
0.024222	0.0117163	0.0383052
0.0278302	0.0120043	0.0379601
0.0355356	0.0139751	0.0370944
0.0361888	0.00655304	0.03703
0.0127912	0.0116702	0.0395315
0.0248033	0.00283404	0.0382864
0.0397555	0.0165737	0.0364937
0.0342291	0.00199383	0.037361
0.0326725	0.0169094	0.0375916
0.0366005	0.015063	0.0370676
0.0221841	0.000149855	0.0385557
0.0391701	0.00733789	0.036845
0.0376529	0.011308	0.0369193
0.0275888	0.00576035	0.0380611
0.0164744	0.00674943	0.0391657
0.0364369	0.0117509	0.0371859
0.0440025	0.0167968	0.036254
0.0480195	0.00914905	0.0359611
0.0240243	0.00994885	0.0384533
0.0315912	0.00982074	0.0375043
0.0319197	0.00868664	0.0376444
0.0164051	0.0133145	0.0390556
0.0176524	0.00906933	0.0389034
0.0161764	0.0106822	0.0391765
0.0348691	0.00307117	0.0372557
0.00318307	0.0159528	0.0401689
0.0223889	0.00909858	0.0384607
0.0405636	0.00668685	0.0365325
0.0375544	0.00835932	0.0370447
0.0342009	0.00711129	0.0373196
0.0429359	0.0130679	0.0363881
0.026047	0.0161881	0.0382079
0.0451318	0.0128156	0.0361676
0.0192354	0.00943699	0.0389071
0.021865	0.00929273	0.0384889
0.026137	0.0155104	0.0381161
0.0239086	0.0130899	0.0384995
0.0337471	0.00752197	0.0372941
0.0343655	0.0141396	0.0372706
0.0314433	0.0164638	0.0377099
0.02105	0.00573207	0.0387351
0.0316992	0.0108725	0.0375346
0.0314789	0.0133661	0.0376407
0.0316025	0.00962804	0.0375856
0.0204945	0.0131329	0.0388589
0.0431959	0.00884147	0.0363145
0.0307409	0.0145842	0.0379287
0.0395846	0.0145278	0.0367977
0.001199	0.0107303	0.0405965
0.0471068	0.00623853	0.0362053
0.0208562	0.00413354	0.0386595
0.0325587	0.00623182	0.0374301
0.00138582	0.00929264	0.0409713
0.0112719	0.0154423	0.0395738
0.0189259	0.00850671	0.0390444
0.0272586	0.0104504	0.0379375
0.0403788	0.00250354	0.0365079
0.0310898	0.0136491	0.0375951
0.0332263	0.0103684	0.0374038
0.0291965	0.0126771	0.0378931
0.0380985	0.00671041	0.0369165
0.0181904	0.00903262	0.0390097
0.029505	0.0130732	0.0376871
0.0288432	0.00852492	0.0378214
0.0175255	0.0081333	0.03905
0.023159	0.0165397	0.0387147
0.0474034	0.012447	0.0358182
0.0272568	0.00635974	0.0380298
0.045181	0.0149762	0.0360992
0.0411008	0.00748628	0.0366204
0.0181241	0.0152964	0.0389442
0.0389337	0.00970727	0.0367281
0.0311381	0.0136531	0.0376363
0.0302547	0.00960113	0.0377922
0.0320868	0.00833148	0.0374737
0.0258356	0.016429	0.0382325
0.0245891	0.0074491	0.0382641
0.0176363	0.00478185	0.0392139
0.0401727	0.0118684	0.0366532
0.0195471	0.0100354	0.0389645
0.033804	0.0106465	0.0373628
0.0285879	0.00730138	0.0378338
0.000706106	0.00632334	0.0408839
0.0412547	0.0129178	0.0366929
0.0277593	0.0129789	0.0379897
0.0287262	0.0114679	0.0378938
0.0361208	0.000911977	0.0368341
0.042808	0.00908256	0.0365733
0.0349989	0.000595566	0.0372174
0.028522	0.0130436	0.037861
0.0156131	0.0132694	0.039223
0.0430805	0.00456939	0.036401
0.0358359	0.00945594	0.0371788
0.0293354	0.00663125	0.0378664
0.0218107	0.00844096	0.038632
0.03187	0.00538835	0.0375504
0.0396306	0.0122811	0.0366937
0.0310456	0.00877782	0.0376399
0.035754	0.00984589	0.0370594
0.0348215	0.000427814	0.0373412
0.0423885	0.00494897	0.0364788
0.0289053	0.0112683	0.0379568
0.0338478	0.0015868	0.0371736
0.040681	0.00819169	0.0366764
0.0379097	0.0148488	0.0370692
0.0165594	0.0136858	0.039263
0.041683	0.00987135	0.036531
0.0359645	0.0116854	0.0371449
0.0326933	0.0164233	0.0374488
0.0360256	0.0139806	0.0369947
0.0447454	0.00465934	0.0362312
0.0271285	0.0150346	0.0378864
0.00846345	0.00215603	0.0397695
0.0359167	0.00991806	0.0370628
0.0261593	0.0113791	0.0382277
0.041305	0.0104572	0.0365256
0.0159617	0.0023526	0.039325
0.042568	0.00970363	0.0364853
0.0308483	0.00767745	0.0375542
0.0402095	0.00908736	0.0367604
0.0318039	0.0111583	0.0374961
0.0337275	0.00947211	0.0374151
0.0369063	0.0134855	0.0371821
0.0309494	0.00670303	0.0376273
0.0186138	0.0166619	0.0387671
0.0301415	0.00703631	0.0377869
0.0344134	0.0122318	0.0374453
0.0331198	0.0155083	0.0372317
0.0397371	0.0119148	0.0367595
0.038212	0.00254686	0.0369955
0.0168903	0.0111439	0.0390716
0.0326621	0.000521707	0.0375802
0.0106427	0.00214692	0.0398937
0.0327768	0.00843667	0.0375535
0.0342996	0.0103352	0.0373201
0.0371273	0.0133018	0.0371235
0.0322728	0.0121131	0.0375233
0.012227	0.0113747	0.039592
0.0355928	0.0114809	0.0371101
0.0324964	0.0159986	0.0375661
0.0254436	0.00872981	0.0381673
0.0276198	0.0101823	0.0380415
0.0426547	0.00796777	0.036308
0.0349604	0.00755961	0.0372858
0.0335834	0.013522	0.0373758
0.0364498	0.0143482	0.0370845
0.0286595	0.00969338	0.0379708
0.0071826	0.00905681	0.0402512
0.0221706	0.00307162	0.038557
0.0229061	0.0153305	0.0383372
0.0195342	0.00599042	0.0385291
0.0157958	0.0114325	0.0391763
0.0294003	0.00888213	0.0377136
0.019913	0.0162655	0.0390382
0.0516866	0.0123572	0.0356024
0.0235979	0.00930094	0.0384949
0.0310322	0.00231315	0.0375403
0.0325261	0.0101559	0.0375141
0.0357732	0.0166211	0.0370132
0.0417965	0.00787003	0.0365814
0.0512326	0.00885339	0.0357169
0.0376021	0.0119347	0.0370416
0.0244713	0.0116368	0.0383108
0.0391326	0.00632801	0.0368685
0.0430077	0.00778021	0.0364026
0.0214344	0.000738464	0.0386716
