0.0264716	0.00319322	0.0377656
0.0205038	0.00719314	0.0369186
0.0291298	0.0126018	0.037982
0.0425711	0.0133323	0.0395276
0.0374028	0.00595917	0.0390433
0.0208091	0.0131263	0.0370819
0.0414036	0.00700108	0.0394633
0.0106856	0.0129162	0.0359442
0.034012	0.0145661	0.0386016
0.03352	0.0125003	0.0383963
0.0270519	0.0147716	0.0377954
0.0303246	0.0101178	0.0381517
0.0363544	0.0139492	0.0386928
0.0271736	0.0109359	0.0377595
0.0372652	0.0168879	0.0389733
0.0433214	0.0130162	0.0396609
0.0166652	0.0168845	0.0364176
0.0246594	0.00860495	0.0375341
0.0413947	0.00545756	0.039502
0.0272718	0.0190157	0.037694
0.0089326	0.00962723	0.0359821
0.0152085	0.0138229	0.0364927
0.043784	0.00649502	0.0399169
0.0154063	0.00547372	0.0363459
0.0316135	0.00321418	0.0382077
0.0314782	0.0103789	0.0382582
0.0343919	0.0141249	0.0384972
0.0276391	0.0100871	0.0377745
0.0349366	0.0086165	0.0387069
0.0359113	0.014993	0.0386456
0.0301943	0.0154175	0.0378886
0.0317709	0.0149284	0.0382679
0.0127959	0.0155557	0.0359641
0.0324704	0.00886755	0.0383107
0.0447246	0.00735358	0.0397898
0.021854	0.014331	0.037111
0.0294608	0.00657156	0.0382636
0.0280953	0.0138168	0.037823
0.0364208	0.00316616	0.0389798
0.0305418	0.0131772	0.0381901
0.0353954	0.00804444	0.0388394
0.0370531	0.0172675	0.0387947
0.0210837	0.0157397	0.0370053
0.0229889	0.00508503	0.0371801
0.0308602	0.0110164	0.0381808
0.0259282	0.0107345	0.0375178
0.0025496	0.0147376	0.0350237
0.0375075	0.00951889	0.0390053
0.0411835	0.0111038	0.0394454
0.0278437	0.00290623	0.037917
0.0297903	0.00901955	0.0379627
0.0317321	0.0147945	0.0382795
0.0399523	0.010657	0.0392634
0.0424885	0.0152745	0.039588
0.0295526	0.00969663	0.0379601
0.0464511	0.00603197	0.0400095
0.0500113	0.0161781	0.0403062
0.0356199	0.00827046	0.0386918
0.0343508	0.00681878	0.038635
0.027183	0.00854548	0.037682
0.0311096	0.00959473	0.0381497
0.0312914	0.010984	0.0383021
0.0234762	0.0108302	0.0373677
0.0332027	0.00751191	0.0384657
0.0171895	0.0151124	0.0364934
0.0195266	0.0145438	0.0370097
0.0298495	0.00189933	0.0381482
0.0427175	0.00623878	0.0393175
0.0368195	0.00164551	0.0390484
0.042024	0.0133062	0.0394975
0.0343901	0.00750618	0.0386182
0.0296005	0.00626074	0.0380131
0.0361239	0.00107132	0.0387288
0.0378379	0.00844423	0.0389245
0.0239767	0.00752254	0.037375
0.0220183	0.00667012	0.0373248
0.0279619	0.0011513	0.0378789
0.0174207	0.00692035	0.036667
0.0484453	0.013704	0.0402467
0.0366099	0.0146321	0.0387576
0.0414211	0.0124657	0.0395768
0.0326544	0.00593917	0.0384133
0.0196895	0.0134088	0.0369433
0.0305185	0.0109395	0.0382079
0.0451189	0.0102694	0.039709
0.0301271	0.0123507	0.0379971
0.0197772	0.0120343	0.0369651
0.0119133	0.0131745	0.0362551
0.0414774	0.0076431	0.0396064
0.0355674	0.0109854	0.038758
0.0327707	0.0166435	0.038451
0.0276014	0.00576103	0.0378454
0.0215528	0.00904201	0.0371455
0.0370828	0.00953546	0.0388895
0.0341248	0.0131961	0.0386761
0.0348122	0.00242859	0.0387658
0.026203	0.0114795	0.0375206
0.0204821	0.0130336	0.0368463
0.0108271	0.00800011	0.0363294
0.0287593	0.00701365	0.0381788
0.0254626	0.0151098	0.0376227
0.0328715	0.0143597	0.038409
0.0308683	0.0138226	0.0380228
0.00980981	0.00890932	0.0358332
0.0232773	0.0141922	0.0373779
0.00260607	0.00959739	0.0350641
0.0142803	0.0129583	0.0364425
0.0205	0.00653303	0.0370119
0.0397661	0.00892955	0.0392595
0.0423393	0.0144394	0.0395454
0.0229325	0.0103574	0.037324
0.037219	0.0118778	0.0388183
0.0526811	0.0128339	0.0406864
0.03458	0.0114128	0.0387586
0.0511389	0.00577211	0.0403828
0.0374584	0.00731252	0.0390044
0.0400374	0.0167329	0.0392778
0.0250766	0.0161602	0.0375897
0.0406902	0.0147329	0.0391765
0.0510114	0.00812672	0.0404898
0.0406696	0.00293871	0.0395119
0.0396219	0.0128219	0.0391746
0.0223664	0.0062997	0.03715
0.0281535	0.00770006	0.0378494
0.0425201	0.0144613	0.0393662
0.0316202	0.010839	0.0383935
0.0209523	0.00831723	0.0370746
0.0394511	0.0158537	0.0392182
0.010211	0.0124841	0.0359418
0.0171623	0.0152947	0.0364218
0.0175873	0.0157394	0.0366127
0.0321725	0.00341568	0.0384537
0.0489998	0.0137761	0.0402073
0.033541	0.00823766	0.0385549
0.0378174	0.00995596	0.0389878
0.0255927	0.00930155	0.0376495
0.0108907	0.0078438	0.0361929
0.0226295	0.0167317	0.0373172
0.0301523	0.00972575	0.0381125
0.0154096	0.0190862	0.036546
0.0225748	0.0139297	0.0372434
0.036846	0.00819384	0.0387666
0.0322544	0.0129257	0.0384883
0.0485017	0.00695427	0.0400064
0.0367797	0.0133706	0.0387665
0.0382243	0.010212	0.0389541
0.0216012	0.0137282	0.0370394
0.0371886	0.00870181	0.0389245
0.0286041	0.0120119	0.0379196
0.0232148	0.0100203	0.0373582
0.0221793	0.0116941	0.0373072
0.0408421	0.0105657	0.0392684
0.0337598	0.00634582	0.0384643
0.0368562	0.00981633	0.0389127
0.0248659	0.00358323	0.037418
0.0335177	0.0139447	0.0384839
0.0474372	0.00973063	0.0403414
0.0134701	0.0127926	0.0364181
0.0398087	0.00992224	0.0392202
0.033655	0.0142186	0.0385852
0.0328704	0.00416119	0.0384632
0.0244902	0.00852149	0.0375059
0.0209923	0.00201318	0.0370745
0.0374051	0.0155039	0.0388444
0.0232427	0.00321709	0.0373013
0.0279041	0.0135666	0.0378808
0.0273582	0.011227	0.0377813
0.0238114	0.00871547	0.0375771
0.0125085	0.00998844	0.0360998
0.0358801	0.00403242	0.0390361
0.0347997	0.0031328	0.0385601
0.0316675	0.0133866	0.0382346
0.0209042	0.0102974	0.0371432
0.0486168	0.0167129	0.0401372
0.0239115	0.00929224	0.0374312
0.0535182	0.00760762	0.0407719
0.0167723	0.0169771	0.0365797
0.0401695	0.0141298	0.0391809
0.0428972	0.0103588	0.0394654
0.016186	0.0143385	0.0366101
0.04107	0.0134688	0.0393892
0.0299794	0.0167101	0.0380575
0.0208544	0.00666668	0.0369659
0.0247131	0.0150976	0.0372847
0.0333206	0.0134104	0.0384928
0.0322809	0.0167445	0.0383533
0.0331533	0.0163465	0.0385039
0.0218393	0.0060151	0.0371559
0.0301422	0.0157213	0.0380733
0.0368563	0.00314059	0.0389624
0.0272598	0.00924741	0.0377532
0.0318088	0.00799034	0.0382487
0.0354506	0.00556815	0.0385443
0.0308541	0.0112651	0.0382166
0.0496864	0.00851662	0.0404888
0.0428178	0.00382368	0.0395456
0.0149405	0.0109053	0.0364962
0.0350917	0.00577152	0.0386103
0.0369064	0.0108816	0.0389027
0.0350611	0.00716059	0.0386104
0.0298237	0.00244332	0.0381423
0.0131461	0.00723205	0.0360658
0.023984	0.00857322	0.0374204
0.0234675	0.00765495	0.0374664
0.0364676	0.0126768	0.0388626
0.0248455	0.00923933	0.0374928
0.0381685	0.0155543	0.0390699
0.0289339	0.00951518	0.0380608
0.0286945	0.00729501	0.0378956
0.0247958	0.0125114	0.0375495
0.0281898	0.00285279	0.037828
0.0428412	0.0124314	0.0396232
0.00848911	0.0150664	0.0355912
0.0136706	0.01213	0.0361905
0.0290631	0.00739871	0.0380847
0.0287239	0.00885143	0.0380319
0.0343111	0.0168516	0.0384459
0.0350124	0.00646804	0.0386976
0.0161119	0.0069563	0.0367269
0.030606	0.0103778	0.038176
0.0276999	0.00502902	0.0377287
0.0276105	0.00200901	0.0382184
0.034411	0.0102758	0.0385373
0.0264943	0.0105973	0.0378016
0.0340635	0.0154279	0.0386022
0.0356532	0.00924918	0.0388014
0.0317343	0.00958692	0.0383024
0.0281502	0.0141877	0.0379642
0.0441431	0.00364111	0.0396439
0.0140532	0.00388488	0.0363789
0.0227766	0.0164896	0.0373344
0.0376107	0.0122665	0.0389026
0.0234501	0.00794885	0.0375599
0.033925	0.0100164	0.038535
0.0246293	0.0105507	0.0373883
0.028481	0.0108259	0.03786
0.0304243	0.0121	0.0381109
0.0425762	0.0166973	0.0393895
0.0521274	0.0155029	0.0407273
0.00762699	0.0130014	0.0353498
0.0474018	0.00547012	0.0402288
0.0205378	0.0120473	0.0370791
0.0239872	0.000506386	0.0373855
0.0247647	0.0149082	0.037404
0.0426818	0.0117453	0.0395307
0.0196957	0.0151819	0.0368502
0.0198185	0.0118865	0.0370638
0.034283	0.0143674	0.038562
0.0387274	0.0136781	0.0390672
0.0201939	0.00834013	0.0369915
0.0359776	0.00905852	0.0388181
0.0436791	0.00724238	0.0397613
0.0436227	0.0132473	0.0397016
0.0164632	0.0115301	0.0366506
0.0298556	0.0120708	0.0381067
0.0357396	0.012682	0.038926
0.0227758	0.00149024	0.0373642
0.043635	0.0169016	0.0398288
0.042838	0.00845438	0.0396057
0.0345463	0.0135522	0.0385073
0.0331554	0.00481219	0.0384628
0.0336494	0.0109994	0.038474
0.0222676	0.0110169	0.0372486
0.0390113	0.0113023	0.0390884
0.0411657	0.0115364	0.0393284
0.0383823	0.0092527	0.0390641
0.0156703	0.0120021	0.0362861
0.0359908	0.0132207	0.0387517
0.0345751	0.0081159	0.0385147
0.0245774	0.0131093	0.0374574
0.0241955	0.0126775	0.0375014
0.034863	0.0107682	0.0386711
0.0243897	0.0141016	0.0374938
0.0303574	0.0125646	0.0381122
0.0398566	0.0103257	0.0392358
0.0431581	0.0149953	0.0397773
0.0419259	0.00900071	0.039367
0.0323575	0.0112174	0.0382752
0.0361944	0.00773319	0.0386547
0.0318627	0.0104506	0.0382754
0.0300258	0.017672	0.0379179
0.0120313	0.00831643	0.0359714
0.0328193	0.00560391	0.0384114
0.0407831	0.010522	0.0392609
0.0490112	0.00740029	0.0402513
0.0265054	0.0132569	0.0376962
0.0230375	0.0186747	0.0373408
0.0469026	0.0115458	0.0400283
0.021385	0.0156528	0.0371391
0.030193	0.00886706	0.0380121
0.0323427	0.00961501	0.0382372
0.0155358	0.00689429	0.0363297
0.0172135	0.00556779	0.0366414
0.0390203	0.0165517	0.0389949
0.02577	0.0028702	0.0376294
0.00493256	0.0110017	0.0354109
0.0395059	0.00763328	0.0391474
0.0242918	0.00574297	0.0377447
0.0363678	0.00590197	0.0388882
0.017891	0.00458276	0.0367109
0.0242308	0.0110177	0.0375198
0.0275552	0.0165626	0.0378781
0.0323623	0.0153365	0.0382753
0.0199372	0.0116775	0.0370798
0.0324946	0.0029214	0.0385699
0.0283941	0.0127546	0.0378681
0.0213611	0.0174617	0.0371592
0.0225998	0.00619138	0.0373679
0.0248936	0.0149858	0.0374242
0.0427183	0.012665	0.0396102
0.0138106	0.00720563	0.0363116
0.0307606	0.0163757	0.0382293
0.0312206	0.0146217	0.0382757
0.029486	0.000919116	0.0381075
0.0257789	0.00412705	0.0375875
0.0436164	0.00853641	0.0395091
0.0246481	0.00945155	0.0376428
0.0241391	0.0100911	0.0373149
0.0404062	0.0119228	0.039091
0.0209389	0.0150012	0.0371164
0.0245753	0.00673884	0.0373912
0.0351174	0.00651805	0.038694
0.0212271	0.0137152	0.0371465
0.050412	0.0159119	0.0403076
0.0379382	0.000976514	0.0391105
0.0319211	0.0136091	0.0381142
0.0428047	0.00713299	0.039565
0.0207214	0.00587262	0.037001
0.0451471	0.0126877	0.039861
0.029214	0.0113229	0.0379289
0.0167692	0.000133075	0.0363998
0.0351429	0.00804272	0.0386186
0.0332945	0.0119877	0.0385621
0.0298214	0.0144117	0.0380796
0.0279342	0.0164316	0.0378548
0.0216191	0.0116652	0.0372486
0.0371651	0.0167258	0.0388746
0.0149495	0.0121673	0.0364893
0.0273075	0.0111462	0.0377741
0.0163169	0.0115851	0.0366401
0.0218845	0.012766	0.0373093
0.0109467	0.00703367	0.0359081
0.0316761	0.00517017	0.0382792
0.0228844	0.00276977	0.0377038
0.0346376	0.00801328	0.0386752
0.0342621	0.0125084	0.0384987
0.0346918	0.00643489	0.0386869
0.0475825	0.00800969	0.0399032
0.0421516	0.0146552	0.039412
0.0302168	0.00382405	0.0380759
0.0243359	0.00537109	0.0374091
0.0224167	0.0146827	0.03726
0.0236937	0.0126319	0.0373616
0.0352082	0.00610764	0.0388254
0.0323862	0.00653545	0.0383876
0.0266761	0.00422588	0.0377937
0.0162062	0.0114114	0.0367816
0.0300649	0.0142951	0.0381479
0.0257895	0.0153062	0.0376362
0.0371013	0.0131351	0.0390277
0.0165209	0.0114093	0.0364437
0.037159	0.0149236	0.0389208
0.0294946	0.0099464	0.0380214
0.0287937	3.82795e-05	0.0378061
0.0323202	0.0107793	0.0383661
0.016831	0.00563278	0.0365662
0.0440451	0.00925851	0.0399212
0.0119097	0.0163867	0.0362642
0.009548	0.0138772	0.0358231
0.0279094	0.0158516	0.0378481
0.0286872	0.00209814	0.037944
0.0343092	0.0153612	0.0386295
0.0297723	0.0136545	0.03799
0.0287306	0.00873596	0.037988
0.0338222	0.0146502	0.0384307
0.0366383	0.0157661	0.0389318
0.0216216	0.00023553	0.0371435
0.0366931	0.00164507	0.0388388
0.0389539	0.0130839	0.0390743
0.0524615	0.0100653	0.040964
0.0501579	0.0034126	0.0406771
0.0270398	0.0108129	0.0377409
0.0185737	0.00753106	0.0368002
0.042692	0.014264	0.039443
0.0343178	0.00745166	0.0385302
0.0318294	0.00832091	0.0382454
0.0276181	0.0131084	0.0378334
0.0305347	0.0128044	0.0381561
0.0281235	0.00292226	0.0379127
0.027057	0.0101953	0.0377908
0.015531	0.0144929	0.036488
0.0434057	0.0101117	0.0396047
0.0135875	0.00421955	0.0363227
0.0376627	0.0103315	0.0389512
0.0218218	0.00613082	0.0371608
0.026355	0.00756834	0.0376499
0.0142445	0.0140784	0.036535
0.024882	0.0058	0.0374937
0.0358227	0.00649004	0.0386851
0.0445693	0.0095762	0.0400071
0.0309366	0.0133033	0.0381799
0.0433121	0.0130989	0.039434
0.013984	0.0110407	0.0361323
0.0279297	0.00557155	0.0378134
0.0314336	0.012809	0.0382768
0.0418436	0.00817609	0.0396621
0.0214853	0.0136342	0.0369564
0.0303184	0.00727643	0.0381661
0.0377986	0.00659601	0.0389115
0.0332238	0.0167153	0.0384364
0.0387694	0.0105668	0.0390393
0.0324808	0.00998817	0.0383138
0.0367489	0.00779317	0.0389164
0.0111169	0.0143091	0.0357874
0.0437322	0.00911199	0.0397329
0.035891	0.0169691	0.0387554
0.04609	0.0164505	0.0399945
0.0346801	0.0100579	0.0386355
0.0301919	0.0160567	0.0381004
0.0190372	0.00192798	0.0368088
0.0355147	0.00197926	0.0385071
0.0282159	0.00899325	0.0379051
0.027191	0.0104226	0.037806
0.031054	0.00959854	0.038198
0.0401373	0.00884336	0.0392259
0.0344009	0.0103469	0.0385889
0.033673	0.0112424	0.0385365
0.0331284	0.000639645	0.0383909
0.0185569	0.00967764	0.036954
0.031321	0.0102691	0.038163
0.0387346	0.00886723	0.0390951
0.0470668	0.00824741	0.0400354
0.00926354	0.00687328	0.035616
0.0313638	0.0129031	0.0382309
0.0302924	0.00426051	0.0379933
0.0288936	0.00795072	0.0378986
0.0177824	0.00720947	0.0370219
0.0131151	0.0147879	0.0361077
0.039651	0.0112928	0.0394126
0.0286528	0.00984506	0.0378225
0.0137468	0.00159215	0.0362224
0.0292594	0.0099699	0.0379467
0.0267095	0.0107076	0.0377668
0.0270567	0.0145871	0.0377772
0.0313737	0.00726147	0.0381734
0.031637	0.00721039	0.0382958
0.031308	0.00263184	0.0382085
0.0417979	0.0125633	0.0394994
0.0235232	0.01935	0.0374218
0.0195682	0.0168105	0.0366903
0.0166228	0.00962211	0.0365918
0.0425537	0.00307438	0.0395812
0.0243468	0.0112251	0.0373168
0.0414879	0.0156554	0.0396301
0.039541	0.00693681	0.0391963
0.0115978	0.00585132	0.0360319
0.0297178	0.00817702	0.0381646
0.0407751	0.0116991	0.0392675
0.0404828	0.00533556	0.0392787
0.0242091	0.0154454	0.0374749
0.0171439	0.0112014	0.0365131
0.0119741	0.0143912	0.0359687
0.0507776	0.0107736	0.040503
0.0227529	0.000565226	0.0374446
0.0366177	0.00853554	0.0388595
0.01692	0.00872343	0.0367193
0.0367774	0.00735986	0.0389988
0.0159525	0.0153009	0.0363078
0.0356434	0.0154711	0.0389088
0.00858129	0.00604406	0.0356382
0.0157048	0.00526539	0.0368448
0.0225045	0.0051291	0.0372272
0.0273573	0.0139397	0.0378176
0.0370527	0.00912572	0.0388299
0.0217415	0.00741856	0.0372914
0.0293029	0.00149626	0.0380931
0.037708	0.0138608	0.0389879
0.03945	0.0132664	0.0391284
0.0452703	0.0150896	0.0398964
0.0362956	0.0143377	0.0386775
0.0364298	0.0137039	0.038618
0.0243053	0.00966657	0.0374434
0.0295311	0.0119457	0.0380149
0.0292835	0.00643648	0.0379723
0.038145	0.00463022	0.0390145
0.0316307	0.00931719	0.0383637
0.0307444	0.010161	0.0382044
0.0172902	0.0117943	0.0366858
0.0428998	0.0117997	0.039554
0.0252968	0.012468	0.0376335
0.0250098	0.0160595	0.0375839
0.0366119	0.0146824	0.0388885
0.0330598	0.0033665	0.0383063
0.0227229	0.011208	0.0371366
0.0218521	0.0111722	0.0372753
0.0415294	0.0127694	0.0394875
0.0343306	0.000904391	0.038498
0.0486298	0.0167612	0.040098
0.025435	0.00334835	0.03758
0.0464206	0.0133085	0.040014
0.0165343	0.0123709	0.0365167
0.0474794	0.0130794	0.0401645
0.037494	0.00152207	0.0388826
0.0424785	0.0113163	0.0394526
0.0173266	0.0133608	0.0367367
0.0371254	0.00818384	0.0390798
0.0336928	0.00107015	0.0385818
0.0155797	0.012612	0.0362681
0.00214243	0.00565463	0.0347343
0.0389027	0.0159708	0.0389936
0.044482	0.00955218	0.0397707
0.0263998	0.015936	0.0376691
0.041812	0.00251889	0.039315
0.0321522	0.00536159	0.0384607
0.0295311	0.00895315	0.0379848
0.0177126	0.00667386	0.0370089
0.0361384	0.0145281	0.0388706
0.0437116	0.0151673	0.0398505
0.0130813	0.0125483	0.0362002
0.035185	0.00941504	0.0386713
0.0398111	0.0120717	0.0391653
0.0203655	0.00665192	0.0369402
0.0393991	0.00434311	0.0390763
0.0299675	0.00410349	0.0380534
0.0237339	0.00891134	0.0374303
0.0378167	0.00917253	0.0389273
0.0377012	0.00937466	0.0390196
0.0459921	0.0119578	0.0397126
0.020367	0.00773401	0.0369891
0.0493885	0.00375061	0.0402482
0.0342865	0.00544073	0.0384693
0.0242162	0.0158345	0.0374811
0.00594735	0.00863137	0.0357081
0.0306696	0.00759229	0.0381571
0.0199218	0.0144495	0.0368197
0.00453009	0.0136907	0.0353744
0.0493019	0.00462512	0.0402178
0.0189586	0.0132088	0.0368725
0.0339187	0.00571888	0.0385587
0.0215205	0.011483	0.0371478
0.0275004	0.0122896	0.0378403
0.0167808	0.0169202	0.0365362
0.0335053	0.00518107	0.0383383
0.0264555	0.0131318	0.0377104
0.0436741	0.0105032	0.0394905
0.0374796	0.00394861	0.0389144
0.0309234	0.0122302	0.0380307
0.0453156	0.00391168	0.0401027
0.0357442	0.0154273	0.0386581
0.0266901	0.0127737	0.037755
0.0278211	0.00938966	0.0378803
0.0205538	0.0102481	0.0372286
0.0340796	0.0112051	0.0385281
0.00497161	0.000319221	0.0354744
0.0492281	0.0147287	0.040065
0.029474	0.00844827	0.0379605
0.0181169	0.0187277	0.0368041
0.0292311	0.00834127	0.0380178
0.0276381	0.012031	0.037796
0.0438408	0.00212073	0.039656
0.00434051	0.00825314	0.0352773
0.0209727	0.00429911	0.0370369
0.0158979	0.00983475	0.0365459
0.0280174	0.00827659	0.0378378
0.0382241	0.0110425	0.0392183
0.0271374	0.00863189	0.0376782
0.0310865	0.00563478	0.0382668
0.0450331	0.00997174	0.0398053
0.0255081	0.00754737	0.0378071
0.0466577	0.0129113	0.039949
0.0253023	0.00418599	0.0378162
0.020062	0.00695967	0.0369179
0.0310786	0.0116908	0.0382295
0.047003	0.011259	0.0400635
0.0349386	0.000364949	0.0385627
0.038238	0.0154887	0.0389192
0.0482979	0.0103258	0.0399548
0.0230064	0.0134934	0.0373086
0.0338087	0.00628473	0.0384764
0.0411911	0.00260543	0.0394279
0.0348475	0.0110185	0.0385844
0.0119425	0.00562935	0.0360841
0.0230673	0.00376951	0.0373228
0.0222053	0.00591191	0.0373508
0.0219411	0.0121153	0.0370287
0.0301404	0.0143058	0.0381508
0.027284	0.0162785	0.0378904
0.0347466	0.0107405	0.0386333
0.0362167	0.0157411	0.0386835
0.0455289	0.00963253	0.0398563
0.0268758	0.0122309	0.0377694
0.0296948	0.0115399	0.0379927
0.0273921	0.010731	0.0378155
0.0387118	0.00930887	0.039101
0.0498894	0.00199048	0.040321
0.0217974	0.00605838	0.0372584
0.0318551	0.0023561	0.0383197
0.0234754	0.00152103	0.0378014
0.0189565	0.0134227	0.0367634
0.025362	0.000154358	0.0376374
0.0247308	0.00681501	0.0374415
0.0364646	0.0143033	0.0388133
0.0170634	0.00981993	0.0365164
0.0210439	0.0038703	0.0374094
0.0440008	0.00623089	0.0397162
0.0207192	0.00914003	0.0371284
0.0428476	0.00879065	0.0394793
0.0257441	0.0132573	0.0376443
0.0332945	0.00924888	0.0384128
0.0262032	0.0166306	0.037769
0.0472774	0.00550077	0.040335
0.0399503	0.0148865	0.0392405
0.0326862	0.0119923	0.0384284
0.046774	0.0160015	0.0399072
0.0256514	0.0112287	0.0375683
0.0260397	0.00140453	0.0377733
0.0372968	0.00688766	0.0390238
0.0333354	0.0077227	0.038385
0.00726568	0.0133444	0.0353664
0.0422312	0.0130905	0.0394233
0.0214911	0.0129876	0.0371446
0.0277466	0.00999366	0.0378179
0.0339696	0.00844568	0.0385652
0.0199824	0.0117611	0.0368946
0.0352476	0.00974703	0.0386859
0.0400143	0.0109193	0.0390662
0.0302629	0.00914846	0.0380139
0.0132583	0.0128402	0.0362209
0.0254872	0.00714278	0.0375532
0.0349871	0.0142108	0.0385508
0.0245328	0.0108407	0.0375001
0.0390268	0.0109055	0.0391773
0.0205935	0.0160304	0.0370724
0.0258446	0.00206676	0.037718
0.0297928	0.0142868	0.0380638
0.0431357	0.00218799	0.0394821
0.0371658	0.0104045	0.038851
0.0205297	0.00776506	0.0371141
0.0315793	0.00965528	0.038283
0.0295261	0.0167521	0.0380945
0.0379796	0.0109901	0.0389783
0.00413264	0.0156683	0.0352753
0.0136104	0.00879762	0.0361026
0.0296274	0.0147256	0.0379696
0.0170973	0.011753	0.0366642
0.0327706	0.0132397	0.0384824
0.0296264	0.00891297	0.0380624
0.0247868	0.0137722	0.0375088
0.0213396	0.00549979	0.0370385
0.0517963	0.0109047	0.0405827
0.0471557	0.00566912	0.0399121
0.0393033	0.0112001	0.0392139
0.0218532	0.00509987	0.03746
0.0144362	0.0090416	0.0363362
0.0255879	0.00936184	0.0374918
0.0416833	0.00541581	0.0393756
0.0239783	0.00887417	0.0373988
0.0411636	0.0140703	0.0393307
0.0125963	0.00748768	0.0361493
0.04046	0.0111519	0.039274
0.0276528	0.0113318	0.0377949
0.0350486	0.00368041	0.0387445
0.0343639	0.0131945	0.0385783
0.0247303	0.0168874	0.0374086
0.0111366	0.0127644	0.0357726
0.0459398	0.00979878	0.0401518
0.0399786	0.0101891	0.0392502
0.0382789	0.0145717	0.0391099
0.0323602	0.013681	0.0382811
0.0446665	0.0155799	0.0395007
0.0418832	0.00721222	0.0394589
0.0276001	0.0156782	0.0377547
0.0195401	0.0153765	0.0370112
0.0259731	0.00816055	0.0375858
0.0337198	0.0104465	0.0383759
0.0439113	0.00959709	0.0395215
0.0375603	0.0164564	0.0387738
0.031457	0.005469	0.0381271
0.0289452	0.00920126	0.0379474
0.0256738	0.0123818	0.0375916
0.0331152	0.0116215	0.0385101
0.0356533	0.0105259	0.0388895
0.0210307	0.0137279	0.0371144
0.0343649	0.0142312	0.0385207
0.0384402	0.00729296	0.0390601
0.0267707	0.0178716	0.0375294
0.0223232	0.00309146	0.0371973
0.0322399	0.00582769	0.0385868
0.0231743	0.0112577	0.0373454
0.0522866	0.0155134	0.0406766
0.0392006	0.00187374	0.0391819
0.0223891	0.0135381	0.0371326
0.0245956	0.00995058	0.0375378
0.0330883	0.0161709	0.0384852
0.0331953	0.012043	0.0383655
0.0300858	0.0122871	0.0382274
0.0355851	0.000698363	0.0387873
0.0277603	0.0121843	0.0378931
0.0247089	0.0109717	0.0375975
0.0318053	0.0139239	0.0382893
0.0216766	0.00983538	0.0372286
0.0346363	0.0124798	0.0385721
0.0396429	0.0118371	0.0393509
0.0180084	0.0137782	0.0367595
0.0361397	0.00481349	0.0388329
0.0301957	0.00539607	0.0379974
0.0273244	0.0138586	0.0378146
0.0185865	0.0094144	0.0367101
0.0230731	0.0024563	0.0373216
0.0299904	0.0138267	0.0381034
0.0195864	0.00449869	0.0369087
0.0294812	0.00925763	0.0380748
0.0227228	0.00515606	0.0372887
0.0302172	0.00906282	0.038151
0.03044	0.0144558	0.0381086
0.0399693	0.0102276	0.0394023
0.0362435	0.0112505	0.0387628
0.0295729	0.0146523	0.0380189
0.0119932	0.00641752	0.0360149
0.0451824	0.0104729	0.0396242
0.0266914	0.00533291	0.0376727
0.0360394	0.0108692	0.0386271
0.0153103	0.0151165	0.0362981
0.0421943	0.0103077	0.0397198
0.0260516	0.0140591	0.0376845
0.0498586	0.0113657	0.0403494
0.0263662	0.0106378	0.0375724
0.0209809	0.0147393	0.0370057
0.025297	0.0144489	0.0376451
0.0236904	0.0123829	0.0374103
0.032689	0.00990683	0.0384807
0.0283758	0.013406	0.0379153
0.0268927	0.018718	0.0378555
0.0201309	0.0169489	0.0370898
0.0407103	0.0135177	0.0392129
0.029184	0.0103369	0.0380308
0.0248045	0.0133948	0.0375461
0.0340586	0.0132838	0.0384829
0.046202	0.0131837	0.0399347
0.0335556	0.0098104	0.0385182
0.0354299	0.0132945	0.0386127
0.0330433	0.0143182	0.0384158
0.0211944	0.00482096	0.0371701
0.0278864	0.0144277	0.0379479
0.0230409	0.0164844	0.037189
0.0286643	0.0020787	0.0378936
0.0160657	0.00385496	0.0364879
0.029117	0.00559067	0.0378871
0.0196183	0.0126482	0.0368483
0.0252957	0.0152032	0.0375719
0.0208632	0.0137482	0.037054
0.0333307	0.0072103	0.0385868
0.0204062	0.00921931	0.0370166
0.0444502	0.0010596	0.0397055
0.046877	0.0115542	0.0399213
0.0350402	0.0127341	0.0386814
0.0406794	0.0130212	0.0393441
0.0381049	0.00477752	0.0390347
0.0148461	0.0148116	0.0363362
0.0310919	0.0135903	0.0380947
0.0419023	0.0114274	0.0393003
0.0294378	0.0117893	0.0380464
0.0337916	0.0121803	0.0385324
0.033028	0.0103749	0.0383693
0.0123761	0.0144574	0.0360167
0.0040821	0.00692544	0.0355765
0.012307	0.0151991	0.0359068
0.0397242	0.0120108	0.0391188
0.0144195	0.00390951	0.0363485
0.0391435	0.0121435	0.0390874
0.0170201	0.0204255	0.0366162
0.0392089	0.0103973	0.0391962
0.033338	0.0147141	0.0383966
0.0402128	0.009817	0.0392406
0.0429346	0.0152784	0.0395817
0.0197657	0.00602215	0.0369025
0.0196129	0.0123406	0.0368197
0.0324767	0.0104228	0.0383413
0.00543584	0.0175021	0.035609
0.0267481	0.0162612	0.0377065
0.029623	0.0119836	0.0379904
0.0297847	0.0125348	0.0381253
0.0293644	0.00704995	0.0379809
0.0479137	0.010016	0.0401096
0.0375298	0.00483467	0.0390388
0.0444003	0.00114192	0.0396532
0.0416501	0.00726082	0.0393074
0.0332307	0.0098248	0.0384725
0.0298564	0.0116855	0.0380606
0.0178304	0.0187892	0.0368388
0.0269063	0.00793423	0.0376421
0.0244828	0.0110466	0.0375729
0.0323524	0.0106601	0.0383708
0.0240122	0.0101976	0.0373367
0.0271114	0.0125263	0.0377972
0.0398114	0.00577248	0.0394021
0.0478605	0.0150576	0.0400241
0.0345662	0.00648598	0.0386363
0.035921	0.00498018	0.0387461
0.0394521	0.0128281	0.039103
0.0302244	0.016629	0.0380859
0.0310353	0.0060943	0.0383335
0.0363022	0.0144637	0.0387151
0.0234771	0.0173364	0.0373826
0.0393102	0.00940012	0.0391696
0.0264482	0.0100558	0.0377462
0.0315703	0.00947981	0.0383882
0.0323194	0.00789759	0.0383604
0.0301222	0.010581	0.0380187
0.0290479	0.00952351	0.0378718
0.0192444	0.0135571	0.0369969
0.0291873	0.0136757	0.0380306
0.0352767	0.00965761	0.0387363
0.0192665	0.00946431	0.0368774
0.0198175	0.0130481	0.0370576
0.0445648	0.00596366	0.0396727
0.0204786	0.0124946	0.0368516
0.025739	0.0117678	0.0375685
0.01879	0.00834615	0.0367641
0.02827	0.0114476	0.0378292
0.0292654	0.0103655	0.0380313
0.0267105	0.0167306	0.0377753
0.0330861	0.00344072	0.0385069
0.0277478	0.0136963	0.0378631
0.0207834	0.0165592	0.0369989
0.0301975	0.0113149	0.0380498
0.0236402	0.0138189	0.0371878
0.0262995	0.00495116	0.0376332
0.0193643	0.00950552	0.0368405
0.0284061	0.01047	0.0378692
0.0341016	0.00287913	0.0387538
0.0243414	0.0148143	0.0375065
0.015505	0.0170357	0.0364114
0.0445874	0.0121597	0.0400229
0.0408199	0.0138743	0.0391291
0.0250637	0.00498204	0.037515
0.0483369	0.0093779	0.0401095
0.0378098	0.0110218	0.0388948
0.0160258	0.0101979	0.0364732
0.0364181	0.0165881	0.0389345
0.0292711	0.01094	0.0379136
0.0381653	0.00391707	0.0390746
0.0383051	0.00180126	0.0387909
0.0282728	0.00674975	0.0379277
0.0338474	0.0091594	0.0384637
0.0335124	0.00256697	0.038826
0.0298458	0.00498622	0.0380476
0.0485846	0.0103007	0.0401312
0.013958	0.0159887	0.0363883
0.0137184	0.000680259	0.036757
0.0289465	0.012906	0.0379408
0.0269813	0.00809164	0.0378136
0.0355116	0.0069002	0.0387458
0.0529683	0.00889025	0.0406017
0.0479174	0.0111284	0.0401113
0.0273652	0.0084245	0.037794
0.0310291	0.0127971	0.0381924
0.0341288	0.0154849	0.0385518
0.0213721	0.00830536	0.0372482
0.043601	0.00118286	0.0397332
0.0268161	0.0133066	0.0377622
0.0158474	0.0151759	0.0365274
0.0293565	0.00974696	0.038045
0.0445042	0.00812056	0.0398166
0.00811042	0.0163546	0.0355181
0.0216231	0.0151586	0.0371941
0.038408	0.0074633	0.0392223
0.026414	0.00888896	0.0377142
0.0365958	0.0105248	0.0387765
0.0243706	0.0112782	0.0374789
0.0410488	0.00595778	0.0395543
0.0187742	0.0178562	0.0368364
0.0431413	0.00517124	0.0397146
0.0335356	0.00917976	0.0384353
0.0286397	0.00384342	0.0380191
0.0284996	0.0148313	0.0380265
0.0266285	0.0110783	0.0375758
0.0315362	0.00584355	0.0382442
0.0332846	0.00243903	0.038807
0.0256443	0.0106214	0.0375068
0.0279781	0.0144926	0.0379215
0.0346655	0.0106148	0.0385346
0.0417421	0.00196775	0.0394075
0.030082	0.0158107	0.0379502
0.0321661	0.000119257	0.0383147
0.0267827	0.0168172	0.0377254
0.0376358	0.0128611	0.0388732
0.0431626	0.010878	0.0395262
0.0367105	0.00545847	0.0390701
0.0319956	0.0158279	0.0382991
0.0332868	0.00979635	0.0385672
0.0218505	0.013444	0.0371192
0.0274976	0.0164464	0.0377899
0.0232248	0.00372837	0.0372842
0.0290647	0.0116586	0.0380044
0.0324467	0.0144938	0.0383605
0.0254516	0.0107977	0.0376027
0.0213484	0.0159642	0.0371464
0.034698	0.00543413	0.0386433
0.0359957	0.00127538	0.0388056
0.0162986	0.0102215	0.0367204
0.0315509	0.0106129	0.0382404
0.0445634	0.0104051	0.0396546
0.0273943	0.000756869	0.0377701
0.0229768	0.0127405	0.0372956
0.0232968	0.0129148	0.0373219
0.04054	0.0136557	0.0393108
0.0374748	0.0134282	0.0388615
0.0218457	0.0122545	0.0371288
0.0320161	0.0152829	0.0383227
0.0264306	0.00950692	0.0377515
0.0387196	0.0105404	0.0390346
0.00653079	0.0110879	0.0353347
0.0291459	0.00483752	0.0380666
0.0349748	0.0148751	0.0385412
0.0393569	0.012654	0.0390504
0.0302281	0.00933911	0.0382314
0.0143202	0.0126447	0.0364389
0.0421482	0.0149844	0.0392309
0.0330679	0.0100413	0.038361
0.035563	0.00950142	0.038599
0.0113294	0.00953276	0.0360843
0.0350539	0.00689366	0.0386725
0.038476	0.0147647	0.039012
0.0345357	0.0113954	0.0386156
0.0389788	0.0060722	0.0393009
0.0390307	0.0146165	0.0392009
0.0229622	0.00295375	0.0373163
0.0257236	0.00453662	0.0376002
0.0240849	0.00680508	0.0374299
0.0299135	0.01633	0.0381162
0.0266995	0.0106272	0.0377402
0.0243849	0.0137687	0.0375137
0.0343684	0.0130757	0.0385832
0.0366907	0.0144735	0.038753
0.0384987	0.0110479	0.0389379
0.033294	0.00700932	0.0386129
0.020164	0.00399712	0.037162
0.0273704	0.013418	0.0377283
0.0368054	0.00554502	0.0389103
0.000476861	0.0119619	0.0347029
0.0442689	0.0140766	0.0394813
0.0388443	0.0111982	0.0390835
0.0170534	0.00847186	0.0365806
0.0223848	0.0115456	0.037257
0.0176008	0.00309527	0.0368199
0.0201669	0.00609109	0.0371448
0.018134	0.0141434	0.0367836
0.0389828	0.00799037	0.0393091
0.0135108	0.007299	0.0362314
0.0403336	0.0102738	0.0394819
0.0190228	0.0137535	0.0368556
0.0216272	0.00991206	0.0370374
0.0157322	0.013649	0.0366403
0.0304935	0.0121792	0.0382054
0.027688	0.00681759	0.037868
0.0450558	0.0162021	0.0397632
0.0334103	0.0141216	0.0384658
0.0305871	0.00886943	0.0381607
0.0440839	0.00772781	0.0396555
0.029391	0.0150938	0.037951
0.0215057	0.00818522	0.037058
0.0403098	0.0148652	0.039231
0.0450431	0.00562947	0.0400555
0.0301058	0.00424338	0.0384062
0.0281387	0.00559909	0.0379553
0.0233857	0.00736624	0.0372603
0.0139485	0.0104394	0.0363887
0.0356186	0.00186302	0.0386545
0.0332431	0.00548279	0.0385839
0.0383352	0.0160534	0.0390541
0.0121032	0.00881203	0.0359271
0.0186494	0.00947787	0.0368196
0.0181105	0.000724774	0.0367134
0.0266955	0.0026973	0.0376837
0.0343167	0.0114155	0.038585
0.0488387	0.0061142	0.0404043
0.0229617	0.00854387	0.0372134
0.0191383	0.0105908	0.0370228
0.0403834	0.0176237	0.0390104
0.0390618	0.0158879	0.0390995
0.023006	0.00974352	0.0374804
0.0232859	0.00960588	0.0373611
0.0437851	0.0174797	0.0396881
0.0382105	0.00730503	0.0388594
0.0518946	0.016635	0.040688
0.0444605	0.00822523	0.0397464
0.0396818	0.0094393	0.0391726
0.0414415	0.0153792	0.0393081
0.0232773	0.00947898	0.0372731
0.0365608	0.00133372	0.0387635
0.0321999	0.0162089	0.0383417
0.0395267	0.0132964	0.0391869
0.0332699	0.0155848	0.0386201
0.0373007	0.01025	0.0388509
0.024157	0.0148048	0.0374096
0.0136867	0.0130041	0.0362937
0.0213037	0.0124974	0.0372556
0.0365663	0.0134044	0.038787
0.0121472	0.0125927	0.0358608
0.0253874	0.0106429	0.0375921
0.0241494	0.00996056	0.0375191
0.0396252	0.013181	0.0391024
0.0283008	0.00703218	0.037855
0.0376313	0.00883684	0.0389458
0.0192666	0.00974845	0.0367423
0.00515744	0.00487646	0.0352347
0.0349331	0.00901015	0.0386445
0.0356206	0.00411193	0.0385435
0.0326971	0.0138302	0.0383503
0.0320536	0.0148999	0.0383111
0.0318775	0.00413298	0.0383297
0.036142	0.00616933	0.0387171
0.0272441	0.0142554	0.0378029
0.0171674	0.0156187	0.0364879
0.0161367	0.0106674	0.036521
0.0231862	0.00718574	0.0373413
0.0386465	0.0111921	0.0389607
0.0169929	0.0136282	0.0364222
0.0309431	0.0114846	0.038227
0.0321691	0.0106918	0.0382724
0.0431182	0.00373926	0.0394835
0.0356423	0.0122841	0.0388521
0.0185695	0.00212917	0.0367734
0.0325294	0.0132529	0.038379
0.0296799	0.0118135	0.0380978
0.0288944	0.0140985	0.0380051
0.0358809	0.0160292	0.038832
0.0255656	0.0168983	0.0375524
0.0270395	0.00524442	0.0377829
0.0426938	0.0107562	0.0397835
0.0200556	0.00378501	0.0369366
0.0318664	0.0105202	0.0382429
0.0447645	0.00840071	0.0396672
0.0357541	0.00904678	0.0387889
0.026099	0.0147291	0.0376928
0.0360214	0.00455528	0.0388506
0.0275881	0.00911124	0.0378618
0.0286178	0.0113832	0.0379796
0.0326285	0.01467	0.0383811
0.0354587	0.0131313	0.03869
0.0461266	0.0134419	0.0398636
0.0430857	0.0149952	0.0393282
0.035875	0.0121758	0.0387363
0.012015	0.00544035	0.0360274
0.0341492	0.000661349	0.0384919
0.0386509	0.014611	0.0391204
0.0203325	0.0132246	0.0369332
0.017121	0.0163052	0.0365226
0.0341498	0.0134313	0.0385199
0.0220867	0.0105969	0.0372259
0.0216247	0.0116345	0.0371017
0.037456	0.00834269	0.0388805
0.0295822	0.0143805	0.0378401
0.0337775	0.00068552	0.0385838
0.0331941	0.00773056	0.0384795
0.0261779	0.0129385	0.0376355
0.0284297	0.013168	0.0379261
0.0425924	0.0083375	0.0394507
0.031594	0.0134534	0.0381558
0.0209435	0.0131346	0.0368996
0.0284502	0.00903096	0.0379315
0.0398798	0.0103364	0.0392767
0.0187427	0.00983585	0.0367896
0.0178197	0.00565902	0.0367506
0.0277623	0.011438	0.0377755
0.0257311	0.000904726	0.0375866
0.0304862	0.0112065	0.0382164
0.048059	0.0109788	0.0401698
0.0255329	0.0100863	0.0376418
0.0384615	0.00174962	0.0390421
0.0336552	0.0151073	0.0383798
0.0499574	0.00359682	0.04065
0.0284935	0.0112556	0.037927
0.0469261	0.0103305	0.0400153
0.0130569	0.0136561	0.0361981
0.0370977	0.0192002	0.0388495
0.031054	0.010293	0.0381413
0.00719736	0.0124647	0.0353832
0.0373882	0.0105644	0.0388662
0.0400323	0.0156198	0.0390613
0.043261	0.00629236	0.0394997
0.0320101	0.012382	0.0383128
0.0233892	0.00218532	0.0373446
0.025391	0.00140682	0.0378828
0.0359736	0.00483972	0.0385895
0.0138172	0.0082763	0.0365428
0.026692	0.00509887	0.0377694
0.023358	0.00164397	0.0374535
0.0316946	0.00703008	0.0381756
0.0230565	0.0144898	0.0372712
0.0314627	0.00589757	0.0383626
0.0305992	0.0136437	0.0380364
0.038644	0.0118818	0.0392307
0.0333399	0.0152589	0.0382448
0.0227771	0.0132993	0.0371138
0.0309601	0.0122177	0.0382209
0.0385951	0.0106182	0.0389921
0.0275795	0.00088767	0.0379308
0.029226	0.0065063	0.038042
0.0376994	0.0072819	0.0389601
0.041083	0.0151546	0.0393895
0.0473607	0.0120692	0.0403225
0.0264515	0.0158037	0.0376468
0.0196495	0.0136483	0.0370093
0.0320427	0.01609	0.0384792
0.0355121	0.0158553	0.0387096
0.0309273	0.0160454	0.0382
0.032525	0.0166711	0.0382675
0.0303996	0.00927116	0.0381061
0.0289943	0.0113515	0.0380387
0.0322367	0.00542103	0.0383043
0.0285871	0.0167243	0.037784
0.038375	0.00817182	0.0390664
0.0314093	0.0103841	0.038361
0.0311446	0.00805716	0.0382601
0.0272711	0.0131778	0.0376081
0.0434496	0.00818005	0.039844
0.0408296	0.00446994	0.0395384
0.0364441	0.0158754	0.0385761
0.028021	0.00102862	0.0378272
0.0288153	0.00966025	0.0380111
0.0212586	0.00964632	0.0371594
0.0319842	0.00970223	0.0383322
0.0400391	0.00691981	0.0392388
0.0259997	0.00434608	0.0376286
0.0224952	0.0149775	0.0372813
0.01951	0.00564494	0.0368872
0.0329588	0.0124936	0.0383929
0.0300258	0.00997966	0.0380438
0.0233982	0.00483596	0.0373205
0.0450585	0.00772799	0.0398108
0.0395506	0.0106437	0.0392024
0.0399167	0.00122734	0.0392659
0.0199272	0.0067347	0.036936
0.0287372	0.0120776	0.0379359
0.0316429	0.0104545	0.0382489
0.0209621	0.01339	0.037132
0.0467496	0.000933231	0.0401843
0.0174426	0.00763624	0.036669
0.0537221	0.0124646	0.0406227
0.02603	0.0166892	0.0374017
0.0430264	0.00564876	0.0395824
0.0194582	0.0100775	0.0369006
0.0265401	0.015299	0.0376237
0.0375848	0.00988694	0.0389028
0.0329195	0.0156546	0.0384202
0.0328074	0.00831085	0.0384239
0.0284586	0.0123081	0.0379495
0.0401631	0.0187214	0.038964
0.0376119	0.00657054	0.0388908
0.0462593	0.016422	0.0398588
0.0363286	0.0155998	0.0386917
0.0293897	0.00140114	0.0378683
0.0190604	0.0122054	0.0369335
0.0295958	0.0105847	0.0380035
0.0370443	0.0123785	0.0388561
0.0411727	0.0144039	0.0391545
0.0294481	0.0159565	0.0380614
0.0325701	0.0130571	0.0383426
0.0470785	0.0160683	0.0399344
0.0265951	0.0144633	0.0377143
0.0346577	0.0162084	0.0387099
0.0255631	0.00456361	0.0375478
0.0181412	0.0147917	0.0367599
0.0243179	0.00684694	0.0373933
0.0266609	0.0177659	0.0377746
0.0201387	0.00429819	0.0369795
0.0345231	0.00757309	0.0385524
0.0234663	0.00659017	0.0373555
0.0349565	0.00426388	0.038795
0.0115185	0.0129744	0.035832
0.0414007	0.0115982	0.0394626
0.0322338	0.0100867	0.0383004
0.0183033	0.00604554	0.0367337
0.026074	0.00502202	0.037627
0.0337514	0.00301121	0.0385194
0.0258333	0.00604277	0.0375482
0.00802658	0.00520306	0.0360442
0.032656	0.0103685	0.038375
0.0287635	0.0124695	0.0380238
0.0431893	0.0112795	0.0395069
0.0451022	0.0139522	0.0395431
0.0377352	0.00403891	0.038943
0.0316582	0.0059785	0.0382291
0.0457463	0.00747812	0.0401396
0.0361043	0.00127376	0.0388291
0.0402855	0.0129122	0.0390981
0.0211684	0.0067027	0.0373837
0.0327479	0.00307257	0.0383661
0.0133889	0.00694059	0.0362628
0.0341507	0.0114419	0.0385187
0.020877	0.0154532	0.0370876
0.0497232	0.00448838	0.040418
0.0160146	0.0162144	0.0365513
0.028545	0.00231705	0.0379321
0.0308056	0.00291989	0.0380261
0.0264284	0.0101536	0.0377285
0.0286571	0.00631964	0.0378958
0.0230679	0.00728847	0.0372618
0.0384581	0.0167578	0.0388482
0.0356937	0.0132572	0.038857
0.0294715	0.00955166	0.0379768
0.0414554	0.00553798	0.0393005
0.0384413	0.00795716	0.0390634
0.0221038	0.01545	0.037241
0.0387635	0.0121885	0.0390235
0.0221111	0.013406	0.0372511
0.0222129	0.0139584	0.037086
0.0330862	0.00752793	0.0383601
0.016678	0.0100761	0.036485
0.034256	0.00814741	0.0384561
0.0415892	0.0175849	0.0393532
0.0438162	0.0179454	0.0397497
0.0459363	0.0120604	0.0398884
0.0297964	0.0125268	0.0378997
0.0301021	0.0111765	0.0382143
0.0368318	0.00811454	0.0387294
0.0376629	0.0149344	0.0388572
0.0348802	0.0126212	0.0385887
0.0201917	0.0134615	0.0369136
0.0298895	0.0076819	0.038123
0.0142446	0.00351693	0.0364552
0.0376449	0.00246609	0.0390526
0.0155267	0.00230339	0.0364262
0.0307995	0.00123042	0.0382706
0.0302329	0.0158562	0.038187
0.0407916	0.0167642	0.0390681
0.0356898	0.010205	0.0386841
0.0441054	0.0077568	0.0396391
0.024596	0.00904966	0.03757
0.0325019	0.00744485	0.038404
0.0401062	0.015113	0.0391722
0.0222827	0.00231526	0.0370509
0.0324495	0.0100907	0.0384198
0.0103349	0.0160184	0.0357965
0.0325592	0.0151457	0.038302
0.0308266	0.0159862	0.0383287
0.0380796	0.00740628	0.0390681
0.0407007	0.0135786	0.0392422
0.0326757	0.0121675	0.0384609
0.0273132	0.0104812	0.0378245
0.0225791	0.00565836	0.0371839
0.0461266	0.0097229	0.0399153
0.0322316	0.009394	0.0383689
0.0344498	0.0064242	0.0385039
0.0262044	0.0125969	0.0376704
0.0333923	0.0114308	0.0384857
0.0357743	0.00832373	0.0387619
0.0138969	0.00466602	0.0364523
0.0274741	0.0117166	0.0378257
0.0288047	0.0102144	0.0379928
0.0174551	0.0136056	0.0367194
0.0359499	0.0128361	0.0387847
0.0245559	0.0175544	0.0374853
0.0319825	0.0117457	0.0383316
0.0404211	0.0110268	0.0393395
0.0105834	0.0154471	0.0359992
0.0400946	0.00822967	0.0391454
0.0346522	0.0133083	0.0386432
0.0202995	0.0141592	0.0370853
0.039725	0.00768168	0.0390957
0.0333279	0.0112758	0.0383168
0.0193093	0.00744375	0.0368352
0.0353312	0.0135682	0.0388581
0.0407823	0.015331	0.0393481
0.0259226	0.00759613	0.0375793
0.0226605	0.00392944	0.0372366
0.0276786	0.0102396	0.0378499
0.0165826	0.00388069	0.0365401
0.0408179	0.0106037	0.039265
0.0295037	0.0105727	0.0380587
0.030206	0.00920609	0.0381162
0.0233342	0.0115418	0.0373377
0.0258855	0.0124338	0.0376366
0.00994623	0.00989723	0.0356495
0.0232809	0.0116312	0.0373307
0.0460734	0.00265012	0.0399818
0.0287028	0.00617765	0.0380059
0.0176132	0.00738158	0.0366837
0.0313331	0.00811324	0.0381839
0.0359933	0.00993675	0.0387741
0.0355845	0.00819405	0.0388974
0.0397111	0.0130335	0.0391385
0.00969818	0.0138931	0.0358418
0.03822	0.0140658	0.0389355
0.0317313	0.00461729	0.0383295
0.035804	0.00950297	0.0387283
0.0373833	0.0119155	0.0388333
0.033894	0.0158144	0.0384847
0.0314293	0.0127781	0.0382341
0.0461572	0.0115627	0.0398619
0.035424	0.0104818	0.0387538
0.0221321	0.00952299	0.037189
0.0302799	0.00950598	0.038012
0.0392083	0.00840623	0.0390878
0.0431507	0.0126805	0.0397939
0.0293719	0.0177992	0.0380737
0.0380533	0.0144608	0.0388914
0.0290659	0.00903624	0.0379119
0.0337956	0.0133613	0.038561
0.0228295	0.0169712	0.0372703
0.0363701	0.0182412	0.0389002
0.0371827	0.0130633	0.038925
0.0170282	0.0143784	0.0366576
0.0238543	0.0102456	0.0373845
0.0207512	0.012045	0.0369016
0.0262289	0.0114872	0.0376358
0.0192176	0.00588264	0.0369061
0.028634	0.0137032	0.0379567
0.0285073	0.00998613	0.0378046
0.029624	0.00268803	0.0380123
0.0219432	0.0064232	0.0371361
0.0264786	0.0112584	0.037715
0.0322732	0.00851814	0.0382502
0.0243703	0.00604265	0.037596
0.0355138	0.0146295	0.0386961
0.0299871	0.0130327	0.0381265
0.0278131	0.0100289	0.0378874
0.0229966	0.000503878	0.0372528
0.00668907	0.00278192	0.0353989
0.0314224	0.0174943	0.03799
0.0172623	0.0165381	0.0364183
0.0382947	0.0114501	0.038939
0.0257981	0.0143236	0.0376142
0.0199542	0.00782966	0.0369588
0.03719	0.0017927	0.038818
0.0278135	0.0100689	0.037897
0.0190469	0.00946483	0.0367579
0.0299564	0.016187	0.0380745
0.0252223	0.0160029	0.0375449
0.0224643	0.0137223	0.0372745
0.0223689	0.0097958	0.0372397
0.043024	0.00606692	0.0394907
0.00442926	0.00189075	0.0352588
0.0399735	0.00963974	0.0392653
0.049258	0.0173274	0.0398817
0.043102	0.0115797	0.0395209
0.0386468	0.0172296	0.0388502
0.020299	0.00762285	0.0372493
0.0248884	0.0122023	0.0375531
0.031238	0.0116449	0.0382125
0.0347123	0.00830338	0.0385691
0.0284673	0.0152578	0.0378993
0.0250448	0.0120756	0.0375944
0.0293419	0.0138153	0.0380971
0.0230546	0.0125926	0.0373263
0.0265492	0.0117527	0.0376868
0.0339082	0.00928087	0.0385546
0.00960967	0.0107667	0.0358092
0.0307398	0.0081944	0.0381888
0.0399357	0.0100352	0.0391665
0.0321791	0.0117675	0.0384615
0.0203757	0.00432609	0.0369939
0.0325024	0.0151195	0.0382451
0.0398348	0.00832936	0.0393911
0.0248346	0.00238863	0.0377254
0.0120878	0.016647	0.0362483
0.0231644	0.00852827	0.0374276
0.0310735	0.0086129	0.0382547
0.032205	0.0102119	0.0382957
0.035097	0.00952226	0.0388254
0.0287869	0.0123972	0.0379173
0.0308002	0.0033372	0.0381307
0.0168137	0.0136716	0.0364319
0.0220991	0.00101213	0.0373167
0.0211815	0.0128481	0.0369331
0.0398243	0.0142275	0.0392248
0.0367753	0.0169809	0.0387443
0.0195678	0.0083892	0.0369034
0.0333913	0.0125923	0.0385109
0.0458254	0.00949898	0.0398831
0.0362794	0.00640205	0.0387815
0.0171499	0.0122167	0.0366109
0.0267166	0.0101318	0.0377085
0.0248743	0.0128527	0.0375547
0.0279561	0.0162362	0.0378576
0.0367293	0.0167699	0.0387262
0.0420189	0.0131825	0.0394124
0.0292709	0.0080248	0.0379348
0.0302145	0.0100043	0.0380435
0.0324694	0.00362438	0.0383056
0.0464824	0.00886733	0.0398828
0.0205924	0.0106488	0.0370572
0.00645721	0.00677336	0.0356014
0.0218619	0.000197569	0.0372959
0.023846	0.00311407	0.0373507
0.0158338	0.00245304	0.036531
0.0287552	0.0122751	0.037921
0.0343413	0.0141652	0.0386588
0.047171	0.0120857	0.0402942
0.0185292	0.0126734	0.0367141
0.0216632	0.0115998	0.0371739
0.0230146	0.00879584	0.037501
0.0255752	0.0114039	0.0376136
0.0381195	0.0167921	0.0389223
0.0320502	0.013208	0.0382533
0.0324108	0.01087	0.0382985
0.031394	0.00170745	0.0382785
0.044175	0.00568688	0.039843
0.0252857	0.0141618	0.0376158
0.0173936	0.00840293	0.0366999
0.0270851	0.0188194	0.0375796
0.0337123	0.0133823	0.0384604
0.0272026	0.00573436	0.0379696
0.0143576	0.00932239	0.036188
0.0229724	0.0162431	0.0373908
0.0412246	0.012051	0.0392036
0.0246949	0.0109951	0.0375589
0.00952574	0.00761627	0.0358682
0.0119286	0.0041176	0.0359329
0.0175148	0.0121529	0.0366652
0.038408	0.0145406	0.0390198
0.0215624	0.0140731	0.037213
0.0180807	0.00906911	0.036909
0.0339991	0.011587	0.0387042
0.0415419	0.0126224	0.0395886
0.0278976	0.0153626	0.0379474
0.0416592	0.0102701	0.0392835
0.0353095	0.0144526	0.0386897
0.0232264	0.00708942	0.0373344
0.0422439	0.0128415	0.0392799
0.0299406	0.0063011	0.0381052
0.0365461	0.00417067	0.0390043
0.0498705	0.0105133	0.040281
0.0198289	0.00224806	0.0370293
0.034381	0.0140338	0.0386504
0.0323684	0.0118209	0.0383929
0.0289593	0.00903936	0.0379185
0.0309765	0.00205398	0.0381316
0.0394065	0.00682594	0.0390895
0.0288644	0.0133907	0.0378759
0.0346027	0.0154349	0.0386223
0.0210353	0.0138268	0.0370121
0.0314906	0.0112088	0.0383901
0.0326454	0.00499695	0.0385153
0.0159586	0.0151264	0.0365613
0.0296975	0.0121456	0.0380783
0.0382421	0.0122432	0.038959
0.0385246	0.0165838	0.0391396
0.0408265	0.0076811	0.0393863
0.0361447	0.00961429	0.0387341
0.036933	0.0132929	0.0388554
0.0398608	0.0124432	0.0391611
0.0160238	0.0110251	0.036528
0.021311	0.0128819	0.0370453
0.0207264	0.0139957	0.0371432
0.0337982	0.00971708	0.0386124
0.0217106	0.00844166	0.0372388
0.0336296	0.00707082	0.0385562
0.0413065	0.000253257	0.0394428
0.029292	0.0150303	0.0380155
0.0252019	0.0129635	0.037526
0.0444927	0.0163383	0.0396498
0.0242478	0.0108318	0.0374617
0.0223741	0.0131359	0.0373162
0.00478721	0.00131998	0.0349968
0.0221942	0.00886507	0.0371996
0.0315905	0.00864998	0.0383106
0.0209897	0.00941007	0.0370895
0.0358016	0.0118949	0.0386847
0.01962	0.0154234	0.0369125
0.0321616	0.0122361	0.0383352
0.0220828	0.00659532	0.0371126
0.0399516	0.00257085	0.0392115
0.0212829	0.0172713	0.0368633
0.0318036	0.0156385	0.0382665
0.0197919	0.00845109	0.0369299
0.0352306	0.00347149	0.0386444
0.033125	0.0158979	0.0383094
0.0478801	0.0127085	0.0404305
0.0365692	0.0104394	0.0387906
0.0295603	0.0112092	0.0380882
0.0329006	0.00722621	0.0384607
0.0290634	8.85282e-05	0.0379117
0.0390402	0.0049784	0.0390714
0.026456	0.0147841	0.0375309
0.0452654	0.00524622	0.0399732
0.0207572	0.00716323	0.0370473
0.0407093	0.0128514	0.0392388
0.0160982	0.00706752	0.0366266
0.0461953	0.016116	0.0398128
0.000274333	0.00402956	0.0347059
0.0430942	0.0158103	0.039546
0.0164396	0.0144928	0.036483
0.0253282	0.0163506	0.0376123
0.0235859	0.00886881	0.0373504
0.00591868	0.0119912	0.035414
0.0294714	0.0150849	0.0379598
0.0272772	0.0126186	0.0378164
0.0306771	0.0100585	0.0381375
0.0501266	0.0168286	0.0402333
0.0390142	0.011576	0.0391911
0.027415	0.0145919	0.0376697
0.0395121	0.0150794	0.0391162
0.0470249	0.0139176	0.0403195
0.0346953	0.00277706	0.0387593
0.0320833	0.00187994	0.0383541
0.0369478	0.0160912	0.0389177
0.0304312	0.00514072	0.0381387
0.0426911	0.00729634	0.039465
0.0251496	0.0159388	0.0376468
0.0211164	0.0116044	0.0371101
0.0389841	0.000950987	0.0391436
0.0390679	0.00410289	0.0393039
0.0346777	0.0142453	0.0385877
0.0323628	0.0135377	0.0383237
0.0487407	0.0105703	0.0402024
0.0301829	0.00768971	0.0381216
0.0393969	0.00903273	0.0391748
0.0224118	0.0131498	0.03728
0.0363472	0.0063332	0.0388464
0.0303951	0.0164639	0.0381728
0.00881188	0.014427	0.0356283
0.0319484	0.0155669	0.0383065
0.026343	0.0162414	0.0376654
0.03352	0.0165528	0.0385737
0.0396222	0.0112612	0.0390591
0.0374953	0.00321654	0.0389315
0.0373029	0.00192605	0.0386904
0.0279317	0.00871197	0.0378032
0.0339054	0.000732084	0.0383176
0.0381105	0.0164611	0.0388969
0.0166087	0.0141858	0.0366001
0.0309596	0.00264187	0.0381335
0.0306219	0.0122624	0.0381855
0.0300539	0.014918	0.0378824
0.0204241	0.0109743	0.0369214
0.0255953	0.00262653	0.037996
0.0388115	0.01701	0.0391512
0.0505798	0.00950366	0.0407309
0.0227418	0.0169648	0.0373033
0.00895026	0.0121098	0.0355885
0.0306005	0.0149547	0.0380856
0.0378173	0.00757113	0.0388839
0.0393814	0.0108042	0.0393235
0.0348418	0.00858955	0.0388071
0.0337301	0.0112839	0.0384921
0.0410732	0.010162	0.0393867
0.0279044	0.0120306	0.0379066
0.040987	0.002294	0.0393947
0.0254009	0.00462897	0.0376588
0.0396383	0.00667353	0.0391397
0.025297	0.0172364	0.0376702
0.0410431	0.00965948	0.0393529
0.0179444	0.0127393	0.0369253
0.020089	0.0053064	0.0369957
0.0171624	0.0127067	0.0367915
0.0493524	0.0109573	0.0405759
0.0270323	0.0124776	0.0377937
0.0319157	0.00502308	0.0383612
0.0194972	0.0141197	0.0369667
0.0372857	0.0156922	0.0386749
0.0286479	0.0114688	0.0379235
0.0387416	0.0068399	0.0391721
0.0362038	0.0169277	0.0389879
0.0280786	0.00897501	0.0379265
0.0335539	0.00317103	0.0386423
0.0327439	0.0130379	0.0384655
0.0442704	0.0145833	0.0396464
0.0397503	0.00956791	0.0391155
0.0459052	0.0152245	0.0402022
0.0339995	0.0068442	0.0384942
0.0470594	0.00351091	0.0403174
0.024227	0.00682342	0.0374404
0.0294214	0.00931574	0.0379677
0.0335107	0.0178189	0.0385513
0.0407414	0.0158073	0.0392125
0.0279609	0.012064	0.0378902
0.0320242	0.0114148	0.0383052
0.0221099	0.0190518	0.0369627
0.0515993	0.0147243	0.040431
0.0354836	0.0168645	0.0386998
0.0290623	0.0141927	0.0380852
0.0331981	0.00808248	0.0385041
0.0408682	0.00616079	0.0395298
0.032211	0.015155	0.0382955
0.037172	0.00972807	0.0389
0.0322578	0.00656277	0.0383977
0.0227358	0.0156136	0.0373148
0.0282196	0.0151173	0.0378919
0.0178519	0.0115652	0.0367509
0.0353629	0.0083518	0.0385738
0.0279671	0.00943786	0.0378469
0.0381045	0.00792325	0.0389346
0.0261244	0.0110825	0.037592
0.0226455	0.0137609	0.037363
0.0394068	0.0113803	0.0391303
0.0376923	0.00590946	0.0389884
0.0348922	0.0161171	0.0385
0.0400302	0.00971947	0.0392249
0.0364995	0.0114882	0.0387643
0.0337739	0.00744743	0.0386384
0.0357783	0.013409	0.0387284
0.0361516	0.0154254	0.0385539
0.0399226	0.0152392	0.0389772
0.0199225	0.0141119	0.0370865
0.0185582	0.0146076	0.0368061
0.0306861	0.0146692	0.0382212
0.0440028	0.0158957	0.0396994
0.0360893	0.0149132	0.0388114
0.0310669	0.00426992	0.0382522
0.0285837	0.00782689	0.0379324
0.0368561	0.0153347	0.0387638
0.0192237	0.0134581	0.0368733
0.0439116	0.00820496	0.0394638
0.0398091	0.0130334	0.0391325
0.0423094	0.0140596	0.0396825
0.00981007	0.00916562	0.0359508
0.0365857	0.0154589	0.0388231
0.0303081	0.0055734	0.0381528
0.0409112	0.00972505	0.0393331
0.0405523	0.00625079	0.039301
0.0227724	0.0150772	0.0370924
0.0272871	0.00591005	0.037664
0.0417179	0.0101436	0.0392918
0.0336037	0.0113828	0.0384488
0.0301873	0.00954863	0.0379971
0.0168697	0.00342043	0.0366027
0.0216316	0.00559134	0.0371056
0.0452218	0.011266	0.0397575
0.0388643	0.0143588	0.0388753
0.0208532	0.0114246	0.0370044
0.0338845	0.00885977	0.0385553
0.0222514	0.0173956	0.0372503
0.0276116	0.0126948	0.0378522
0.0380819	0.016766	0.0390948
0.0423981	0.011379	0.0395699
0.0299908	0.00915348	0.0382272
0.0316042	0.00842896	0.0382823
0.0445707	0.00843321	0.0399859
0.0483654	0.0114964	0.0401044
0.041652	0.0092555	0.0392423
0.0381271	0.00472839	0.0390176
0.0220963	0.0066408	0.0371822
0.0207687	0.0109191	0.0369655
0.0356167	0.0146621	0.0387598
0.0399655	0.00465819	0.0392268
0.0281545	0.00759622	0.037812
0.0282134	0.00978981	0.0380108
0.00914305	0.0130663	0.0356448
0.0155551	0.013683	0.0363321
0.0372677	0.0158877	0.0390091
0.0327188	0.0103277	0.0384575
0.0074155	0.00721694	0.0354974
0.0374915	0.00758787	0.0389323
0.0292799	0.00784206	0.0381022
0.040076	0.00143482	0.0393099
0.0387863	0.0116369	0.0389188
0.0286448	0.0137143	0.0379454
0.0239902	0.0125689	0.0373617
0.0202233	0.00400264	0.0369667
0.0341756	0.00383249	0.038581
0.0178786	0.0093165	0.0366908
0.0367136	0.00616846	0.0390199
0.0289765	0.0160885	0.0378158
0.0450253	0.0133132	0.0398386
0.0203171	0.0076654	0.0369896
0.0406694	0.00141268	0.0392598
0.0269006	0.0165505	0.0377185
0.0133377	0.00943052	0.036453
0.035575	0.0145369	0.0386043
0.0256461	0.0124645	0.0376712
0.035494	0.0160219	0.0388137
0.0346094	0.0164298	0.0384998
0.0429797	0.0166267	0.0395204
0.0154993	0.016671	0.0365648
0.0323045	0.0133432	0.0383793
0.0274022	0.00576574	0.0377967
0.0298889	0.0101772	0.0380875
0.0318115	0.00921349	0.0383157
0.0269677	0.0120236	0.037807
0.0297801	0.00801922	0.0381644
0.0352241	0.00566909	0.038837
0.0311996	0.00830352	0.0382456
0.0377876	0.0138372	0.0388944
0.00437415	0.00428575	0.0351502
0.0471262	0.00533339	0.0399194
0.0272451	0.0129614	0.0377757
0.0314785	0.00797609	0.038351
0.0229987	0.00352885	0.0372851
0.0304549	0.00876145	0.0380715
0.0264335	0.00235871	0.0377118
0.0315136	0.00412823	0.0384209
0.0380084	0.00972904	0.0389851
0.0193321	0.0123344	0.0369562
0.00977825	0.00624573	0.0362605
0.0381797	0.0118925	0.0390109
0.0312416	0.00898106	0.0382763
0.0251308	0.00824509	0.0377428
0.0390592	0.00743565	0.0390407
0.0373393	0.0149938	0.0390016
0.0210285	0.0028198	0.0370834
0.033609	0.0130525	0.0385221
0.0391681	0.00863244	0.0390742
0.0348278	0.0029048	0.0385619
0.041447	0.0163629	0.0393335
0.0376986	0.0131433	0.0388859
0.0119381	0.0114178	0.0359464
0.0416423	0.0119024	0.0392832
0.0153075	0.0147519	0.0364637
0.0465929	0.0163363	0.0400773
0.0384386	0.0118131	0.0390929
0.0174944	0.00774655	0.0366703
0.0380411	0.00354207	0.0391713
0.0385494	0.0112292	0.0390162
0.0443388	0.00775966	0.0395038
0.0377087	0.00658551	0.038976
0.0348621	0.00570201	0.038593
0.0349686	0.00990966	0.038555
0.0288899	0.00744506	0.038017
0.0385864	0.00883633	0.0392602
0.0385077	0.0100496	0.0390815
0.0282818	0.0100404	0.0379476
0.0264668	0.00677913	0.0377608
0.0304114	0.00888187	0.0381592
0.0141307	0.010376	0.0363233
0.0498921	0.0136897	0.0401178
0.0320146	0.00287752	0.0382528
0.0362862	0.01313	0.038932
0.0474262	0.0167318	0.0403066
0.0347078	0.0102536	0.0386359
0.0268763	0.00225687	0.037576
0.0436397	0.00488275	0.0395858
0.0301441	0.0090225	0.0381085
0.0354229	0.00991178	0.0387062
0.0164691	0.00603645	0.0365476
0.0212786	0.0101913	0.0370234
0.0249969	0.00932221	0.037558
0.0337524	0.00146139	0.0384598
0.0136693	0.0141079	0.0362642
0.0262683	0.0169464	0.0377162
0.037167	0.0164814	0.0389605
0.02899	0.0143899	0.0380206
0.0278069	0.00507821	0.0379114
0.00684254	0.00608067	0.0359786
0.020985	0.0165986	0.0371204
0.0246427	0.00195732	0.0374913
0.0229342	0.0119961	0.0373726
0.0517451	0.00959458	0.0403142
0.0407361	0.00698721	0.0393351
0.0258195	0.0108826	0.0374877
0.032717	0.0145656	0.0383556
0.0421998	0.0149314	0.0396587
0.0370183	0.0163275	0.0388428
0.0459488	0.0127755	0.0397433
0.0335182	0.0141918	0.0384805
0.0137493	0.0114026	0.0361183
0.0178128	0.00750275	0.0366501
0.02629	0.0157349	0.0377197
0.0313224	0.016097	0.0382857
0.0418679	0.0104939	0.0394661
0.0422654	0.0117555	0.0394318
0.0419254	0.0117391	0.0396905
0.0531997	0.00645357	0.0406754
0.0279847	0.00186398	0.03782
0.029925	0.0111799	0.0381109
0.0377506	0.0144687	0.0388689
0.0165128	0.00811503	0.0366485
0.0487907	0.00507973	0.0402385
0.0330248	0.0121844	0.0383851
0.0376743	0.0161844	0.0388726
0.0393808	0.0164564	0.0392118
0.0398366	0.0095497	0.0391524
0.0224556	0.00735001	0.0373642
0.0222899	0.00660808	0.0374711
0.0458812	0.0108569	0.0397126
0.0303233	0.00310799	0.038089
0.0288987	0.0100732	0.0379271
0.0303568	0.00936685	0.038228
0.0103115	0.0177008	0.03591
0.0350961	0.0153752	0.038752
0.0405926	0.00625025	0.0393479
0.0359663	0.0144517	0.0386844
0.0347096	0.0104606	0.0386366
0.04307	0.0159565	0.0394453
0.0308262	0.00789355	0.0381347
0.0117383	0.0111047	0.0358628
0.038287	0.00298049	0.0389995
0.0117263	0.0163302	0.0358426
0.0164336	0.00620398	0.0365616
0.0253154	0.0168921	0.0376024
0.0228717	0.0153229	0.0371625
0.0206116	0.00704325	0.036933
0.0217084	0.0100654	0.0370278
0.0240313	0.0123998	0.0373971
0.0176522	0.0110268	0.0366547
0.0253511	0.00830677	0.0375868
0.0187807	0.0100038	0.0368295
0.0243296	0.0115176	0.0373105
0.0272081	0.0138061	0.0378116
0.0239001	0.0153782	0.0374433
0.0426661	0.00494129	0.0395198
0.0386923	0.00080729	0.0390427
0.0249733	0.0116184	0.0375487
0.0248806	0.00637428	0.0375492
0.0328843	0.00423704	0.0385474
0.0374039	0.0100716	0.0389452
0.0447356	0.00913916	0.0397659
0.00372559	0.000323379	0.0350595
0.0352205	0.00675359	0.0386295
0.0301804	0.0138879	0.0380771
0.0381455	0.00895746	0.0389884
0.0334333	0.00157971	0.0388562
0.0317861	0.0116644	0.0381391
0.0303965	0.00378185	0.0381788
0.0359259	0.00537342	0.0387443
0.0277451	0.0102668	0.0379205
0.0220564	0.0133361	0.0372509
0.0344733	0.00854835	0.0387219
0.0333557	0.000995404	0.0384505
0.0236194	0.0132196	0.0374407
0.00949439	0.0101639	0.0357422
0.0266174	0.00952413	0.0376843
0.0238299	0.0167297	0.0374441
0.0369702	0.00732175	0.0390332
0.0290268	0.0125318	0.0378149
0.0266216	0.003668	0.0377296
0.0325006	0.00916995	0.038319
0.0302233	0.00877304	0.0380434
0.0286004	0.0152614	0.0379973
0.0283892	0.0123697	0.037941
0.0328977	0.0152129	0.0384133
0.0209167	0.0143994	0.0371183
0.0204777	0.0144719	0.0370185
0.0376738	0.0167985	0.0391822
0.0433502	0.000449521	0.039614
0.0335719	0.00661264	0.0384285
0.0309771	0.0154834	0.0379743
0.0439706	0.0125191	0.0395884
0.0182513	0.0129024	0.0367905
0.0388904	0.0133686	0.0391412
0.00875353	0.012231	0.035718
0.0439353	0.0124584	0.0396192
0.0261472	0.00878669	0.0378047
0.0315124	0.0113084	0.0383284
0.0248633	0.0119139	0.0375826
0.0294596	0.00937599	0.0380365
0.00498659	0.0129942	0.0352262
0.0267467	0.0133174	0.0375829
0.0161469	0.0163535	0.0366621
0.0371746	0.00901405	0.0388385
0.0506488	0.00975837	0.0401703
0.0203472	0.0156597	0.0371085
0.0324144	0.0115412	0.0382099
0.0301637	0.0106317	0.0381269
0.028822	0.000586807	0.0380176
0.0327606	0.00361032	0.0384573
0.0401688	0.00581074	0.0391915
0.0353489	0.00930208	0.0387182
0.0297917	0.00220785	0.0380019
0.0290364	0.00916138	0.0379985
0.0215636	0.013645	0.0370396
0.0380268	0.016783	0.0391317
0.0361967	0.00672891	0.038856
0.0200877	0.0118097	0.0370427
0.0322236	0.0137415	0.0382775
0.0425751	0.00894151	0.0397508
0.0166744	0.00454676	0.0364986
0.0271984	0.007753	0.0376635
0.0445106	0.00691313	0.039822
0.0428268	0.0139781	0.0396347
0.0254888	0.0136487	0.0376184
0.0266805	0.00384236	0.0377302
0.0350039	0.00681382	0.0385174
0.0300146	0.0151265	0.0380517
0.0338149	0.00900491	0.0385683
0.0149494	0.011131	0.0364017
0.0299664	0.0135983	0.0381351
0.0163537	0.0113105	0.0366437
0.0445073	0.0150635	0.0398364
0.0255858	0.0129424	0.0374241
0.0375709	0.0135167	0.0390181
0.0426641	0.00803046	0.039506
0.0367419	0.0154165	0.0387706
0.0410485	0.00755511	0.0393645
0.0258342	0.00440482	0.0377308
0.0281559	0.011552	0.0379113
0.0352261	0.00861642	0.0386918
0.0369511	0.0119877	0.0388806
0.0251949	0.0177948	0.0374468
0.0368113	0.0130407	0.0388108
0.0305344	0.0160109	0.0381393
0.0309383	0.00712542	0.0381475
0.0507344	0.00918994	0.0402136
0.0474427	0.0169924	0.0401551
0.0373606	0.0144429	0.038815
0.0334493	0.00411128	0.0385469
0.0304118	0.013416	0.0381263
0.0321878	0.0165546	0.0384054
0.0171745	0.0134784	0.0365037
0.0257508	0.0117955	0.0376237
0.0202563	0.0095384	0.0370074
0.0316466	0.0205611	0.0383172
0.0211889	0.00166257	0.0370744
0.0222052	0.0137504	0.0372252
0.0152031	0.0112985	0.0364345
0.0283345	0.00475244	0.0380977
0.031798	0.00657143	0.0383238
0.02552	0.0115419	0.03744
0.0390222	0.0130779	0.0389993
0.0173572	0.0158567	0.0365107
0.0384091	0.0120072	0.0390141
0.0416588	0.00601482	0.0393196
0.0279942	0.012451	0.0378963
0.0395118	0.0106069	0.0390393
0.0290208	0.00411096	0.0379282
0.0310798	0.00881483	0.0382942
0.0170395	0.0165996	0.0365966
0.0333977	0.0095612	0.0383894
0.0332597	0.00693779	0.0384899
0.0427069	0.00404104	0.0397689
0.0352047	0.00999933	0.0388064
0.0324641	0.00905987	0.0383958
0.0254067	0.00965721	0.037553
0.0392889	0.00653253	0.0390636
0.0391543	0.00613176	0.0392201
0.026408	0.0142795	0.0377254
0.0275887	0.00152706	0.0382417
0.0232729	0.0144556	0.0374278
0.0342128	0.00910075	0.0385649
0.00858832	0.00566944	0.0356407
0.0410029	0.00567399	0.0393698
0.0248283	0.00793931	0.0375371
0.0320226	0.0076356	0.0382758
0.0397508	0.01217	0.0392334
0.019061	0.0107279	0.0368631
0.0397213	0.00418473	0.0391107
0.00957448	0.00629051	0.0357442
0.0301292	0.0158451	0.038151
0.0269235	0.013355	0.0375638
0.0137791	0.00939181	0.0360942
0.0107295	0.0143378	0.0359071
0.0362661	0.0143089	0.0387861
0.0360319	0.00752042	0.0388305
0.0260839	0.00693651	0.0377365
0.0326137	0.00553018	0.0386277
0.0437435	0.0107696	0.0396299
0.0322383	0.0132051	0.0384741
0.0316348	0.0122064	0.0382061
0.0206489	0.0064586	0.0371895
0.031118	0.0134797	0.038206
0.0387358	0.0129558	0.0391209
0.0348506	0.00267404	0.0386784
0.0342238	0.0135412	0.0386479
0.0348237	0.000957906	0.0387084
0.0176431	0.0109906	0.0366401
0.0435883	0.0108605	0.0396325
0.01851	0.00591171	0.0371189
0.0398911	0.00585376	0.0392332
0.0113072	0.0158983	0.0357743
0.0296487	0.0157448	0.0380883
0.0234455	0.00907764	0.037246
0.0358398	0.00735863	0.0387194
0.0411398	0.0130001	0.0395387
0.0225285	0.00883446	0.0372571
0.0161048	0.00579067	0.0364545
0.040177	0.0124989	0.0390948
0.0460182	0.00596061	0.0399844
0.0299839	0.0107345	0.0381115
0.0296687	0.00749235	0.0380955
0.0278038	0.00152789	0.0377784
0.0307937	0.0122699	0.038192
0.0416287	0.00672185	0.0392073
0.0185145	0.0115649	0.0367112
0.0185412	0.00979105	0.0366952
0.0352601	0.00595722	0.0386416
0.0392352	0.00893298	0.0390201
0.0294421	0.0133934	0.0380775
0.00745831	0.011517	0.0354983
0.0389568	0.0117384	0.0392721
0.00941729	0.0098603	0.0358196
0.020471	0.0118025	0.0370409
0.0298949	0.00270376	0.0380327
0.0204502	0.0121288	0.0371293
0.0119894	0.0106429	0.0361262
0.0339315	0.00976082	0.0385822
0.0323849	0.0105724	0.0383166
0.0268604	0.00685547	0.0378141
0.0346627	0.00901733	0.0386817
0.0198563	0.00581265	0.0369077
0.0272545	0.0103594	0.0377474
0.0520338	0.0135991	0.0402271
0.0262307	0.0089471	0.0377397
0.0260187	0.0136791	0.0374941
0.00160289	0.0159009	0.0348147
0.00189192	0.00278422	0.0348931
0.04546	0.0108947	0.0397815
0.0259118	0.0127618	0.0376749
0.0166562	0.011913	0.0365361
0.0315497	0.0133141	0.0382357
0.0313082	0.0086075	0.0382509
0.0354702	0.0133303	0.0386717
0.0351879	0.0101718	0.0385446
0.0252137	0.00978563	0.0376041
0.0472761	0.0133551	0.0400548
0.0280007	0.00266791	0.0378848
0.0259576	0.00810588	0.0377247
0.0409874	0.0142159	0.0393565
0.0248198	0.00617819	0.0374929
