0.0283671	0.00956856	0.0246699
0.030866	0.00989749	0.0576472
0.0295528	0.0107213	0.120209
0.0312636	0.00961967	0.0585189
0.031586	0.0102421	0.042513
0.0269187	0.00942759	0.0541797
0.0296972	0.00998021	0.0194424
0.0313516	0.0103619	0.0204435
0.0301832	0.0104713	0.0704543
0.030177	0.00865207	0.0417161
0.0298984	0.0103016	0.0583012
0.0285925	0.010239	0.0321502
0.0303962	0.0101336	0.133622
0.0304587	0.00979783	0.189378
0.0324244	0.0102139	0.105443
0.0308499	0.00873172	0.0820678
0.029909	0.0104156	0.07365
0.0291466	0.0111605	0.0794514
0.0297808	0.0110472	0.0812343
0.0309206	0.0105057	0.0200796
0.0336515	0.0103587	0.041432
0.0310155	0.0109549	0.107405
0.0283876	0.00868214	0.0232785
0.0281254	0.0103917	0.00587559
0.0300774	0.0107641	0.0444803
0.0293037	0.0107823	0.0384287
0.0293307	0.0109879	0.056614
0.0327572	0.0114651	0.0707511
0.0283297	0.0101463	0.0387414
0.0318567	0.00942013	0.116736
0.0309086	0.0106396	0.0618166
0.0322595	0.0108425	0.0608451
0.0298706	0.0101288	0.0937649
0.0298476	0.0101105	0.0582609
0.0283875	0.00975229	0.0226433
0.0295278	0.00869449	0.0203377
0.0306857	0.00889416	0.0828945
0.0276302	0.00972204	0.168097
0.0273241	0.0108739	0.0906334
0.0285941	0.0109598	0.0307665
0.0341007	0.0104361	0.181433
0.0302933	0.00954828	0.0274086
0.029046	0.0100225	0.0187192
0.0297177	0.00938044	0.109849
0.0317079	0.009866	0.0787225
0.0304831	0.00958227	0.0989167
0.0292973	0.00967454	0.0618058
0.0280341	0.00954278	0.0538796
0.0290257	0.00939646	0.0342147
0.0296034	0.0106741	0.016291
0.0312313	0.0101938	0.0130618
0.0344967	0.0103149	0.116557
0.0311552	0.0104183	0.0727302
0.030085	0.0099431	0.0490555
0.0298999	0.0110067	0.0600489
0.0292341	0.0111748	0.0375029
0.0326285	0.00886537	0.0244548
0.0294974	0.00844636	0.129731
0.0324791	0.00927124	0.137771
0.0291131	0.0103717	0.0184018
0.0315939	0.00989923	0.0379602
0.0278273	0.0113762	0.00420633
0.0283217	0.0087817	0.0385308
0.031204	0.0105346	0.127152
0.0288025	0.0103103	0.0180756
0.0296025	0.00978222	0.126035
0.0308228	0.0101169	0.0249939
0.0309003	0.0109807	0.0471608
0.0300061	0.00871408	0.0696226
0.029933	0.0088287	0.171276
0.0289705	0.00932131	0.0375913
0.0311881	0.0113608	0.0727535
0.0295713	0.011213	0.0611146
0.031181	0.00891567	0.0253145
0.0290616	0.00970131	0.129528
0.0307717	0.0100186	0.169674
0.0289256	0.00877741	0.220025
0.031683	0.0106714	0.143529
0.0304	0.0100458	0.0694262
0.0308216	0.011159	0.0128723
0.0290941	0.00917613	0.120942
0.029274	0.0106166	0.0296064
0.0270781	0.00992535	0.137226
0.0296654	0.00911125	0.0261529
0.0294243	0.0103702	0.0732534
0.028921	0.00944227	0.132957
0.0293346	0.0095579	0.00634837
0.0312364	0.00886622	0.0720181
0.0314547	0.0100817	0.0728795
0.0303175	0.00868709	0.0708442
0.0282004	0.00981732	0.0231833
0.0324131	0.0120124	0.0279418
0.0291723	0.00972295	0.0212845
0.0299865	0.010452	0.0884371
0.029078	0.00941775	0.0241413
0.0298423	0.00920111	0.0936833
0.0313239	0.00871453	0.105248
0.029874	0.00991415	0.0696514
0.030728	0.00965799	0.0020353
0.0314008	0.0101555	0.0987819
0.0290988	0.0084548	0.0240932
0.0306308	0.0100119	0.0508801
0.0317215	0.00946775	0.00974844
0.0269732	0.0116224	0.0717151
0.0331895	0.00914289	0.09075
0.0297002	0.00989301	0.0629452
0.0282928	0.0100035	0.0188461
0.0286327	0.0109367	0.0736987
0.0284528	0.0112393	0.0673847
0.0293041	0.00979892	0.025739
0.0295587	0.0115243	0.0136323
0.0285028	0.0100998	0.167856
0.0290277	0.0102985	0.0204589
0.0288651	0.0102995	0.0658252
0.0310224	0.0083869	0.144735
0.0282731	0.0100581	0.0609059
0.0303568	0.0101406	0.017973
0.0303024	0.00915529	0.0422457
0.0298496	0.00974341	0.0142712
0.0307725	0.0109277	0.0213654
0.0304878	0.00958187	0.0358614
0.0321116	0.0106879	0.0738876
0.0301486	0.00855404	0.00717795
0.0314838	0.00972381	0.0633328
0.0316244	0.0093773	0.0182378
0.0309625	0.00879373	0.0110581
0.0328685	0.0105744	0.139843
0.0297286	0.00953837	0.0480258
0.0296709	0.0104241	0.0154852
0.0307075	0.00858306	0.108424
0.0281834	0.00971266	0.0574217
0.0297158	0.00993509	0.0128786
0.0301622	0.00943141	0.0860936
0.0265536	0.0102964	0.0135203
0.0320053	0.0100102	0.0297978
0.0282045	0.0101384	0.0170721
0.0275477	0.0093946	0.143157
0.0310211	0.00978727	0.0398333
0.0298409	0.01024	0.0154112
0.0307653	0.0103925	0.0297268
0.0284855	0.010503	0.0187499
0.0311328	0.0101292	0.00990372
0.0293562	0.0092872	0.167326
0.0294748	0.0105955	0.105533
0.0294719	0.0109234	0.120213
0.0315494	0.010331	0.072111
0.0278016	0.00960946	0.0112486
0.0279335	0.0113703	0.0159823
0.0274948	0.0104513	0.047975
0.0319135	0.00948738	0.00607148
0.0303855	0.0100132	0.0692557
0.0268258	0.0104282	0.0031963
0.0295364	0.0110944	0.0457716
0.0313001	0.00863771	0.0844637
0.0303688	0.00986823	0.0668233
0.029645	0.00985548	0.0777748
0.028976	0.0102353	0.0388444
0.0305349	0.0113219	0.211518
0.029015	0.00977703	0.0931889
0.0318845	0.0098895	0.0882559
0.0296529	0.0106724	0.167078
0.0291855	0.0107994	0.0143094
0.0315017	0.00973971	-0.000202954
0.0285631	0.00930348	0.110381
0.0283464	0.00878362	0.0616303
0.0290874	0.00917278	-0.000837453
0.0290151	0.0106602	0.0860337
0.0299661	0.00960252	0.109088
0.0277988	0.0102314	0.0647286
0.0285726	0.0104986	0.0312164
0.0300221	0.00940725	0.0562742
0.0299698	0.00976488	0.166539
0.0322364	0.0119548	0.014324
0.0278039	0.011493	0.0654745
0.0276171	0.0093698	0.063428
0.0298891	0.0103114	0.170226
0.0326326	0.00925234	0.0598123
0.0290509	0.0107325	0.0355569
0.0294343	0.0103093	0.053745
0.0280313	0.0105767	0.0735327
0.0288193	0.00961581	0.124831
0.0318823	0.0104586	0.0044662
0.0304162	0.0102572	0.0340711
0.0306729	0.0096622	0.0636051
0.0319189	0.0103426	0.114555
0.0312526	0.00968127	0.0383959
0.0307907	0.0104917	0.0433895
0.0293698	0.00943094	0.0283392
0.03012	0.0100595	0.0588506
0.0325774	0.00986834	0.0395385
0.0278003	0.0103629	0.0378818
0.028877	0.00935847	0.132367
0.0294748	0.0102839	0.0143773
0.0320318	0.00995386	0.0126447
0.0305411	0.00963669	0.0350746
0.030729	0.00896833	0.0142619
0.0326987	0.0103557	0.0746553
0.0312711	0.0105232	0.0729476
0.031162	0.00958259	0.071287
0.0324007	0.010326	0.0615142
0.0323908	0.0107018	0.104034
0.0303514	0.0101334	0.167227
0.0285157	0.00957755	0.0239854
0.0301556	0.0104178	0.011445
0.0314395	0.00987602	0.0598212
0.0298254	0.00866956	0.0236408
0.0292219	0.010938	0.0564153
0.0283232	0.00976486	0.056351
0.0304336	0.00942358	0.131765
0.0300445	0.00967125	0.00416127
0.0283922	0.0105989	0.0484685
0.0312735	0.00945332	0.07855
0.028902	0.00984651	0.0103303
0.0298442	0.0102898	0.0269568
0.0296691	0.0105927	0.0931281
0.0306678	0.00967599	0.0711122
0.030283	0.0100883	0.0248124
0.0282966	0.00966986	0.138172
0.0307114	0.0107507	0.0120002
0.0307013	0.0110595	0.176742
0.029976	0.00990044	0.0185452
0.0306372	0.0101112	0.0697265
0.0294662	0.00990752	0.223677
0.0308988	0.0101591	0.013919
0.0324218	0.00994988	0.169182
0.0274006	0.0101874	0.0571089
0.0293032	0.00943644	0.0318226
0.0306588	0.0101467	0.0949784
0.0313137	0.00923994	0.020869
0.0296777	0.010413	0.0888978
0.0294328	0.0100487	0.0400498
0.0310918	0.00957968	0.107419
0.0299697	0.00964119	0.0355133
0.0282493	0.0107403	0.0692898
0.0293255	0.0107864	0.0649623
0.029295	0.0114858	0.0857305
0.0283248	0.00992383	0.111153
0.0311596	0.010387	0.00759894
0.0297058	0.0106003	0.0932034
0.030976	0.00988928	0.010094
0.0316355	0.0103201	0.0899304
0.0298898	0.0114925	0.0690757
0.0316044	0.00997409	0.0145804
0.0314209	0.0101618	0.0620876
0.0298534	0.0098899	0.0366227
0.0290461	0.010574	0.0390038
0.0307713	0.00925852	0.105909
0.029401	0.0101271	0.0230404
0.0303596	0.0107188	0.051004
0.0266315	0.010941	0.095574
0.0288197	0.00942603	0.0335528
0.0306253	0.00863571	0.0186223
0.0314991	0.0110957	0.12998
0.0303121	0.0107069	0.0252151
0.028903	0.0098254	0.108492
0.0272698	0.00991554	0.00471779
0.0316838	0.0100224	0.025904
0.028987	0.0109258	0.0441059
0.0280626	0.00905895	0.0293444
0.0300433	0.010662	0.0375994
0.0276617	0.00999578	0.0925576
0.0317805	0.00945387	0.0375532
0.0293727	0.00861552	0.108156
0.0301869	0.0103305	0.0218128
0.0294131	0.00857316	0.110182
0.0305366	0.0103027	0.0177518
0.0319802	0.0106176	0.0178954
0.0276904	0.0103097	0.111666
0.0295657	0.009624	0.0299494
0.0314107	0.0100249	0.0334605
0.0285886	0.00940367	0.0197696
0.0310404	0.00952195	0.0522314
0.0319618	0.0097961	0.0885814
0.0287712	0.0114448	0.0314477
0.0275844	0.010359	0.110631
0.0340468	0.010461	0.0843192
0.0310322	0.00946701	0.0138121
0.0325266	0.00963042	0.0972201
0.0305796	0.0113475	0.0577999
0.0322352	0.00952539	0.0351114
0.031256	0.0104579	0.058735
0.0301293	0.0105785	0.0334441
0.0303545	0.0114541	0.0543734
0.0272441	0.00983333	0.0145053
0.0286964	0.00950144	0.00473185
0.0296962	0.0101686	0.0362638
0.0285245	0.0090317	0.065119
0.0281517	0.0105487	0.0767791
0.0312685	0.00949466	0.0332786
0.0288063	0.00983087	0.0126046
0.029337	0.00972594	0.0177341
0.0308084	0.00972638	0.141858
0.0299835	0.0107579	0.109039
0.028852	0.0100003	0.0227323
0.0310245	0.0098351	0.104388
0.0293712	0.00998417	0.0942104
0.0305004	0.0108301	0.112223
0.0299246	0.00922643	0.109434
0.0282587	0.00842272	0.00383082
0.0334129	0.0102306	0.0587633
0.028257	0.00977819	0.167635
0.0290631	0.00927972	0.0678476
0.0310499	0.010768	0.0858035
0.0297927	0.0102387	0.0916446
0.0280336	0.0098387	0.048766
0.0291629	0.00911465	0.0669698
0.0324932	0.0105189	0.0466599
0.0294666	0.00885025	0.110186
0.0335712	0.00966582	0.0119324
0.0277708	0.0103414	0.0195234
0.0289404	0.00834396	0.0243106
0.0266618	0.00900383	0.0304229
0.0267083	0.00932159	-0.000347677
0.0310258	0.0103614	0.164637
0.0306604	0.0092532	0.159909
0.0299919	0.00969246	0.163965
0.0314397	0.0108845	0.0624801
0.0298269	0.0101133	0.0281088
0.030196	0.0100319	0.00619866
0.0310641	0.010149	0.0271013
0.028566	0.00974037	0.0113717
0.0297773	0.0102603	0.16388
0.029331	0.0103273	0.0248377
0.0327999	0.00990071	0.086973
0.0305822	0.0107784	0.0507772
0.0311708	0.0097812	0.0141261
0.0311334	0.0100457	0.0705293
0.0294147	0.00969603	0.223988
0.0300845	0.0105756	0.0116402
0.0281544	0.00968962	0.0640564
0.0316383	0.0104631	0.0125301
0.0289193	0.00991072	0.136407
0.0300161	0.00896602	0.0668958
0.0304331	0.0107404	0.0557589
0.0310775	0.00896594	0.0164557
0.0283895	0.0100143	0.0923156
0.0283253	0.00944515	0.0577698
0.0312017	0.0101452	0.0134454
0.0286408	0.0109735	0.0887488
0.0290791	0.00938443	0.0182447
0.0292295	0.0104144	0.0191583
0.0296833	0.00922414	0.0677318
0.0283877	0.00970822	0.0568125
0.0293605	0.00967934	0.0408276
0.0311893	0.010232	0.0904692
0.029362	0.0115198	0.0157976
0.0323607	0.00945439	0.0274928
0.0306146	0.0107908	0.0707222
0.0303421	0.00968141	0.0335063
0.0294505	0.0101944	0.0328702
0.0284155	0.00963798	0.0326893
0.0297431	0.010823	0.173553
0.0289781	0.0092723	0.0106665
0.0287531	0.00990969	0.0398275
0.0328043	0.0108207	0.109943
0.031616	0.00970348	0.00535066
0.028517	0.0096253	0.0629932
0.0320378	0.0100965	0.12756
0.030636	0.00951157	0.00997006
0.029523	0.00958111	0.0947265
0.0302993	0.0102473	0.109234
0.0298191	0.0122481	0.0300402
0.0322633	0.0117008	0.0751919
0.0265134	0.00964791	0.0740873
0.0298736	0.00922461	0.0658212
0.0297091	0.00949257	0.00616853
0.0295334	0.0103034	0.0688741
0.0308639	0.00962354	0.0617701
0.0302656	0.00800652	-4.08354e-05
0.0329521	0.0103046	0.0426996
0.028145	0.00979045	0.0322545
0.029087	0.00960692	0.0551125
0.0277925	0.00911525	0.100023
0.0298721	0.00968758	0.0946956
0.0277491	0.010418	0.0386001
0.0322781	0.0102224	0.0413987
0.0310559	0.00901596	0.044905
0.0287833	0.0102791	0.0614382
0.028337	0.00991419	0.00231589
0.0284487	0.00897397	0.0647466
0.0307713	0.0091628	0.09667
0.02615	0.0101334	0.0183508
0.0266467	0.0111085	0.0689658
0.031308	0.0102093	0.0413646
0.0323784	0.0100738	0.0409525
0.0285524	0.00982181	0.0118149
0.0290507	0.00920691	0.0782947
0.027913	0.00929647	0.0298964
0.0295027	0.00989732	0.108748
0.0310422	0.00943768	0.144663
0.0282036	0.00966033	0.130615
0.0288237	0.00902709	0.11071
0.0278746	0.00934272	0.138772
0.0290138	0.0096021	0.181345
0.0311967	0.00942908	0.0418623
0.0279436	0.00999808	0.0179334
0.0304378	0.0106275	0.0573937
0.0287623	0.0104617	0.121322
0.0311152	0.00988074	0.0200503
0.0323697	0.010099	0.00636757
0.03163	0.00952227	0.0698282
0.0298229	0.0107824	0.0178315
0.0301213	0.00951131	0.0460347
0.0293748	0.0108453	0.0681192
0.0290864	0.0114203	0.116139
0.0306012	0.00966675	0.0951175
0.0332024	0.0105304	0.0504503
0.0299197	0.0103524	0.0596916
0.030832	0.0105	0.0702329
0.02985	0.0105043	0.0614839
0.0290523	0.00958642	0.0408773
0.028617	0.0107524	0.123655
0.0288104	0.0103444	0.109455
0.0307882	0.0109687	0.0496557
0.029666	0.00976503	0.0602745
0.0304451	0.00999999	0.0405203
0.0287967	0.00971918	0.121107
0.0290105	0.00963346	0.0677187
0.0318244	0.00931272	0.0205343
0.0266003	0.0100676	0.0362992
0.0316473	0.00990319	0.0114721
0.0285488	0.011203	0.0558659
0.0280368	0.00800525	0.021526
0.0283908	0.0103959	0.0243077
0.0298588	0.0101973	0.0182542
0.0290229	0.0084588	0.148509
0.0305694	0.00866775	0.0160152
0.0289318	0.00938104	0.028984
0.0278532	0.010955	0.0374881
0.0301942	0.00898259	0.0405174
0.0304784	0.00899973	0.0519443
0.0304494	0.0110077	0.0079296
0.0337561	0.00963072	0.0191483
0.0292805	0.010773	0.0348028
0.0319475	0.0106186	0.00743046
0.0277926	0.0103419	0.0466551
0.032705	0.0115859	0.0269637
0.0283786	0.00959191	0.0892066
0.031188	0.0106049	0.041905
0.0289105	0.00825628	0.00762395
0.0335646	0.00865424	0.0972631
0.0297597	0.0109696	0.10948
0.0288371	0.0098337	0.0402923
0.0296216	0.00980881	0.0308635
0.030294	0.0103181	0.0138634
0.0320898	0.00938623	0.09663
0.0319614	0.0103217	0.0401186
0.0300607	0.01062	0.015297
0.0303822	0.00946153	0.0703584
0.0304093	0.00875404	0.0247639
0.0300741	0.0103583	0.214421
0.0283154	0.0103271	0.0658423
0.027942	0.00968217	0.0151411
0.030273	0.0104498	0.102525
0.0287895	0.0114686	0.00782777
0.0305483	0.00922638	0.071859
0.0306516	0.0097328	0.0376944
0.0286694	0.00939498	0.0334268
0.0319567	0.0086779	0.0293811
0.0300538	0.00998629	0.070054
0.0288563	0.00880599	0.0671323
0.0326476	0.00958805	0.105622
0.0303258	0.00939176	0.0168799
0.0300291	0.00962068	0.108519
0.0294494	0.0100721	0.0341141
0.0294588	0.00891973	0.0648632
0.0300249	0.0109974	0.0112254
0.0277232	0.0090852	0.119462
0.0323254	0.0110053	0.116717
0.0292483	0.00961797	0.0293102
0.0274406	0.00924603	0.0861854
0.0270623	0.010811	0.0345164
0.0304781	0.0102788	0.0641516
0.0297795	0.010907	0.0185119
0.0296761	0.0105889	0.00574788
0.0296268	0.0107914	0.0970112
0.0282464	0.0105387	0.090221
0.0312495	0.0107971	0.0513263
0.0288137	0.00949241	0.096939
0.0289706	0.00875528	0.0654396
0.0284615	0.0101123	0.121245
0.0301205	0.0115825	0.0506707
0.030806	0.0101992	0.0884726
0.0289593	0.00964622	0.062655
0.028962	0.00988409	0.0335962
0.0322312	0.00966216	0.0109083
0.0293775	0.00962468	0.0255493
0.0293332	0.00911212	0.0503542
0.029169	0.00964464	0.0336908
0.0289531	0.0100914	0.0709206
0.0313577	0.00928071	0.0525056
0.02906	0.0103342	0.0394095
0.0296009	0.00964406	0.0193518
0.029308	0.00939791	0.0130636
0.0310654	0.0104541	0.0123658
0.0322231	0.0106682	0.0593409
0.0285815	0.0100621	0.10953
0.0278308	0.010866	0.0486869
0.0281708	0.00891592	0.0623731
0.0300791	0.010901	0.0666369
0.028768	0.010742	0.0192496
0.0258115	0.00925045	0.0327548
0.0303641	0.00932882	0.0450904
0.0328514	0.0116292	0.0125084
0.0297018	0.00892009	0.044761
0.0303025	0.0102597	0.0637693
0.0297863	0.0102108	0.131041
0.0303011	0.00965043	0.060073
0.0292751	0.010485	0.0597173
0.0286381	0.00945076	0.0523068
0.0302616	0.0109126	0.0165472
0.0314878	0.00998999	0.0900027
0.0306661	0.0094996	0.041637
0.0280076	0.0106001	0.0243024
0.0284223	0.0100196	0.111818
0.0327506	0.0112652	0.105738
0.0300074	0.00894402	0.00908613
0.0301445	0.00993648	0.0405471
0.0287575	0.00888705	0.0238912
0.0279908	0.00929789	0.0101148
0.0302071	0.0103072	0.0621231
0.0304815	0.0100246	0.0396377
0.0298718	0.00963556	0.0592346
0.0275463	0.0100747	0.131138
0.0294657	0.0096855	0.0704184
0.0286554	0.0100435	0.111307
0.0307697	0.00963563	0.0183441
0.0301784	0.0101526	0.0772309
0.0300871	0.0100119	0.01377
0.0302721	0.010009	0.0071423
0.0321988	0.00969222	0.0104844
0.0299854	0.0111163	0.0396382
0.0307197	0.0101185	0.049525
0.0296355	0.00954472	0.05638
0.030968	0.00965746	0.1319
0.0284286	0.00971689	0.0394334
0.0279126	0.011839	0.111891
0.0307409	0.00979891	0.0109012
0.0281689	0.00944718	0.0645691
0.0257982	0.00914256	0.0388134
0.0296825	0.0103879	0.0515652
0.0312042	0.010079	0.0336415
0.0303525	0.010459	0.107895
0.0304687	0.00880577	0.0428573
0.0299543	0.00954949	0.0412406
0.0287648	0.0101192	0.132214
0.0303628	0.0100217	0.131778
0.0284518	0.0106271	0.0663303
0.0287047	0.00925207	0.114846
0.0310164	0.0106897	0.0356732
0.0303347	0.0104606	0.165506
0.0325602	0.0104267	0.0111505
0.0305531	0.0102429	0.107536
0.0308373	0.0102184	0.111289
0.0296345	0.00906283	0.1475
0.0292203	0.0096884	0.0504417
0.030699	0.0107873	0.0513326
0.0305139	0.0088162	0.0703063
0.0272837	0.00998753	0.00294124
0.0262176	0.00973101	0.062582
0.0292445	0.00977739	0.0213243
0.0284609	0.009967	0.118691
0.0327034	0.00994829	0.0413196
0.0310787	0.0111351	0.0273005
0.0308761	0.0104337	0.0621032
0.0293064	0.0101935	0.0947415
0.0313821	0.00979791	0.0412861
0.0302912	0.0108493	0.0693848
0.031249	0.0107338	0.0505931
0.0256484	0.00993197	0.0960695
0.028155	0.00995093	0.00206744
0.0296852	0.0104889	0.0523831
0.0293604	0.0095277	0.206578
0.0328692	0.0105817	0.0532776
0.0270335	0.00947467	0.0612286
0.027622	0.0104692	0.0629404
0.0300868	0.0110233	0.171848
0.0295677	0.00884395	0.0468814
0.0306947	0.00914828	0.0957229
0.0323857	0.0102745	0.103729
0.0287116	0.0108631	0.0153509
0.0292225	0.00995214	0.0261163
0.0325255	0.00966275	0.0117954
0.0286543	0.00959859	0.0339859
0.0322418	0.010235	0.0671725
0.0291591	0.0105487	0.0192659
0.0297676	0.00985349	0.0699789
0.0278958	0.00982456	0.0391504
0.0298307	0.00982278	0.0836341
0.0306732	0.010333	0.128117
0.0300322	0.0104042	0.0359891
0.0295253	0.0103419	0.0602547
0.0297301	0.00964071	0.00648682
0.0313985	0.0105497	0.0869717
0.0309046	0.0102827	0.171773
0.0297176	0.00926786	0.109015
0.0286482	0.0106997	0.105627
0.0285384	0.00845819	0.0406167
0.0300478	0.0101471	0.189186
0.030641	0.0111381	0.0703722
0.0284543	0.0101193	0.0112015
0.0301496	0.0107241	0.0427364
0.030118	0.0104271	0.0484158
0.031652	0.0100785	0.126938
0.0283857	0.00915887	0.033546
0.030911	0.0108549	0.0817242
0.027359	0.00927236	0.145781
0.0292804	0.0110913	0.0376926
0.0299508	0.0100867	0.0102382
0.0301426	0.00957673	0.0587519
0.0323196	0.0111915	0.106468
0.0328228	0.0103436	0.182425
0.0274118	0.00993636	0.12182
0.0278223	0.0109933	0.0194757
0.0289008	0.0112127	0.0187717
0.0292635	0.0102168	0.0681714
0.0276802	0.00924821	0.0244723
0.0317966	0.00974393	0.036289
0.0309359	0.0107413	0.0251736
0.0325438	0.00973291	0.0556649
0.0290695	0.00871726	0.0733302
0.031307	0.00972973	0.105983
0.0282406	0.00975596	0.0595574
0.0328554	0.00881254	0.0581667
0.0308937	0.0101556	0.136549
0.0307278	0.0106705	0.0684434
0.03175	0.00924764	0.012789
0.0288084	0.00820969	0.139565
0.0303976	0.0105219	0.0111625
0.0290941	0.00951985	0.0936371
0.0304158	0.00867271	0.0210517
0.0312893	0.00944547	0.107079
0.0309665	0.0101919	0.0487088
0.0299688	0.00881688	0.018221
0.0281967	0.00887519	0.017401
0.0282266	0.010881	0.0619991
0.0318642	0.00929978	0.0275487
0.0301425	0.0102579	0.0576208
0.0297344	0.0100828	0.0243592
0.0292779	0.00951305	0.0513421
0.0314195	0.00873273	0.0899942
0.0303375	0.00853821	0.0401798
0.0287859	0.0107299	0.0250813
0.029139	0.0104714	0.0390045
0.0297857	0.0104991	0.0392547
0.0292957	0.00909635	0.0951522
0.0305465	0.00845915	0.0165874
0.0299514	0.0101135	0.0661923
0.0333277	0.0109576	0.197511
0.0277828	0.00874807	0.0290824
0.0296005	0.0108632	0.0584244
0.0299606	0.0101366	0.165979
0.0317655	0.0107087	0.0390273
0.0304919	0.0105735	0.10836
0.0293525	0.00967853	0.0214992
0.0289573	0.00972962	0.0638584
0.0295555	0.0084738	0.141405
0.0311251	0.00995338	0.102882
0.0280899	0.010264	0.0645799
0.0302739	0.0097063	0.0261991
0.0265562	0.00984646	0.0207005
0.0296606	0.00930268	0.0900929
0.0302884	0.00977749	0.0706226
0.0290874	0.0106558	0.0147967
0.028678	0.0105892	0.0970593
0.0311709	0.0105456	0.0444204
0.0336062	0.0101698	0.191553
0.0293275	0.0103703	0.0998013
0.0291136	0.0097059	0.0724794
0.0296868	0.0113694	0.17134
0.0305604	0.0097443	0.0594957
0.0290424	0.0101664	0.00695738
0.0301121	0.0100715	0.0115021
0.0295162	0.0107389	0.0289178
0.0299542	0.0108963	0.109888
0.0327238	0.0105277	0.0089723
0.0303476	0.0107561	0.051226
0.0289535	0.0101143	0.0652316
0.0297313	0.00991167	0.0776557
0.0269969	0.00926874	0.112603
0.0319014	0.00979628	0.020336
0.0282036	0.00946126	0.065701
0.0328624	0.0101132	0.0404188
0.0298334	0.0103789	0.0411201
0.0303755	0.0107396	0.10804
0.028045	0.0094422	0.0228787
0.0303506	0.0105534	0.0277086
0.0288228	0.0103379	0.0636307
0.0309635	0.0110819	0.172664
0.0287317	0.00953176	0.0253592
0.0290252	0.00910233	0.0301251
0.0318923	0.0100056	0.0259621
0.0308662	0.00964211	0.0457645
0.0294721	0.00986373	0.125643
0.0298777	0.0100336	0.038402
0.0299814	0.00888899	0.0868892
0.0301155	0.010607	0.0435023
0.0306577	0.0110985	0.0711537
0.0306258	0.0103803	0.0252339
0.0307779	0.00974478	0.00683698
0.0278988	0.00994571	0.138422
0.0288336	0.0100178	0.0625008
0.0324865	0.00933843	0.00750814
0.0303809	0.00880846	0.00723666
0.0275196	0.0108593	0.0373729
0.0259044	0.00992397	-0.00264791
0.030517	0.0105448	0.0770106
0.0290621	0.0101996	0.0332226
0.031499	0.0095974	0.16746
0.032268	0.00986214	0.0160698
0.0314501	0.00992186	0.0405005
0.0300979	0.0110487	0.107692
0.029763	0.0110632	0.17238
0.0291718	0.00929527	0.0179359
0.0275585	0.00919462	0.0802157
0.0288446	0.0103837	0.0130002
0.0306257	0.0103872	0.0924275
0.030899	0.00963016	0.0182415
0.0294869	0.00998972	0.173768
0.0296241	0.00973878	0.00660869
0.027156	0.0103991	0.0314704
0.0318318	0.0110444	0.0877135
0.0286852	0.0109822	0.0887039
0.0291838	0.00989998	0.0779379
0.0311275	0.0103556	0.0267183
0.0320008	0.0101196	0.0267133
0.0293094	0.0107327	0.0684452
0.031768	0.00965257	0.0603576
0.0305448	0.00933767	0.0454419
0.0306146	0.0106337	0.071403
0.0293401	0.0109803	0.111965
0.0311978	0.00927306	0.0179577
0.0318089	0.0103602	0.0723444
0.0291936	0.00959394	0.0282686
0.0299517	0.0109717	0.0925684
0.0303655	0.00990944	0.0120846
0.027586	0.00946664	0.0736901
0.0289617	0.00941747	0.0379736
0.0289757	0.010054	0.218458
0.0312029	0.0106294	0.0593216
0.0310724	0.00941101	0.107828
0.0300198	0.00875938	0.0262381
0.0299351	0.00923725	0.0841548
0.0302447	0.0109594	0.0162908
0.0287816	0.0114252	0.0253265
0.0303794	0.00956769	0.108984
0.0281339	0.0105772	0.0267212
0.0293573	0.0100044	0.0909913
0.0323078	0.0100712	0.0387362
0.0314393	0.0101155	0.196885
0.0293875	0.0100194	0.04011
0.0316626	0.0096543	0.0257857
0.0328583	0.00964259	0.18665
0.030756	0.0110003	0.155945
0.0313524	0.00903578	0.049619
0.0276455	0.011384	0.0364431
0.0309078	0.0108848	0.107793
0.0322467	0.00982533	0.116513
0.0315355	0.0101679	0.0448927
0.0301444	0.00874833	0.0686603
0.030563	0.0107746	0.02618
0.0288078	0.00968963	0.0254643
0.0311359	0.0104462	0.0513667
0.0297247	0.00920904	0.126926
0.0306327	0.00970536	0.108445
0.0286514	0.00944503	0.017132
0.0291381	0.00927635	0.01826
0.0309425	0.00916583	0.00906132
0.0298717	0.00991983	0.018299
0.0310078	0.0103471	0.0270587
0.0278098	0.00941189	0.0465054
0.0301024	0.0108101	0.163404
0.0301525	0.0112151	0.0295156
0.0294427	0.00946651	0.0597129
0.0284249	0.0087579	0.0395621
0.0294344	0.00959291	0.0410076
0.0294812	0.00851319	0.0419863
0.0284358	0.0105413	0.257034
0.0292453	0.00896419	0.0666079
0.0304001	0.0112377	0.23999
0.0286012	0.0107783	0.0183623
0.0301498	0.0101193	0.0184581
0.0291925	0.00902833	0.0275999
0.0290602	0.0100596	0.11096
0.0300131	0.00951735	0.125296
0.029484	0.00959962	0.0507928
0.0267847	0.0106371	0.0618135
0.0325266	0.00964479	0.0398492
0.0288742	0.0100764	0.057444
0.0277315	0.00941427	0.0209656
0.0293321	0.00951807	0.0512097
0.030566	0.0100535	0.132165
0.0291452	0.0112952	0.00746861
0.0295141	0.00902731	0.0637999
0.027916	0.0109654	0.112639
0.0327529	0.00979401	0.0753268
0.0336071	0.0105317	0.0612415
0.0297155	0.0096916	0.0203704
0.0299723	0.00919916	0.0439759
0.0296394	0.0090489	0.0457919
0.0300858	0.0105685	0.0922861
0.0306725	0.0100082	0.0324897
0.0320136	0.00933504	0.106374
0.0322252	0.00859065	0.00606105
0.0299326	0.00857803	0.13399
0.0284956	0.00994813	0.0398912
0.0301641	0.00949996	0.0335148
0.0294029	0.0106506	0.0700657
0.0277347	0.0110959	0.0597128
0.0326224	0.0104276	0.0403363
0.0301897	0.00842689	0.0219148
0.0273026	0.00924691	0.162875
0.0293209	0.0101876	0.036939
0.031	0.0093115	0.071732
0.0285507	0.00920712	0.063259
0.0310682	0.0107508	0.086086
0.0283485	0.00936814	0.0249454
0.032503	0.0117173	0.00490284
0.028994	0.00939228	0.0327935
0.0283764	0.00949162	0.0783523
0.0279573	0.0083989	0.126945
0.026065	0.010727	0.161578
0.0291697	0.00810356	0.0373815
0.0285489	0.00989858	0.0198447
0.0287536	0.00984559	0.0556539
0.0301913	0.0087314	0.142608
0.0335235	0.0087853	0.100991
0.030478	0.0114922	0.0320246
0.0301024	0.0100866	0.0963527
0.0294984	0.0107794	0.0219564
0.0300456	0.0106181	0.0509441
0.0310659	0.00922773	0.0533455
0.0306226	0.0100509	0.0500844
0.0298174	0.00922431	0.0571687
0.0307404	0.0108202	0.0191249
0.0298071	0.009686	0.0183047
0.0287369	0.0108783	0.00696856
0.0300141	0.00995784	0.103663
0.0305897	0.0107155	0.0907251
0.031037	0.0103824	0.128249
0.0323856	0.0105996	0.131096
0.0327487	0.00935475	0.039391
0.0288138	0.00998227	0.0569436
0.0313332	0.0103776	0.039769
0.0282289	0.00992215	0.0127204
0.0282732	0.0100732	0.00453084
0.0313995	0.0105885	0.0703806
0.0273806	0.0106461	0.0982474
0.0330855	0.0089923	0.021675
0.0292619	0.00937933	0.0494066
0.0308444	0.0105491	0.012142
0.030754	0.00966411	0.0623734
0.0284979	0.0103065	0.200964
0.0308919	0.0103637	0.071443
0.0330037	0.0104153	0.0285882
0.0345559	0.0105263	0.100505
0.0311926	0.010727	0.0919062
0.0297156	0.0103417	0.105463
0.0299611	0.00801675	0.179507
0.0310986	0.00999761	0.0405255
0.0301921	0.0100615	0.23015
0.0307552	0.00993259	0.0369399
0.0303544	0.0101984	0.0399997
0.0328508	0.00836711	0.105056
0.0324433	0.0101034	0.0251764
0.0292734	0.00906729	0.0854623
0.0314717	0.0100197	0.0388064
0.029366	0.0091278	0.0569028
0.0303894	0.0107898	0.087407
0.0293701	0.0105992	0.068283
0.029942	0.00988791	0.059411
0.0313936	0.0099801	0.0168233
0.0291374	0.00951199	0.0938617
0.0303301	0.00994389	0.0404674
0.0299494	0.00908224	0.0169209
0.0322845	0.0095756	0.071311
0.0330068	0.01059	0.00555145
0.0312755	0.00987006	0.0128947
0.0300878	0.0109557	0.0861721
0.0287893	0.00967041	0.053673
0.027906	0.00922716	0.143316
0.0315211	0.00977303	0.0384691
0.0308224	0.00940355	0.169932
0.0304282	0.00988378	0.0471261
0.0270599	0.00883171	0.0631467
0.0308732	0.0103557	0.130388
0.030197	0.0105957	0.0676304
0.0319522	0.0106539	0.0117842
0.0269478	0.0100255	0.168301
0.0289782	0.00940219	0.000954547
0.0300501	0.00991909	0.0627913
0.0273384	0.009296	0.166989
0.0325696	0.0102347	0.117728
0.0290826	0.00966631	0.154469
0.0294002	0.00946563	0.165645
0.0300515	0.0092147	0.107794
0.026921	0.0100321	0.0589209
0.0283139	0.0113898	0.115781
0.0298022	0.00981115	0.12928
0.0305547	0.01068	0.0150668
0.0277623	0.0100095	0.0153747
0.0297321	0.00966527	0.0496678
0.0270115	0.00991543	0.024897
0.033505	0.0106859	0.0460973
0.0300607	0.0110437	0.0592094
0.027302	0.00930925	0.024253
0.030875	0.00998877	0.0511261
0.0281543	0.010234	0.0219887
0.030534	0.00962798	0.103902
0.0294304	0.0105579	0.0686083
0.0286331	0.010795	0.0744005
0.0293161	0.00874716	0.107763
0.029129	0.01044	0.0501647
0.0316152	0.0107957	0.108329
0.0288142	0.00861165	0.0182039
0.0288877	0.0106643	0.0672148
0.0309966	0.0104403	0.0246932
0.0299923	0.00908694	0.0557781
0.029971	0.0100081	0.0142732
0.0287787	0.0113872	0.0304294
0.033309	0.0102151	0.116075
0.0314748	0.00883042	0.00612833
0.0320224	0.0109201	0.0614405
0.0323321	0.01064	0.0582589
0.028706	0.00973616	0.0710166
0.0294354	0.00977925	0.0921839
0.0284447	0.0104619	0.0904706
0.0281534	0.0103191	0.00376189
0.0306966	0.0105177	0.0706989
0.0289381	0.0105748	0.0561814
0.0286675	0.0109193	0.0682201
0.0300931	0.0102048	0.024245
0.0315569	0.0109675	0.0134592
0.0294297	0.0115149	0.0606271
0.030205	0.00934943	0.0494791
0.0288035	0.0103041	0.0186952
0.0309297	0.0112972	0.110284
0.0302051	0.00997639	0.102354
0.0301157	0.0100083	0.112138
0.0293276	0.0108343	0.110112
0.0277474	0.00956529	0.0605638
0.0297723	0.00964757	0.0198836
0.029486	0.0101775	0.0575771
0.0300988	0.0092676	0.0775988
0.0307433	0.0112247	0.0370308
0.0299795	0.00939195	0.0473962
0.0302759	0.0100608	0.0359944
0.0304277	0.00924493	0.0577194
0.0302106	0.0102686	0.0538441
0.0295321	0.0102106	0.106127
0.0302865	0.0089507	0.051015
0.0308125	0.0106273	0.172852
0.0306386	0.00987859	0.121983
0.0301156	0.0101906	0.0593958
0.029163	0.0109886	0.0590335
0.0304522	0.00867199	0.00166456
0.0311213	0.00917005	0.0347412
0.0297933	0.0104836	0.1796
0.0318688	0.0103248	0.00735988
0.0252018	0.00980421	0.162388
0.0292463	0.00944398	0.0505356
0.0295939	0.010091	0.0128149
0.0284059	0.0100939	0.0124807
0.0315887	0.00936716	0.0261727
0.0270452	0.0097204	0.128273
0.031339	0.0111089	0.0494132
0.0305429	0.00974383	0.0700139
0.0279842	0.0101359	0.00624181
0.0314442	0.0105523	0.17688
0.0295917	0.0100856	0.17276
0.0273494	0.0102362	0.136389
0.0298413	0.0110693	0.0887683
0.0309204	0.00990389	0.049257
0.0321143	0.0108489	0.0728054
0.0289848	0.0105844	0.0266805
0.0293426	0.00785147	0.0319004
0.0311293	0.00994554	0.0931609
0.0299185	0.0103787	0.0349486
0.0312564	0.0106469	0.115334
0.0296328	0.0101833	0.0283199
0.0293997	0.0105021	0.0203883
0.0286585	0.00953906	0.0545538
0.0327959	0.0105325	0.067153
0.0285986	0.0103848	0.0264256
0.03176	0.0106031	0.135481
0.0291714	0.0108301	0.110831
0.0292586	0.00907363	0.0127903
0.028345	0.0100825	0.0433445
0.0296338	0.0101153	0.00436751
0.030413	0.00949533	0.0499397
0.0308211	0.00897445	0.0417933
0.0308803	0.00923288	0.0461491
0.0289999	0.0106762	0.0597085
0.0309637	0.0106255	0.0610923
0.0307785	0.0106898	0.0712259
0.0305708	0.00972472	0.133993
0.0304239	0.010787	0.0722062
0.0287611	0.0101303	0.0890934
0.0322749	0.00974881	0.0208835
0.028336	0.00940193	0.0525987
0.0287958	0.0112586	0.0417456
0.0287261	0.0077188	0.101204
0.0300625	0.00961462	0.0173013
0.0292913	0.0103966	0.0945716
0.0320051	0.0106537	0.0512405
0.0303435	0.00956959	0.108037
0.0288292	0.00986097	0.0336787
0.028854	0.0113732	0.0494138
0.0290571	0.00939762	0.010115
0.0310541	0.00968099	0.0347132
0.0303924	0.00917629	0.0320819
0.0314521	0.00999107	0.047393
0.0283675	0.0101093	0.172561
0.0314816	0.00910045	0.0942229
0.0320533	0.00903838	0.021122
0.0296645	0.00980475	0.0376482
0.0290807	0.00985734	0.0934544
0.02862	0.0108442	0.072762
0.0308898	0.00939898	0.0477529
0.0304628	0.00897772	0.164126
0.0276909	0.00907745	0.00953532
0.0313442	0.0103029	0.0104042
0.0330078	0.00935285	0.0542648
0.0315263	0.0104015	0.0397432
0.0281143	0.00929575	0.0234094
0.0270418	0.0112805	0.0766973
0.0289239	0.0106219	0.00683013
0.0321042	0.0112308	0.00650851
0.029127	0.00918413	0.0659402
0.0298469	0.0103186	0.160672
0.0315994	0.0100811	0.00595501
0.0304583	0.0108469	0.0615638
0.0297798	0.00963978	0.128897
0.0268988	0.0104433	0.0642199
0.0325874	0.00955963	0.0090924
0.030933	0.00972312	0.0711959
0.0306987	0.00966346	0.0274203
0.0281503	0.010715	0.0685982
0.0258738	0.0108431	0.0594491
0.0282961	0.00861624	0.0287414
0.0272876	0.0093937	0.0249434
0.0328786	0.00920386	0.0167512
0.0296684	0.00961602	0.0506583
0.028621	0.0102223	0.0942192
0.0306668	0.00994398	0.0608464
0.0290885	0.00975941	0.11057
0.0302483	0.0101956	0.0390127
0.0301223	0.0103401	0.108877
0.032261	0.0107272	0.0269158
0.0308341	0.0105534	0.0202659
0.0322139	0.00883355	0.0631113
0.0324398	0.0103916	0.08623
0.0285443	0.0103193	0.0991723
0.0309444	0.0101152	0.0885004
0.0295062	0.0105326	0.0731391
0.0286081	0.00963438	0.0649352
0.0277439	0.00942528	0.0634078
0.0297385	0.0100086	0.0238239
0.0279447	0.00882557	0.0444661
0.0283785	0.0101229	0.0394468
0.0284422	0.00921795	0.00922488
0.0292368	0.00973732	0.110012
0.0315071	0.0100642	0.0264965
0.0290974	0.0108556	0.0618633
0.0313195	0.0102832	0.0269493
0.0309276	0.0114241	0.167992
0.031173	0.0101009	0.242479
0.0315767	0.0078352	0.139077
0.0289659	0.0113103	0.0651514
0.0309851	0.00897634	0.0427347
0.0321492	0.0102365	0.0597908
0.032291	0.00880873	0.182402
0.0283062	0.0108731	0.105458
0.0290968	0.00975856	0.0325223
0.0268946	0.0107363	0.013465
0.0293075	0.00979935	0.0919546
0.0282875	0.00972805	0.021245
0.0308612	0.0100075	0.0622635
0.03007	0.00975125	0.109233
0.0306687	0.0111749	0.0857818
0.0298072	0.00883591	0.040245
0.0296762	0.0107702	0.0492479
0.0311048	0.00931353	0.00784037
0.0275988	0.0103667	0.0931665
0.0276188	0.0107875	0.0316405
0.0294329	0.0098373	0.127151
0.031592	0.0102463	0.121013
0.0285834	0.0104701	0.00446739
0.0279259	0.0100131	0.0390717
0.0295767	0.0106875	0.050274
0.0301045	0.0105728	0.0215067
0.0286078	0.00977121	0.0946365
0.0308087	0.00970605	0.00295372
0.0297321	0.0109112	0.0151854
0.0327612	0.010356	0.0852431
0.0305762	0.00902148	0.00513936
0.031251	0.0104538	0.116071
0.029384	0.0111787	0.147265
0.0281356	0.0111737	0.0216929
0.0305038	0.00884409	0.0315394
0.028647	0.00971246	0.162344
0.0300165	0.00974976	0.0261082
0.0292051	0.00945568	0.0860449
0.0311389	0.00892794	0.107949
0.0271298	0.0105455	0.0370669
0.0285392	0.0108688	0.015689
0.0310237	0.00967456	0.0364606
0.030235	0.00975743	0.0707587
0.0336481	0.0101571	0.058245
0.0326716	0.00938467	0.063632
0.0325731	0.00991742	0.0967418
0.0306321	0.00937383	0.173981
0.0282368	0.00852277	0.0436525
0.0297588	0.00970555	0.129451
0.0321707	0.0105019	0.0853614
0.0275205	0.0109984	0.0136968
0.0281431	0.0102623	0.038208
0.0289225	0.0111038	0.0149165
0.030946	0.00977741	0.00619638
0.0290954	0.00993064	0.13585
0.0306664	0.00939782	0.0965287
0.026913	0.0092276	0.0524661
0.0297951	0.00956931	0.0532016
0.030536	0.0109718	0.0450397
0.0299753	0.0100575	0.0698115
0.0310844	0.00953132	0.0281144
0.0290906	0.0111925	0.110189
0.0336708	0.0096792	0.0786889
0.0311957	0.0104779	0.0140134
0.0309043	0.010292	0.0364647
0.0313051	0.0112074	0.0381667
0.0324301	0.00951829	0.0134102
0.0290842	0.0117445	0.0677861
0.028182	0.00988798	0.0487499
0.0293824	0.0105458	0.0269915
0.0311781	0.00962206	0.049801
0.0304653	0.0101041	0.105285
0.0316032	0.0104259	0.0655864
0.0295911	0.0093781	0.030418
0.0294148	0.00967016	0.109565
0.0288405	0.010095	0.0698262
0.0306101	0.00870388	0.0469885
0.029738	0.00944092	0.00912019
0.0311907	0.0106736	0.0149111
0.0326331	0.0102497	0.0669657
0.0285464	0.00992203	0.0619942
0.0294012	0.00947341	0.124593
0.031092	0.0110044	0.115756
0.0273753	0.00972061	0.00374486
0.0286642	0.0101464	0.0871376
0.0282269	0.00998156	0.127697
0.0301435	0.0106454	0.0622134
0.0286999	0.00823374	0.00731357
0.0297821	0.00844718	0.137984
0.0296727	0.0106159	0.0606826
0.0291861	0.00942853	0.110399
0.0284396	0.0106329	0.0593628
0.029976	0.0108212	0.0119743
0.0305378	0.00842202	0.0602104
0.0284731	0.00924886	0.0377528
0.0312803	0.0105241	0.0246609
0.0255087	0.0106913	0.0252473
0.0303715	0.01049	0.186592
0.0299359	0.0103168	0.109458
0.0286402	0.0107247	0.0671132
0.0294515	0.00986971	0.0119777
0.02969	0.0108329	0.12636
0.0295551	0.0109118	0.0311354
0.0300063	0.011141	0.0377357
0.0281624	0.00964526	0.0619981
0.0322377	0.0107255	0.0300575
0.0305931	0.00997002	0.0626919
0.0297742	0.010657	0.0936092
0.0290489	0.0101774	0.0109619
0.029378	0.0108471	0.122791
0.0306635	0.0107752	0.108589
0.0291276	0.0103896	0.110894
0.0279896	0.00981229	0.064319
0.0308629	0.0103927	0.0955313
0.0323971	0.00992993	0.0875398
0.0314837	0.00909364	0.133825
0.0274958	0.0103206	0.0725846
0.0316426	0.0100649	0.0407944
0.0315078	0.00929986	0.052415
0.0307794	0.00975315	0.037927
0.0294209	0.00959555	0.0403977
0.0306879	0.0104618	0.0601092
0.0277709	0.0105124	0.0663356
0.0311106	0.0114099	0.0122917
0.0295196	0.0105032	0.0560062
0.0309922	0.00986873	0.0409873
0.0292404	0.0100585	0.00617941
0.0292332	0.00960954	0.0209529
0.0284513	0.00994634	0.119147
0.0263337	0.0102037	0.0354957
0.0304119	0.0104338	0.00467766
0.0295593	0.00973086	0.123272
0.032196	0.0100212	0.101073
0.0311274	0.0104626	0.126435
0.0298675	0.00985877	0.0195886
0.0283028	0.0089496	0.0221649
0.0300334	0.00952934	0.0638816
0.0298309	0.0094229	0.00161328
0.0311076	0.00974307	0.0387237
0.029139	0.00968285	0.0173193
0.0299135	0.00949355	0.095283
0.0278215	0.010544	0.0939062
0.0300348	0.00985743	0.269059
0.0303718	0.0100378	0.107786
0.0299858	0.0109846	0.044552
0.0317199	0.00997373	0.0600289
0.0272139	0.00914039	0.117854
0.0285217	0.0103508	0.0487272
0.0305012	0.00874092	0.0946951
0.029753	0.0100168	0.00378377
0.0306199	0.00913615	0.0311452
0.0275698	0.0101134	0.0380682
0.0296778	0.0099139	0.0219832
0.0294761	0.00948341	0.0345909
0.0277522	0.00888738	0.0676533
0.0332471	0.00974501	0.00706082
0.0294125	0.0101735	0.00578118
0.0301648	0.00935275	0.0155812
0.0279395	0.00927766	0.0250227
0.031249	0.011048	0.0866431
0.0323713	0.0106352	0.106084
0.0299834	0.0106767	0.0133512
0.0332349	0.00895062	0.0180994
0.0302047	0.00979236	0.0372891
0.0316042	0.0104014	0.014903
0.0280291	0.0104656	0.0625773
0.0297683	0.0096849	0.0601657
0.0289255	0.00962492	0.0523258
0.0313924	0.0106701	0.06011
0.0302254	0.00985529	0.0915257
0.0273598	0.00998199	0.0572652
0.0294091	0.0097779	0.0168559
0.0299487	0.0101145	0.0500957
0.0312189	0.010804	0.0204287
0.031226	0.00991267	0.053669
0.0331331	0.010473	0.0260855
0.0296747	0.009838	0.10946
0.0294585	0.0108367	0.0185549
0.0292216	0.0115028	0.058707
0.0310332	0.00954922	0.035407
0.0304513	0.0109727	0.154615
0.0290532	0.0097608	0.058207
0.0280393	0.00977231	0.0600538
0.0286059	0.00898774	0.0420983
0.0291302	0.0110647	0.0894696
0.029854	0.00982622	0.037555
0.029636	0.0105797	0.0189242
0.0300113	0.0106076	0.011664
0.028281	0.0105635	0.0570567
0.0280282	0.00951052	0.0798158
0.0286587	0.0108345	0.0189227
0.029727	0.0103377	0.0833374
0.0293239	0.0108339	0.0167459
0.0298126	0.0100816	0.00321407
0.030202	0.00956563	0.0392833
0.0289093	0.00949208	0.0577628
0.0271854	0.0100209	0.0392646
0.0302572	0.0111972	0.116987
0.0297122	0.00920122	0.189354
0.0311404	0.0106589	0.0184534
0.0311579	0.0105401	0.130002
0.0323869	0.00997125	0.039847
0.0285709	0.0109018	0.0169927
0.0275232	0.0101205	0.0928461
0.0278907	0.0101747	0.0648695
0.0290113	0.0105668	0.0666058
0.0317563	0.00975238	0.0924209
0.0303264	0.00900591	0.147041
0.0318567	0.0109232	0.107099
0.0322548	0.0102939	0.0404996
0.0322125	0.00992329	0.0190137
0.0303738	0.0104755	0.107118
0.0302801	0.00971021	0.0226872
0.0284115	0.00952752	0.0217197
0.0286389	0.0102799	0.0878271
0.0312557	0.00976977	0.0220604
0.0306334	0.0100592	0.141366
0.0300114	0.0102643	0.00601769
0.0294371	0.00974304	0.0301056
0.0297459	0.0112262	0.0907661
0.030505	0.0104982	0.00675999
0.0315455	0.00871402	0.0902211
0.0281907	0.00912365	0.0492656
0.0298271	0.00912068	0.0467092
0.0275516	0.0101002	0.0336243
0.0308967	0.00906495	0.0515536
0.0288589	0.0100084	0.0916831
0.0279811	0.0106976	0.112479
0.0306184	0.0103775	0.0194349
0.0284612	0.00965386	0.0946187
0.0264407	0.00956679	0.0631847
0.0324722	0.00925545	0.0125218
0.0304571	0.0110951	0.121747
0.0285325	0.00994081	0.0387425
0.0295656	0.0108461	0.0185185
0.0312156	0.00937186	0.134211
0.0287817	0.00983276	0.135037
0.0306859	0.0106209	0.027811
0.0299733	0.00988559	0.0402318
0.0283001	0.0103468	0.060985
0.0317752	0.0109076	0.0664759
0.0312646	0.0087124	0.00348104
0.0333038	0.0108356	0.104628
0.0342984	0.00983578	0.00719281
0.0278393	0.00990763	0.0177959
0.0298369	0.00942388	0.166577
0.0325193	0.00979039	0.0416557
0.0288465	0.0102312	0.0202056
0.031622	0.0112621	0.0381272
0.0296841	0.0100425	0.050221
0.0280452	0.00938596	0.136218
0.0299408	0.0106249	0.0827636
0.0295948	0.0107421	0.0583461
0.0303425	0.0103763	0.17422
0.0294044	0.00993732	0.0139739
0.0292181	0.00940213	0.0386086
0.0320266	0.00834654	0.0157438
0.0300703	0.011217	0.00210106
0.0317415	0.00996596	0.0142704
0.0323047	0.0106605	0.193257
0.0291484	0.00945546	0.0207421
0.0314559	0.0108945	0.0152256
0.027687	0.00891939	0.0485551
0.0297805	0.00994706	0.0198838
0.0301191	0.00957613	0.0198872
0.0304997	0.0105865	0.018551
0.0294931	0.00988954	0.0102775
0.0276991	0.0100692	0.0616003
0.0302338	0.0103296	0.129303
0.030085	0.00971237	0.0343134
0.0298401	0.0107915	0.00600358
0.0302771	0.00939372	0.0624768
0.0289835	0.00958701	0.0670142
0.0305955	0.00940187	0.0714776
0.0298972	0.00903887	0.0316754
0.0293389	0.00943035	0.166556
0.0308611	0.0114234	0.108532
0.0296173	0.0103859	0.0606001
0.0310502	0.00927324	0.0182461
0.0293709	0.0118032	0.0291551
0.0304227	0.0101415	0.0890405
0.0317298	0.0102418	0.0735773
0.0287181	0.0100496	0.00567124
0.0327088	0.0115763	0.0672638
0.0266799	0.0112158	0.0616738
0.0301288	0.00884208	0.116173
0.0314178	0.0102927	0.0509022
0.0304639	0.0104248	0.0188497
0.0310382	0.00936201	0.029249
0.0288655	0.0111985	0.113977
0.031927	0.00792601	0.144152
0.0303311	0.00971665	0.0648252
0.0302493	0.0101514	0.0267922
0.0299134	0.00971883	0.0282041
0.030885	0.0103083	0.058965
0.0293158	0.00875452	0.0645197
0.0320751	0.00928723	0.090389
0.031601	0.0102817	0.0503866
0.02983	0.00994062	0.0209641
0.0285679	0.010163	0.166687
0.0306893	0.00971013	0.0328669
0.0306502	0.0102535	0.217326
0.0280285	0.00968791	0.111238
0.030535	0.0103115	0.0882286
0.0296683	0.0104123	0.0547201
0.0300346	0.0104438	0.0246109
0.0286547	0.0101322	0.0382928
0.0307657	0.00883672	0.0650649
0.028667	0.00827381	0.00381521
0.0297521	0.00973426	0.0628082
0.0296265	0.00983748	0.0634645
0.0287329	0.00882553	0.111332
0.0329056	0.00909311	0.0240035
0.028668	0.010088	0.168127
0.0316738	0.00912932	0.0163148
0.0319164	0.00940423	0.0356085
0.027109	0.00944434	0.012636
0.0319132	0.00843437	0.026049
0.0269186	0.0102898	0.115983
0.0317457	0.0101553	0.0150584
0.0282963	0.0101617	0.0949068
0.0318486	0.00956846	0.0524235
0.0283576	0.00948898	0.000470287
0.0326151	0.0104813	0.0435785
0.0284743	0.010392	0.0964188
0.0309499	0.0108239	0.0227103
0.0322043	0.011732	0.0510832
0.0307092	0.00987892	0.0573288
0.0289161	0.0104846	0.0910734
0.0317176	0.0101792	0.00305366
0.0274769	0.0102594	0.0788612
0.0313708	0.0107313	0.0727758
0.0300955	0.00870276	0.18484
0.0287476	0.00918184	0.135829
0.0280286	0.0101708	0.0298976
0.032328	0.00970705	0.0434688
0.0273421	0.0104473	0.0380049
0.0277119	0.00979611	0.0224892
0.0322183	0.0101132	0.0214948
0.0289724	0.010296	0.0584394
0.0310923	0.00925225	0.0514937
0.0296688	0.0108492	0.0901708
0.0306704	0.0100975	0.0113039
0.0272647	0.00999201	0.0383229
0.031665	0.0102189	0.10658
0.0295398	0.00990751	0.0929944
0.0323269	0.0108	0.0610794
0.0295434	0.0110864	0.0374361
0.027834	0.0107757	0.0855388
0.0312443	0.00946026	0.0478225
0.030095	0.00993011	0.174847
0.0320557	0.00892055	0.106443
0.0299817	0.0097862	0.0544453
0.0291914	0.0110579	0.0174451
0.0321045	0.00908303	0.00170978
0.0307427	0.00948997	0.0259956
0.0322256	0.00998438	0.124403
0.0305731	0.0097979	0.0256001
0.0336362	0.0103216	0.0409237
0.0342734	0.00980085	0.0189851
0.0299809	0.0105049	0.00794648
0.0288767	0.0107056	0.00712184
0.0322529	0.00976944	0.190815
0.0302349	0.00979528	0.0189829
0.0303085	0.00924765	0.0801584
0.0314442	0.0107394	0.0355329
0.0291118	0.00985553	0.120202
0.0296037	0.00957804	0.168002
0.0324342	0.00887318	0.150706
0.0287643	0.0107137	0.106131
0.0291686	0.0105054	0.0937105
0.0309121	0.0102884	0.0622783
0.0292508	0.0112759	0.0294901
0.0314541	0.0110562	0.163814
0.032521	0.00888903	0.038211
0.0295544	0.00948519	0.02323
0.0291296	0.0097839	0.171212
0.0292618	0.0106009	0.0543979
0.030862	0.010437	0.0433578
0.0315824	0.00887908	0.137878
0.030738	0.0106439	0.0516454
0.0294887	0.0113798	0.0608081
0.0282574	0.00941323	0.0125278
0.0286789	0.0101595	0.0238824
0.0314168	0.00958532	0.0704657
0.0319248	0.00991394	0.101251
0.0298537	0.00932057	0.0494641
0.0327138	0.0108878	0.0476458
0.0298236	0.0086485	0.0133899
0.0306862	0.00924779	0.0513584
0.0285088	0.00996229	0.066398
0.0314603	0.0105711	0.114933
0.0307484	0.00974021	0.0513462
0.0275842	0.00993303	0.0715683
0.0310329	0.00923635	-0.000826266
0.0312389	0.010601	0.0499891
0.0324032	0.0097041	0.0453303
0.0298367	0.00941862	0.0245278
0.0320602	0.00968958	0.176499
0.0299603	0.00976963	0.0484966
0.0300643	0.00966353	0.0621653
0.0286562	0.00947757	0.11146
0.0312482	0.00944947	0.0169922
0.0271135	0.00968338	0.0778436
0.0304406	0.00903273	0.0198575
0.0319038	0.00988388	0.0684959
0.0335691	0.0106094	0.00961219
0.0271549	0.00975272	0.0325888
0.0281169	0.0104601	0.0329772
0.0306406	0.0102614	0.0899135
0.0309191	0.010126	0.0520296
0.0275125	0.0100841	0.0303395
0.0284924	0.00964178	0.09134
0.0321411	0.0101122	0.0600329
0.0307412	0.00869968	0.112533
0.0273941	0.0103404	0.166568
0.0335124	0.00967348	0.150729
0.0317738	0.00942108	0.0135502
0.0289903	0.0108296	0.0662344
0.0294874	0.0107634	0.0897583
0.0308487	0.00942451	0.0816252
0.029667	0.00959716	0.0244011
0.0286347	0.0108394	0.0660218
0.0327219	0.0092601	0.0787564
0.0275328	0.00824822	0.049414
0.0311544	0.00912204	0.172053
0.027867	0.00929801	0.0526745
0.0272004	0.010396	0.0673259
0.0309687	0.0103084	0.164416
0.0314603	0.00987799	0.0252229
0.027206	0.00981164	0.0980073
0.0298675	0.0100231	0.0102949
0.0314413	0.0102336	0.0183583
0.0296174	0.0112873	0.0349218
0.0288516	0.0102691	0.0188203
0.0305473	0.0103459	0.0233478
0.0327122	0.00908858	0.0428329
0.0294919	0.00978397	0.024979
0.0269237	0.0103405	0.114379
0.0313918	0.0101676	0.0624355
0.032786	0.0101206	0.0861336
0.0298544	0.00875123	0.130652
0.0319874	0.0105163	0.0609738
0.0294655	0.00954244	0.0950934
0.0290132	0.0095259	0.0403102
0.0330395	0.00988497	0.0535782
0.027947	0.00923816	0.0171979
0.0298415	0.00916046	0.04208
0.0295189	0.010192	0.0946924
0.0307956	0.0099928	0.00746913
0.0300026	0.011187	0.0854617
0.0281308	0.00974085	0.0306498
0.0286452	0.0100337	0.136535
0.029901	0.00977755	0.158665
0.0281953	0.0101106	0.154113
0.0308054	0.0104569	0.0719167
0.0292219	0.0111388	0.0499889
0.0313313	0.0112489	0.019798
0.0311102	0.00935238	0.0715639
0.0278659	0.0103184	0.00474375
0.0312301	0.00898409	0.0920564
0.031982	0.010406	0.0903655
0.0288306	0.00975253	0.0392478
0.0314131	0.00966805	0.0551005
0.0286683	0.00892438	0.0416127
0.0312412	0.0096966	0.174505
0.030198	0.00981356	0.0513314
0.0293703	0.0102494	0.0198179
0.0286679	0.0104795	0.126066
0.0318665	0.00908219	0.105099
0.0307255	0.0108363	0.0368746
0.0307877	0.0106171	0.0601224
0.0287857	0.00978403	0.092933
0.030847	0.0106846	0.0606258
0.0312824	0.0101063	0.101322
0.029329	0.00999433	0.061405
0.0302811	0.0105406	0.038355
0.0298801	0.00971638	0.0772
0.0308675	0.0102459	0.126936
0.033115	0.00862785	0.0154894
0.0318308	0.00909476	0.146948
0.0295539	0.00962493	0.0638413
0.0289191	0.0103734	0.0619153
0.0275402	0.00836621	0.0709052
0.0305822	0.00904214	0.0485938
0.0284677	0.00981595	0.136028
0.0325161	0.00968687	0.0397206
0.0285817	0.00937827	0.205963
0.0304178	0.0104186	0.0141709
0.0302943	0.00942388	0.0275341
0.0298523	0.010451	0.0184818
0.0304171	0.00865815	0.0269718
0.0300909	0.0101531	0.0959491
0.0302974	0.0100985	0.0392147
0.0292088	0.0110397	0.035876
0.0295927	0.0107237	0.125843
0.0298515	0.0101212	0.00464154
0.0310541	0.0103473	0.0993615
0.0314114	0.0105331	0.0149021
0.0283674	0.010061	0.037039
0.0298644	0.0106538	0.0301528
0.0271971	0.00938476	0.129833
0.0297102	0.0101618	0.129997
0.0313719	0.0101932	0.0176048
0.0292351	0.0107406	0.141005
0.0285712	0.00928469	0.0206143
0.0310505	0.0102229	0.10793
0.0260512	0.0115953	0.00711089
0.030042	0.00977102	0.0975167
0.0288549	0.0100652	0.0561757
0.031487	0.00944855	0.0139397
0.0295037	0.00974246	0.0706602
0.0310166	0.0101236	0.0913105
0.029782	0.00904052	0.0618604
0.0298735	0.0110113	0.180202
0.0308415	0.0094932	0.0699824
0.0296621	0.00920139	0.0291196
0.027397	0.00880479	0.146175
0.0292194	0.0101904	0.0700694
0.030298	0.00956604	0.0700984
0.0311988	0.00973636	0.0397575
0.0315742	0.00887294	0.104577
0.0300448	0.0102349	0.0548223
0.0296205	0.0104956	0.0171918
0.032207	0.00871262	0.0165452
0.0309767	0.00942361	0.0924099
0.0307313	0.0107497	0.086238
0.0262236	0.0107438	0.0218381
0.02831	0.0102007	0.0581452
0.0281406	0.00841426	0.23703
0.0328374	0.0108307	0.0667
0.030483	0.0104571	0.108383
0.0268837	0.00987477	0.0340688
0.0325908	0.0108143	0.115751
0.0308219	0.0104132	0.0702184
0.0312535	0.00891147	0.0634293
0.0314636	0.00950719	0.0246828
0.0307338	0.0105299	0.183644
0.0331477	0.0105618	0.0254808
0.0300802	0.0101007	0.0232417
0.0285589	0.00965826	0.00417447
0.0287572	0.0100187	0.0166875
0.0299143	0.0101173	0.0630118
0.0299139	0.00922375	0.0695835
0.0356105	0.0101347	0.101722
0.0287225	0.0116146	0.074373
0.0274942	0.0106019	0.114829
0.0254312	0.0106064	0.0177549
0.0290337	0.0110774	0.0411253
0.0297751	0.00997064	0.165234
0.0302493	0.00990276	0.0304869
0.0302222	0.0117173	0.0212971
0.0306163	0.00942981	0.0281135
0.0323531	0.0105961	0.065406
0.0300834	0.0118542	0.0436353
0.0305017	0.0115206	0.0850526
0.0307526	0.00951892	0.131228
0.0302852	0.0099548	0.109036
0.0279604	0.00901028	0.0593912
0.0304941	0.0111974	0.127061
0.0284234	0.00981743	0.0701957
0.0303	0.0086486	0.0975901
0.0299657	0.00983146	0.130033
0.0289283	0.00942468	0.023012
0.0287196	0.0101567	0.0250119
0.0283381	0.00864243	0.0646459
0.0280676	0.00934994	0.0246506
0.0293211	0.00955706	0.0215462
0.0302752	0.00899473	0.129968
0.0300023	0.0101136	0.0177684
0.0284949	0.0100445	0.0812953
0.0297488	0.00969038	0.0564137
0.0308384	0.0109969	0.0133662
0.0302811	0.0102887	0.0173528
0.028872	0.00995564	0.070114
0.0294218	0.0101174	0.0631197
0.0276095	0.0108721	0.0641361
0.0312937	0.0107342	0.0980856
0.0316859	0.00916837	0.0915031
0.0288855	0.0104254	0.10252
0.0301301	0.010223	0.0591639
0.0294635	0.00944508	0.0644812
0.0310319	0.00960325	0.0360092
0.0301191	0.0107037	0.111083
0.0324908	0.0106837	0.0485111
0.0304916	0.0092394	0.0391598
0.0300931	0.0106206	0.109296
0.0292024	0.0105625	0.0666002
0.0307318	0.01132	0.122416
0.0299083	0.010379	0.028033
0.027838	0.0100263	0.079873
0.0264287	0.0102778	0.0223919
0.0303993	0.00918429	0.0517409
0.0298365	0.00871436	0.0220071
0.0315356	0.0109868	0.169144
0.032074	0.0104085	0.00673001
0.0309134	0.00943278	0.173243
0.0307612	0.0109386	0.0478194
0.0273205	0.00940334	0.0885427
0.0277182	0.0107014	0.0624539
0.0320385	0.0104524	0.0631196
0.0295873	0.0108423	0.0221965
0.0300205	0.00924909	0.109206
0.0332199	0.00958411	0.0789503
0.02837	0.0109858	0.0077102
0.0283511	0.0104725	0.0838549
0.030162	0.008723	0.0540444
0.0307119	0.00987255	0.0486953
0.0301891	0.0100989	0.0267929
0.0280469	0.010144	0.0303828
0.0274434	0.0103629	0.0199292
0.0305048	0.00879835	0.0292384
0.0322546	0.00950318	0.0468628
0.0310744	0.00953627	0.131601
0.0286617	0.00915658	0.0756463
0.0294751	0.00928564	0.0028757
0.0299039	0.00911614	0.0168692
0.0294021	0.00903746	0.047026
0.0312352	0.00909093	0.0468063
0.0318174	0.0110965	0.118726
0.0295933	0.0110556	0.109953
0.0322863	0.0090751	0.00717153
0.0285545	0.00904442	0.171987
0.0285999	0.00989455	0.0924349
0.0292437	0.0102338	0.0316281
0.0285485	0.0103879	0.0161423
0.0277339	0.0103283	0.00573733
0.0304464	0.0101596	0.0217866
0.0284348	0.0100517	0.161454
0.0296488	0.00827814	0.0975932
0.0307933	0.00824599	0.0523968
0.0308392	0.0101184	0.175011
0.0292078	0.0103672	0.0190131
0.0298736	0.00936241	0.0529553
0.0303368	0.0104871	0.0492668
0.0297197	0.0104818	0.0545899
0.0302425	0.00947658	0.0198043
0.0285321	0.0101729	0.0218991
0.0289061	0.0112603	0.0884661
0.0315353	0.0108493	0.144834
0.0304414	0.0101533	0.0995317
0.0293077	0.0103414	0.0737138
0.028142	0.0102364	0.033509
0.0307525	0.0107737	0.0190553
0.0297136	0.00794682	0.0202924
0.0297471	0.00966119	0.176747
0.0298465	0.00957812	0.0901953
0.0317781	0.0101374	0.107134
0.0297047	0.00974096	0.0259736
0.0320981	0.00952152	0.0734329
0.0306221	0.00901117	0.0429475
0.0327724	0.0104916	0.00151714
0.0287041	0.0105986	0.0691479
0.0305658	0.00975649	0.0355314
0.0304885	0.00903085	0.0712122
0.0316985	0.0101963	0.0396919
0.0298341	0.0105199	0.0270137
0.0294701	0.00988862	0.0100739
0.0319587	0.00881839	0.0387851
0.0274468	0.0103866	0.0935078
0.029726	0.0101948	0.0602045
0.027724	0.009698	0.0328972
0.0290304	0.00969946	0.0794206
0.0335366	0.00978826	0.0361051
0.032226	0.0108911	0.109255
0.0309143	0.00914275	0.0392526
0.0293393	0.010546	0.0654529
0.0295258	0.0108881	0.196861
0.02641	0.00942927	0.0174422
0.0319474	0.0102232	0.0353775
0.0288094	0.00882225	0.0547932
0.0280023	0.00924965	0.0527175
0.0290906	0.00973485	0.00646745
0.0306622	0.00947368	0.0292119
0.0310066	0.0105095	0.0657655
0.0295148	0.0113681	0.0371795
0.0291486	0.0101707	0.0191679
0.0307528	0.0116104	0.174889
0.0309904	0.0100393	0.0245937
0.0278544	0.0099196	0.0352176
0.0314054	0.00963358	0.047024
0.0299852	0.0105319	0.0590386
0.0334537	0.0102059	0.0416197
0.030813	0.0107841	0.0156575
0.0312873	0.0105081	0.0676667
0.0282152	0.010027	0.177336
0.0294253	0.0101199	0.0398105
0.029281	0.0106431	0.0620969
0.0285503	0.009392	0.0944768
0.0295471	0.00970513	0.0977758
0.0284189	0.00960624	0.0311425
0.0309517	0.00895422	0.171477
0.0322018	0.0111496	0.0119863
0.0323393	0.00973773	0.13575
0.0309434	0.00997846	0.111083
0.0284658	0.00937433	0.0499585
0.0304628	0.00994173	0.0709775
0.0270129	0.00907555	0.0547953
0.0291578	0.0097713	0.0895448
0.0298991	0.00934702	0.0718469
0.0300508	0.0100635	0.0145169
0.0303691	0.0105405	0.108951
0.0281157	0.0100146	0.06523
0.0316289	0.00859797	0.0231098
0.0311885	0.00923027	0.019799
0.0295184	0.010148	0.13293
0.02784	0.0110903	0.165283
0.028095	0.0102151	0.0639804
0.0313818	0.00919932	0.0820565
0.0315819	0.0107958	0.325021
0.0308613	0.010626	0.0500833
0.0295784	0.00993493	0.0915462
0.02914	0.00961124	0.0586295
0.0308778	0.0090825	0.140426
0.0299641	0.0093676	0.0738427
0.0310124	0.0098948	0.0229897
0.0301907	0.010133	0.0611218
0.0303948	0.00882561	0.106508
0.0312789	0.00912629	0.0725079
0.0295771	0.0111855	0.139289
0.0281706	0.00857185	0.05431
0.026625	0.00946769	0.0150616
0.0287857	0.0107613	0.0144955
0.0305773	0.00979232	0.0565656
0.0295164	0.0104794	0.026449
0.0303063	0.0116174	0.00115574
0.0316481	0.00948944	0.107042
0.0305327	0.00934571	0.13219
0.0288103	0.0102996	0.108447
0.0309291	0.00974535	0.111447
0.0314961	0.00876762	0.0326976
0.0297076	0.010818	0.0285858
0.0310348	0.0102661	0.0473616
0.0322567	0.010769	0.110715
0.0298171	0.0103055	0.0602549
0.030972	0.00972851	0.107743
0.0282068	0.0101268	0.0299891
0.0335867	0.0103257	0.0447377
0.0286066	0.00996127	0.00576398
0.0302668	0.0114006	0.104583
0.0283271	0.0100417	0.0646876
0.0314611	0.00968095	0.0352823
0.029605	0.00785735	0.0342534
0.0288554	0.0107455	0.0626599
0.0297628	0.00944664	0.023137
0.0286714	0.00967106	0.038079
0.0301879	0.00962695	0.0496862
0.0309771	0.00998583	0.188461
0.0308562	0.00963422	0.0509647
0.0300776	0.00922431	0.145432
0.030083	0.0091326	0.0402383
0.030863	0.0101638	0.0398168
0.0292562	0.0107971	0.0126871
0.0299461	0.00999027	0.0506168
0.0289921	0.00906532	0.0954513
0.0310123	0.0101094	0.129325
0.0306337	0.00963223	0.0509356
0.0305948	0.00877679	0.0683011
0.0309633	0.0095992	0.00557899
0.0314763	0.0101233	0.0413123
0.0281675	0.00955795	0.00435844
0.0293719	0.0109675	0.108003
0.0286755	0.010817	0.0341298
0.0293588	0.00988163	0.0323178
0.0289416	0.00971142	0.0793083
0.026327	0.00977388	0.0118542
0.0298273	0.0105746	0.0627132
0.0331356	0.00985063	0.0926732
0.0300772	0.00947634	0.0618953
0.0308377	0.00995428	0.0691331
0.0288429	0.00866181	0.110665
0.0321506	0.00958549	0.0470195
0.029549	0.0111734	0.00147313
0.0294777	0.0097526	0.0687435
0.031665	0.00959958	0.0189821
0.0308439	0.00947065	0.0265442
0.0291094	0.00952297	0.0119244
0.0309233	0.010074	0.0403968
0.0317313	0.00932678	0.0364717
0.0298268	0.00969262	0.173652
0.028565	0.00922781	0.064399
0.030426	0.00978725	0.0182242
0.0310929	0.010323	0.0612343
0.0278704	0.00894355	0.0307133
0.0314075	0.00998191	0.0374206
0.0310153	0.00999476	0.109572
0.0331158	0.00920475	0.0286434
0.0323087	0.0105166	0.0452381
0.0294764	0.00924324	0.123939
0.0294326	0.00954014	0.0329482
0.0300557	0.0100276	0.0239142
0.0297571	0.00893975	0.0187584
0.0295212	0.00951656	0.0186547
0.0291542	0.0100279	0.0950665
0.0308888	0.0106583	0.0116484
0.0304862	0.0108192	0.0710254
0.0301897	0.00965028	0.0961811
0.0300934	0.00985255	0.0928683
0.0305975	0.00941213	0.0053238
0.0318188	0.00957779	0.112916
0.0292713	0.00993671	0.0177993
0.0316077	0.0114737	0.011165
0.0298909	0.00999885	0.0660422
0.0288144	0.0106595	-0.000173905
0.0286329	0.0106516	0.11113
0.0294336	0.0089594	0.0353094
0.02727	0.0108224	0.067279
0.0276285	0.00956427	0.0228981
0.0295974	0.00947947	0.0286857
0.02925	0.0103377	0.0753287
0.0305556	0.0102509	0.0439653
0.0272869	0.0106722	0.0169707
0.0290835	0.0102901	0.0012057
0.0315389	0.0107831	0.0735933
0.0305493	0.0100994	0.07098
0.0302868	0.0107563	0.0704275
0.0307318	0.0102794	0.0242006
0.0256675	0.011841	0.115863
0.0294404	0.0107077	0.0570283
0.0285969	0.00930841	0.111422
0.0298659	0.00970183	0.0479591
0.0313794	0.00965774	0.07173
0.0309428	0.0107868	0.0882628
0.0294689	0.00940888	0.0539697
0.0270947	0.00910353	0.0731792
0.0318112	0.00836633	0.144498
0.0329965	0.00938772	0.168729
0.0306986	0.00972377	0.108315
0.0321102	0.0103381	0.114348
0.03044	0.0103661	0.0118664
0.0275175	0.00909985	0.357841
0.0323807	0.0104783	0.0749705
0.0294601	0.0102582	0.0538587
0.0281433	0.00972536	0.121149
0.0289181	0.0111485	0.0197555
0.028095	0.010971	0.139191
0.0274691	0.0108344	0.132777
0.0300671	0.00946439	0.0923243
0.032317	0.00975528	0.00650052
0.0298638	0.0102825	0.0131485
0.0303511	0.0095005	0.0235496
0.0306618	0.0110506	0.0472633
0.0302361	0.00953705	0.0862767
0.031241	0.0107567	0.0055352
0.0308242	0.0105716	0.0180094
0.0292235	0.0112661	0.11043
0.02896	0.0101896	0.0163156
0.0315297	0.0100519	0.0536431
0.0301715	0.00995622	0.0189411
0.0282652	0.00863062	0.184749
0.031244	0.010352	0.174116
0.0290731	0.010556	0.103945
0.0296513	0.0102298	0.0654836
0.0294198	0.00848916	0.169437
0.0323618	0.0090485	0.0432098
0.0281669	0.0109922	0.00404459
0.0337705	0.00957783	0.0481861
0.0289997	0.0097284	0.020003
0.0312638	0.0100698	0.022844
0.0283961	0.0105858	0.131496
0.0320798	0.0104346	0.0515992
0.0313629	0.0086411	0.0939569
0.0308453	0.0100975	0.0896036
0.0283299	0.010157	0.0611612
0.0299764	0.0103052	0.0696583
0.0292825	0.0105865	0.110669
0.0299728	0.0101035	0.167069
0.0300087	0.0103037	0.0187319
0.0296285	0.010466	0.14988
0.0315807	0.0104155	0.107359
0.0292124	0.0101012	0.131279
0.0310196	0.0106683	0.0511594
0.029022	0.00966182	0.0676391
0.0330255	0.00990907	0.0169211
0.0305264	0.0108152	0.0372639
0.0319117	0.0107978	0.00661865
0.0291526	0.0113462	0.0159971
0.0287885	0.00992433	0.0718169
0.0321664	0.00883746	0.00691321
0.0274099	0.0105805	0.0466264
0.0269586	0.0104975	0.00335089
0.0276908	0.00973601	0.0251317
0.0286606	0.010767	0.0199538
0.029595	0.00951362	0.0913751
0.0298529	0.0105365	0.0182953
0.0301601	0.00935399	0.0697746
0.031771	0.010124	0.0733918
0.0287266	0.00877545	0.0169751
0.0306766	0.00977892	0.0134875
0.0300538	0.0101761	0.0664135
0.0270875	0.0112339	0.00558217
0.0302751	0.0100297	0.025432
0.0315983	0.00999368	0.0881716
0.0287968	0.00982788	0.0361361
0.0303738	0.0100221	0.0476461
0.0290677	0.0095212	0.0465942
0.0300766	0.01009	0.0104051
0.0320503	0.00908256	0.106614
0.0290621	0.0102364	0.0394571
0.0273976	0.0100585	0.169356
0.0283914	0.0101827	0.116381
0.02939	0.00881781	0.0957319
0.0277211	0.0104887	0.0255694
0.0293244	0.00888186	0.158394
0.0301724	0.0105965	0.0901245
0.0318423	0.00927533	0.0171485
0.0310379	0.0108215	0.0875428
0.0308185	0.0102417	0.0880096
0.031947	0.010062	0.0985089
0.0305477	0.010799	0.0602403
0.0294231	0.0107958	0.0636975
0.0320973	0.0111059	0.0131697
0.0314998	0.0106095	0.22044
0.0321423	0.00842083	0.0533736
0.0268445	0.00955066	0.0213916
0.0311433	0.00998853	0.0712369
0.0286283	0.00877219	0.0282502
0.0293781	0.0101524	0.0262674
0.0278847	0.010262	0.0646657
0.0297704	0.00943982	0.0928538
0.0300102	0.0104197	0.170031
0.0310655	0.00973477	0.0686191
0.0286691	0.0104005	0.0414737
0.0293745	0.0107352	0.0137699
0.0290778	0.00883568	0.0204902
0.0300233	0.00889873	0.148514
0.0288228	0.00913081	0.064304
0.0333345	0.0103409	0.0405017
0.0298917	0.0102192	0.0161494
0.0305583	0.00962479	0.0702287
0.030387	0.0102191	0.100215
0.0302061	0.00974521	0.0511065
0.0312885	0.0113182	0.0188037
0.0312634	0.00938503	0.173518
0.0275827	0.0115577	0.02806
