0.0375934	0.0125707	0.0368538
0.0347226	0.00900994	0.0372386
0.048244	0.00330064	0.0362868
0.015366	0.00627571	0.0381997
0.0161541	0.00842755	0.0382225
0.0456691	0.0113152	0.0364849
0.0201457	0.00616465	0.0380352
0.0208986	0.00257702	0.0379244
0.0388718	0.0107702	0.0367757
0.033639	0.0149099	0.0373725
0.0205223	0.004767	0.0379605
0.0262261	0.0161706	0.0379284
0.0352838	0.0141587	0.0369308
0.0324325	0.00648892	0.0372369
0.0295144	0.000403846	0.0375317
0.0252097	0.0017065	0.0377983
0.0380668	0.00488074	0.0369113
0.0341879	0.00275857	0.0371767
0.0243627	0.00617504	0.0378236
0.0376257	0.00368835	0.0369972
0.0411981	0.0161769	0.0366625
0.0336874	0.00247112	0.0370367
0.00500673	0.0145294	0.0389734
0.0250008	0.0131905	0.0378941
0.0394487	0.00183246	0.0369437
0.0149772	0.0102698	0.0383131
0.0319437	0.0125377	0.037424
0.0283338	0.00834696	0.037577
0.0259173	0.0137725	0.0377073
0.0301241	0.000815416	0.0372398
0.00972606	0.00567595	0.0384723
0.0270319	0.0093683	0.0375187
0.0284988	0.00904438	0.0375257
0.0405608	0.00869554	0.0368715
0.0284563	0.00429966	0.0376751
0.0321396	0.00310141	0.0372919
0.0327558	0.00357537	0.0371854
0.0384742	0.00498597	0.0367902
0.0405604	0.0144257	0.0368234
0.0483516	0.0160595	0.0360491
0.0439939	0.00535085	0.036631
0.046973	0.013215	0.0363961
0.0340947	0.00224761	0.0370057
0.0140909	0.00416465	0.0382591
0.040866	0.0115197	0.0366831
0.038591	0.00876798	0.0368746
0.0512432	0.00947522	0.0359874
0.0223331	0.010698	0.0378359
0.0356604	0.00861036	0.0370686
0.0350399	0.00865243	0.0371588
0.0266943	0.00421028	0.0376276
0.0401523	0.0144264	0.0369128
0.0439976	0.00668906	0.0366354
0.035648	0.00188238	0.0368794
0.0312124	0.00463983	0.0374025
0.0233118	0.0111285	0.0377969
0.0316537	0.0100853	0.0373927
0.028229	0.00686377	0.0375849
0.0116998	0.0123361	0.0383891
0.0396474	0.0103571	0.0369892
0.006754	0.010299	0.0389064
0.0223769	0.00157638	0.0377219
0.0370045	0.010146	0.0370659
0.0522419	0.00202011	0.0361326
0.0431899	0.0106555	0.0366245
0.033553	0.00598344	0.0372018
0.0298143	0.00346635	0.0372723
0.0353908	0.00498794	0.0370821
0.0307801	0.00826351	0.037495
0.0501388	0.00456715	0.0359901
0.0438067	0.00652951	0.0367254
0.0249333	0.00689647	0.0376179
0.0249905	0.0148933	0.0376101
0.0272173	0.00923728	0.0375341
0.0239847	0.0123683	0.0376663
0.0262903	0.0107608	0.0377323
0.0281994	0.00682553	0.0375692
0.0524104	0.0119875	0.0361888
0.0382722	0.0115758	0.0369908
0.0233134	0.00639887	0.0377381
0.0165757	0.0178003	0.0382511
0.0154193	0.00729736	0.0384751
0.0388728	0.00508378	0.0368839
0.0164073	0.0164544	0.0381472
0.029739	0.00320439	0.0373088
0.0262388	0.00593641	0.037553
0.0241088	0.0115022	0.0378162
0.0347331	0.00745924	0.0371143
0.0231199	0.00396552	0.037699
0.0315797	0.0143256	0.0373827
0.0482288	0.0113261	0.0364231
0.0434893	0.00230169	0.0366152
0.0260868	0.00947179	0.0377054
0.0260789	0.00740929	0.0375535
0.0362851	0.00212605	0.0370159
0.0279129	0.00888154	0.0375275
0.0351639	0.0153784	0.0372021
0.020175	0.0121354	0.0380107
0.0198383	0.016673	0.0378837
0.0297913	0.0062994	0.0373436
0.0529498	0.0167951	0.0360471
0.00156225	0.0106523	0.0390336
0.0293346	0.0122992	0.0375074
0.0238737	0.00996713	0.0376748
0.0131086	0.0023059	0.0385324
0.020141	0.0119779	0.0378567
0.0389752	0.0152281	0.0369715
0.0266952	0.0106858	0.0375106
0.00853648	0.00519141	0.0385886
0.0396107	0.0155376	0.0370567
0.0379292	0.0151412	0.0369293
0.0374315	0.0117251	0.0368274
0.0268729	0.0160686	0.0374116
0.015913	0.00924512	0.0384756
0.0299706	0.00955092	0.0372644
0.0473695	0.0105848	0.0364739
0.0293523	0.012866	0.0376152
0.0360211	0.00995113	0.0369529
0.043677	0.0126305	0.0364993
0.0316217	0.00625872	0.0372661
0.019363	0.0126722	0.0380696
0.0293823	0.012546	0.0375223
0.033592	0.0103176	0.0372324
0.0240637	0.0154328	0.0376311
0.00168047	0.0119765	0.0389027
0.0276275	0.0110542	0.0377164
0.0205237	0.00686052	0.0378848
0.0286245	0.00966351	0.037473
0.0329059	0.0160205	0.0374313
0.0353195	0.00826882	0.0371335
0.0324726	0.00781951	0.0373897
0.0365441	0.0120186	0.0369281
0.0119998	0.0102278	0.0385333
0.0331147	0.0133882	0.037175
0.0247336	0.0139943	0.0377367
0.043062	0.0140974	0.0365367
0.0301262	0.00517183	0.0372498
0.0291333	0.00665437	0.0376119
0.0213406	0.0165694	0.0379697
0.0212746	0.0033851	0.0381405
0.0394279	0.00545604	0.0367014
0.0165579	0.000977544	0.0381598
0.0208352	0.0133452	0.0379404
0.0323667	0.00995311	0.0373226
0.0305612	0.0104123	0.0373738
0.0143249	0.0078633	0.0384011
0.0283906	0.00439512	0.0374806
0.0292445	0.00368674	0.0375071
0.0317768	0.0108511	0.0373054
0.00665824	0.0137198	0.038887
0.027769	0.000783707	0.0376235
0.0362371	0.010983	0.036891
0.0261073	0.0125177	0.0378198
0.0341622	0.0136314	0.0371551
0.0376792	0.0133387	0.0368435
0.0283181	0.0114267	0.0375356
0.0299371	0.0135246	0.0373811
0.0316551	0.0068912	0.0372826
0.0285228	0.0159971	0.0375911
0.0204763	0.0120843	0.0382302
0.0283121	0.00683365	0.0374649
0.0251756	0.0159216	0.037803
0.0368723	0.0119856	0.0370077
0.012124	0.00643939	0.0385045
0.0206612	0.00587737	0.0378861
0.0311143	0.0165125	0.0374248
0.0513736	0.0139809	0.0360841
0.028935	0.0140771	0.0373921
0.0375057	0.0089173	0.0370255
0.0364698	0.00577457	0.0369254
0.0397307	0.0101522	0.0369427
0.0338444	0.0144339	0.0373431
0.0257714	0.0148405	0.0377544
0.0211825	0.0075397	0.0379631
0.0383802	0.00103257	0.036928
0.0534173	0.00705164	0.0357584
0.0190846	0.0115262	0.0381027
0.0274082	0.00316624	0.0373459
0.0245014	0.0134017	0.0377415
0.0444802	0.01407	0.0366699
0.0343414	0.0105267	0.0371416
0.0139471	0.00136351	0.0381645
0.0260417	0.0171505	0.0376918
0.0238765	0.00881022	0.0378349
0.0137566	0.00245966	0.0384154
0.0452306	0.00386307	0.0362605
0.0242701	0.00112896	0.0378326
0.0487743	0.00634609	0.0362254
0.0354618	0.0126181	0.0371847
0.0398823	0.00628122	0.0369168
0.020747	0.0109386	0.038178
0.0448942	0.00471269	0.0366077
0.0236803	0.00233666	0.0377645
0.036267	0.0107277	0.0370674
0.0255641	0.0119941	0.0376315
0.0349535	0.0118696	0.0369765
0.0338769	0.00599021	0.0372917
0.025416	0.0110266	0.0378593
0.00967331	0.0128704	0.0387126
0.0369295	0.0156287	0.03698
0.0349158	0.00900052	0.0370973
0.0330561	0.00712566	0.0373655
0.0460655	0.00826902	0.0363166
0.0184115	0.0130808	0.0381155
0.0287426	0.0088815	0.0374216
0.0359993	0.0132255	0.0370474
0.00539029	0.00900149	0.0390969
0.0345287	0.0097002	0.0372144
0.0415283	0.0107853	0.0366151
0.0259376	0.0105881	0.0377498
0.0135337	0.0101018	0.0382202
0.0148086	0.00127705	0.0385692
0.0352313	0.00775703	0.0371135
0.0366919	0.0111719	0.0370161
0.0145373	0.00958705	0.0383638
0.0141363	0.00276679	0.0382029
0.0110801	0.00322096	0.0383639
0.042584	0.00586975	0.0367609
0.0374386	0.0111396	0.0371159
0.0160013	0.00853226	0.0382528
0.0243695	0.00623145	0.0376703
0.0274146	0.0108343	0.0374634
0.0352615	0.0153192	0.0369268
0.0288344	0.00583832	0.0375215
0.0304464	0.00558749	0.0372552
0.0198646	0.00623183	0.0379148
0.0358782	0.0169293	0.0370193
0.0285484	0.00819444	0.0374134
0.0233448	0.0112701	0.0378
0.0231549	0.00815291	0.0378749
0.0278465	0.00877722	0.0376222
0.0379336	0.00907064	0.0368481
0.0337584	0.0101931	0.0372103
0.0353367	0.0107278	0.0370478
0.0350391	0.00189498	0.0370489
0.0197794	0.00576076	0.0379987
0.0391475	0.0134058	0.0369922
0.033802	0.00109118	0.0370845
0.025531	0.0167648	0.0377537
0.0241574	0.0125295	0.0378521
0.0327325	0.012975	0.0371331
0.0231921	0.0139653	0.0379827
0.0324733	0.00971688	0.0373729
0.0282925	0.00848179	0.0375584
0.0444691	0.000672279	0.0364619
0.0174495	0.0132053	0.0381712
0.019567	0.00532177	0.0379509
0.0171136	0.00554265	0.0383522
0.0253101	0.0167643	0.0378298
0.0133868	0.00796331	0.0384564
0.0445958	0.0148836	0.03654
0.0400325	0.0107237	0.0366967
0.0295618	0.0156397	0.0375442
0.0365017	0.0116619	0.0369296
0.0252414	0.00592718	0.0376177
0.0236752	0.0107733	0.0376951
0.0145319	0.00350096	0.0381514
0.0239371	0.00776973	0.0376789
0.024601	0.00860901	0.0378447
0.0408426	0.00368991	0.036858
0.0139485	0.0162921	0.0382428
0.025732	0.00242961	0.0377403
0.0334223	0.0118898	0.0371676
0.00981714	0.0100905	0.038431
0.0326042	0.0110936	0.037197
0.0420245	0.00714842	0.0365692
0.0195681	0.015444	0.0380579
0.0446819	0.0119724	0.0365727
0.019574	0.0126445	0.0381656
0.028309	0.00868667	0.0376578
0.0318054	0.00265886	0.0372377
0.041957	0.0146668	0.0369165
0.0267215	0.0135945	0.0375239
0.0314092	1.73874e-05	0.0372703
0.0488744	0.0094245	0.0361622
0.00702313	0.0166941	0.0387873
0.0397516	0.00947547	0.0367112
0.0386514	0.0128156	0.0369744
0.021391	0.0120409	0.0379687
0.028674	0.0126924	0.0376557
0.0328348	0.00953829	0.0373117
0.0311086	0.0106954	0.0373259
0.0263929	0.0126244	0.0377619
0.0168961	0.0135412	0.0383977
0.0362569	0.00895434	0.0370936
0.0214901	0.0140919	0.0378572
0.0361679	0.0127596	0.037126
0.0337431	0.00865589	0.0370921
0.0257544	0.0159794	0.0374537
0.0287739	0.0125436	0.0375484
0.0256554	0.0156762	0.0377341
0.033528	0.0117721	0.0372872
0.0118592	0.00229747	0.0384406
0.0385593	0.0109569	0.03686
0.023118	0.0120694	0.0378078
0.0177573	0.0121354	0.0382845
0.0405273	0.00817569	0.0367571
0.00659091	0.0116326	0.0385922
0.0311421	0.00955446	0.0372857
0.0156503	0.016691	0.0386959
0.0289557	0.0110126	0.0375733
0.0297615	0.0122783	0.0374452
0.0284046	0.00289791	0.0374977
0.0321941	0.00826916	0.0372419
0.037834	0.00701138	0.036948
0.0320719	0.0128578	0.0373465
0.0254139	0.0102291	0.0378581
0.036358	0.0169275	0.0371383
0.0138644	0.0152725	0.0384015
0.0374757	0.013711	0.0368428
0.0288537	0.0132608	0.0375256
0.0236087	0.0116002	0.0378129
0.0430249	0.0146892	0.0367578
0.0344846	0.00610913	0.0371596
0.0193994	0.00255002	0.0381095
0.0297435	0.0041229	0.0373533
0.0229208	0.00816018	0.0378359
0.0306737	0.0176029	0.0374178
0.0349105	0.0123134	0.0372525
0.0304999	0.00430411	0.0373863
0.0162234	0.0158368	0.0386295
0.0327372	0.0120929	0.0371749
0.0435744	0.00486133	0.0365682
0.0372141	0.0124106	0.0368952
0.0316066	0.0121943	0.0372972
0.0353009	0.00841838	0.037148
0.0228592	0.0125855	0.0378833
0.0243055	0.0157865	0.0379484
0.032412	0.0116448	0.0373535
0.0328317	0.00724851	0.0372086
0.0331366	0.00672033	0.0371918
0.0156154	0.00694247	0.0382308
0.0424736	0.0159044	0.0368011
0.0307461	0.0131077	0.0374082
0.0242471	0.0114769	0.0377425
0.0262556	0.00816377	0.0377825
0.0302961	0.00561595	0.0373996
0.0185436	0.0111635	0.0380949
0.0378032	0.014051	0.0370254
0.0349414	0.0152403	0.0370278
0.0321079	0.0150444	0.0374759
0.0378228	0.00967128	0.0368441
0.0249354	0.00249493	0.0377901
0.0239354	0.00583093	0.0377866
0.0322352	0.00246854	0.0372063
0.0402831	0.0125605	0.0369854
0.0302565	0.00435422	0.0374328
0.0403319	0.00448443	0.0368218
0.0182532	0.00937593	0.0379831
0.0358916	0.0125334	0.0371864
0.0216674	0.0057595	0.0380951
0.02222	0.00822783	0.0380425
0.0442582	0.00175093	0.0364702
0.0199969	0.010088	0.0381605
0.0409054	0.00826359	0.0368509
0.0293933	0.0165508	0.0374386
0.0274495	0.0124993	0.0375547
0.0352288	0.00971863	0.0371029
0.0311688	0.00790412	0.0372617
0.0243981	0.0103964	0.0377711
0.0398633	0.00958213	0.0368037
0.0435651	0.0126833	0.0366026
0.0340548	0.0157768	0.0373562
0.0129511	0.0111031	0.0385365
0.0257017	0.0133707	0.0378315
0.0337784	0.0061494	0.0370755
0.0239328	0.00312369	0.0377529
0.02903	0.00559589	0.0375989
0.0202654	0.00672969	0.0379128
0.0468697	0.00660651	0.0364664
0.0254214	0.0139163	0.0379327
0.0336526	0.0133978	0.03703
0.0337393	0.00688651	0.0371606
0.0321946	0.0110433	0.0372213
0.0251921	0.0131324	0.037806
0.0381488	0.011253	0.037083
0.0284293	0.00424966	0.037586
0.0269773	0.00530946	0.0375866
0.0402578	0.0144483	0.0368953
0.0254358	0.00932884	0.0376575
0.0357628	0.0150149	0.0372722
0.0204665	0.0093139	0.0379814
0.0293915	0.00831772	0.0373777
0.0304927	0.000763153	0.037244
0.0153121	0.00604505	0.0384313
0.0323562	0.0158099	0.0374834
0.0288271	0.00470588	0.0373882
0.0478063	0.00392934	0.0363211
0.0332016	0.00782183	0.0372102
0.0266283	0.00855788	0.0375652
0.0164889	0.0158583	0.0380263
0.0331149	0.0111566	0.0371506
0.0316721	0.00132082	0.0372738
0.0277076	0.0121657	0.0374459
0.0312498	0.0109171	0.0371832
0.0249545	0.0131716	0.0375641
0.0537168	0.00769574	0.0361132
0.0308822	0.00728117	0.0375053
0.0385543	0.0110214	0.0367927
0.0331537	0.0154343	0.0371941
0.025678	0.00722235	0.0376007
0.0255887	0.0116871	0.0377026
0.0448922	0.0128482	0.036737
0.0271843	0.0132946	0.0375563
0.0364056	0.0122198	0.0371279
0.0413302	0.0109834	0.0367201
0.0187251	0.0108136	0.0381045
0.0277393	0.0154015	0.0376888
0.0345732	0.00723815	0.0370356
0.0463851	0.0114614	0.0362828
0.0246287	0.00454457	0.0377712
0.0335652	0.00918625	0.0372496
0.0322745	0.00988584	0.0371793
0.022083	0.0101504	0.0380276
0.0341469	0.00212367	0.0372033
0.0427526	0.0117736	0.0366856
0.0419926	0.00244896	0.0366166
0.0364664	0.0121591	0.0369838
0.0274912	0.0122754	0.0374592
0.0285941	0.00837062	0.037429
0.0293545	0.0152651	0.0375235
0.0270992	0.00700566	0.0375662
0.0304036	0.0112903	0.0374303
0.0378843	0.0168028	0.0370135
0.0239964	0.0155178	0.0378251
0.00878783	0.0046143	0.0385227
0.0462577	0.0167686	0.0365829
0.0208379	0.0121808	0.0382097
0.0274803	0.010067	0.0374759
0.0323691	0.0136601	0.0374189
0.0360411	0.0122235	0.0371243
0.0304574	0.0122539	0.0375333
0.0276618	0.0146338	0.0373656
0.029801	0.0121216	0.0372885
0.0402616	0.0154276	0.0368819
0.0336977	0.0120455	0.0371245
0.0339406	0.0118143	0.0370207
0.0414858	0.015375	0.0364984
0.0144191	0.0124064	0.0381553
0.0352678	0.00666563	0.0371377
0.0344917	0.0111315	0.0372002
0.0419867	0.0108361	0.0365706
0.0269522	0.0135986	0.0376886
0.0408243	0.0110421	0.0368528
0.0312664	0.011959	0.0372564
0.0221862	0.00287842	0.0379583
0.0431569	0.0113548	0.0367021
0.0400885	0.010971	0.0367886
0.029484	0.0132823	0.0374539
0.0348254	0.0123041	0.0370605
0.027003	0.0158077	0.0378397
0.0498411	0.00313717	0.0363364
0.020135	0.0165513	0.0377866
0.0436368	0.013333	0.0367205
0.031959	0.0147998	0.0370973
0.0451524	0.0102771	0.0364258
0.0234767	0.00560041	0.0378216
0.0258002	0.00661922	0.0375796
0.0227692	0.0025967	0.037767
0.0489714	0.00572574	0.0362826
0.0316996	0.00764843	0.0373438
0.0271109	0.0100985	0.0376423
0.0298639	0.0114357	0.0373916
0.0394208	0.00864132	0.0369196
0.0389512	0.0108559	0.0369521
0.0405089	0.00232645	0.0368664
0.0398444	0.0167865	0.0367467
0.028235	0.0109082	0.0375205
0.0403226	0.00148291	0.0366072
0.0288463	0.00305405	0.0374824
0.0352416	0.0138341	0.0372562
0.0253279	0.00608101	0.0377195
0.0342582	0.00356882	0.0371077
0.0203442	0.00868749	0.0379843
0.0380544	0.00974284	0.0370147
0.0375121	0.0156494	0.0367366
0.026769	0.0057845	0.0376403
0.0295086	0.0132368	0.0374208
0.0510475	0.00932086	0.0360608
0.0261072	0.0145734	0.0376692
0.0197665	0.00663818	0.0380281
0.0380849	0.0127381	0.0369268
0.028674	0.00862968	0.0374741
0.0257315	0.0166843	0.0376203
0.0241041	0.00814119	0.0376798
0.0239748	0.0121568	0.037781
0.0382815	0.00080382	0.0369383
0.0278864	0.000721958	0.0376045
0.0363517	0.00884021	0.037001
0.0350759	0.0111173	0.0369858
0.0317821	0.014906	0.0374942
0.0396474	0.00672111	0.0368529
0.0248275	0.00938897	0.0376539
0.0201509	0.00938921	0.0380762
0.0361502	0.00801345	0.0369649
0.0177747	0.013554	0.0379698
0.0111057	0.0138916	0.038425
0.0374069	0.0174186	0.0369354
0.00260205	0.00894989	0.0389441
0.00455158	0.0179806	0.0388315
0.0419162	0.00408285	0.0366279
0.0255341	0.00535135	0.0376845
0.0413941	0.0149987	0.0368389
0.0319483	0.0114141	0.0372361
0.0363484	0.0137617	0.0370443
0.00327213	0.0031015	0.0392049
0.0315697	0.0134738	0.03731
0.0363577	0.00626436	0.0370263
0.0247515	0.0057985	0.0376276
0.043604	0.00844511	0.0366046
0.018258	0.0144808	0.0381394
0.0173369	0.0160755	0.0385516
0.0376105	0.00963412	0.0368738
0.0332455	0.00725801	0.0370844
0.0321973	0.0137567	0.037439
0.0333099	0.00822692	0.0371253
0.0283412	0.00349281	0.0375275
0.0339511	0.0139776	0.0370712
0.028728	0.011946	0.0373747
0.0196541	0.0120033	0.0380245
0.0286489	0.0113935	0.0376028
0.0398785	0.00471912	0.0369288
0.040456	0.0140271	0.0368702
0.0278861	0.00945718	0.0374872
0.0379868	0.0123201	0.0369472
0.0246904	0.0103799	0.0377207
0.0331595	0.0128012	0.0371044
0.0308877	0.00970987	0.0373668
0.0422773	0.010289	0.0366385
0.0420973	0.0093674	0.036572
0.0351886	0.012399	0.0372071
0.027956	0.00528151	0.037534
0.0295115	0.00730662	0.0373751
0.0364741	0.00530343	0.0370076
0.0391671	0.00905254	0.0367905
0.0251418	0.0168417	0.0375615
0.0290652	0.0161416	0.0374578
0.0370667	0.0115857	0.0368927
0.0377104	0.00136748	0.0370033
0.011703	0.00187241	0.0384071
0.0350293	0.0103209	0.0372081
0.0238164	0.0142994	0.0377944
0.0333374	0.0160236	0.0374053
0.0351873	0.00756518	0.0371877
0.0251105	0.0152511	0.0377648
0.0204183	0.00998034	0.0379335
0.00978425	0.00508268	0.03849
0.031548	0.00946402	0.0373681
0.0198867	0.00652128	0.0381118
0.0320078	0.011321	0.0372636
0.0137723	0.0133776	0.0383789
0.0227903	0.0169801	0.0377119
0.0451234	0.00810589	0.0366137
0.0330571	0.0138233	0.037297
0.0505664	0.0109994	0.0360605
0.0471119	0.0142128	0.0365376
0.0356715	0.0108724	0.03715
0.0250566	0.00629238	0.037707
0.0344102	0.00825952	0.0371336
0.0372393	0.011783	0.0370532
0.0454885	0.0130226	0.0363802
0.0147032	0.0148827	0.0385152
0.0269368	0.0156442	0.0377857
0.0376553	0.00866136	0.0368615
0.0351182	0.00565334	0.0371022
0.0263433	0.00143258	0.0377131
0.0178805	0.00757822	0.0381216
0.024106	0.0126236	0.0378778
0.0471115	0.0110672	0.0364913
0.0415817	0.0152987	0.0368338
0.0274178	0.00732428	0.0375027
0.0209661	0.01616	0.0378212
0.0314069	0.0030685	0.0372121
0.0195199	0.0132112	0.0378542
0.0300083	0.00549567	0.0373837
0.0281807	0.0155345	0.0376599
0.050011	0.0110709	0.0363103
0.0386941	0.00648765	0.0370113
0.0255611	0.00441537	0.0377177
0.0287288	0.011972	0.0375917
0.0228013	0.0113284	0.0378713
0.0348972	0.0105358	0.0370145
0.00237598	0.0034605	0.0389102
0.036308	0.0100825	0.037117
0.0306768	0.0129278	0.0374339
0.0366831	0.00259741	0.0370726
0.0441916	0.0139736	0.0366842
0.0240036	0.0117479	0.0377479
0.0289873	0.0126781	0.0373728
0.0129367	0.0164425	0.0384457
0.0176501	0.00837104	0.0383256
0.0165777	0.0134797	0.0382001
0.0277699	0.0104664	0.0373865
0.0305477	0.0158719	0.0371991
0.0360297	0.00811706	0.0369436
0.0455405	0.00858589	0.0363241
0.0327287	0.00842658	0.0372266
0.0317387	0.0141502	0.0373596
0.0287579	0.00859576	0.0375247
0.0249252	0.01279	0.0376095
0.0284662	0.0112825	0.0375506
0.0355787	0.0118338	0.0372269
0.0314532	0.00943551	0.0372248
0.024055	0.00675933	0.0376884
0.0314561	0.0116245	0.0374506
0.0312765	0.0151287	0.0375122
0.0243397	0.00904265	0.0377701
0.0279849	0.0103422	0.0374269
0.0218136	0.000522235	0.0375902
0.0410612	0.00401007	0.0367196
0.0342395	0.0114621	0.0371524
0.0279329	0.00361086	0.0373288
0.0379268	0.0150479	0.0367552
0.0150919	0.014449	0.0386717
0.0241999	0.00752968	0.0379085
0.0304438	0.0047511	0.0373681
0.0405243	0.0101535	0.0369396
0.0433919	0.0128869	0.0365928
0.00227694	0.00604219	0.0393604
0.0234197	0.00631333	0.0378225
0.0449584	0.00777545	0.0364356
0.0373273	0.0121214	0.0369283
0.04092	0.0116628	0.0368276
0.0254759	0.00630097	0.037691
0.027439	0.0129527	0.0376056
0.0397974	0.0138897	0.0367583
0.034804	0.0148177	0.0371822
0.0349882	0.00319117	0.0372722
0.0247172	0.0070597	0.0376496
0.0379277	0.0143065	0.0369353
0.0172799	0.00105075	0.0383
0.0331553	0.00558835	0.0372733
0.0398212	0.0014134	0.0369157
0.0393232	0.00107604	0.0369438
0.0274036	0.00749191	0.0376106
0.026507	0.00812687	0.0375682
0.0291968	0.00941741	0.0373852
0.0246046	0.0138274	0.0377789
0.0376643	0.0164573	0.0369346
0.0305878	0.00752982	0.0373099
0.0351575	0.00679583	0.0370684
0.0332815	0.00479564	0.0371199
0.0252427	0.00287904	0.037639
0.0381828	0.00921272	0.0369057
0.0206669	0.0139506	0.0378092
0.0404325	0.00196117	0.0367341
0.0421217	0.0146332	0.0365609
0.0152383	0.0148471	0.0385189
0.0186743	0.00153815	0.0380306
0.0299606	0.00660899	0.03733
0.0321961	0.0113008	0.0374337
0.0277961	0.0168358	0.0375938
0.021845	0.00587941	0.0379654
0.0303184	0.00856173	0.0372935
0.0405305	0.0100208	0.0367902
0.0289294	0.0117283	0.0373685
0.0262763	0.00803066	0.0375636
0.0490162	0.0050766	0.036175
0.0176175	0.00673488	0.0382499
0.0334533	0.00581704	0.037231
0.0305223	0.00546627	0.0373572
0.0336981	0.015647	0.037357
0.027551	0.015153	0.0376148
0.0333425	0.0111698	0.0370596
0.0275203	0.0119239	0.0376617
0.0227207	0.00313252	0.0378016
0.0194632	0.00141985	0.0379777
0.013377	0.0118035	0.0384112
0.0308479	0.0100056	0.0374047
0.00940523	0.015911	0.0387465
0.0278817	0.010755	0.0375392
0.0129706	0.00700779	0.0384471
0.0257168	0.0151314	0.0379357
0.0181749	0.00244375	0.0379704
0.0526116	0.0145959	0.0361627
0.0409895	0.0130841	0.0368507
0.0157602	0.0102869	0.0382436
0.0219845	0.0106407	0.0378849
0.0428301	0.000513642	0.036293
0.0190626	0.0153248	0.0381066
0.019381	0.0118707	0.0380611
0.0213043	0.0156069	0.0379864
0.0416394	0.00327456	0.0364684
0.0304456	0.0180758	0.037273
0.0235314	0.000978638	0.0376008
0.0447102	0.00407977	0.0366492
0.0271975	0.00493479	0.0375597
0.0281909	0.0169752	0.0372821
0.0288086	0.0130498	0.037371
0.0192481	0.00843605	0.0382097
0.0370498	0.0158837	0.0368565
0.0302818	0.0159598	0.0372135
0.024418	0.0156893	0.0377046
0.0188562	0.00268341	0.0380242
0.041139	0.00597917	0.0367438
0.0304587	0.015875	0.0372861
0.0381879	0.0104723	0.0370054
0.0290626	0.0146654	0.0376447
0.00683497	0.0129373	0.038893
0.0389157	0.00951105	0.0369417
0.0217279	0.0134756	0.0378634
0.0305702	0.00863469	0.0373171
0.008596	0.0111348	0.0385012
0.0254622	0.012393	0.0378683
0.00664693	0.0154446	0.0390143
0.0386226	0.00918223	0.0369142
0.0419964	0.00336905	0.0367448
0.0140716	0.012198	0.0385182
0.030249	0.0130558	0.0375531
0.0291365	0.00793386	0.0374848
0.0137836	0.0103605	0.0383535
0.030609	0.0138481	0.037448
0.0308344	0.00671238	0.0372317
0.0344711	0.00949039	0.03722
0.0180417	0.013937	0.0379509
0.0294115	0.00781703	0.0374643
0.0368957	0.0146608	0.0369829
0.0413056	0.0148251	0.0367912
0.0356851	0.0112012	0.0371225
0.0305737	0.00562192	0.0375303
0.0496013	0.0140656	0.036382
0.0318174	0.000793703	0.0372988
0.0355348	0.00333172	0.0370009
0.0294571	0.00935689	0.0375697
0.0297062	0.00841025	0.0374462
0.0362706	0.00921582	0.0370547
0.0212035	0.0117411	0.0378254
0.0402658	0.0112731	0.0369775
0.0308992	0.004742	0.0372508
0.0437743	0.0119804	0.0365672
0.0372424	0.0194154	0.0373438
0.0412723	0.00399966	0.036843
0.0343722	0.0111098	0.0370685
0.000179904	0.00946932	0.0391975
0.0268211	0.00489754	0.0374416
0.0218239	0.00700049	0.037909
0.0404328	0.00211777	0.0364986
0.015687	0.00572759	0.0384376
0.0362357	0.0129707	0.0368736
0.0287477	0.00577055	0.037517
0.0205976	0.015972	0.0382427
0.0292419	0.00889407	0.0374289
0.0189025	0.000574054	0.0379806
0.0374239	0.0145622	0.0367984
0.0227969	0.011723	0.0378314
0.0107091	0.0137707	0.0386256
0.0188148	0.010453	0.0382326
0.0309588	0.0138786	0.0374411
0.0377569	0.0164193	0.0370852
0.0323926	0.000371116	0.0373851
0.0531975	0.00443007	0.0359358
0.0376843	0.00810518	0.0369881
0.0216012	0.00547261	0.0379434
0.0265864	0.000691348	0.0374611
0.029818	0.0113386	0.0373206
0.0221251	0.00764208	0.0377889
0.0307533	0.00843085	0.0374135
0.0425216	0.00305887	0.0365969
0.0424264	0.00550216	0.0365566
0.0478096	0.0136955	0.0363006
0.0255456	0.00574983	0.0378203
0.0273302	0.0119735	0.0374442
0.0440231	0.00463335	0.0365111
0.0381258	0.0116903	0.0369354
0.0244292	0.0112684	0.0377248
0.0348633	0.0159387	0.0369465
0.0383949	0.0149271	0.0370806
0.0276422	0.00749787	0.0375959
0.012976	0.0123976	0.0384534
0.034047	0.00885409	0.0371549
0.038066	0.0150075	0.0371235
0.0394599	0.0149054	0.0368864
0.0270673	0.0160281	0.03759
0.0179593	0.013747	0.0382574
0.0468144	0.00334261	0.0363301
0.0278639	0.0144935	0.0376104
0.0198226	0.0119162	0.0380655
0.0208601	0.0127395	0.0379317
0.023775	0.00710079	0.0378006
0.0244633	0.00841325	0.0378521
0.0389412	0.00979373	0.0368554
0.039581	0.0114098	0.0367347
0.0285194	0.00319329	0.0375766
0.0217119	0.0155085	0.0379656
0.0495525	0.0142172	0.0363026
0.0428653	0.00591997	0.0364686
0.0325061	0.0132235	0.0373289
0.0235842	0.0110765	0.0379265
0.0178543	0.0120566	0.0381069
0.0459859	0.00830834	0.0365631
0.0313009	0.00490662	0.037229
0.0229008	0.013074	0.0376587
0.0336367	0.010303	0.0370918
0.0394329	0.0164931	0.0368561
0.0263626	0.00243056	0.0375354
0.00944465	0.00790506	0.038848
0.0402341	0.0135791	0.0369245
0.0313732	0.0113259	0.0372608
0.017563	0.013886	0.0382036
0.0298734	0.00847316	0.0372744
0.0191575	0.0144564	0.0379336
0.0137618	0.0063907	0.0384258
0.0419424	0.00690407	0.0366514
0.0224325	0.00952684	0.0378552
0.0449824	0.0104934	0.0366114
0.0215377	0.0111588	0.0379117
0.0236823	0.00492977	0.0378065
0.0226714	0.00461663	0.0377893
0.040321	0.0059905	0.0368232
0.0449961	0.0155122	0.0366648
0.0376373	0.00858295	0.0370196
0.0356784	0.00996511	0.0369698
0.0231544	0.0126097	0.0378182
0.0203256	0.0135527	0.0380498
0.0162017	0.00701467	0.0382744
0.044144	0.0102528	0.036506
0.02267	0.00893619	0.0379151
0.0292405	0.0163901	0.0375017
0.043627	0.00825581	0.036512
0.0307147	0.00740403	0.0374025
0.0488333	0.0119144	0.0364077
0.0273504	0.00192539	0.0376612
0.0169264	0.0114884	0.0382157
0.0312704	0.0102014	0.037272
0.0325602	0.0148922	0.0372623
0.0244084	0.0162193	0.0379395
0.0433276	0.0116878	0.036741
0.0201113	0.0133612	0.0379634
0.027683	0.00921329	0.0375832
0.0447901	0.0156139	0.0366288
0.028371	0.0164549	0.0375993
0.022309	0.00557598	0.037748
0.0317047	0.0119316	0.0374029
0.0333951	0.00885456	0.0373529
0.0367483	0.00935398	0.0369149
0.0341645	0.0107443	0.0372043
0.0197524	0.0147414	0.0380573
0.0345822	0.00831799	0.0370024
0.0369467	0.00976081	0.0369999
0.0372193	0.0121324	0.0370329
0.0369334	0.00845787	0.037101
0.0294993	0.00900109	0.0373803
0.0129488	0.00440954	0.0383484
0.0244352	0.0157455	0.0378316
0.0403564	0.013884	0.036874
0.0341341	0.0154777	0.0373533
0.0336596	0.00647065	0.0371642
0.0359192	0.0115514	0.0371624
0.028954	0.0116494	0.037413
0.0189715	0.00548452	0.0381516
0.0255368	0.00172276	0.0374853
0.00497481	0.00907338	0.0389693
0.00994377	0.00435642	0.0385419
0.041223	0.0149412	0.0367953
0.00871259	0.00928561	0.0386402
0.0359056	0.0192945	0.0368691
0.0322177	0.00154401	0.0370791
0.0299239	0.0141149	0.0374712
0.0301989	0.0124156	0.0374543
0.0239834	0.000978283	0.0378685
0.0335575	0.0106906	0.037089
0.0346948	0.00628248	0.037016
0.0254354	0.0105292	0.0377381
0.0206798	0.0128685	0.0379603
0.0285664	0.0171017	0.0374498
0.0324295	0.0120367	0.0372678
0.0347735	0.00614377	0.0370909
0.0158627	0.00109145	0.0383139
0.0148624	0.00528877	0.0383115
0.0122755	0.0121024	0.0386827
0.0278508	0.0146582	0.0376025
0.0253201	0.0122483	0.0376778
0.0179357	0.00823732	0.0381769
0.0381817	0.0113532	0.0369848
0.0416119	0.0116793	0.0368075
0.0233112	0.0208981	0.0376617
0.02523	0.00738077	0.0377227
0.0242751	0.0167952	0.0379444
0.0306012	0.00815751	0.0374168
0.0422792	0.00920742	0.0365567
0.0380168	0.0100718	0.0370046
0.030224	0.00736026	0.0374213
0.00243111	0.0120711	0.0392182
0.0265167	0.00667327	0.0376733
0.0526767	0.00882086	0.0362817
0.0190376	0.0110395	0.0379254
0.011556	0.00643528	0.0383724
0.0310764	0.0134768	0.0372379
0.0242534	0.0123031	0.0375848
0.0226613	0.00976214	0.0378236
0.0262703	0.00186427	0.0375592
0.029178	0.0142592	0.0374395
0.0285688	0.00919296	0.0374982
0.0373321	0.0131895	0.036896
0.0358403	0.00429643	0.0370813
0.0311045	0.0150794	0.037144
0.030149	0.0133219	0.0373342
0.0353407	0.0128328	0.0369354
0.0266394	0.0135358	0.0374913
0.0273642	0.00145901	0.0376504
0.0364223	0.00216521	0.0369457
0.044921	0.00855875	0.0366091
0.0212338	0.00408293	0.0378722
0.0237176	0.00573901	0.037694
0.0413541	0.00739263	0.0366176
0.0396852	0.00779072	0.0367443
0.0325222	0.00563419	0.0371345
0.0404488	0.010533	0.0366797
0.0306028	0.014573	0.037433
0.0247239	0.00819254	0.037823
0.0351665	0.00883425	0.0371284
0.030885	0.0017662	0.0375442
0.00727219	0.0142138	0.0387812
0.0253388	0.0131207	0.0377424
0.0400133	0.0186592	0.0370744
0.0256173	0.0101843	0.0377353
0.0356965	0.00233305	0.0370099
0.0337891	0.01305	0.0372624
0.024675	0.00644327	0.0376642
0.025798	0.0106986	0.0376376
0.0204455	0.00352842	0.0378407
0.0253165	0.0112343	0.0377657
0.0297492	0.0168991	0.0371878
0.0238136	0.00377662	0.037906
0.0314859	0.0168652	0.0370819
0.0376192	0.00305991	0.0369583
0.0149133	0.0157555	0.0383424
0.0206203	0.0117356	0.0379822
0.00306158	0.0108901	0.0389678
0.0403815	0.0125736	0.0368383
0.0305653	0.0161546	0.0374475
0.0142634	0.00880142	0.0385362
0.00460606	0.0155533	0.0389091
0.0292038	0.0154776	0.0374471
0.0261002	0.0108937	0.0377018
0.0305669	0.0093386	0.0374504
0.0340367	0.00475163	0.0371032
0.03792	0.0151934	0.036924
0.0382964	0.0162073	0.0370083
0.0288918	0.000946418	0.0373359
0.0321835	0.00951975	0.0371907
0.0411418	0.00837551	0.0366604
0.0128768	0.0118511	0.0385056
0.037344	0.0128268	0.0370577
0.0182545	0.00326514	0.0379112
0.0248766	0.0143557	0.0378879
0.0327692	0.00431162	0.0374035
0.0173626	0.0111231	0.038053
0.0172818	0.0134826	0.0382117
0.0389677	0.00938103	0.0370021
0.040571	0.0142956	0.0365945
0.0203246	0.0117272	0.038233
0.0354885	0.0116242	0.0370884
0.0279907	0.00290715	0.0376108
0.0210663	0.0162813	0.0379917
0.0286407	0.0129489	0.0375428
0.0145674	0.00271346	0.038196
0.0176581	0.0108566	0.0381309
0.0334652	0.015617	0.0369871
0.0357926	0.00508699	0.0371358
0.0382996	0.0109078	0.037045
0.039273	0.0156032	0.0368483
0.0349363	0.0101621	0.0370472
0.0298956	0.0139276	0.037473
0.028893	0.0043326	0.0373625
0.0298841	0.00360844	0.0374474
0.0400514	0.00628099	0.0369228
0.0406876	0.0115775	0.0368275
0.0377483	0.0096689	0.0369359
0.0245887	0.0102559	0.0377595
0.0356504	0.0130547	0.0369152
0.0394775	0.00263146	0.0369129
0.0317399	0.0112913	0.0373657
0.0240806	0.0110042	0.0378941
0.0229527	0.00704761	0.0378211
0.0465762	0.00642837	0.0362808
0.0327598	0.00676322	0.0372613
0.0313858	0.00739581	0.0372981
0.0344833	0.0161467	0.0373906
0.0160691	0.00976316	0.0382943
0.0282943	0.0143483	0.0373322
0.0292392	0.00549095	0.0375307
0.0317267	0.00235481	0.0373295
0.0283897	0.00961941	0.0374034
0.0351824	0.0113878	0.0372477
0.0479689	0.0152237	0.0364767
0.0447372	0.00377993	0.0366061
0.0316491	0.0110018	0.03727
0.0402702	0.00374821	0.0367299
0.0289294	0.0142414	0.0373639
0.0307436	0.0153393	0.037191
0.0397185	0.0106446	0.0367198
0.0148723	0.00763993	0.0382316
0.0339394	0.0116821	0.0370437
0.0324578	0.00711903	0.0371806
0.0342553	0.00236512	0.0370413
0.0393828	0.0142789	0.0369846
0.0380684	0.0157022	0.0370014
0.039524	0.0100859	0.036748
0.0211168	0.0134208	0.0380612
0.0396137	0.00949636	0.0367307
0.0275245	0.0088281	0.0376968
0.0222745	0.00998079	0.0380187
0.023996	0.0134627	0.0380185
0.0334466	0.0065683	0.0370998
0.0374587	0.00439785	0.0368177
0.037657	0.0112004	0.037008
0.0296443	0.0142195	0.0373188
0.0456484	0.00670716	0.0364688
0.0304904	0.0145921	0.0373542
0.0194235	0.00552629	0.0380971
0.00965074	0.0103403	0.0386864
0.0339852	0.0111485	0.0372138
0.0442914	0.005323	0.0366667
0.0323851	0.00738518	0.037352
0.0287158	0.0169833	0.0376088
0.0318404	0.0104484	0.037374
0.0274471	0.0117592	0.0376094
0.0407054	0.0111005	0.0367941
0.0322529	4.0055e-05	0.0371279
0.0389951	0.0144764	0.0366713
0.0300845	0.0147547	0.0372327
0.0386136	0.0135835	0.0368117
0.021095	0.00851282	0.0379369
0.0357501	0.00262313	0.0371299
0.029814	0.00266471	0.0373074
0.0402301	0.00781916	0.0367466
0.0309081	0.0155068	0.0371467
0.0205581	0.0141567	0.0382828
0.027427	0.0107444	0.0375934
0.0242355	0.0141233	0.0379505
0.0245177	0.0144998	0.0376244
0.0275534	0.0139562	0.0374602
0.0370321	0.00671626	0.0369139
0.0237184	0.00489083	0.0378195
0.0217223	0.016224	0.0379349
0.0222557	0.0109011	0.038075
0.0317167	0.00710894	0.037322
0.0145333	0.015976	0.0383025
0.0238166	0.00322612	0.0377076
0.0428994	0.0039386	0.0365718
0.0335349	0.0160379	0.0373965
0.0431889	0.00978994	0.0366893
0.022559	0.0135619	0.037741
0.032035	0.0164194	0.0373798
0.0190069	0.00579345	0.0382275
0.0464775	0.000997618	0.0364657
0.029961	0.00277208	0.0374961
0.039814	0.0114617	0.0369121
0.0337638	0.00529868	0.0371754
0.0181756	0.0126171	0.0380093
0.0258074	0.00553768	0.0376574
0.0252976	0.0115359	0.0376775
0.0228787	0.0115291	0.0379065
0.0290306	0.00969725	0.0373983
0.0384934	0.0154754	0.037013
0.0279302	0.00849266	0.0375568
0.0331149	0.0173215	0.0374472
0.0245611	0.0117819	0.0375679
0.0314752	0.0114403	0.0373896
0.0289132	0.0132932	0.0374466
0.0341371	0.00314056	0.0370545
0.0404694	0.0151073	0.0367274
0.0387388	0.00606218	0.0367393
0.0330585	0.0114036	0.0372283
0.0144492	0.00829225	0.0383356
0.024601	0.0114269	0.0377159
0.0430564	0.0120076	0.0364884
0.031438	0.0127339	0.0374537
0.0254099	0.0129366	0.0377303
0.038861	0.00178589	0.0370375
0.0254199	0.00305444	0.0375652
0.0475276	0.0129435	0.0364738
0.0373318	0.00862419	0.0369487
0.0244804	0.0135714	0.0377405
0.0208013	0.00854532	0.0379417
0.0301719	0.00897455	0.0373872
0.0375974	0.00490655	0.0368802
0.0341932	0.00599665	0.0371557
0.028159	0.015804	0.0373371
0.0290907	0.00987592	0.0375053
0.0297754	0.0153549	0.0376536
0.0104609	0.0108725	0.0386788
0.0205539	0.0143396	0.0382817
0.0339255	0.0136922	0.0371657
0.0351163	0.00937012	0.0370732
0.0300689	0.0100111	0.0375601
0.0256204	0.00724249	0.037693
0.0311109	0.0102379	0.0373551
0.0296917	0.0118643	0.0374907
0.0250382	0.0173358	0.0375422
0.0348389	0.00381178	0.0371441
0.0279506	0.0157212	0.0374
0.0230268	0.00997531	0.037752
0.00432177	0.00668052	0.038964
0.0348519	0.0096317	0.0371998
0.0335519	0.0131994	0.0370375
0.0275787	0.00892379	0.037582
0.0157833	0.0111597	0.0382288
0.0264731	0.0145008	0.0376804
0.0385557	0.00312632	0.0369383
0.0289021	0.00514787	0.037545
0.0433035	0.00897508	0.0366649
0.0401813	0.00193811	0.0368851
0.038207	0.0159906	0.0367941
0.0238099	0.00851266	0.0377692
0.0307935	0.0114237	0.0373226
0.0197821	0.00527533	0.0380416
0.0277701	0.00898306	0.0375812
0.0312998	0.00797297	0.0372417
0.0180676	0.0115855	0.0381607
0.0263424	0.0150186	0.0377162
0.0357091	0.0103391	0.0370233
0.0251673	0.0100262	0.0376045
0.0267128	0.00816847	0.0377661
0.0388218	0.0108414	0.0369632
0.032271	0.0144317	0.0373571
0.0289033	0.017163	0.0375826
0.0372613	0.0141992	0.0369109
0.0123962	0.0107792	0.0383884
0.0296212	0.0162523	0.0374251
0.0325678	0.00748536	0.0372488
0.0296047	0.0111504	0.0375434
0.0215186	0.0168297	0.0377779
0.0305266	0.0118387	0.0373075
0.0247385	0.0153927	0.0375409
0.0183812	0.0119661	0.0381446
0.0241263	0.00230914	0.0378633
0.0284589	0.0111961	0.0373452
0.0337316	0.00369881	0.0372763
0.0424162	0.00594352	0.0367997
0.0411529	0.0153371	0.0368502
0.0362564	0.00391289	0.0371863
0.0281102	0.0120345	0.0374612
0.0301541	0.0110095	0.0374029
0.0328353	0.0131508	0.0373041
0.0373465	0.0170805	0.0367952
0.0378462	0.0111732	0.0370391
0.00100699	0.0146717	0.0390958
0.0428679	0.00880999	0.0365523
0.0218279	0.014505	0.0377268
0.0349648	0.00989383	0.0370193
0.0307715	0.0165026	0.0374147
0.0175051	0.0132919	0.0381706
0.0285519	0.0133123	0.0374812
0.0201365	0.00966227	0.0378782
0.0276691	0.0083226	0.0375968
0.0335698	0.0167537	0.0371698
0.0302811	0.0109915	0.037463
0.0441778	0.0049444	0.0364598
0.0277289	0.00820454	0.0374896
0.0352461	0.0119445	0.037179
0.0241853	0.00865208	0.0377503
0.0315543	0.0157691	0.0371009
0.0350658	0.0136003	0.0369716
0.0357695	0.0108373	0.0371393
0.0112258	0.0133402	0.0387222
0.026927	0.00854996	0.0376829
0.0126357	0.0121715	0.0384526
0.0141603	0.00946314	0.0383974
0.0383212	0.0136264	0.0370561
0.0321664	0.00837677	0.0371414
0.027559	0.0103575	0.0375329
0.0383511	0.00813537	0.0368803
0.014361	0.00911197	0.0384034
6.212e-06	0.00447217	0.0392881
0.0261299	0.00581672	0.0375707
0.0414301	0.00286271	0.0368354
0.0275131	0.00962864	0.0376888
0.0213719	0.0118508	0.03805
0.0234097	0.0112004	0.0377893
0.034648	0.0157187	0.0373649
0.0319315	0.000702796	0.0373902
0.0360161	0.0117339	0.0369472
0.0400567	0.0161155	0.0368368
0.021355	0.00843233	0.0379446
0.0337329	0.00755734	0.0371561
0.0241955	0.00973394	0.0378105
0.0378067	0.0111605	0.0370256
0.0321916	0.0157186	0.0373403
0.036234	0.0117109	0.0370852
0.0339801	0.0031399	0.0370631
0.0182536	0.00822637	0.0379554
0.0338479	0.00544873	0.0371684
0.0159433	0.00714331	0.0382888
0.0198907	0.00938536	0.0380657
0.0376976	0.0105392	0.0369686
0.0267331	0.0172943	0.0374677
0.032744	0.00683816	0.0371837
0.0146362	0.012835	0.038145
0.0293761	0.0149016	0.0375259
0.0232513	0.00819297	0.0378389
0.0274974	0.0138751	0.0376136
0.0289692	0.00912142	0.0376003
0.0299902	0.0115896	0.0374006
0.02798	0.0117651	0.0375267
0.0156306	0.00589207	0.0383505
0.00711451	0.0175412	0.0389287
0.0316241	0.0084192	0.037361
0.0194824	0.00377756	0.038192
0.0390806	0.00540091	0.036801
0.0285137	0.0103023	0.0375851
0.0448929	0.0103784	0.0366174
0.0379009	0.0174616	0.0370233
0.0259623	0.00716366	0.0376688
0.0216995	0.0156469	0.0379396
0.0403507	0.0165421	0.0369404
0.038675	0.00623074	0.0367689
0.0463127	0.0155077	0.0364463
0.0268575	0.0140287	0.0376533
0.0375358	0.0153118	0.0370528
0.035856	0.0149251	0.0370508
0.0432011	0.0101675	0.0365282
0.0318701	0.00732047	0.0374341
0.0222076	4.25774e-05	0.0379439
0.0277618	0.00561209	0.0375563
0.0403411	0.0104397	0.0367771
0.0443385	0.00841708	0.0365329
0.0324422	0.0131321	0.037428
0.0366848	0.0110923	0.0370241
0.0359344	0.00644606	0.0370347
0.0233228	0.0128835	0.0378989
0.0195144	0.0124526	0.03809
0.0397539	0.00857407	0.0367835
0.0306362	0.0111857	0.037516
0.031442	0.0112637	0.0372527
0.0491116	0.012314	0.0363396
0.0406446	0.00911366	0.0368086
0.0369134	0.00428578	0.0368193
0.0529181	0.0135664	0.0361564
0.0376088	0.00355235	0.037104
0.0277268	0.00796371	0.0376083
0.00676677	0.0125625	0.0388495
0.0344389	0.0150099	0.0370151
0.0271896	0.0151654	0.0378327
0.0406195	0.0100892	0.0366763
0.0364139	0.00851628	0.0369604
0.0349114	0.0132259	0.0371137
0.0348913	0.0126441	0.0372746
0.014142	0.00593823	0.0383906
0.0403855	0.0112163	0.0368602
0.0343497	0.0129381	0.0372229
0.0073977	0.00809577	0.0388268
0.029176	0.0115653	0.0373734
0.0362501	0.000126891	0.0371323
0.032254	0.00809343	0.0372279
0.0329961	0.00409924	0.037131
0.0333102	0.00905694	0.0372173
0.0270848	0.00120794	0.0377899
0.0384297	0.00616468	0.0368739
0.032668	0.00690685	0.0371539
0.0254755	0.014839	0.0377266
0.0307323	0.00602805	0.0372513
0.0357588	0.0161554	0.0372602
0.0176464	0.00855575	0.0383385
0.0372359	0.0104523	0.0368899
0.0385405	0.0038109	0.0367418
0.0311847	0.00279564	0.0374649
0.0313556	0.0132703	0.0372683
0.0289736	0.0105731	0.0375697
0.0216501	0.0142736	0.0377435
0.0254461	0.0143631	0.0376959
0.0296635	0.0111588	0.0373803
0.0357922	0.000800469	0.0371671
0.0308231	0.00465425	0.0375228
0.0348008	0.0117015	0.0372037
0.0241479	0.00401116	0.0378243
0.0336644	0.00497124	0.0370254
0.0234636	0.0146231	0.0378142
0.0400362	0.0030945	0.0367188
0.0406139	0.0137134	0.0369216
0.0204958	0.00845434	0.0380343
0.026933	0.0147299	0.0377757
0.0176748	0.0117537	0.0381371
0.0366047	0.0101762	0.0369844
0.031539	0.0132319	0.0374616
0.0268195	0.016148	0.0373839
0.0210782	0.0109923	0.0379477
0.0289996	0.0132332	0.037366
0.0335839	0.00225258	0.0372992
0.0284351	0.00713922	0.037572
0.0444467	0.000678826	0.0366073
0.0186491	0.00606687	0.0381067
0.0454738	0.0108065	0.0365394
0.0258006	0.00756587	0.0376336
0.0274051	0.00152934	0.0377678
0.0390279	0.00776316	0.0369751
0.0281431	0.00872678	0.0373749
0.00812154	0.00845209	0.0390028
0.0210858	0.0154689	0.038196
0.032476	0.0092055	0.037379
0.0340443	0.00228281	0.0372079
0.0195608	0.00419407	0.0378648
0.0408781	0.0045934	0.0365816
0.0261432	0.0109372	0.037701
0.0344603	0.00662827	0.0370945
0.0187396	0.00248729	0.0383086
0.0295982	0.00106365	0.0373378
0.0286743	0.0123954	0.0376188
0.0399227	0.0164973	0.0368255
0.0359966	0.0128431	0.0369491
0.019873	0.0128026	0.0382809
0.0296943	0.0107609	0.0375374
0.0192492	0.0134749	0.0382309
0.0366306	0.0079703	0.0369586
0.0113655	0.0168608	0.0386639
0.0273135	0.0114866	0.0375419
0.0350693	0.00336743	0.0369974
0.0427111	0.00911382	0.036748
0.0317128	0.0013252	0.0373167
0.0371431	0.00817742	0.0369497
0.0182517	0.00938192	0.0380521
0.0341531	0.0108419	0.0372552
0.0283075	0.0165624	0.0377869
0.0232533	0.0123472	0.037686
0.0102856	0.0126253	0.0385505
0.036096	0.00774572	0.0370357
0.0454645	0.00903754	0.0363326
0.00975922	0.00452347	0.0384818
0.0290108	0.0105959	0.0373706
0.0322192	0.00536021	0.0372667
0.0326518	0.0130072	0.0373151
0.0194721	0.00496205	0.0380396
0.0344249	0.0110258	0.0371447
0.0238177	0.0113128	0.0377711
0.0323373	0.00455899	0.0370928
0.0248749	0.0087666	0.0377691
0.0278956	0.00621207	0.0375688
0.022617	0.0121378	0.037975
0.0308369	0.00393696	0.0373985
0.012916	0.0137823	0.0388021
0.0193582	0.0133734	0.0379283
0.0372787	0.0129723	0.0368652
0.0199467	0.00279226	0.0380472
0.0437855	0.0128396	0.0367123
0.0347962	0.000997812	0.0372233
0.0189302	0.00827686	0.0381414
0.0210503	0.0167483	0.0380243
0.0207872	0.0102353	0.0379458
0.0176885	0.0138289	0.0379962
0.0137569	0.00871162	0.0383526
0.0361178	0.000277979	0.037144
0.0271185	0.014116	0.0378029
0.0262226	0.0120235	0.0376226
0.0398688	0.0167689	0.037024
0.0286675	0.00767286	0.0375099
0.0255263	0.00875965	0.0376247
0.018039	0.00176415	0.0382376
0.0310719	0.0136397	0.037411
0.0396139	0.0106798	0.0367166
0.0247135	0.00353964	0.0378523
0.0303397	0.0167241	0.0376665
0.0304619	0.0115408	0.0372252
0.0197138	0.00859066	0.0378656
0.0265444	0.00740668	0.0377694
0.013979	0.00834634	0.0382871
0.0363499	0.0169568	0.0371324
0.0399456	0.0125301	0.0369395
0.00161387	0.0111405	0.0391091
0.0185114	0.0147197	0.038117
0.0343343	0.015252	0.0369809
0.0267566	0.0106168	0.0375749
0.012339	0.00962414	0.0385491
0.0228716	0.0171957	0.0381945
0.0175239	0.00527461	0.038294
0.0396213	0.00957659	0.036901
0.0415985	0.0161545	0.0364913
0.0351942	0.0107514	0.0369984
0.0346562	0.0126856	0.0370161
0.0302178	0.00736509	0.0375308
0.0280176	0.00819181	0.0374873
0.0273397	0.0163788	0.0374278
0.0323283	0.000731275	0.0372194
0.00299488	0.00799482	0.0391052
0.0334247	0.0131361	0.037279
0.0409772	0.00959692	0.0367399
0.0282975	0.00843161	0.0374875
0.0454429	0.0150835	0.0365057
0.018342	0.0166738	0.037977
0.0247047	0.0122727	0.0378584
0.0221861	0.0136143	0.0377676
0.0329538	0.00263297	0.037253
0.0236829	0.0151193	0.0376946
0.0352179	0.0130838	0.0371151
0.0324273	0.00679126	0.0373326
0.0301936	0.0149979	0.0373679
0.013418	0.0132738	0.0385879
0.0254311	0.00882159	0.0376446
0.0248468	0.0132933	0.0379551
0.0256863	0.00964952	0.0377447
0.0244985	0.0106497	0.0378385
0.0337722	0.0124356	0.0371051
0.0320224	0.015926	0.0373466
0.0184064	0.00833755	0.038097
0.0397268	0.014461	0.0370048
0.0505301	0.0103144	0.0362954
0.0276592	0.00950182	0.0375948
0.026341	0.00860594	0.0375826
0.0402565	0.00201526	0.0368648
0.0307144	0.0157911	0.0376109
0.0127376	0.000928234	0.0382629
0.00519248	0.012197	0.0388468
0.0359198	0.0113107	0.0371939
0.0317166	0.00497313	0.0373552
0.0499966	0.00885153	0.0364266
0.0273331	0.0103156	0.0375369
0.0311549	0.0148944	0.0374242
0.0392994	0.00336865	0.0366602
0.0392347	0.0124551	0.0369527
0.0333178	0.0147762	0.0373015
0.0199617	0.000608849	0.0379148
0.0145986	0.00799454	0.0383875
0.0384841	0.0110205	0.0368448
0.0178937	0.0110062	0.0382875
0.0232895	0.00731593	0.0379782
0.0333225	0.00403793	0.0371364
0.0263626	0.0129133	0.0376086
0.0347361	0.0122197	0.0370816
0.00283602	0.00913937	0.0389922
0.0313621	0.0100204	0.037402
0.0323574	0.0148381	0.03717
0.0369775	0.014339	0.0370494
0.0248499	0.00969834	0.0377608
0.0184256	0.00535191	0.038114
0.0271102	0.00552684	0.0374523
0.0259765	0.013153	0.0377567
0.0505572	0.00810056	0.036171
0.0112927	0.0120901	0.0384926
0.0356427	0.0105294	0.0369289
0.0267664	0.0114272	0.0375696
0.0288539	0.00838477	0.0374236
0.041028	0.0062312	0.0367251
0.0208033	0.00950926	0.0378996
0.04117	0.0123348	0.03663
0.0305328	0.0127267	0.0374236
0.0271473	0.00508604	0.0376057
0.0373297	0.0115403	0.036863
0.0450287	0.0146765	0.0366321
0.0373547	0.0036864	0.0370751
0.0370819	0.0120278	0.0369417
0.0187951	0.000287634	0.0382313
0.0430963	0.00507633	0.0364434
0.0220378	0.00124649	0.0380209
0.0377964	0.00940185	0.0369649
0.0296107	0.0152704	0.0374178
0.037261	0.0115619	0.0368817
0.0381505	0.0158315	0.0367268
0.0264127	0.00854481	0.0377079
0.0262894	0.016436	0.0377118
0.0211352	0.00528904	0.037866
0.0370479	0.00503439	0.0369184
0.0108201	0.015637	0.0385505
0.0389106	0.00136758	0.0369627
0.0402676	0.00605448	0.0368537
0.024893	0.0148788	0.0377634
0.0278314	0.0162547	0.0374015
0.0419925	0.00520198	0.0367977
0.0194665	0.00110669	0.0379077
0.0413125	0.0103115	0.0368071
0.0331731	0.00568807	0.0372137
0.032058	0.0101618	0.0373402
0.0226507	0.0135391	0.0378525
0.0370537	0.0131103	0.0368338
0.0373266	0.000979785	0.0370142
0.0306631	0.0121608	0.0374766
0.0316087	0.012366	0.0374061
0.000965318	0.016972	0.0393104
0.0269652	0.0132477	0.037622
0.0372675	0.00526262	0.0370324
0.0405339	0.000834291	0.0364419
0.0242136	0.0139503	0.0377711
0.0330652	0.0152049	0.0372479
0.0111063	0.0134432	0.0385251
0.0177895	0.00801641	0.0381384
0.0241966	0.0134205	0.0377608
0.0247622	0.0116	0.0378474
0.0350311	0.0150779	0.0369446
0.00298893	0.012163	0.0391608
0.0209093	0.0139696	0.0381185
0.0342446	0.0113416	0.0370988
0.0250875	0.00475577	0.037596
0.0404529	0.0128236	0.0368403
0.0275099	0.00376532	0.0375012
0.0344455	0.0162036	0.0371182
0.0407366	0.00868922	0.0366997
0.0270758	0.0079075	0.0374985
0.0242983	0.00991304	0.0375931
0.0382256	0.00884803	0.0368874
0.0350195	0.00698397	0.037144
0.0444276	0.0033906	0.0364838
0.0421347	0.00396298	0.0367459
0.0363126	0.00926466	0.0370544
0.0350032	0.0140637	0.0370356
0.0262618	0.0112399	0.0376732
0.0330427	0.00844417	0.037089
0.0202136	0.00091178	0.0381507
0.0210356	0.0140191	0.0379978
0.0264796	0.01185	0.037728
0.0364756	0.0143152	0.0372007
0.0353631	0.0117978	0.0370992
0.00927016	0.00992492	0.0385784
0.0333573	0.00159462	0.0372866
0.0351118	0.0119424	0.0371823
0.0376868	0.00764442	0.0368736
0.0357747	0.0133795	0.0371731
0.0208555	0.0177047	0.0380077
0.0429403	0.0078376	0.0366658
0.0357305	0.00688448	0.0369529
0.0333363	0.0118458	0.037309
0.0321837	0.00921441	0.0372469
0.0215415	0.0130352	0.0381756
0.0237647	0.00286554	0.0378301
0.0237996	0.00865295	0.0377481
0.0264059	0.0137409	0.0376334
0.0377709	0.0117213	0.0370196
0.0276991	0.0161454	0.0376192
0.050593	0.0060294	0.0359394
0.0451612	0.00923869	0.036497
0.0280381	0.0112524	0.0374815
0.0460189	0.0148406	0.0363126
0.0435039	0.0115345	0.0366576
0.0288917	0.0133401	0.0373719
0.0292401	0.0149276	0.0376342
0.0379175	0.0089917	0.0370242
0.0516253	0.0136939	0.0360698
0.0169736	0.00263109	0.038285
0.0202797	0.00847717	0.0381591
0.0524554	0.0121449	0.0361288
0.0320648	0.00630923	0.0373711
0.0421751	0.0146489	0.0368135
0.021247	0.010703	0.0379256
0.0281228	0.0127328	0.037418
0.0195391	0.0108377	0.0380014
0.0286222	0.00712332	0.0375239
0.038065	0.0136814	0.0369847
0.0193527	0.00430656	0.0380265
0.0308659	0.00376645	0.0372474
0.0280176	0.0160948	0.0376713
0.0389277	0.00949586	0.0369682
0.0465102	0.00835481	0.0364801
0.021187	0.00493311	0.0379204
0.0161531	0.00289688	0.038158
0.0389177	0.0143903	0.0369142
0.0315243	0.00538495	0.0372324
0.0265409	0.00964112	0.0376393
0.0319227	0.00716326	0.0371608
0.0388908	0.0127486	0.0367284
0.0406639	0.0131557	0.0366135
0.0349146	0.0123763	0.0371956
0.0473096	0.0072582	0.0363169
0.0290478	0.0151547	0.0375236
0.0184822	0.0103238	0.0380685
0.0281502	0.0166599	0.0377969
0.0318278	0.00875981	0.0373476
0.0238958	0.00895714	0.0376819
0.00810741	0.00950501	0.0386211
0.0225612	0.0111039	0.0379917
0.0330133	0.0143491	0.0371186
0.0115437	0.00896436	0.0384823
0.0380131	0.010188	0.0370177
0.030814	0.00849636	0.0373961
0.0357821	0.0163203	0.0370857
0.0311989	0.00853192	0.0372607
0.0217905	0.00488859	0.038094
0.0173323	6.52733e-05	0.0381205
0.0445874	0.00471393	0.036676
0.0337635	0.0152318	0.0372298
0.0255093	0.00854096	0.0377362
0.00863918	0.0082881	0.0386281
0.0297378	0.00808855	0.0374527
0.0315056	0.0153936	0.0374019
0.0254885	0.00185678	0.0377398
0.0432194	0.00650527	0.0364883
0.0338031	0.014731	0.0371593
0.0205534	0.00764485	0.0379776
0.038391	0.00198584	0.0367989
0.0422636	0.0127246	0.0367645
0.0322541	0.00247934	0.037296
0.0244083	0.00901442	0.0377499
0.0292201	0.0152678	0.0375465
0.0191756	0.00460346	0.0381127
0.0351171	0.0105999	0.0371448
0.0390012	0.0129639	0.036932
0.0353951	0.00208774	0.0369713
0.0299328	0.00934567	0.0372668
0.0265925	0.0137494	0.0376659
0.0286052	0.0169209	0.0373611
0.00872757	0.0114993	0.0387329
0.0368226	0.00880962	0.0369291
0.0337242	0.0121083	0.037048
0.0359116	0.0148795	0.0370561
0.0177665	0.00726253	0.0381306
0.0490892	0.00314735	0.0362127
0.0093337	0.00840048	0.0384746
0.0302591	0.0156475	0.0373687
0.0203222	0.00971904	0.0379977
0.0403137	0.0114787	0.0366515
0.0246937	0.00408012	0.0376
0.0400046	0.00202097	0.0368783
0.0394071	0.012665	0.0369529
0.0226271	0.00103601	0.037927
0.0296129	0.0133646	0.0372729
0.0249124	0.00855223	0.0377411
0.0287319	0.0100996	0.0374388
0.00670468	0.00226514	0.0388417
0.0287489	0.0131851	0.037629
0.0278319	0.0108705	0.0376083
0.0301866	0.00837469	0.0375477
0.0216141	0.00732411	0.0379285
0.027586	0.0121601	0.0376673
0.0298456	0.0108786	0.0374197
0.0391902	0.0090192	0.0369711
0.0264267	0.0117385	0.0377896
0.0437561	0.0125037	0.0364216
0.0491262	0.0140793	0.0363836
0.0235444	0.0151493	0.0378355
0.0401619	0.0104953	0.0367288
0.0226982	0.0141037	0.0379456
0.0332966	0.00781243	0.0370797
0.0374085	0.012423	0.036885
0.0282939	0.011867	0.0373872
0.0314717	0.0141341	0.0373113
0.0484683	0.0113523	0.036149
0.0165833	0.0154764	0.0382323
0.0303868	0.00414263	0.0373506
0.0289159	0.0105781	0.0374473
0.0334415	0.0146447	0.0372699
0.0293233	0.00734525	0.0374719
0.0177549	0.0126368	0.0381124
0.0461612	0.0108818	0.0364754
0.044793	0.00898341	0.0365718
0.02781	0.00578155	0.037605
0.0305987	0.000146715	0.0374587
0.0134989	0.0106869	0.0384403
0.0225587	0.0103798	0.0379101
0.0420668	0.0131686	0.0366985
0.0301112	4.25239e-05	0.0370607
0.020462	0.0134821	0.0379366
0.0377711	0.0156698	0.0369481
0.0278519	0.00212069	0.0374389
0.0329712	0.00833895	0.0372842
0.0411987	0.00236624	0.0368244
0.00388254	0.0110706	0.0390969
0.0200701	0.00776909	0.0380578
0.0243271	0.00887553	0.0378987
0.0248431	0.00478456	0.0377539
0.0241069	0.00683922	0.0377539
0.028708	0.0137993	0.0374818
0.0270863	0.00579421	0.0374968
0.0396131	0.00893076	0.0367638
0.0339144	0.00891981	0.0371589
0.0356488	0.00975495	0.0370874
0.0317993	0.012464	0.0371852
0.0299229	0.00710971	0.0374901
0.0255343	0.00987684	0.0376395
0.0294947	0.0102731	0.0373682
0.0276391	0.00688898	0.037578
0.0257558	0.00601813	0.037527
0.0224731	0.0091566	0.0380213
0.0442072	0.0107926	0.0365893
0.0296266	0.0150767	0.0373131
0.0317631	0.016823	0.0370654
0.0408583	0.00924209	0.0367932
0.0282077	0.0129371	0.0374903
0.0419145	0.011268	0.0366873
0.0449622	0.00635632	0.0364723
0.0282136	0.0107886	0.0376135
0.0462487	0.0135972	0.036295
0.0232464	0.0117067	0.0379901
0.0296384	0.0136197	0.0374154
0.0346883	0.0102639	0.0369859
0.0309865	0.0121598	0.0373435
0.0166428	0.0133582	0.0383924
0.0197252	0.0130158	0.0378429
0.0269434	0.00500163	0.0375002
0.0418719	0.0102431	0.0367267
0.0373057	0.0120059	0.0368291
0.028346	0.00991192	0.037677
0.0302297	0.00689781	0.037543
0.0304692	0.0124025	0.0374417
0.0134908	0.00689416	0.0385275
0.0445729	0.00767752	0.0365629
0.0324958	0.00553901	0.0374081
0.0370314	0.0142853	0.0369725
0.0208112	0.0142856	0.0381659
0.0161356	0.0107968	0.0383468
0.0344436	0.010831	0.0370692
0.0193779	0.012978	0.0382494
0.0328349	0.00912526	0.0372116
0.0307778	0.0135622	0.0372507
0.0211108	0.0151492	0.0378626
0.0221937	0.00291568	0.0377425
0.0116474	0.00766419	0.0385502
0.0257107	0.00252667	0.0375786
0.0314356	0.0102149	0.037278
0.0443845	0.0100225	0.0365954
0.0137648	0.00689014	0.0382209
0.0217461	0.00413498	0.037986
0.0240104	0.0117731	0.0377673
0.0319516	0.00839862	0.0373119
0.0177311	0.0168158	0.0383676
0.0405383	0.00962762	0.0366468
0.0210006	0.0109816	0.0379525
0.0317289	0.0152744	0.0372798
0.0329446	0.0150585	0.0372714
0.0317161	0.00331256	0.0372386
0.0304891	0.00702477	0.037441
0.0378221	0.00813002	0.0369379
0.0251591	0.00822672	0.0378494
0.0142283	0.0133654	0.0383473
0.0316283	0.0146789	0.0374031
0.0379423	0.0159974	0.0369143
0.0294571	0.010095	0.0374104
0.0459655	0.00584792	0.0364313
0.0432286	0.0119322	0.0366377
0.0375718	0.00245033	0.0369855
0.0453224	0.0109005	0.0363495
0.00486088	0.00299656	0.0389109
0.0248632	0.00774313	0.0376273
0.0240472	0.0143381	0.0376229
0.0258797	0.00635368	0.0376681
0.0303425	0.00863276	0.0374081
0.0318333	0.0105952	0.0373721
0.0314293	0.0110618	0.0372631
0.0340465	0.0058964	0.0371924
0.0329751	0.00521257	0.0372442
0.0310909	0.0136065	0.0374965
0.0218744	0.00838162	0.0378312
0.0176511	0.000756105	0.0382584
0.0406781	0.0140123	0.036851
0.0375003	0.0136789	0.0370255
0.0147782	0.0153718	0.0383326
0.0305209	0.00843224	0.0375092
0.017739	0.00896497	0.0380147
0.0231479	0.0077338	0.0377514
0.019621	0.0151832	0.0378407
0.0251866	0.00949097	0.0378289
0.0289922	0.0133401	0.0374465
0.0370806	0.00603431	0.03711
0.00604397	0.0156265	0.0386293
0.0386379	0.00784971	0.0367685
0.035608	0.00625941	0.0370388
0.0141968	0.0096021	0.0386002
0.034056	0.00797278	0.0370342
0.0263374	0.00646298	0.0377825
0.0327206	0.000452721	0.0372528
0.0254196	0.0112269	0.0378076
0.0275056	0.0129036	0.0376183
0.0294591	0.0114401	0.0374665
0.0389691	0.0144462	0.0369573
0.0330068	0.0129887	0.0371518
0.036146	0.0147044	0.0368792
0.0229217	0.00275106	0.0378073
0.0381424	0.0149982	0.0367607
0.0212549	0.00623915	0.0378604
0.0369176	0.0139255	0.0369977
0.0351087	0.00805344	0.03708
0.0501014	0.00630282	0.035974
0.0342047	0.0157414	0.0373437
0.0420689	0.0151962	0.03681
0.0381641	0.00631623	0.0369739
0.026561	0.0104344	0.0375828
0.0320442	0.00788165	0.037312
0.0362946	0.0118461	0.0369221
0.0254292	0.00190373	0.0377644
0.0392994	0.0086972	0.036807
0.0186213	0.0114185	0.0381079
0.0322929	0.0150103	0.0373367
0.0254478	0.0119661	0.0376783
0.0324545	0.0118237	0.0373753
0.0191863	0.0136748	0.0383585
0.0410288	0.00183009	0.0368091
0.0173864	0.000455124	0.0379965
0.0259206	0.0108526	0.0376854
0.00664031	0.00879277	0.0386164
0.0269586	0.00860467	0.0376484
0.0314207	0.00250379	0.0374126
0.0172552	0.012453	0.0382585
0.0253585	0.0104507	0.0376875
0.0291853	0.0126023	0.0373801
0.00784354	0.0156467	0.0385625
0.0116469	0.01087	0.0384326
0.0539507	0.0118907	0.0360763
0.0336192	0.00266376	0.0370562
0.0398292	0.0144314	0.03671
0.0329216	0.0100738	0.0373135
0.0327228	0.0100633	0.0371542
0.0393496	7.07222e-05	0.0369599
0.02799	0.0143001	0.0375483
0.0334787	0.00642237	0.0372186
0.0450795	0.0137108	0.0366449
0.0373804	0.0133627	0.0369645
0.0368857	0.0129627	0.0368638
0.0166814	0.0135626	0.0380646
0.0349644	0.0142885	0.0370341
0.0321999	0.00159438	0.0372897
0.0276142	0.0124766	0.0377303
0.0387132	0.0126519	0.0370767
0.0489305	0.0103011	0.0362786
0.017787	0.00530579	0.0380103
0.0332214	0.011532	0.0371598
0.0236696	0.0151098	0.0378393
0.0235438	0.00836153	0.0377621
0.0325003	0.0154423	0.0374602
0.0303874	0.010877	0.0374562
0.0377822	0.00359358	0.0370915
0.0290864	0.00238005	0.0374645
0.0158694	0.00695393	0.0382583
0.00882624	0.0155649	0.0385426
0.00299279	0.0131233	0.0389793
0.0421366	0.0107321	0.0365634
0.0247921	0.0112877	0.0378299
0.0204525	0.0122678	0.0381769
0.0284999	0.00924128	0.0374911
0.0301148	0.0102142	0.0374421
0.0402363	0.0118696	0.0368234
0.0303961	0.0102044	0.0373458
0.0129457	0.0128124	0.0384523
0.0344724	0.00893547	0.0371997
0.0350274	0.00652936	0.0371145
0.0298022	0.0102538	0.0373672
0.0311382	0.0139948	0.0372335
0.0348725	0.00962875	0.0369768
0.0306558	0.010107	0.0374694
0.0340201	0.0131119	0.0370598
0.0410868	0.0123985	0.03677
0.0424126	0.0122423	0.0368725
0.0307306	0.0112719	0.0374338
0.0349647	0.00872448	0.0371004
0.0252003	0.0153801	0.037501
0.0332077	0.0164583	0.0370969
0.0297183	0.0133479	0.037584
0.0305472	0.0107109	0.0374332
0.0131374	0.00709397	0.0383301
0.041346	0.0154488	0.0367216
0.0184517	0.00947853	0.0379717
0.0236637	0.00907878	0.037633
0.039978	0.00674094	0.0369096
0.0405152	0.00728114	0.0368503
0.0235408	0.0135511	0.0378292
0.0403293	0.0125298	0.0368008
0.0263026	0.0135187	0.0376406
0.034178	0.0164673	0.0371236
0.0388787	0.00210317	0.0367993
0.0341994	0.00791661	0.0371148
0.0278897	0.0118149	0.0376521
0.0263672	0.00865549	0.0374795
0.0336864	0.00657506	0.0372022
0.0297977	0.0105506	0.0375283
0.0360706	0.0115828	0.0370629
0.0285779	0.0128439	0.0374844
0.0328028	0.00635179	0.0372019
0.00405413	0.00786816	0.0390385
0.0331932	0.0205174	0.037074
0.0302204	0.0124219	0.0372355
0.0338507	0.0139035	0.037346
0.0105643	0.00520203	0.0386531
0.0452701	0.00634585	0.0364628
0.00328596	0.0169481	0.0391611
0.0306554	0.0126046	0.0372102
0.0449186	0.00672627	0.0364428
0.0148418	0.00866333	0.0383818
0.00614347	0.011201	0.0387209
0.0444306	0.0169524	0.0363828
0.0204747	0.0127036	0.0380181
0.0200633	0.00727717	0.0379931
0.0300722	0.0149797	0.0373163
0.0388378	0.00562017	0.0367283
0.0186239	0.00660147	0.0381216
0.0331936	0.00303165	0.0371203
0.042322	0.0118245	0.0367227
0.02921	0.0048166	0.0374703
0.022655	0.00684569	0.0378435
0.0294259	0.00998992	0.0373919
0.0368674	0.00634226	0.0370917
0.0273583	0.0050347	0.0374152
0.0285735	0.00705546	0.0375127
0.0425147	0.00798032	0.0367622
0.0494943	0.0130979	0.0361079
0.0443906	0.0169428	0.0363773
0.0310871	0.00728011	0.0374828
0.0358623	0.00498581	0.0368882
0.0341808	0.0116285	0.0372075
0.0295988	0.00917129	0.0375016
0.0268601	0.0104021	0.0376712
0.0403683	0.0134176	0.0367608
0.0144097	0.00790517	0.038256
0.029836	0.0119447	0.0373499
0.0324127	0.0151797	0.0371419
0.0247965	0.0151662	0.0375758
0.0317663	0.0149274	0.0373837
0.0431104	0.00886892	0.036676
0.0182585	0.00601644	0.0382952
0.0405098	0.00541167	0.0368367
0.00608802	0.0170963	0.0388593
0.0196398	0.0111177	0.0379361
0.0384036	0.0135997	0.0367515
0.0421098	0.0102541	0.0365517
0.0119698	0.00975114	0.0387706
0.0249318	0.0022691	0.0376942
0.0327668	0.0169802	0.0372233
0.0504484	0.00990377	0.0362011
0.0357827	0.0115278	0.0372064
0.028341	0.00288044	0.0374847
0.0332497	0.00563155	0.0373337
0.0409498	0.0159754	0.0365371
0.0281442	0.00166008	0.0376185
0.0293036	0.0162577	0.037229
0.0173746	0.00927011	0.0380609
0.0308488	0.00648553	0.0373134
0.0382631	0.0100889	0.0369147
0.0326864	0.0124449	0.037151
0.0363337	0.0157466	0.0370779
0.023679	0.0161801	0.0376261
0.0251216	0.00694909	0.0376354
0.0169648	0.0121446	0.0381632
0.0285847	0.00845631	0.0376307
0.0278905	0.0161845	0.0373176
0.0357383	0.0116484	0.0372127
0.0313177	0.0129094	0.037466
0.026628	0.00633734	0.0377544
0.0183432	0.0116063	0.0380861
0.0210628	0.0151405	0.0379935
0.0195718	0.0145853	0.038215
0.0337799	0.0115563	0.0371141
0.039382	0.00915018	0.0368456
0.0386989	0.00224127	0.0368851
0.0393363	0.00990082	0.0367368
0.0273274	0.0150502	0.0376331
0.0117546	0.011883	0.0383924
0.0247028	0.00972583	0.0378891
0.0106264	0.0029026	0.0384573
0.0416137	0.0117921	0.0366109
0.0377231	0.0105339	0.0370976
0.0265789	0.0131806	0.0377175
0.0357986	0.0103166	0.0371593
0.0363961	0.01324	0.0369562
0.0449707	0.0153695	0.0365847
0.0263375	0.0112593	0.0375301
0.0326002	0.00485043	0.0374092
0.000670799	0.0161126	0.0391555
0.039088	0.00662662	0.0369832
0.0398624	0.00997714	0.0368105
0.0481563	0.0132686	0.0363313
0.0280819	0.00931607	0.0374698
0.0356181	0.0130526	0.037202
0.0360554	0.0122492	0.0371105
0.0265292	0.00818432	0.0376463
0.0253301	0.00807529	0.037704
0.0208415	0.0010116	0.038094
0.0361003	0.0147265	0.0370381
0.0228737	0.0109575	0.0378967
0.0390979	0.00817063	0.0369041
0.0325601	0.00408921	0.0372731
0.0307876	0.00668895	0.0374309
0.026935	0.0124748	0.0374853
0.0242078	0.0143646	0.0377189
0.0196901	0.00287155	0.0380878
0.0371735	0.00652387	0.036982
0.0386314	0.0143772	0.0369914
0.0335105	0.00542038	0.0372629
0.0366621	0.00409989	0.0369
0.0195059	0.0102365	0.0380407
0.0393824	0.0038307	0.0368799
0.025465	0.00987491	0.0376542
0.0152876	0.011082	0.0381135
0.0466116	0.0157514	0.0365516
0.00155711	0.015708	0.03889
0.0156305	0.0162881	0.0383166
0.00428934	0.0110063	0.0393501
0.0310963	0.0125366	0.0374735
0.0276952	0.0126201	0.0376532
0.0218111	0.0161562	0.0381097
0.0296644	0.00943001	0.0373902
0.0276464	0.0107023	0.0377239
0.0389053	0.000273283	0.0367902
0.0421923	0.0106121	0.0367658
0.0362453	0.0073867	0.0369081
0.0357253	0.0124984	0.0371259
0.0286434	0.00778436	0.0375246
0.0428706	0.0116861	0.036633
0.0351628	0.00843975	0.0371829
0.0410828	0.00695539	0.0366657
0.0340935	0.0140426	0.0372349
0.0279859	0.016213	0.0373924
0.0257524	0.0140083	0.0378488
0.0362552	0.0146119	0.0368732
0.0230444	0.00395678	0.0378818
0.0244789	0.00307894	0.0377239
0.0456948	0.0035779	0.036592
0.0244493	0.00976106	0.0377342
0.0393495	0.0169752	0.0367039
0.0282658	0.0144084	0.037333
0.0341842	0.0117292	0.0372362
0.0345963	0.0122261	0.037188
0.044063	0.0148963	0.0366282
0.0295413	0.0136415	0.0374099
0.0374006	0.00745123	0.0369233
0.0215949	0.000345198	0.0381224
0.0395501	0.0109629	0.0368782
