0.0356212	0.0129267	0.0369766
0.0316261	0.00855011	0.037768
0.037988	0.00917381	0.0369215
0.0426815	0.0074722	0.0360589
0.0344066	0.00899959	0.0372845
0.0272723	0.0150337	0.0381932
0.0345654	0.00355266	0.0372829
0.0303832	0.0090624	0.0379035
0.0385651	0.0162681	0.0370667
0.016097	0.0154138	0.0396512
0.0236841	0.0142562	0.0387307
0.0363208	0.0152267	0.0372621
0.033475	0.0147315	0.0375807
0.0355237	0.0153536	0.037367
0.0381434	0.0150797	0.0371318
0.0296697	0.00173188	0.037872
0.0107435	0.00192357	0.0402422
0.028938	0.00884899	0.0379556
0.0320538	0.0106608	0.0376667
0.0341193	0.000938966	0.0371838
0.0134486	0.0133227	0.0399925
0.0264476	0.0120346	0.0383603
0.0348071	0.0108528	0.0373338
0.0353864	0.00863136	0.0372737
0.0206744	0.00910161	0.0391443
0.0486737	0.00629767	0.0355395
0.0204976	0.00300708	0.0389294
0.00858454	0.013464	0.0405922
0.0194893	0.0126759	0.039131
0.0270968	0.0117233	0.0381938
0.0449886	0.00530128	0.0357895
0.0418553	0.0098369	0.036483
0.0320006	0.00911181	0.037584
0.0416642	0.0087009	0.0366365
0.0421265	0.0140035	0.0365318
0.0351577	0.0152401	0.0373138
0.0262823	0.012039	0.0383195
0.0220228	0.0130921	0.0388623
0.0289005	0.00840167	0.0380868
0.0360956	0.0125266	0.0371992
0.0341453	0.00936842	0.0373732
0.0205462	0.00583835	0.0392059
0.0230178	0.00985407	0.0386037
0.0353102	0.00645767	0.0371492
0.0217279	0.00469936	0.0387454
0.0338218	0.00783778	0.0372967
0.0305026	0.0103118	0.0379138
0.0370892	0.0151551	0.0370191
0.0207758	0.012302	0.0390578
0.0274659	0.0047268	0.0383735
0.0350609	0.0109499	0.0372354
0.0269755	0.00761219	0.0382723
0.0284618	0.00905064	0.0379652
0.0423925	0.00694409	0.0364205
0.0402969	0.0102298	0.0368047
0.0434763	0.00500258	0.036115
0.0261263	0.00985466	0.0383524
0.0245734	0.0133656	0.0385392
0.0354606	0.00954768	0.0372042
0.0364581	0.0126541	0.0369773
0.0328644	0.00242786	0.0375267
0.025971	0.00824378	0.0382941
0.0422865	0.00930398	0.0363046
0.0227668	0.00844395	0.0389098
0.0249467	0.00860721	0.0386715
0.0268188	0.00860276	0.0383008
0.0244854	0.0145468	0.0386411
0.0417647	0.00640333	0.0362948
0.0410766	0.0014859	0.0363497
0.0319241	0.0140494	0.0377876
0.0254415	0.0155452	0.038412
0.0293632	0.014921	0.037961
0.0186834	0.0079761	0.0391924
0.0241058	0.00877153	0.0385589
0.0196281	0.00420813	0.0391776
0.0345732	0.00418288	0.0374064
0.0290928	0.00941399	0.0379766
0.0136492	0.00846598	0.0400244
0.0461469	0.00961384	0.0359768
0.0269224	0.010286	0.0381561
0.0325441	0.00287107	0.0375999
0.0357942	0.00854868	0.0372952
0.0270041	0.00385783	0.0381047
0.0398597	0.0122385	0.0368777
0.0334891	0.00384964	0.0372422
0.0231689	0.0143827	0.038837
0.0279436	0.00625683	0.0381609
0.0346621	0.00695184	0.0373578
0.0354169	0.0117259	0.0372746
0.0359234	0.0140821	0.0372312
0.0317973	0.012508	0.0377389
0.0240871	0.0043413	0.0386317
0.0301522	0.0122662	0.0376951
0.0240477	0.0102688	0.0387329
0.0273923	0.0169433	0.0384206
0.0387075	0.00773125	0.0368178
0.0205099	0.0130749	0.0392189
0.0142764	0.0161563	0.03961
0.0223253	0.0128824	0.038859
0.0351876	0.00248549	0.0371045
0.0141492	0.00678308	0.0396824
0.0364101	0.0114507	0.0372536
0.0406212	0.00609749	0.0365944
0.0164342	0.0109039	0.0396864
0.0266047	0.0143377	0.0383781
0.0335914	0.00339891	0.0371962
0.0255765	0.0103692	0.0384697
0.0234107	0.0166372	0.0388305
0.020389	0.0108291	0.0391064
0.0303689	0.0134258	0.0379641
0.040278	0.0071617	0.0365095
0.00796499	0.00910478	0.0404691
0.0271794	0.0168118	0.0383623
0.0174928	0.00877456	0.0395309
0.0263827	0.00701155	0.0382541
0.0244602	0.0144603	0.0384405
0.0294953	0.0117168	0.0379008
0.0213772	0.0149171	0.0390276
0.0279042	0.0152323	0.0381695
0.0317395	0.00646982	0.0376608
0.03344	0.0140309	0.0375227
0.0396886	0.0030562	0.0364456
0.0338678	0.0037226	0.0371909
0.0183315	0.00175022	0.0393218
0.0395924	0.0162267	0.0368997
0.0201882	0.0144106	0.039154
0.0214776	0.00346351	0.0391213
0.0258883	0.00906824	0.0385182
0.00712627	0.00933708	0.0408007
0.0288915	0.0104567	0.0380201
0.0176364	0.00507119	0.0392209
0.0365394	0.0100133	0.0371233
0.0471474	0.00816054	0.0356529
0.0213452	0.00972287	0.0389284
0.037667	0.00616226	0.0369045
0.0317204	0.00449422	0.0376352
0.0320812	0.0132374	0.0376261
0.0320533	0.0141967	0.0377098
0.0284636	0.0067211	0.0381346
0.0186067	0.0136104	0.03931
0.0327214	0.0091411	0.0374268
0.00375403	0.0142363	0.041174
0.0381264	0.0113287	0.0368286
0.0235038	0.00860412	0.0385933
0.0439099	0.00682518	0.0362116
0.0446798	0.0124687	0.0363372
0.0294202	0.00195342	0.0381513
0.0302887	0.0141166	0.0379027
0.0404331	0.00502076	0.0365826
0.0289927	0.00292255	0.0377637
0.0214846	0.00607107	0.0387682
0.0394134	0.0104251	0.0368123
0.036797	0.00915487	0.0371452
0.0399911	0.00410284	0.0365479
0.0318072	0.0125568	0.0377154
0.0367345	0.0132381	0.036982
0.039177	0.0103149	0.0369289
0.0245739	0.00715226	0.0384994
0.0411392	0.0139528	0.0365937
0.0415897	0.0133236	0.0365307
0.0174017	0.0135404	0.0396391
0.0295564	0.0159255	0.0378693
0.0149581	0.00796307	0.0398659
0.0304448	0.00972717	0.0379135
0.03202	0.010524	0.0377386
0.0309685	0.00940661	0.0378534
0.0379859	0.00221158	0.0367646
0.00318622	0.0110093	0.0410003
0.0265289	0.0127551	0.0383509
0.0175379	0.0115984	0.0393884
0.0297008	0.00721987	0.0379203
0.0306993	0.0169159	0.0378871
0.0442927	0.0124487	0.0362536
0.0267603	0.0116306	0.0383668
0.0313623	0.0129618	0.0378096
0.0258286	0.0153111	0.0384981
0.0173987	0.0120607	0.0394972
0.0314557	0.0109082	0.0377502
0.0351608	0.00641966	0.0372102
0.0287805	0.0125668	0.0380277
0.0196001	0.00574433	0.0391295
0.0275505	0.0146336	0.0381394
0.0404145	0.00568016	0.0363908
0.0195425	0.00880152	0.0390236
0.0306225	0.0133533	0.0378053
0.0314441	0.000251237	0.0374953
0.0355868	1.62937e-05	0.0372367
0.0211045	0.0102835	0.038964
0.0171822	0.0149494	0.0395202
0.0371286	0.0139639	0.037205
0.0260883	0.00961832	0.0382922
0.0252717	0.013895	0.0385423
0.0191769	0.0100255	0.0392593
0.0396127	0.0101813	0.0367677
0.0205682	0.0132394	0.0390403
0.0218233	0.0133302	0.0387897
0.0321051	0.0141748	0.0378529
0.0185592	0.0135734	0.0393842
0.0233762	0.00732053	0.0386053
0.0303541	0.0160967	0.0379928
0.0458576	0.00716831	0.0359578
0.029445	0.00986892	0.0380773
0.0217225	0.0133502	0.038867
0.0338074	0.0153906	0.0374574
0.01528	0.00968999	0.0395559
0.0273496	0.0150549	0.038268
0.0345997	0.00759314	0.0371479
0.0116183	0.009207	0.0401997
0.00575768	0.0123062	0.041255
0.0245074	0.00836302	0.0384892
0.0452916	0.0099435	0.036081
0.024569	0.0164729	0.0386544
0.0404536	0.00799191	0.0367018
0.0108999	0.0106201	0.0400002
0.0324058	0.0139132	0.0376178
0.026758	0.0106404	0.0382332
0.0337568	0.0150639	0.0374819
0.035282	0.0119591	0.037386
0.0382173	0.0099676	0.0366463
0.0346254	0.0167467	0.0376275
0.0240239	0.00667434	0.0386293
0.0292762	0.00196751	0.037988
0.0297571	0.0120287	0.0378971
0.0290759	0.00681447	0.0380386
0.0445883	0.0144384	0.0361461
0.0102308	0.0106395	0.0402838
0.0456647	0.00478688	0.0356961
0.0411417	0.0142892	0.0366948
0.0353368	0.00400551	0.0372417
0.0358453	0.0114878	0.0373079
0.0215663	0.00823748	0.0390016
0.0179404	0.00229836	0.0392024
0.0395558	0.00597846	0.0367285
0.0415738	0.0102513	0.0365884
0.0419577	0.0144045	0.0364684
0.0216803	0.017578	0.0389965
0.0325743	0.00417456	0.0376845
0.0384213	0.0168977	0.0369069
0.0186912	0.016898	0.0393923
0.0301083	8.08126e-05	0.038082
0.0497928	0.0102018	0.0355779
0.0400621	0.00573209	0.0366474
0.043658	0.0149065	0.0360069
0.0256966	0.00793845	0.0384313
0.032353	0.0105095	0.0376213
0.0157428	0.0132282	0.0397118
0.0266113	0.015135	0.0384183
0.0120621	0.0175274	0.0404369
0.0391018	0.00595917	0.036934
0.0184854	0.000572973	0.0392814
0.0351405	0.000491257	0.036941
0.0319178	0.0143422	0.0374598
0.0441905	0.0134596	0.0362757
0.04097	0.00845863	0.0365483
0.0408564	0.00732455	0.036292
0.0213087	0.0105898	0.0389381
0.0448405	0.0107588	0.0361399
0.046198	0.00851523	0.0361239
0.0101225	0.000504848	0.0404629
0.0375054	0.0117875	0.0369432
0.0144888	0.0108924	0.0397481
0.0439159	0.00663406	0.0363364
0.0248136	0.013889	0.0385771
0.0436923	0.0162001	0.0363295
0.0122128	0.00227736	0.0398066
0.0297521	0.00405602	0.0380429
0.018304	0.00466968	0.0391895
0.031351	0.0106065	0.0376655
0.0205027	0.0096984	0.0390081
0.024754	0.00505876	0.0383962
0.0401871	0.00673714	0.0364854
0.0193566	0.00499237	0.0390272
0.0354307	0.0108978	0.0373168
0.0319582	0.00735498	0.0375116
0.0336682	0.0130419	0.037537
0.0299026	0.00718729	0.0379461
0.0439284	0.000216495	0.0362944
0.0381627	0.0149411	0.0369767
0.0348099	0.000633933	0.0372376
0.0281791	0.00742789	0.038132
0.0348023	0.0142308	0.0372396
0.0159965	0.0111912	0.0397279
0.0455466	0.014644	0.0361593
0.0355028	0.013305	0.0372717
0.0296623	0.0148507	0.0380334
0.0304934	0.00675552	0.0378164
0.0290695	0.00302996	0.0381819
0.00644551	0.0146184	0.041207
0.0159473	0.014824	0.0398206
0.0401154	0.0114529	0.0365041
0.0287294	0.0110397	0.038116
0.0377363	0.0135633	0.0368213
0.0425541	0.00601565	0.0363408
0.0535946	0.011632	0.0350278
0.0373156	0.0125314	0.0371646
0.00681581	0.00681505	0.0409752
0.0409966	0.00500862	0.0364574
0.0167196	0.0184224	0.0395371
0.0304204	0.00199221	0.0376426
0.0255727	0.00126526	0.038337
0.0246928	0.0137258	0.0386355
0.0403891	0.00791348	0.0366238
0.0257151	0.0117067	0.0384644
0.029746	0.00790292	0.0378185
0.0331199	0.0143389	0.0375599
0.0501319	0.00656467	0.0356121
0.0373185	0.00888645	0.0370396
0.0398492	0.0137539	0.0367386
0.0372999	0.010798	0.0370175
0.0149312	0.0108276	0.0396929
0.0170337	0.0143415	0.0395575
0.0301604	0.00980749	0.0378307
0.039512	0.0110758	0.0368362
0.0400489	0.0152423	0.0363624
0.0419502	0.012875	0.0364936
0.0378901	0.00865864	0.0369448
0.0329414	0.00483888	0.0375794
0.0335368	0.000740105	0.0375965
0.0370636	0.0148416	0.0370618
0.0253168	0.0169742	0.0383003
0.0300004	0.0140353	0.0378932
0.039822	0.0139467	0.0365561
0.0189641	0.00287166	0.0390144
0.0513702	0.0124173	0.0352554
0.0168378	0.0071932	0.0393776
0.0100258	0.00751639	0.0401933
0.0242661	0.00665568	0.0386034
0.0443698	0.0132648	0.0361583
0.024316	0.00678218	0.0384767
0.0356958	0.0029032	0.0372035
0.0409103	0.0163694	0.0364491
0.0207897	0.0113503	0.0392044
0.030628	0.0115688	0.0379014
0.0332957	0.0169826	0.0376377
0.0253083	0.0105665	0.0385034
0.0244016	0.00711389	0.0386807
0.0207869	0.0164017	0.0390518
0.0285275	0.0155526	0.0381719
0.0319339	0.0157342	0.0376873
0.0370635	0.01025	0.0371664
0.0188873	0.00288998	0.0390333
0.0309836	0.00319604	0.0378906
0.0337606	0.00739084	0.037434
0.017376	0.00797669	0.0395647
0.0176878	0.00736992	0.03955
0.0211027	0.012063	0.0391528
0.0421016	0.0155304	0.0366622
0.0419386	0.00868312	0.0362806
0.0376039	0.00606337	0.0368057
0.0471484	0.0139458	0.0356977
0.0276319	0.00972344	0.0382296
0.00618612	0.00353627	0.0405702
0.0110812	0.00853887	0.0404443
0.0251414	0.0127102	0.0385135
0.0179952	0.00482188	0.0391729
0.0366854	0.0109987	0.0371848
0.0375909	0.0158019	0.0368511
0.0303884	0.0149072	0.0378659
0.0360176	0.0092127	0.0369403
0.0214496	0.0144642	0.0389486
0.0199126	0.00562147	0.0392222
0.0350639	0.011871	0.0372492
0.0227873	0.0116735	0.038684
0.0480681	0.00322953	0.0355577
0.0475694	0.00930204	0.0358211
0.0215275	0.0153695	0.0388366
0.0346118	0.0161582	0.0373627
0.0371132	0.0146987	0.0370815
0.0287668	0.0111508	0.0381221
0.0386744	0.00522068	0.036728
0.0184101	0.0072575	0.0391964
0.0404391	0.0113346	0.0367137
0.0214554	0.0167097	0.0392474
0.0411843	0.00460562	0.0366491
0.0261392	0.0123534	0.0384532
0.00228977	0.00732902	0.0414705
0.00971838	0.0111527	0.0405269
0.029324	0.0159237	0.0381185
0.0177928	0.0114931	0.039451
0.0324084	0.0157226	0.0377069
0.0136896	0.010083	0.0399342
0.0356205	0.0128436	0.0372182
0.0139051	0.0174243	0.0398609
0.037223	0.0129026	0.0371825
0.0311044	0.00981145	0.0377592
0.0163115	0.0145293	0.0398747
0.0150378	0.000373697	0.0395188
0.031538	0.0108019	0.0376967
0.0293499	0.0166674	0.0382753
0.0187127	0.0161855	0.0393592
0.0200205	0.0115733	0.039092
0.0220179	0.00494523	0.0388707
0.0263578	0.00556645	0.0385226
0.0300424	0.00347982	0.0378882
0.0403586	0.012515	0.0366094
0.0245633	0.00674396	0.0385674
0.0348323	0.0137861	0.0371076
0.0347282	0.00706639	0.0373461
0.0362434	0.0103436	0.037215
0.0433834	0.00262515	0.0361364
0.0284146	0.0125075	0.0381708
0.0383452	0.0133032	0.0367658
0.0128153	0.00774758	0.0400379
0.045171	0.0013312	0.035967
0.0372069	0.00931985	0.0370905
0.0211138	0.00802145	0.0390997
0.0270433	0.00850626	0.0383849
0.0197346	0.00253538	0.0393649
0.0236468	0.0111091	0.0386017
0.0339621	0.00510544	0.037328
0.0130099	0.00239809	0.040086
0.0424617	0.0111974	0.0364801
0.0354595	0.0113475	0.0372679
0.0140444	0.0149619	0.0398782
0.0233224	0.0126888	0.0387484
0.0495263	0.00861276	0.0355207
0.0428249	0.0109319	0.0364493
0.0330343	0.0039234	0.0376964
0.0359947	0.016811	0.037358
0.0262756	0.0143378	0.0383524
0.0329994	0.00597685	0.0374906
0.0131145	0.0158332	0.0402574
0.0363301	0.0186103	0.0371736
0.00491323	0.00887103	0.041373
0.014635	0.0166696	0.0395626
0.0216445	0.0141046	0.0388919
0.00864809	0.00113571	0.0404609
0.0250332	0.00677448	0.0384614
0.0308199	0.0100931	0.0378822
0.0349809	0.0118491	0.0373275
0.0464683	0.0107931	0.0358362
0.0382591	0.0151379	0.036901
0.0263162	0.00636612	0.0384618
0.0442289	0.00941917	0.036193
0.0271487	0.0101391	0.0382794
0.0162333	0.00593627	0.0397
0.0272255	0.00867836	0.0381559
0.00506106	0.0183365	0.0410163
0.0361252	0.00433367	0.0372441
0.0354093	0.0102218	0.0372042
0.0157641	0.0126331	0.0398793
0.0235293	0.0106728	0.0387452
0.0464601	0.00829965	0.0359356
0.04188	0.0130432	0.0364698
0.0342288	0.0165343	0.0371145
0.0437059	0.0060456	0.0361689
0.046609	0.0140354	0.0359306
0.0321105	0.0104659	0.0374792
0.0238154	0.0136705	0.0386815
0.0365278	0.0157128	0.0369809
0.0181226	0.0111177	0.0393084
0.0249198	0.00177389	0.0386017
0.0308526	0.0168952	0.0379464
0.0424934	0.00389174	0.0364705
0.0120347	0.00771057	0.0402314
0.0236215	0.00578523	0.0387984
0.0270833	0.0122353	0.0383397
0.0371631	0.0145254	0.0371417
0.0426517	0.0135324	0.0361488
0.0250029	0.0123802	0.0386131
0.0329833	0.0108549	0.037637
0.0245852	0.0112276	0.0386533
0.0304598	0.0107583	0.0377622
0.00426068	0.0162415	0.0411344
0.0430694	0.0141892	0.0361384
0.0214988	0.0128411	0.0389589
0.0182647	0.0130476	0.0393927
0.0347379	0.00585202	0.0371448
0.0258251	0.0105784	0.0383273
0.0410344	0.0122829	0.0364086
0.00621811	0.00184196	0.0404991
0.024164	0.016505	0.0383921
0.03507	0.0191739	0.0373524
0.014251	0.0126004	0.039912
0.0320374	0.0128975	0.0377325
0.0411746	0.014532	0.0367379
0.0349892	0.0167982	0.0374797
0.0362233	0.0177337	0.0373272
0.0175148	0.0105378	0.039384
0.0352967	0.0162647	0.037142
0.0295288	0.00709476	0.0379043
0.0457449	0.00826142	0.0359592
0.0434371	0.0130161	0.0362726
0.0325441	0.0069751	0.0375203
0.0446514	0.00946332	0.0361433
0.0243052	0.00762207	0.038556
0.0197195	0.00692804	0.039412
0.0222463	0.0143635	0.0390785
0.0245822	0.0079847	0.0386715
0.0282918	0.0107983	0.0381186
0.0253773	0.0160517	0.0385805
0.0278223	0.0120373	0.0382326
0.0168599	0.00980197	0.0394167
0.0286413	0.0114623	0.0380536
0.043547	0.01257	0.0359161
0.0333115	0.0111385	0.0374566
0.0179154	0.0143465	0.0394494
0.042166	0.00239015	0.036291
0.0129972	0.0114478	0.0397643
0.0398602	0.0110078	0.0367797
0.00903294	0.00332081	0.0406451
0.0468003	0.0125721	0.0358526
0.0327552	0.004168	0.0374213
0.0383518	0.0012439	0.037076
0.0307915	0.0129149	0.0377641
0.0378038	0.00543836	0.0370201
0.0186847	0.00328337	0.03929
0.015919	0.0127419	0.0396936
0.0173005	0.00243751	0.0398114
0.0241879	0.0132918	0.0385968
0.027722	0.014715	0.0382751
0.0415177	0.0119187	0.0362532
0.0349696	0.0120186	0.0373348
0.033826	0.0137791	0.03723
0.0261655	0.0138032	0.0384346
0.0197533	0.0129232	0.0391108
0.0350158	0.0102316	0.0372749
0.0245633	0.0164974	0.0385108
0.0356132	0.00846599	0.0372438
0.035665	0.0107481	0.0371692
0.0480991	0.00795796	0.035539
0.0273692	0.00534744	0.0382222
0.0361052	0.0104941	0.0372213
0.0311605	0.0145512	0.0378556
0.0218952	0.00523525	0.0387359
0.0295862	0.016169	0.0379797
0.0223144	0.0117894	0.0388309
0.0281828	0.0168184	0.0382516
0.0199269	0.0209335	0.0394118
0.0180933	0.0132001	0.0396063
0.0281879	0.0183836	0.0381468
0.0344354	0.0128292	0.0374987
0.0404491	0.00850109	0.0365454
0.00196592	0.0144481	0.0410089
0.0299571	0.0178335	0.0379786
0.0267944	0.0105979	0.0382865
0.03131	0.0125385	0.0375496
0.0182289	0.0115402	0.0393886
0.0173057	0.00923684	0.0392746
0.00525419	0.00871443	0.0411388
0.0164972	0.0140842	0.0397536
0.0296501	0.011875	0.0378837
0.0400631	0.0144184	0.0367234
0.034468	0.00821693	0.0373259
0.0226574	0.01507	0.0388856
0.0417711	0.0145227	0.0364976
0.00792962	0.0111801	0.0406834
0.0262032	0.0138401	0.0384082
0.0231134	0.0108877	0.0386328
0.0180928	0.0118647	0.0395692
0.027476	0.00929666	0.0382443
0.0327833	0.0169298	0.0377145
0.0293393	0.0102049	0.0380054
0.0276694	0.0069318	0.0381978
0.0260577	0.0136033	0.0384281
0.0377486	0.0116165	0.0369666
0.04695	0.0123356	0.035965
0.025172	0.00579473	0.0383519
0.0330888	0.0050156	0.0374727
0.0376286	0.00226957	0.036794
0.0196898	0.016629	0.0392373
0.021064	0.0119773	0.0388208
0.0161656	0.0115363	0.0396718
0.0190544	0.00790006	0.0393648
0.0333235	0.00521898	0.0375077
0.0365362	0.00510084	0.0370306
0.0272116	0.00118443	0.038177
0.0402106	0.0100702	0.0366414
0.0406762	0.0110073	0.0366504
0.0240379	0.0139754	0.0384974
0.028418	0.0108825	0.0381491
0.0346636	0.0126407	0.0373573
0.0228248	0.00797581	0.0387848
0.0206409	0.00945304	0.0390536
0.0221578	0.00879679	0.0389
0.0305115	0.0117157	0.0379128
0.0278965	0.00230245	0.0378737
0.0365122	0.00202571	0.0369215
0.0409352	0.0137319	0.0366245
0.0297924	0.00107985	0.0376156
0.0301238	0.011142	0.0378129
0.0167765	0.0134213	0.0395794
0.0322855	0.0131621	0.0376498
0.0261619	0.0148302	0.0383813
0.0283437	0.0115307	0.0382359
0.0272077	0.0132835	0.0383047
0.0427081	0.00925653	0.0363887
0.00883534	0.00912916	0.0403449
0.0349187	0.00839728	0.0371797
0.0422047	0.00526778	0.0364832
0.0267986	0.00777078	0.0381992
0.020977	0.0098804	0.0389536
0.0201486	0.0179108	0.0389915
0.0339726	0.0082964	0.0373113
0.0351624	0.00722973	0.0371646
0.0323231	0.0140187	0.0376748
0.0300889	0.013501	0.037836
0.0413958	0.0161329	0.0365113
0.0217197	0.0115633	0.0390764
0.0416735	0.00850102	0.036631
0.0345385	0.00265256	0.037439
0.041902	0.014967	0.0365617
0.0327511	0.00511318	0.0374564
0.0372151	0.00326905	0.0371123
0.0411559	0.0104651	0.0364814
0.0362889	0.0129852	0.0370492
0.024073	0.0162235	0.0386827
0.0277496	0.010923	0.0381684
0.0100557	0.0165319	0.0407816
0.0336661	0.0128639	0.0374712
0.0395805	0.0117594	0.0366372
0.0524147	0.00318182	0.0345681
0.0344024	0.00997707	0.0373779
0.0263056	0.00295449	0.0382036
0.0274705	0.0124369	0.0381624
0.0377751	0.00188878	0.0367754
0.0384529	0.0143275	0.036738
0.0237726	0.014547	0.0386641
0.019865	0.0153573	0.0392108
0.0337485	0.00685004	0.0372824
0.0321417	0.00998867	0.0374776
0.0338175	0.00941897	0.0374333
0.0338316	0.00879631	0.0374461
0.0362067	0.0113139	0.0368997
0.0329782	0.012031	0.0376715
0.0139039	0.00369205	0.0397923
0.0297932	0.0131734	0.0379434
0.0289803	0.0064149	0.0380683
0.0270135	0.00725082	0.0382771
0.0384241	0.00509532	0.036904
0.0314636	0.0139966	0.037781
0.0249168	0.0115604	0.0386633
0.0357591	0.00150347	0.037125
0.0427036	0.0115392	0.0364594
0.0440534	0.0178733	0.036197
0.0320056	0.0082284	0.0376087
0.0187125	0.015537	0.0393464
0.0308766	0.0105767	0.037737
0.0218125	0.0152439	0.038948
0.0150514	0.0056128	0.0395974
0.0165921	0.00430204	0.0394193
0.0291911	0.00234418	0.0381065
0.0280243	0.0109454	0.038153
0.0483603	0.010604	0.0352825
0.0188311	0.00933994	0.0391218
0.0223516	0.00779808	0.0388783
0.018185	0.0106738	0.0394059
0.0191155	0.00525567	0.0391693
0.0395151	0.00316285	0.0365849
0.0504258	0.00971092	0.0355036
0.0498022	0.00190849	0.0353782
0.013763	0.0145407	0.0398759
0.0346207	0.00545623	0.037241
0.020364	0.0109847	0.0390534
0.0204169	0.00848881	0.0389648
0.017621	0.00705976	0.0393075
0.000565207	0.0137578	0.0415531
0.0244359	0.0046518	0.0387452
0.0168294	0.0139898	0.0395623
0.0282197	0.00873072	0.038164
0.033817	0.00748193	0.0374029
0.0327372	0.0150654	0.0376194
0.0176257	0.0101071	0.0394896
0.0208224	0.00543508	0.039039
0.0238956	0.0149903	0.0387258
0.0382728	0.00532945	0.0368483
0.0406729	0.0152665	0.0366553
0.048097	0.0148997	0.0357593
0.0406667	0.0109525	0.036687
0.0209362	0.0130976	0.0389886
0.0461289	0.00558149	0.0360942
0.0348153	0.0145022	0.0372313
0.0227453	0.0104867	0.0389467
0.024614	0.0146146	0.0386146
0.0126124	0.0109013	0.0401557
0.03496	0.00884256	0.0373948
0.027022	0.0150269	0.0382477
0.0312227	0.00288725	0.0374806
0.0254763	0.015996	0.038493
0.0352974	0.0108706	0.0372898
0.0359029	0.00973481	0.0372139
0.0223957	0.00949736	0.0388809
0.0300706	0.00788693	0.0379108
0.0462531	0.00437311	0.0360732
0.0176333	0.00660984	0.0392563
0.0174853	0.00585853	0.0393348
0.0309614	0.0117981	0.0378068
0.0385581	0.00153074	0.0366892
0.0294401	0.0105325	0.0380695
0.0288655	0.00949382	0.0379931
0.0192721	0.00861446	0.0391247
0.0369992	0.0146083	0.0369349
0.0421023	0.010537	0.0365173
0.0438777	0.00545544	0.0363498
0.0147534	0.0110499	0.0397752
0.0255867	0.0108982	0.038318
0.0315695	0.00556002	0.0377376
0.0361059	0.00540025	0.0372325
0.0389366	0.0155791	0.0369641
0.0185639	0.0106322	0.0391426
0.0324404	0.0140511	0.0376153
0.0330133	0.0165892	0.0374953
0.0341021	0.0106058	0.0374994
0.0274592	0.0101713	0.0381991
0.0440187	0.0157037	0.0362076
0.0373218	0.0143616	0.0370214
0.0451978	0.0042895	0.0361531
0.0120091	0.00936647	0.0398705
0.0297593	0.0136797	0.0377341
0.0423449	0.013537	0.0362154
0.0273204	0.0031952	0.0380552
0.0497678	0.00503381	0.0356781
0.0246926	0.0158444	0.0386549
0.0207217	0.00830763	0.0389987
0.034442	0.00592364	0.037235
0.0327572	0.00521915	0.0375141
0.0183296	0.00508074	0.0391466
0.0375163	0.00779382	0.0370597
0.0366781	0.01337	0.0371319
0.0314452	0.0168144	0.0378841
0.0267894	0.0105897	0.0383154
0.0307449	0.0115758	0.0378315
0.0230367	0.017702	0.038826
0.0309168	0.0163252	0.0378305
0.0235025	0.0018957	0.0384665
0.0320983	0.00162452	0.0377739
0.021793	0.00298551	0.0389156
0.0517414	0.0137056	0.0349191
0.0370025	0.0108937	0.0371281
0.0281832	0.0135864	0.0381257
0.034604	0.0163986	0.0373693
0.0137828	0.0148374	0.0398497
0.0295423	0.00218591	0.0381298
0.0355093	0.0130397	0.0369768
0.0291342	0.0143023	0.0380578
0.000640623	0.0133444	0.0415242
0.0159532	0.00839372	0.0395402
0.0290375	0.0105744	0.038012
0.0129452	0.0122701	0.0399835
0.00815401	0.00635098	0.0407176
0.0411274	0.00966314	0.0362549
0.0382737	0.0124456	0.0369145
0.0226568	0.0161477	0.0387647
0.0347905	0.0192191	0.0374363
0.0286909	0.0116887	0.0381043
0.0308745	0.0084401	0.037748
0.0244043	0.0123433	0.0386658
0.0240042	0.0043261	0.038616
0.0233347	0.0145796	0.0387236
0.036501	0.00798435	0.037091
0.0446389	0.0164789	0.0363182
0.0255653	0.0163357	0.0384644
0.0434872	0.0097681	0.0360722
0.0287095	0.00838955	0.0381819
0.020938	0.00984684	0.0389427
0.032299	0.0136665	0.0377145
0.0371629	0.0167212	0.0370739
0.0334092	0.0137839	0.0372627
0.027808	0.00763037	0.0380938
0.019558	0.0104062	0.0391522
0.0366398	0.00275351	0.0370383
0.0290775	0.0128573	0.0380655
0.031483	0.0151185	0.0379533
0.0323497	0.0140326	0.0378183
0.0133699	0.0103219	0.0400355
0.0476544	0.0135038	0.0357579
0.0384409	0.0119051	0.0370296
0.0437158	0.00704582	0.0361961
0.0183599	0.0115697	0.0391728
0.0302779	0.0082425	0.0377567
0.0124818	0.0107149	0.0401419
0.0313108	0.013427	0.0375455
0.0127334	0.0115319	0.0400683
0.0330048	0.0149368	0.0375838
0.0473902	0.00913253	0.0358622
0.0102635	0.00792474	0.0401919
0.0350945	0.00939222	0.0373092
0.0325167	0.0117093	0.0376412
0.0227938	0.00427714	0.0387738
0.0274818	0.00838793	0.038205
0.028704	0.0142079	0.0381244
0.0415657	0.0140337	0.0362863
0.0440548	0.00669794	0.036129
0.0222673	0.0150249	0.0388973
0.0328188	0.0166012	0.037425
0.0142319	0.0105223	0.0397817
0.043039	0.0125839	0.0365166
0.0335452	0.00638889	0.0374101
0.0141966	0.0108553	0.039873
0.0353659	0.0148999	0.0372542
0.0180324	0.00222543	0.0393822
0.0286081	0.0155766	0.0381153
0.0493663	0.00626261	0.0354104
0.0325286	0.00602773	0.0374605
0.0415774	0.00694251	0.0366207
0.0425193	0.00207455	0.036136
0.0322739	0.00875498	0.0374552
0.0308389	0.0109349	0.0378773
0.036915	0.0103545	0.0371013
0.0416006	0.0166985	0.0366781
0.0451383	0.00553091	0.0362017
0.0439631	0.0157136	0.0364334
0.016208	0.0100492	0.0398508
0.0204343	0.00327817	0.0389911
0.0362556	0.00648519	0.0370654
0.0350559	0.00803933	0.0371922
0.0493466	0.0154062	0.0355449
0.0203427	0.0058349	0.0389649
0.0272738	0.00596159	0.0381913
0.0416726	0.0167581	0.0365089
0.0206568	0.0148048	0.0390473
0.0335053	0.0137214	0.0375104
0.0425268	0.0168857	0.0366499
0.0239859	0.0144889	0.0387389
0.0434707	0.0081373	0.0360896
0.0417286	0.00193747	0.0360497
0.0266233	0.0100547	0.0383415
0.0341687	0.00802837	0.0372249
0.017687	0.00619435	0.0393139
0.0273827	0.0136623	0.0380266
0.0175898	0.0129266	0.0396214
0.0256268	0.0120938	0.0384005
0.0346533	0.0115239	0.037454
0.0330766	0.016233	0.037409
0.0219422	0.011839	0.0389792
0.0267233	0.0082175	0.0383536
0.0237016	0.012647	0.0387445
0.040073	0.00986172	0.036749
0.00340313	0.00624906	0.0411487
0.0230969	0.00441627	0.0387841
0.0312018	0.00996805	0.0377639
0.0258032	0.00518729	0.0382683
0.0333246	0.0118018	0.0375377
0.0276255	0.0155875	0.0382325
0.0198241	0.0102399	0.0391543
0.0217842	0.00833767	0.0389551
0.0260713	0.0132271	0.0384533
0.022139	0.013166	0.0388963
0.0111681	0.0030412	0.0399484
0.0322025	0.0111397	0.0376221
0.0384629	0.013732	0.0367032
0.034115	0.0138083	0.0373401
0.0377573	0.00611949	0.0369164
0.0390318	0.0021012	0.0367166
0.0364014	0.0102324	0.0370604
0.028828	0.0109357	0.0380668
0.0240236	0.0146299	0.0386381
0.0360793	0.0164047	0.037015
0.0342175	0.00824405	0.0371883
0.0267075	0.0138133	0.0383573
0.0215934	0.0148528	0.0390831
0.0313542	0.00818535	0.0377521
0.0410255	0.00423587	0.0364465
0.0222534	0.0131573	0.0388079
0.0437782	0.012956	0.0363451
0.0376011	0.0144935	0.0370978
0.0050682	0.016586	0.04095
0.0346214	0.00932036	0.0372581
0.0306829	0.0132809	0.0378049
0.044127	0.0077535	0.0361659
0.0253336	0.0158458	0.038556
0.0253583	0.00634061	0.0383549
0.0382624	0.00764487	0.0367567
0.0430108	0.0166557	0.0359453
0.0267157	0.00105223	0.0379776
0.0297764	0.00771004	0.037871
0.0254361	0.016057	0.0384745
0.0444789	0.0123951	0.0361412
0.0364383	0.0102469	0.0371905
0.0296435	0.0112304	0.038037
0.0146264	0.0117085	0.0398701
0.0243801	0.0126785	0.0385609
0.0271013	0.0105365	0.0382227
0.0316195	0.00692135	0.0376384
0.0157427	0.0109796	0.0396175
0.0270751	0.0120248	0.0382854
0.027246	0.0149379	0.0381702
0.0322695	0.0108481	0.0376927
0.0322039	0.0138454	0.0378255
0.0183615	0.00546646	0.0391774
0.0142934	0.00709921	0.0397688
0.037564	0.00361483	0.0370091
0.0433165	0.015695	0.0360897
0.0521846	0.00312848	0.0353855
0.0197493	0.0100978	0.0391086
0.0263678	0.00474706	0.0381283
0.0277675	0.0116078	0.0381618
0.0527441	0.0151768	0.0352012
0.0138858	0.0144169	0.0398956
0.041627	0.0128883	0.036349
0.0315987	0.00760076	0.0376591
0.0242376	0.0168542	0.0385512
0.0257197	0.0122336	0.0383934
0.0327899	0.010719	0.0376548
0.0134775	0.00395532	0.040311
0.0369084	0.0147724	0.0371074
0.0135141	0.00354561	0.0401527
0.0212543	0.00542981	0.0388172
0.018785	0.013532	0.0391239
0.0320948	0.0076042	0.0375236
0.0276275	0.0154468	0.0381319
0.0481646	0.0130654	0.0354195
0.0232704	0.0104964	0.0388188
0.0273358	0.0119669	0.0381697
0.0344065	0.00768497	0.0372645
0.0249002	0.0172325	0.0385659
0.0391106	0.0106091	0.0365634
0.0195972	0.0083916	0.0390908
0.0370613	0.0120184	0.0369594
0.0258746	0.00718875	0.0383492
0.0290857	0.0101759	0.037854
0.031313	0.0114174	0.0378281
0.045787	0.00708496	0.0360089
0.0346345	0.00417615	0.0371894
0.0265269	0.00815937	0.0381901
0.0312015	0.00826062	0.0377065
0.0359657	0.00749198	0.0372416
0.0226924	0.00359461	0.0388738
0.0371604	0.0111001	0.0370665
0.0308651	0.00258575	0.0377681
0.0279729	0.0108302	0.0382223
0.0386151	0.0164504	0.0369034
0.0367529	0.0130291	0.0370356
0.0413799	0.011114	0.0365096
0.0187356	0.00737762	0.039399
0.0312646	0.00950285	0.0377665
0.00243913	0.00636217	0.0411034
0.024646	0.0065501	0.0385916
0.0288594	0.0108823	0.0381057
0.0299174	7.22544e-05	0.0378257
0.027006	0.0118782	0.0382596
0.027653	0.00967575	0.0381213
0.0336492	0.00785276	0.0374574
0.0296812	0.00427329	0.03784
0.0149059	0.00979995	0.0396955
0.0246378	0.00624121	0.0385565
0.0438169	0.0136586	0.0362452
0.0269468	0.0106599	0.0382933
0.0256508	0.00374849	0.0384133
0.0299275	0.00873938	0.0377728
0.02359	0.0142238	0.0387799
0.0218697	0.0151702	0.038781
0.0266066	0.00413724	0.0383005
0.0266505	0.0073209	0.0384115
0.0289546	0.011675	0.0381157
0.0251971	0.0171567	0.0386471
0.0292959	0.0158945	0.0379059
0.0262464	0.0108178	0.0383063
0.0382887	0.00737823	0.0368483
0.018524	0.00534895	0.0394063
0.0102629	0.0060918	0.0401161
0.0297921	0.00800992	0.0378708
0.0302362	0.00625885	0.0379188
0.0258687	0.0176572	0.0383556
0.0392381	0.00472382	0.0367657
0.0276308	0.011101	0.0382688
0.0359275	0.0108361	0.0372015
0.0405773	0.016654	0.0367912
0.0301822	0.0135429	0.0379099
0.0218916	0.000323464	0.039015
0.0284329	0.00567208	0.0380982
0.020976	0.0115686	0.0390001
0.0212178	0.00653857	0.0388631
0.0460783	0.0140803	0.0359295
0.0204038	0.00963636	0.0390171
0.0342594	0.00926091	0.0373069
0.0345928	0.00873064	0.037335
0.0232433	0.0143238	0.038794
0.0142632	0.00586951	0.0400467
0.0362827	0.00363666	0.0371917
0.0223998	0.0109269	0.0389247
0.041981	0.0141505	0.0364323
0.0343302	0.00838039	0.0371729
0.0281361	0.00489693	0.0380483
0.0270913	0.0113719	0.0383443
0.0215631	0.0121906	0.0387548
0.0117493	0.00988356	0.0400973
0.0276132	0.00110785	0.0384124
0.0195953	0.0113846	0.039321
0.018766	0.00258182	0.0392028
0.0437617	0.00557847	0.0360868
0.0348495	0.00672171	0.0372696
0.0490295	0.0129961	0.035582
0.0271285	0.0101943	0.038183
0.0267336	0.0105567	0.0383979
0.0273317	0.0156666	0.0381667
0.0348471	0.0132129	0.0374006
0.0248713	0.000742246	0.0384429
0.0206822	0.00971764	0.0390603
0.021489	0.0110765	0.0391102
0.0286574	0.000864339	0.0380058
0.0260614	0.0114759	0.0383385
0.0279411	0.00333367	0.0379789
0.0191779	0.0100108	0.0391641
0.0302943	0.00315934	0.0377028
0.0421252	0.0148645	0.036587
0.0305151	0.011168	0.0379531
0.0385523	0.00609552	0.0369126
0.0388554	0.00560708	0.036751
0.0252472	0.00313467	0.0385404
0.0423244	0.00377125	0.036258
0.0245091	0.0145029	0.0384977
0.0171426	0.0108457	0.0392941
0.0348079	0.0110732	0.0371411
0.0384499	0.00353907	0.0369398
0.0247776	0.0151373	0.0385867
0.0360172	0.00655027	0.0370902
0.021193	0.00605431	0.0390013
0.0280017	0.00783299	0.0381685
0.0447212	0.0117361	0.036122
0.0186693	0.0117964	0.0392931
0.0528584	0.00492812	0.0350749
0.00797262	0.0107495	0.0409392
0.0244512	0.0104928	0.0385585
0.0339818	0.010494	0.0374275
0.0494639	0.0143695	0.035817
0.0325354	0.0134377	0.0375803
0.0358771	0.010596	0.0371345
0.0221379	0.0145887	0.038865
0.0309795	0.0147617	0.0378189
0.0110184	0.0134498	0.0402211
0.0300429	0.000191522	0.0378836
0.0289262	0.0149191	0.0380462
0.0220286	0.00607063	0.0388717
0.0186043	0.00686704	0.0391256
0.0485286	0.0119321	0.0356729
0.0428905	0.0104166	0.0361471
0.0315238	0.0116498	0.0376937
0.0380538	0.00974555	0.0366867
0.033591	0.00466067	0.0374117
0.0460586	0.0102298	0.0360181
0.028932	0.0106643	0.0380998
0.0308894	0.0117176	0.0377247
0.00881556	0.0113684	0.0408442
0.0425368	0.00816113	0.0360853
0.0217142	0.00895998	0.0387737
0.026722	0.00526911	0.0381602
0.0304272	0.00835879	0.03792
0.0238587	0.0129314	0.0386463
0.0289817	0.0169576	0.0381802
0.0320337	0.00776499	0.0376071
0.0497113	0.0129171	0.0355095
0.0333366	0.00539386	0.0373611
0.0380958	0.00572186	0.0369676
0.0319859	0.0106488	0.0376392
0.0297151	0.00446866	0.0377863
0.0300897	0.015078	0.038129
0.0155153	0.0119651	0.0396185
0.0174907	0.00283296	0.039568
0.0192278	0.0100838	0.039188
0.0449201	0.0115785	0.0360198
0.0371511	0.0143094	0.0370425
0.00325774	0.00503269	0.0413211
0.0247939	0.00558701	0.0385043
0.0319325	0.00985041	0.0377349
0.0183586	0.015779	0.0393882
0.0214917	0.0065244	0.0390071
0.0362112	0.0124015	0.0371399
0.0378795	0.00360929	0.0367828
0.0299979	0.00138264	0.0376948
0.0395004	0.00778594	0.0366203
0.0418191	0.0115598	0.036561
0.0233057	0.0104617	0.0386993
0.0287474	0.00336191	0.0379006
0.0230009	0.013879	0.0385622
0.0289184	0.0107686	0.0379672
0.0180277	0.0150361	0.0395353
0.0146355	0.009347	0.0398868
0.0481418	0.0110192	0.0352979
0.0156232	0.0131997	0.0396235
0.0344673	0.0104216	0.0373899
0.0274132	0.00696829	0.0382946
0.0127749	0.0126081	0.039799
0.028481	0.0139021	0.0382142
0.0404645	0.0124991	0.0365901
0.0222489	0.00448915	0.0388373
0.0215014	0.0157354	0.0390474
0.0265759	0.00786657	0.0382834
0.0211336	0.0126211	0.039012
0.0359933	0.0112969	0.0372272
0.038628	0.0139059	0.036722
0.0176165	0.000459101	0.039216
0.0416333	0.0119182	0.0365609
0.0217087	0.011951	0.0390136
0.0325607	0.0159487	0.0376059
0.0254367	0.00513343	0.0384011
0.0301811	0.00392226	0.0380465
0.0194618	0.0165347	0.0394956
0.0475704	0.0102071	0.0356212
0.0144395	0.0167507	0.0398142
0.0414014	0.0115854	0.0363308
0.0230498	0.0115248	0.0388903
0.0334602	0.00786459	0.0376048
0.0188848	0.00391748	0.039268
0.0410925	0.00234993	0.0365904
0.0240386	0.00455319	0.0384906
0.0383871	0.0104677	0.0369274
0.0411333	0.0128924	0.0365499
0.0272634	0.0145076	0.0382382
0.0370298	0.00410636	0.0370767
0.0340075	0.00733672	0.0375403
0.0260237	0.00893372	0.03852
0.0386307	0.0127117	0.0367396
0.0242619	0.012855	0.0386221
0.0227001	0.00305027	0.0387136
0.0255613	0.0117191	0.0385097
0.0327898	0.00172006	0.0377546
0.0235302	0.0168779	0.038726
0.0416276	0.0077408	0.036479
0.0346072	0.0111864	0.037293
0.030696	0.0127756	0.0377698
0.026121	0.00592762	0.0382947
0.0141994	0.00826527	0.0398618
0.0284042	0.00714335	0.0379791
0.0398514	0.0150012	0.0367975
0.0216091	0.016663	0.0388896
0.0177533	0.0140977	0.0395802
0.0349974	0.00466238	0.0373459
0.033743	0.00623862	0.0374256
0.0257229	0.0130754	0.0383608
0.0427348	0.0106984	0.0361686
0.0270259	0.0176464	0.0383059
0.0313148	0.0138946	0.0379467
0.0247792	0.0160755	0.0386565
0.0168436	0.00475862	0.0395488
0.0292995	0.00322351	0.0379169
0.0101542	0.00893829	0.0405067
0.0158073	0.01363	0.0396947
0.0373181	0.00108553	0.0368118
0.0181605	0.00982546	0.0393254
0.011166	0.0111351	0.040347
0.0430672	0.0124423	0.0361314
0.00679731	0.0123476	0.0406805
0.0290328	0.0129312	0.0379912
0.0411933	0.0165556	0.036558
0.0216756	0.0133024	0.0390572
0.0327567	0.00697213	0.0375822
0.0383441	0.00573538	0.0368885
0.0216581	0.0151726	0.0391775
0.0393242	0.000554689	0.0365763
0.0320625	0.0150223	0.0376618
0.035672	0.0138697	0.0372549
0.0246843	0.0124248	0.0385731
0.028522	0.00889969	0.0379814
0.0485	0.0103846	0.0358799
0.0215928	0.0073128	0.0388118
0.0275674	0.00287481	0.0379383
0.0227702	0.0184776	0.0387118
0.00764428	0.00571172	0.0405188
0.0493489	0.0136462	0.0357168
0.0394311	0.00307893	0.036792
0.0330231	0.0081356	0.0374731
0.0429731	0.0100616	0.0364177
0.0310829	0.00784332	0.0377008
0.0243117	0.0052866	0.038809
0.0248441	0.0137706	0.0385347
0.043975	0.0124093	0.0361506
0.0311755	0.0049129	0.0376367
0.0453974	0.0136875	0.0360365
0.0339383	0.0156078	0.0375469
0.0369911	0.0143715	0.0370614
0.0364097	0.00314579	0.0372211
0.0399693	0.00818884	0.0365372
0.0384233	0.0112076	0.0369706
0.0332638	0.00642902	0.0374607
0.0347848	0.0132354	0.0374087
0.0236647	0.00561434	0.0385366
0.024328	0.0109522	0.0387256
0.0425871	0.0135572	0.0361568
0.0195727	0.0104905	0.0391292
0.0320977	0.0165698	0.0377967
0.0268451	0.0146382	0.0383293
0.0297623	0.0117999	0.0379125
0.0344424	0.00265904	0.0370871
0.0216888	0.0168646	0.0389474
0.0336017	0.0121015	0.037436
0.0342561	0.0138893	0.0373217
0.0317065	0.0162293	0.0375891
0.0305658	0.0173549	0.0378573
0.0442005	0.00633071	0.0360469
0.0268606	0.00524387	0.0382143
0.0210412	0.0133589	0.0389089
0.0455537	0.0158868	0.0357375
0.0302659	0.00737057	0.0378373
0.0406066	0.00737704	0.0364677
0.0263314	0.0113602	0.0383662
0.0307969	0.00722918	0.0378459
0.0396063	0.00938584	0.0366524
0.0274145	0.00563275	0.0383297
0.0290754	0.00122389	0.0379375
0.0312057	0.0165975	0.0378095
0.017871	0.0141423	0.0391912
0.0258338	0.0154354	0.0385223
0.00850957	0.00105959	0.0403393
0.0317651	0.0159058	0.037783
0.0336294	0.00914872	0.0373038
0.0300216	0.00987823	0.0378336
0.0304882	0.00389533	0.0376172
0.0298134	0.0125415	0.0379224
0.0458164	0.012143	0.0356189
0.0200486	0.00554491	0.0392716
0.023281	0.0090014	0.0387373
0.0280872	0.01667	0.0380481
0.0329908	0.00624367	0.037489
0.0286125	0.0152903	0.0380807
0.0159268	0.000578564	0.0394157
0.0161812	0.0166896	0.0395712
0.0341175	0.0014598	0.0371961
0.0346801	0.00410329	0.0372728
0.0243606	0.0136355	0.0386402
0.0147407	0.0167897	0.0400878
0.0399922	0.00983109	0.0367566
0.0255807	0.00782221	0.0384517
0.0340708	0.00391955	0.0371617
0.0246497	0.0124699	0.0386306
0.0419937	0.00859639	0.0361559
0.0305853	0.0111132	0.0377695
0.0145072	0.00367898	0.0399541
0.0347885	0.0124309	0.0374482
0.0214143	0.00614936	0.0387954
0.0213321	0.0101237	0.0389038
0.0408653	0.00408257	0.0365508
0.0357983	0.0151634	0.0370728
0.0449967	0.00961027	0.0361008
0.0280513	0.0152057	0.0382518
0.028929	0.0141783	0.0380932
0.0303807	0.0118213	0.037833
0.0253374	0.00592239	0.0384252
0.0307497	0.0127827	0.0377701
0.0283683	0.00542974	0.0379728
0.0297393	0.00980511	0.0379946
0.0350944	0.00212642	0.0370903
0.0452388	0.000463906	0.0361287
0.0132343	0.0139402	0.0399564
0.0142415	0.015192	0.0398422
0.0108098	0.00545938	0.0404031
0.0304194	0.012616	0.0376633
0.0261897	0.00901366	0.038419
0.0308565	0.0134148	0.0378031
0.0348596	0.0158783	0.037476
0.0382212	0.00983633	0.0367668
0.019238	0.0120601	0.0392655
0.0300563	0.0124163	0.0379739
0.026611	0.0139891	0.0381532
0.040496	0.00199494	0.0366542
0.0350176	0.0104625	0.0372211
0.0271309	0.0154821	0.0382945
0.0260542	0.0143775	0.0384382
0.0399838	0.013487	0.0368605
0.0119855	0.0104984	0.0400632
0.0232933	0.0142106	0.0387439
0.00077288	0.00701848	0.041342
0.0169783	0.0133805	0.0395071
0.0331873	0.00947248	0.0376005
0.0423888	0.00609167	0.036277
0.0401758	0.0124132	0.0366618
0.021958	0.00898302	0.0388232
0.024446	0.0159511	0.038694
0.026609	0.00578938	0.0381399
0.039436	0.00412784	0.0366014
0.0309432	0.0156878	0.0377708
0.0186454	0.0140207	0.0393494
0.0296587	0.0149117	0.0381838
0.0489739	0.0150543	0.0352821
0.0382943	0.0124159	0.0369343
0.0193072	0.00157885	0.0391823
0.0308115	0.0135392	0.0378506
0.00966712	0.0099335	0.0405168
0.0211088	0.00524794	0.0388562
0.0242098	0.0165084	0.0387346
0.0238165	0.0123264	0.0387777
0.0242552	0.01587	0.0386885
0.0268675	0.00264656	0.0380892
0.018324	0.0125324	0.0393359
0.0416584	0.0130242	0.0366331
0.0197604	0.010631	0.038993
0.03627	0.00798785	0.0372599
0.0381125	0.00628856	0.0367843
0.0233918	0.00897834	0.0385642
0.0424873	0.00688884	0.0362654
0.0358535	0.00749549	0.036981
0.0227947	0.0092064	0.0387654
0.0492498	0.0102569	0.035481
0.0377881	0.00976663	0.0368787
0.00383586	0.0115345	0.0411255
0.0169913	0.00461266	0.0395323
0.0385866	0.00735175	0.0366232
0.0254301	0.00860818	0.0385044
0.0244519	0.00947479	0.0384899
0.0221637	0.00518804	0.0387191
0.032301	0.0154717	0.0377071
0.0313096	0.00176344	0.0377665
0.0401739	0.00409471	0.0365158
0.0394784	0.0114557	0.0365065
0.0351778	0.0118879	0.0371488
0.0282014	0.00719996	0.0380393
0.0432325	0.0101376	0.0360956
0.0278617	0.0027697	0.0383019
0.0257312	0.0130392	0.0384532
0.0295207	0.0141603	0.0379406
0.0282689	0.0101903	0.0380943
0.0481749	0.00942041	0.0357872
0.0308803	0.0149766	0.0375761
0.0104602	0.0109414	0.0402164
0.0428281	0.00931253	0.0363773
0.0317286	0.0124802	0.0376445
0.0208196	0.0148629	0.0389218
0.0301676	0.0139662	0.0378853
0.0436423	0.00982789	0.0361644
0.0259745	0.00284943	0.0386126
0.0247753	0.00667376	0.0384312
0.0170864	0.0156513	0.0394785
0.0483222	0.0152468	0.0354447
0.0257222	0.0107899	0.0384008
0.0344621	0.0109808	0.0373295
0.00907913	0.000563873	0.0403561
0.0216023	0.00919318	0.0388342
0.0090172	0.0177829	0.0407308
0.0301983	0.00972169	0.0377188
0.027114	0.0110637	0.0382053
0.03736	0.0118553	0.0369996
0.0161866	0.00946913	0.0396882
0.0255373	0.0128664	0.038484
0.0306283	0.0174805	0.0375861
0.0285032	0.0113674	0.0380817
0.0218268	0.00876264	0.0388155
0.0259557	0.00815057	0.0384407
0.0299183	0.00650014	0.0380202
0.0284081	0.00918713	0.0382106
0.0462916	0.0154531	0.0356811
0.020952	0.00941524	0.0389449
0.0112155	0.0128385	0.0401966
0.0262481	0.0129073	0.0384183
0.047776	0.00471158	0.0356578
0.0229592	0.0150854	0.0388173
0.0335521	0.0124211	0.0374386
0.0367128	0.0160139	0.037344
0.02898	0.00223625	0.0377513
0.0378326	0.0149011	0.0369923
0.0220313	0.00305987	0.0386598
0.0267729	0.0059423	0.0382891
0.0409161	0.0135229	0.0366099
0.0351658	0.00775889	0.0370738
0.0193791	0.0146338	0.0394449
0.0264974	0.0107512	0.0384317
0.0274371	0.00614969	0.0380967
0.0369489	0.0120399	0.0371852
0.00613216	0.0019233	0.0410086
0.0300827	0.01641	0.0381694
0.0248731	0.00845728	0.0384689
0.0342938	0.0137139	0.0374395
0.0151652	0.011186	0.0396315
0.0245132	0.0136969	0.0386331
0.0322914	0.011707	0.0375788
0.023439	0.0120166	0.0388311
0.0356366	0.0158096	0.0369388
0.0349725	0.012633	0.0371671
0.016507	0.0104558	0.0395111
0.0340429	0.0158179	0.0375705
0.0224575	0.00891655	0.0387687
0.0203379	0.000374049	0.0392482
0.0333383	0.0100456	0.0375213
0.0332222	0.00848978	0.0375035
0.0428083	0.00553308	0.0360234
0.0456645	0.00979928	0.0356609
0.033568	0.0127288	0.0374035
0.0151958	0.00522495	0.039869
0.0294857	0.00869855	0.0379301
0.0254502	0.010084	0.0384764
0.0193928	0.0107978	0.0391171
0.0422011	0.0125067	0.036285
0.0306096	0.0119106	0.037905
0.0134073	0.0124226	0.0398958
0.0101513	0.00841024	0.0401954
0.0295705	0.0122522	0.0379479
0.0103891	0.00995628	0.0404306
0.0418862	0.00517925	0.036241
0.0402909	0.00460121	0.0365977
0.0311335	0.0057987	0.0379106
0.0283593	0.00903191	0.0380728
0.0329398	0.0133965	0.0376044
0.0184213	0.0144525	0.0393365
0.0192915	0.00426205	0.0391206
0.0155707	0.00104182	0.0393786
0.0340582	0.00964775	0.0373852
0.0221486	0.016729	0.0387635
0.0224249	0.0113542	0.0389184
0.0357253	0.0128109	0.0373492
0.0450598	0.00842955	0.0356853
0.0380024	0.0126178	0.0366511
0.043379	0.0098236	0.0362552
0.0360313	0.00946335	0.0371778
0.0358451	0.00658324	0.0372453
0.0536487	0.0131559	0.0349842
0.0191907	0.0117046	0.0392045
0.0245042	0.012784	0.0383877
0.0296312	0.00578308	0.0379567
0.0326684	0.0135404	0.0377664
0.0184432	0.0116898	0.0391438
0.0320135	0.0143407	0.0376189
0.0378022	0.00953769	0.0370143
0.0163169	0.0096483	0.0395415
0.0265556	0.0133568	0.0383891
0.0389301	0.0124679	0.0366978
0.022052	0.0124831	0.038847
0.0283182	0.0141169	0.0381409
0.0183231	0.0154017	0.0393922
0.0328092	0.00416349	0.0374297
0.0229823	0.00809868	0.0387351
0.0307465	0.0117268	0.0378044
0.0324351	0.00619643	0.0374553
0.0209142	0.0122138	0.0389986
0.032357	0.0126158	0.0375718
0.0315312	0.0127575	0.0377317
0.0293058	0.00742741	0.0379865
0.0306103	0.00810111	0.0378466
0.0322015	0.00185294	0.0373347
0.0214673	0.0110329	0.0390422
0.00544378	0.00956118	0.0409219
0.0262798	0.00526318	0.0382745
0.0115	0.0105722	0.0402645
0.0436491	0.0138257	0.036221
0.0314119	3.18285e-05	0.037907
0.027351	0.0145271	0.0382571
0.0405572	0.0158008	0.0366089
0.0281703	0.0140905	0.038083
0.0352053	0.0131399	0.0371788
0.00641702	0.00637546	0.040642
0.0263941	0.0162619	0.0381201
0.0382222	0.0106832	0.0368437
0.033768	0.011732	0.0374994
0.0301651	0.0063407	0.0378706
0.0325057	0.0102192	0.0375898
0.00985415	0.00846727	0.0407452
0.0215172	0.0121727	0.03904
0.0161369	0.0111414	0.039692
0.00593356	0.0147096	0.0408294
0.0328507	0.00581402	0.0375317
0.0349409	0.0107727	0.0374164
0.0353949	0.0129089	0.0372715
0.0269451	0.0165122	0.0382946
0.0535316	0.0107204	0.034535
0.0304694	0.0104861	0.0379149
0.021835	0.0119027	0.0389446
0.0422832	0.00676678	0.0364323
0.0411437	0.00837691	0.0364396
0.025089	0.00996715	0.0383467
0.0264008	0.00465363	0.0382012
0.0127747	0.00444871	0.040008
0.0328401	0.0133766	0.0375203
0.0346198	0.00499193	0.0372477
0.0288386	0.0150984	0.0380468
0.00528717	0.0041965	0.0409418
0.0255177	0.0142315	0.0385135
0.00890582	0.0095664	0.040594
0.0205787	0.010114	0.0390052
0.0203237	0.0064893	0.0389666
0.0261925	0.0155165	0.0385346
0.0344659	0.0100032	0.0374273
0.0303402	0.011413	0.0378483
0.0351312	0.0137674	0.0371793
0.0222964	0.00150841	0.038604
0.0227633	0.0168807	0.0388258
0.034093	0.0153134	0.0374497
0.0304773	0.0137656	0.0379249
0.0277323	0.0123574	0.0380206
0.0251003	0.0142481	0.0383003
0.0210986	0.0149672	0.0390675
0.0328158	0.0102992	0.0376532
0.0410342	0.00905353	0.0366206
0.0413355	0.0128368	0.0366209
0.016551	0.00994186	0.039807
0.0331234	0.00720496	0.0374688
0.0190143	0.0138392	0.0392433
0.0298597	0.00612544	0.0380267
0.0275167	0.014596	0.0382917
0.0405116	0.00934952	0.0366911
0.036079	0.00321222	0.0369997
0.0406538	0.00477883	0.0367029
0.0523606	0.011702	0.0347486
0.0211575	0.0105024	0.0390457
0.053274	0.0104221	0.0348723
0.0289152	0.013194	0.0380607
0.0149016	0.00847011	0.0398636
0.0318173	0.00663198	0.0377584
0.0154542	0.0100579	0.039784
0.0390608	0.0124375	0.0368837
0.0375283	0.0071951	0.0368676
0.0291023	0.00356094	0.0379303
0.0418898	0.00157131	0.0362765
0.0341145	0.0147795	0.037443
0.0496742	0.0129858	0.0355086
0.0206693	0.014173	0.0391838
0.0374933	0.00740307	0.0369948
0.0536175	0.00758519	0.0345002
0.041883	0.00792718	0.0364394
0.0307291	0.0133346	0.0377727
0.0349463	0.0138198	0.0373868
0.0187979	0.0167491	0.0393605
0.00539232	0.0120555	0.0409429
0.0311807	0.00525321	0.0378605
0.0294326	0.00208798	0.0379662
0.0214427	0.00571423	0.0387946
0.0178188	0.00567511	0.0392912
0.0283852	0.00750865	0.038023
0.0497457	0.015355	0.0351693
0.0247222	0.0094336	0.0384614
0.0364083	0.00892329	0.0371124
0.0173896	0.0100219	0.0395492
0.0222463	0.0110929	0.0389459
0.0362191	0.00464819	0.0368687
0.0421136	0.0102287	0.0362909
0.0404979	0.0106055	0.0365055
0.0416526	0.0131294	0.0361603
0.0182366	0.00929317	0.0393213
0.0487536	0.00858576	0.035245
0.0302167	0.0125171	0.0378298
0.0215373	0.014752	0.0390234
0.0233429	0.00895017	0.0386497
0.0396375	0.0101059	0.0368793
0.0287097	0.00935206	0.0380998
0.0409999	0.013883	0.036608
0.0273356	0.00601023	0.0382384
0.02598	0.0163689	0.0383256
0.0386382	0.0114708	0.0367909
0.0182279	0.0117098	0.0391724
0.0242152	0.0109558	0.038444
0.0427977	0.0131689	0.0363003
0.0350395	0.00834456	0.0374052
0.0144809	0.0079529	0.0399252
0.0344844	0.0126242	0.0371151
0.0343543	0.00718479	0.0373643
0.0391252	0.0165292	0.0368833
0.0292637	0.0151021	0.0380912
0.0209234	0.00135572	0.038716
0.0379938	0.00718417	0.0367734
0.0204421	0.00868077	0.0389937
0.0253765	0.00897479	0.0383202
0.0393769	0.00951659	0.0366827
0.0326267	0.0113362	0.0376918
0.0350583	0.0108631	0.0373047
0.0275818	0.0153567	0.0379835
0.0324665	0.017019	0.0376362
0.0265747	0.00977846	0.0384346
0.028059	0.0156168	0.0382544
0.0214675	0.0139812	0.039002
0.0461223	0.00991305	0.0360325
0.0123136	0.00950283	0.0403959
0.00827457	0.0116878	0.0403944
0.0486228	0.0123842	0.0358926
0.0260184	0.0157582	0.0382338
0.0308567	0.014736	0.0378083
0.0358585	0.00656407	0.0371201
0.0273018	0.00567074	0.0381702
0.0506973	0.0136548	0.0350842
0.0283927	0.0132202	0.0380807
0.032242	0.0120148	0.0377293
0.0535677	0.00750661	0.035072
0.0252504	0.00808323	0.0383877
0.028585	0.0105808	0.0379101
0.0110545	0.00580136	0.040095
0.0266855	0.00176963	0.0384284
0.0442597	0.00528744	0.0360269
0.0291496	0.0151151	0.0379802
0.0322532	0.0133244	0.0377461
0.0236726	0.0153519	0.038539
0.0206479	0.000632184	0.0387682
0.0240124	0.0165102	0.0385656
0.0325355	0.00955468	0.0375214
0.0320638	0.0166699	0.0374099
0.0355087	0.0132984	0.0373827
0.0264495	0.0117618	0.0384214
0.0364288	0.0124758	0.036925
0.0278392	0.0141113	0.0382531
0.0140985	0.0110194	0.0401301
0.0265695	0.0129145	0.0382851
0.0282221	0.0100346	0.0379619
0.0298382	0.0147818	0.0379918
0.0229508	0.0126131	0.0387559
0.0413691	0.01353	0.0366187
0.0133303	0.00630502	0.0399574
0.024689	0.0145358	0.0386333
0.0343192	0.0163638	0.0372213
0.0100653	0.0110327	0.040397
0.0330879	0.0137788	0.0376265
0.0324042	0.0175955	0.0375187
0.0413969	0.0131401	0.0366123
0.0352718	0.0133432	0.0372809
0.0236075	0.0124669	0.0386905
0.0275343	0.0113223	0.0382218
0.0402762	0.0148502	0.0366398
0.0283041	0.012059	0.0380587
0.0335754	0.0132274	0.0374716
0.0439336	0.010987	0.0361585
0.0156839	0.0048365	0.0398517
0.0366614	0.00341596	0.0371346
0.0113708	0.0161921	0.0402316
0.0301847	0.00923127	0.037796
0.0378586	0.00327649	0.0370075
0.0474307	0.0108508	0.0353844
0.0192245	0.013748	0.0393837
0.0338738	0.00190863	0.0376192
0.0239813	0.0084754	0.0385243
0.0425427	0.0107007	0.0364777
0.0218	0.0013678	0.0386577
0.0333605	0.0100437	0.0374725
0.042968	0.00717299	0.0362259
0.0181225	0.000124709	0.0395672
0.0177056	0.00942829	0.0396551
0.0282546	0.00608277	0.0379935
0.0208453	0.0118393	0.0390474
0.0382739	0.00929943	0.0369263
0.0488758	0.0114147	0.0356494
0.00222814	0.00785412	0.0415511
0.0432133	0.016883	0.036298
0.0508636	0.0127277	0.0349318
0.0347261	0.00769059	0.0373915
0.0397368	0.00787327	0.0366746
0.043236	0.00370094	0.0363578
0.0144783	0.00629059	0.0397803
0.0180424	0.0116678	0.0393346
0.00949998	0.0140248	0.0404747
0.0106207	0.0156244	0.0400655
0.0292913	0.0169365	0.0382845
0.0208866	0.00106389	0.0392392
0.0393392	0.0104109	0.0366966
0.0385124	0.0126196	0.0368815
0.0385006	0.00627619	0.0368457
0.0295686	0.0154899	0.0379958
0.0118067	0.0161213	0.0402103
0.0476074	0.0127132	0.035754
0.0318771	0.00210602	0.0375612
0.0317	0.0047501	0.0374776
0.0338603	0.0095871	0.0374224
0.011956	0.00426359	0.0398491
0.036543	0.00997946	0.0369202
0.0410986	0.0117949	0.0366402
0.0198089	0.0123894	0.0391969
0.0267764	0.00503827	0.038299
0.01656	0.00993577	0.0394809
0.0422647	0.0118519	0.0364474
0.0306715	0.016326	0.0378774
0.0245949	0.013176	0.0385111
0.0403962	0.0105497	0.0367945
0.0278827	0.00341557	0.0381884
0.0441842	0.0163981	0.0362368
0.0176658	0.00928612	0.0393301
0.0283391	0.0141813	0.0380739
0.0284136	0.00734606	0.0380848
0.0303243	0.00999461	0.0377035
0.0351758	0.014052	0.0372594
0.0344385	0.0148796	0.0374864
0.00525638	0.00107439	0.0408803
0.0234969	0.0131567	0.0387629
0.030996	0.00866425	0.0377525
0.0354267	0.0131184	0.0371718
0.0397069	0.0149723	0.0369412
0.0241099	0.00858765	0.0387234
0.0296239	0.0132179	0.038025
0.0295632	0.0132674	0.0379427
0.0402571	0.0157337	0.0366886
0.0332558	0.00464093	0.0376626
0.030702	0.016408	0.0378451
0.0454707	0.00965497	0.0358437
0.0383447	0.0144299	0.0367519
0.0296821	0.0157813	0.0379589
0.0349515	0.0132083	0.0373667
0.0361898	0.0135371	0.0373305
0.0119027	0.00823893	0.0399867
0.0329818	0.0158292	0.0375814
0.0279744	0.0160093	0.0379268
0.0208366	0.0128949	0.0390047
0.0269848	0.0133197	0.0383501
0.0218313	0.0153004	0.0389685
0.0156499	0.00213068	0.0399034
0.0166526	0.0116189	0.0395031
0.0182434	0.0148108	0.0391382
0.0206465	0.002534	0.0388705
0.00987389	0.0101369	0.0404292
0.00751509	0.00971352	0.0405013
0.0286325	0.0123583	0.0381176
0.0298238	0.00882124	0.0379683
0.0374366	0.0115231	0.0369152
0.0363471	0.00924144	0.0370326
0.0340761	0.0139347	0.0373774
0.0291729	0.014531	0.0380125
0.035328	0.00891825	0.0371665
0.0213211	0.017053	0.0390696
0.0390563	0.0113697	0.0366128
0.028553	0.0103862	0.0379991
0.0315349	0.00508407	0.0376007
0.0358264	0.00815197	0.0371665
0.0163238	0.0117748	0.0398135
0.037749	0.00568477	0.0371012
0.0140141	0.00301951	0.0396106
0.0340023	6.04785e-05	0.0371913
0.0468606	0.00170509	0.0353202
0.0321064	0.011985	0.0376852
0.0355389	0.0168153	0.0372372
0.0413322	0.00732422	0.0366
0.0259156	0.0155255	0.0384865
0.0365867	0.0116375	0.0370302
0.0301366	0.013363	0.0376884
0.0272723	0.012723	0.0383131
0.0313711	0.0112693	0.0377687
0.0202842	0.00941843	0.0390044
0.0286404	0.0178629	0.0380985
0.0302699	0.00754297	0.0379563
0.0343575	0.0112074	0.0374042
0.0273134	0.0130711	0.0382271
0.0268407	0.0116718	0.0382748
0.0416032	0.00201633	0.0363016
0.0145777	0.0146503	0.039828
0.0391328	0.0132551	0.0368638
0.0515603	0.0124231	0.0353889
0.0154155	0.0120672	0.0397028
0.0281229	0.0139152	0.0383399
0.0346177	0.0180104	0.037663
0.0214268	0.0126773	0.0388904
0.0347516	0.0140115	0.0373873
0.0364366	0.0106261	0.037069
0.0185546	0.0169892	0.0393758
0.0326462	0.0161089	0.0376166
0.0208293	0.0108299	0.0390298
0.0303564	0.0145586	0.0377679
0.0117541	0.00437863	0.0399668
0.0251834	0.0101695	0.0385319
0.035947	0.0143992	0.0371604
0.0328102	0.0147216	0.0374646
0.0177642	0.00855654	0.0394008
0.0338713	0.00198449	0.037534
0.0259002	0.0161001	0.0383382
0.0487341	0.00360298	0.035306
0.0298549	0.0106302	0.0379709
0.0180762	0.00858952	0.0392919
0.0257874	0.0161807	0.0385325
0.0336171	0.00500485	0.0373374
0.0225016	0.00785427	0.0388602
0.0468834	0.00219615	0.0358645
0.0408088	0.0139701	0.0364414
0.0406721	0.00877401	0.0366755
0.0441415	0.00461457	0.0361585
0.00913419	0.00566739	0.0405939
0.0394339	0.00838992	0.0367824
0.0280386	0.0124901	0.0380944
0.0436753	0.0141899	0.0362726
0.0426025	0.0121708	0.0361626
0.0320817	0.0131736	0.0375465
0.0441275	0.000438132	0.0361045
0.0317148	0.00777053	0.0377248
0.026934	0.0125299	0.0382343
0.0408874	0.0131596	0.0366674
0.0260931	0.0155233	0.0384111
0.0329649	0.00605961	0.0374166
0.0334641	0.0148678	0.0375713
0.0302345	0.00511548	0.0377437
0.0210005	0.0126935	0.0390093
0.0274775	0.00565298	0.0383013
0.0103449	0.0167362	0.0403135
0.0450948	0.0165466	0.0360795
0.0318483	0.00239891	0.0377927
0.0352975	0.00954282	0.0370973
0.032453	0.00724896	0.0375783
0.0389171	0.0137935	0.0369279
0.0262735	0.0123961	0.0383546
0.0433389	0.000807273	0.0360727
0.0204079	0.00982626	0.0390436
0.0325245	0.0095714	0.0376174
0.0458674	0.0057881	0.0359264
0.0334171	0.00559999	0.0373553
0.0311071	0.0088742	0.0377423
0.0260435	0.0121244	0.0383961
0.0273796	0.0156993	0.0381556
0.0317724	0.0161445	0.0377408
0.0244169	0.00548311	0.0384335
0.035592	0.00744199	0.0371852
0.0165946	0.00965443	0.0396301
0.00290254	0.013263	0.0410574
0.0211158	0.0102694	0.0389639
0.0203217	0.00845023	0.0390407
0.0164198	0.010675	0.039565
0.015503	0.0102581	0.0397886
0.0246438	0.0109085	0.0385784
0.0201215	0.012082	0.0390438
0.0340766	0.00911163	0.0374323
0.0340618	0.0169008	0.0372717
0.0351877	0.00921779	0.0372922
0.0381762	0.00205866	0.0369396
0.0285248	0.015074	0.0380662
0.0368968	0.00931766	0.0371297
0.0331087	0.00250765	0.0375218
0.0366988	0.0123514	0.037172
0.0488728	0.00265555	0.0357741
0.0212414	0.0118705	0.0389874
0.0418216	0.0158872	0.0366938
0.0264109	0.00730392	0.0382497
0.0237942	0.0160531	0.0387112
0.0413927	0.0037518	0.036253
0.040797	0.00674696	0.0367218
0.0217488	0.00955449	0.0388498
0.0395717	0.00821193	0.0364641
0.0262876	0.0109904	0.038338
0.0415731	0.0146861	0.0366992
0.0238185	0.00647033	0.0387609
0.0293181	0.00590666	0.0381086
0.0325785	0.00776165	0.0375723
0.0390989	0.0163298	0.0364764
0.0385828	0.0138395	0.036952
0.0336459	0.0136722	0.0375223
0.0336945	0.00216143	0.0371476
0.0176115	0.00817036	0.0394519
0.0243757	0.00226079	0.0385172
0.0291897	0.0138402	0.0382065
0.0270016	0.000928396	0.0382078
0.0414012	0.010589	0.0362246
0.0411879	0.0118018	0.036575
0.0296038	0.0110796	0.0379402
0.0355013	0.00119899	0.0370909
0.037961	0.00959562	0.0369285
0.0236227	0.0155509	0.0386444
0.0467603	0.010796	0.0356419
0.037157	0.00839791	0.0370524
0.00633974	0.010814	0.0409295
0.0342872	0.0123903	0.0373842
0.0244774	0.0109452	0.0385586
0.0413215	0.00321328	0.0363555
0.0335648	0.0145147	0.0372548
0.0273037	0.0114438	0.0380851
0.0453458	0.0114709	0.036031
0.0314658	0.0145638	0.0377216
0.0142445	0.00821831	0.0397381
0.0213124	0.012201	0.0387871
0.0262692	0.00928729	0.0383254
0.00598259	0.0117356	0.0407538
0.0333957	0.0141267	0.0374774
0.0360972	0.00815494	0.0370127
0.0271236	0.0135719	0.0383164
0.00484347	0.0119978	0.0408229
0.0241648	0.00718736	0.0386448
0.0239637	0.00517297	0.0387724
0.0286197	0.00857371	0.0380999
0.0306903	0.00837099	0.0377306
0.0362028	0.0117137	0.037228
0.0291105	0.0160904	0.0380634
0.0313256	0.00791298	0.0378041
0.037467	0.0112306	0.0368548
0.0242656	0.0181984	0.0387554
0.0311108	0.00990314	0.0378098
0.0296713	0.0124635	0.0380179
0.0170537	0.0155137	0.0394716
0.0314168	0.00421749	0.0375902
0.0257671	0.00868882	0.0382774
0.0285756	0.016597	0.0380552
0.0243076	0.0127623	0.0385911
0.0287991	0.00452928	0.0379574
0.0307633	0.0095861	0.0378147
0.0216751	0.00902614	0.0389392
0.025798	0.0118147	0.0384391
0.037321	0.0126057	0.0370973
0.0275785	0.0154841	0.0382422
0.0479373	0.00527933	0.0354917
0.0384226	0.0111068	0.0367915
0.038085	0.0101306	0.0368491
0.0344219	0.0074981	0.0373554
0.0303686	0.00426107	0.0376301
0.0337783	0.00447286	0.0373146
0.0206391	0.0113564	0.0390873
0.0284451	0.00747531	0.0380185
0.0450152	0.0136131	0.0360864
0.0262454	0.00413664	0.0383995
0.0480519	0.01716	0.0354037
0.0426211	0.00412625	0.0364312
0.0460189	0.0123235	0.0360735
0.0426447	0.00324018	0.03619
0.0325797	0.00261558	0.0374743
0.036999	0.0128839	0.0371349
0.0133543	0.00942809	0.0402557
0.0362652	0.0090744	0.0369804
0.0306312	0.00509252	0.0377057
0.0365487	0.00232746	0.0370479
0.0221647	0.0137856	0.0388523
0.0124956	0.0148012	0.0400067
0.0407085	0.0144729	0.0363934
0.0490774	0.00447435	0.0354536
0.0330066	0.00072289	0.0374719
0.0248013	0.0162944	0.0385283
0.0211785	0.0141173	0.0389808
0.0367912	0.00555836	0.0369972
0.0331126	0.0138098	0.0376157
0.0364147	0.0116396	0.0369877
0.0171715	0.0128489	0.0395278
0.0188278	0.0118528	0.0393047
0.045235	0.011341	0.0358559
0.0227591	0.0139295	0.0388521
0.0241219	0.011525	0.0386422
0.0300695	0.000221495	0.0381047
0.0220041	0.01123	0.0389379
0.0421375	0.0145461	0.0364073
0.0342827	0.0138202	0.0374097
0.0271168	0.0141931	0.038331
0.0408237	0.0114854	0.0366717
0.0304016	0.00134556	0.0376412
0.0344442	0.00601115	0.037377
0.03842	0.00932374	0.0368243
0.0436194	0.00935289	0.0362717
0.0469201	0.00918005	0.035725
0.0190831	0.0167498	0.0393379
0.0378865	0.0159956	0.036629
0.00779742	0.0154387	0.0403568
0.0289685	0.0182121	0.0380645
0.0302963	0.0127286	0.0380248
0.0365287	0.00288341	0.0370139
0.0333566	0.00230113	0.0374219
0.0376172	0.0144084	0.03681
0.0364742	0.0169869	0.037161
0.0260539	0.012293	0.0383248
0.0108964	0.00485556	0.0399753
0.0348568	0.0163915	0.0373373
0.0154242	0.0152772	0.0397683
0.0364611	0.00543648	0.0371435
0.0183907	0.0119944	0.0391596
0.0260344	0.00947255	0.038302
0.0172258	0.0147156	0.0394369
0.029314	0.00722837	0.0380454
0.0352386	0.00939052	0.0370434
0.0374666	0.0128262	0.0371527
0.0145096	0.0127722	0.0398552
0.0412514	0.00932253	0.0366328
0.0355952	0.0158533	0.0370648
0.0239928	0.00812635	0.0385477
0.0280695	0.0143832	0.0382106
0.0246315	0.0102753	0.0386617
0.0285036	0.013664	0.0382839
0.0407792	0.01413	0.0366854
0.0363849	0.00217086	0.0371642
0.0206994	0.00911764	0.0391295
0.0342396	0.0111648	0.0374598
0.0390699	0.00970251	0.0367135
0.00850249	0.00045634	0.0407104
0.0347003	0.00933657	0.0372344
0.038454	0.0117638	0.0367711
0.0354853	0.00901	0.0372457
0.0262602	0.0161019	0.0386363
0.0297141	0.0137331	0.0380391
0.032406	0.0158645	0.0376295
0.0424039	0.0123605	0.0364929
0.00229645	0.00811714	0.0411924
0.0528757	0.0153837	0.0351406
0.0353841	0.0147652	0.0372887
0.0288645	0.00886719	0.0379549
0.0303222	0.00693471	0.0379119
0.0260087	0.0153408	0.0384905
0.0334297	0.0036315	0.0374228
0.041204	0.00106088	0.0364764
0.030297	0.0126135	0.0378616
0.0423802	0.0131992	0.0360583
0.0368677	0.0066276	0.0371997
0.0360492	0.0102008	0.0371982
0.0361807	0.0103418	0.0371608
0.0335357	0.00729911	0.0373362
0.037487	0.0137287	0.0370561
0.0289712	0.0152023	0.0381223
0.0480696	0.00105468	0.0354552
0.0468555	0.00910862	0.0357374
0.0361751	0.00504683	0.0370787
0.0301914	0.0126933	0.0379443
0.0150027	0.0115185	0.0396715
0.021454	0.00721341	0.0389799
0.0258623	0.00822729	0.0384242
0.0393585	0.0134564	0.036606
0.0272392	0.013561	0.0382862
0.0260819	0.0100792	0.0383573
0.0235261	0.0110118	0.0386733
0.0397695	0.00511926	0.036389
0.0279009	0.00729247	0.0380899
0.00887888	0.00950968	0.0405959
0.0324376	0.0136852	0.0373789
0.0370867	0.00888119	0.0369487
0.0183571	0.0121419	0.0393741
0.0361048	0.00998638	0.037117
0.0406373	0.0166085	0.0364063
0.028434	0.0156937	0.0381338
0.0362666	0.00890241	0.0372472
0.0209733	0.010536	0.039016
0.0203512	0.0144446	0.0390927
0.030177	0.0138011	0.0379714
0.0250013	0.00960623	0.0385903
0.0377362	0.00252517	0.0368101
0.0333346	0.00235231	0.0376088
0.0409672	0.00666169	0.0365276
0.0255933	0.0103114	0.0385368
0.0224212	0.000580965	0.0389427
0.0464335	0.0127811	0.0359197
0.0361305	0.0082242	0.0371604
0.0361868	0.0170219	0.0371939
0.029876	0.0146182	0.0380247
0.037333	0.0133179	0.0368056
0.0226955	0.016174	0.0387622
0.0372003	0.00500849	0.0369215
0.0222768	0.0103156	0.0388538
